   0.0000000000000000        0.0000000000000000        0.0000000000000000        0.0000000000000000        0.0000000000000000        0.0000000000000000        0.0000000000000000        0.0000000000000000        0.0000000000000000        0.0000000000000000     
   1.8815247971861861E-004   5.3284158249326645E-004   1.6431271018106864E-002   1.2735673539115153E-002   9.7481791014678246E-003  0.95612457666162376        8.6988195359021525E-002   8.3091648186469858E-002   6.7517033177473601E-003   1.4069773837013740E-002
   1.1047903895908844        1.1378739377726519       0.70452944268043882       0.56504012627117273       0.69710448379019008       0.45460878184922771       0.51830977181949955       0.52851875107604063       0.71899746767422146       0.78126840609491499     
   3.8329293042221738E-004   1.0656831649865329E-003   3.2494589830965495E-002   2.3577796719583571E-002   2.0163642969928872E-002  0.98093935729351489       0.12104086324245684       0.12784536805971244        1.2971142495396892E-002   2.8574638048650888E-002
  0.91206606137386148        1.0456758829937309       0.79106268607237962       0.81924435227826131       0.81572094810148066       0.48723762822195310       0.65290698709536010       0.71393606960164113       0.82838112633993732       0.77764859681621890     
   5.8783797069852613E-004   1.6501124344324622E-003   4.8683125586566525E-002   3.2690116118405332E-002   3.1226114902806329E-002  0.98385790148472640       0.14256553976844927       0.15862736575959474        1.8481849565356478E-002   4.3610486279206676E-002
  0.80928054638084090       0.86240324363728815       0.96497376540632374       0.65278445592650891       0.63299580297552227       0.60435023157876222       0.78116726543612458       0.65419961338038024       0.98885912519418695       0.73422752989042972     
   8.2799957322897530E-004   2.2610443702122192E-003   6.2157202757575185E-002   4.1751420548756885E-002   4.1460463334319748E-002  0.98539100054755968       0.15826494911477076       0.18522364678641995        2.4031650590891018E-002   5.7835082644745336E-002
  0.97642078304735647       0.94918794537898321       0.76027029296254378       0.64880050214762808       0.60406998941645618       0.69742646314465739       0.73095489425436022       0.62251727786183264       0.70261425263399491       0.55843750986394203     
   1.1089166849353911E-003   3.0479073566979432E-003   7.5878541211739689E-002   5.1065099380372563E-002   5.2151477937589931E-002  0.98646790243789051       0.17119360874664719       0.21068923957701896        2.9696309654940651E-002   7.3034141800683808E-002
  0.87533977945690578       0.88966026816327060       0.56262054529640781       0.84839482149538636       0.69667585047426350       0.73081234613084023       0.75709775813030478       0.64843910738999111       0.93534713307194950       0.78241279017719367     
   1.4328010603716682E-003   3.9076285328428495E-003   8.9185742884832817E-002   5.9627463410918083E-002   6.3042450369997977E-002  0.98727047686810643       0.18321067174982072       0.23371539664739502        3.5463549679317766E-002   8.8177280784850459E-002
  0.90361235713408550       0.95455843034650567       0.76784945288618400       0.75019375323660398       0.77032880154087291       0.66752353242937779       0.61831191249501605       0.74319765703895224       0.85330216777581458       0.57569397655700616     
   1.7928950417466164E-003   4.8605163155711235E-003  0.10290877436077642        6.8040795312606275E-002   7.4034460353200576E-002  0.98789307991025854       0.19456461777612166       0.25385856335855467        4.1465428361421260E-002  0.10416278534261225     
  0.73424381567706409       0.80213430179803247       0.53297169777116626       0.66415347429216898       0.67846557305401800       0.68284463768813164       0.71183723588741532       0.60624350608491129       0.88804039193245077       0.67261256663872970     
   2.1911182956823481E-003   5.9441255917538072E-003  0.11679131151395138        7.6523097313698621E-002   8.5536078350836875E-002  0.98846643158118441       0.20519623173462315       0.27110758480980174        4.7936584641650029E-002  0.12115713267056734     
  0.73169126912583748       0.80626077160711318       0.73768110920077778       0.69732445882725480       0.64963998576311066       0.59053611862976019       0.59042819050161199       0.79307535128991602       0.68032006769193965       0.66827152808813073     
   2.6600998432650758E-003   7.3039930465000000E-003  0.13111213764068494        8.5274424429544041E-002   9.7628555464521094E-002  0.98899107131537645       0.21560063005780467       0.28571044430563197        5.4721593533389165E-002  0.13781596824953168     
  0.67851756329606072       0.98684029078600699       0.57614728493641543       0.74525994046662813       0.70595655206471453       0.82109919219820793       0.75046394514702275       0.64933497471666701       0.84300314303403179       0.66089223120545926     
   3.1790796554719372E-003   8.9193571864717523E-003  0.14526669763121786        9.3765147963263906E-002  0.11001080091912180       0.98944140883422860       0.22587122231604689       0.29809686002235009        6.1253550967097101E-002  0.15291513165649623     
  0.72968254598891413       0.91804982526907730       0.58762679323334988       0.67904864989710978       0.61473231847223131       0.59654564984142633       0.74228334393259565       0.66910776490530000       0.77100596750511174       0.55790758219783942     
   3.8152942205859266E-003   1.0742125116930930E-002  0.15952238443810007       0.10242858307497721       0.12237775864288035       0.98982215710029553       0.23585656152060647       0.30931594454955569        6.8225373556598065E-002  0.16686117901264294     
  0.66995120500124772       0.89515228696756421       0.59849596054065068       0.64350460238254981       0.63098449280959268       0.68921683393405375       0.78969516407429385       0.60598712594841553       0.87011180822756928       0.56408976051323856     
   4.5309327607334924E-003   1.2794751899885250E-002  0.17340333819493839       0.11134702714291762       0.13492070310961879       0.99016042957841710       0.24555689107624806       0.32057174437396851        7.6459410138437670E-002  0.18070502708703315     
  0.63476568988072646       0.73030236802487403       0.70575184986314232       0.70656735645226620       0.67536445941744538       0.70400659243810859       0.62851149759468872       0.64479899838889254       0.88285550510648081       0.60326920904443337     
   5.3432375365568795E-003   1.5319058216445816E-002  0.18857459276093658       0.12033027320441307       0.14785224611245723       0.99046970911739152       0.25478609320468670       0.33208872002349771        8.5234341666856922E-002  0.19702947990911210     
  0.69621559315447801       0.68562245988228743       0.61625962984900273       0.75935120073285545       0.71548840918912027       0.75502245478333219       0.74303615920695720       0.66087949272136248       0.88197605779881250       0.61274866517667681     
   6.3263096879934907E-003   1.8562992352877960E-002  0.20417433834846316       0.12924969269592920       0.16208425249337091       0.99076095500543704       0.26368606352550233       0.34398561128321015        9.4185507570249211E-002  0.21573588155858470     
   1.0535948269688775       0.78448301691337674       0.69825132396917478       0.68416556654737948       0.58395446474987689       0.66252031906795761       0.70061553463487813       0.82509053570851232       0.79837697189963575       0.74764639279208123     
   7.5632230214410911E-003   2.2330469056453511E-002  0.22037556732340852       0.13773953799749047       0.17559042912549075       0.99103729842269095       0.27177319981167386       0.35562897745825178       0.10355178890796514       0.23275620358226712     
  0.70549138195616556       0.75313872731398801       0.68015790327321324       0.58613986709406030       0.70636555662340894       0.61725446483520430       0.75314989499058627       0.81759107006337239       0.81971403009091637       0.70524069417278246     
   8.9652295604339509E-003   2.6705674597635155E-002  0.23786103326473690       0.14656006393124438       0.18872577911484334       0.99130320428170737       0.27907404994505125       0.36638128357822419       0.11341539683853200       0.24891166813139845     
  0.58183959265928342       0.76091002367831018       0.78200425967358156       0.80917831396637097       0.52442625013842725       0.49404119135122310       0.67162259430650151       0.59089321772836534       0.80662117928024191       0.58154561905016411     
   1.0485799066719079E-002   3.1594453375219815E-002  0.25437245447808460       0.15577618201957213       0.20214166349718274       0.99157074901283415       0.28555127834449223       0.37739692863886914       0.12366880848091889       0.26469809946019374     
  0.74356460576860917       0.73308057616352928       0.75142476323645779       0.78425358127411771       0.77620078494404521       0.62641011733455965       0.64502536022642920       0.64528954118720672       0.89559021761363988       0.66096948209621498     
   1.2185267549658820E-002   3.6993519064114973E-002  0.27098717483118484       0.16586904891065835       0.21690998846513454       0.99182078810207286       0.29148307371102289       0.38855984911072139       0.13402198249313910       0.28150750083750048     
  0.56611611081616253       0.68276609393105980       0.76257596998033583       0.65916671452883335       0.76683615635811986       0.68798944405551188       0.72508804874045385       0.79225588229099886       0.85010002230788551       0.62249277923848922     
   1.4123672139220046E-002   4.3325140861021239E-002  0.28774043168749841       0.17666356851898810       0.23263577197618293       0.99205691716963618       0.29715303724037517       0.40108634260701692       0.14445352393209401       0.29939913533705398     
  0.79235605125223618       0.71593347309120092       0.59311805762859471       0.89817376839413332       0.52365627734490339       0.51832734265264502       0.61091417010426330       0.71316185742283422       0.76011375128304237       0.52846796414384323     
   1.6292245694454345E-002   4.9996112352634729E-002  0.30441544994653441       0.18726910256683693       0.24903730328317580       0.99228169471615180       0.30258507553324587       0.41443756094178497       0.15542693068294017       0.31640408577361556     
  0.54599844579121426       0.73422506013498345       0.61533244045194246       0.73139743711535343       0.69247537707476592       0.73056416986417783       0.85387414336632317       0.61810112214897051       0.72760550658837253       0.74968749702402127     
   1.8591056002554628E-002   5.7123128051960598E-002  0.32084443049268330       0.19688086014134110       0.26581762760897015       0.99250477762456979       0.30816643666613364       0.42689447596708119       0.16665674142703321       0.33290402681193848     
  0.58603751812392624       0.72631137531460710       0.82420036684947251       0.63134866030004189       0.66510025752026880       0.64846940630523342       0.65702076571273915       0.78541894962988779       0.60364450213195975       0.74596096932290679     
   2.1357720082748607E-002   6.4755723419627612E-002  0.33581298000711246       0.20596027858965876       0.28414700578905971       0.99273258164266365       0.31475269638061687       0.43857318636965326       0.17775918428901119       0.34953408134046088     
  0.65066166867026165       0.72987446581420812       0.60458896094925374       0.68961573034516044       0.77795953227995551       0.66835114734177514       0.76072161074288014       0.95206425609362966       0.72506208989260346       0.56605309777067292     
   2.4016104268337130E-002   7.3045646324252492E-002  0.35084243800872561       0.21451175489308816       0.30402797914496277       0.99295502537363811       0.32107273491095667       0.45016423809434003       0.18926802956222216       0.36611246387015439     
  0.71851515318751813       0.72731165116497565       0.90924010906735409       0.73026846277476953       0.62968779644837691       0.72366427472328110       0.96119650122255429       0.69957367741287790       0.60846291648674433       0.82019432754168964     
   2.6651566540632277E-002   8.2112396728261275E-002  0.36654374454369620       0.22346626355276042       0.32246406602953476       0.99316533744440372       0.32706199546578296       0.46181789759100711       0.20268569062853228       0.38282362750812587     
  0.60605406742055534       0.72710098064362050       0.84379994681021386       0.64307752196522294       0.57264349354576960       0.63147827615252328       0.62034460861324336        1.0426405292946719       0.65046864086738987       0.89578137223603127     
   2.9318773816193699E-002   9.1472449089571473E-002  0.38392789062936344       0.23354752191702285       0.33957199846786579       0.99337182576666472       0.33321352927981063       0.47346985562443256       0.21782612073189614       0.39897271927000350     
  0.63346098436471476       0.68232652772717872       0.68322951965570522       0.63786609199058231       0.70596543604675821       0.63730987199014999       0.63733929776485476       0.74505816173050310       0.69474010668231390       0.97369802650719117     
   3.2225938435082035E-002  0.10054627233704763       0.40234635762895721       0.24239508302538618       0.35831753804035682       0.99357200389547051       0.33952270161399684       0.48506553966519222       0.23346153641174697       0.41779865776977088     
  0.68287382276960340       0.53857416539583514       0.76391807954886237       0.64608153387806677       0.57068617015557832       0.69812958003841463       0.69906076227626113       0.56415106931928105       0.63781619818177215       0.65222481485988448     
   3.5416596746907489E-002  0.10938947234625430       0.42129324866936368       0.25305200915239684       0.37982496967330770       0.99377061671103406       0.34625712415830440       0.49642393175294808       0.24918930621017402       0.43237332386557309     
  0.63562205939939287       0.67375526425447807       0.64291390486508948       0.62772426677688709       0.69200378439819377       0.59001489368020144       0.78673474040840485       0.58310839032425132       0.69790000580090161       0.64069260671677541     
   3.8681602358467286E-002  0.11835112326261507       0.43999254985158887       0.26403886811589489       0.40424757424883023       0.99396702567951245       0.35324680801296693       0.50641879928842082       0.26544137530142847       0.44608918344544524     
  0.63447117973853417       0.73874135337373181       0.72040676734312925        1.0523486656748344       0.62263639335992471       0.69721525336172241       0.76918233490204280       0.52495592643334243       0.61483142023754378       0.67464296176124572     
   4.2192477302635686E-002  0.12731380288591365       0.45692969838773073       0.27525374275588949       0.41543329983404043       0.99416116804793753       0.36012262472669909       0.51315919159694079       0.28065379007493707       0.45953246195724951     
  0.64866768099404748       0.65659357520138417       0.58362177837320217       0.66213044220870587       0.46907466651075169       0.66216135286195377        1.0445371694964918       0.53371373574295555       0.69117692818331433       0.63055995679237009     
   4.6671802445642820E-002  0.13636912170811361       0.47223335188813803       0.28667116160174616       0.42764954617959056       0.99434875927322919       0.36705804244335732       0.51918575400227096       0.29479203305126611       0.47195083643026881     
  0.60851206487884613       0.71225172795704839       0.63955461978313721       0.75324050768121253       0.51499814512292397       0.69124448140281214       0.67834516641560993       0.49469373907876668       0.68238798225362374       0.55820800600940412     
   5.1298962023952045E-002  0.14528723977006328       0.48761915146196727       0.29765917763467903       0.44245330147799899       0.99453198501833262       0.37413939004983487       0.52692125016358515       0.30845499628539341       0.48523722554612059     
  0.73329476855416453       0.71211943266751054       0.70244172762741253       0.68491814025368891       0.55248951995647588       0.62163035913520936       0.70424971401660608       0.58274331617834407       0.51090545092574746       0.60359071313463208     
   5.5732358977482702E-002  0.15366148397501478       0.50400277213831246       0.30876916801557908       0.46064718569264435       0.99470930504885424       0.38111703148899889       0.53489585855833133       0.32398070074407931       0.49988081222744368     
  0.85064256815242567       0.58276452134380052       0.63732860026395466       0.66452927571111808       0.59553350927157989       0.62719121225716867       0.84497588574122484       0.66438681555398027       0.58991582730456049       0.74472584706112721     
   5.9512873983774868E-002  0.16205420507907486       0.52235338076108184       0.32077778224568126       0.47648792051775668       0.99488315942102090       0.38645593688771640       0.54232421117703256       0.34244600019444488       0.51525665008159383     
  0.53903202711579101       0.61537869234031617       0.54380466585623499       0.59682246997033106       0.64105135321479689       0.74908829083554862       0.60625531838193758       0.63353083957025169       0.65694290680759815       0.63608672367533281     
   6.3281227585247291E-002  0.17100705240231834       0.54162685347723150       0.33225930770580486       0.49890349025740982       0.99504847872890889       0.39096697229661759       0.55034261116108962       0.36531214875417284       0.52769392507743240     
  0.58809873076275676       0.62319224469727086       0.84924557467615192       0.66656075234074019       0.57241377300923224       0.69506244863264288       0.53196885192817889       0.58750740051086847       0.55658584527808252       0.68350139093564255     
   6.7068297938230409E-002  0.18064413928472073       0.56131250094928087       0.34375056300538442       0.52894377423783046       0.99521050105101727       0.39589208473937382       0.55964082875723220       0.38840884151490934       0.53758477663025317     
  0.70246291091591329       0.56520982196419034       0.60524859528350250       0.76461231750095371       0.83334226623665608       0.67018928212055406       0.57207105756120047       0.63807686089310700       0.70374864010251936       0.59465364746073035     
   7.1727455323430167E-002  0.19024929325037501       0.58004183275058974       0.35538735936720428       0.55851596157171501       0.99536035608298912       0.40063669221106779       0.56953697354424948       0.41053066773676344       0.54862638230014549     
  0.79790238051365492       0.65550543076143797       0.61067139713468432       0.61200627319535450       0.86395203028514700       0.68107139276995909       0.61841116677325192       0.62615308882456389       0.59858485987938981       0.57379137419459858     
   7.6182309855119354E-002  0.19949708544428635       0.59706686388234387       0.36814308148835362       0.58561704608679066       0.99550954035648431       0.40570324760244031       0.58002952563452215       0.43223672098681504       0.55782425718415007     
  0.58608208518119842       0.56402777257750336       0.76872071630009009       0.58285220678386362       0.77804755574890327       0.61312309552994126       0.54455962823015569       0.68518144790411850       0.61702568255112977       0.73999578831804391     
   8.1081793674119315E-002  0.20906292873703330       0.61412609218392566       0.38257978430860556       0.61135131448849089       0.99565653972469459       0.41122617239870346       0.58981213907106600       0.45252993617942283       0.56664457966008608     
  0.64291390486508948       0.58271611821735303       0.89119286091758732       0.72095910399739938       0.80647387805150861       0.63697803486692472       0.60536148579783422       0.65180013285014615       0.57739229889650656       0.59985988395688483     
   8.5840473159163364E-002  0.21965852001711722       0.63085503803809484       0.39819144224328301       0.63498127140665295       0.99579859737504317       0.41658640116015522       0.59926066653261711       0.46925870504326711       0.57786400457693021     
  0.59213343411300712       0.59107683637758657       0.53683592685072834       0.66546783885727134       0.64651459402142919       0.61247413019169894       0.65186273411788354       0.54810352606005730       0.53041913758717119       0.57183157804928153     
   9.0733492571157495E-002  0.23118947987255109       0.64686565063664714       0.41589187661346816       0.65789188582409808       0.99593812779574131       0.42195093267070100       0.60881947273197812       0.48607475043492104       0.59023150171519900     
  0.51321845291091739       0.72182925711140755       0.80203904908018842       0.67314849456998527       0.83731351265810150       0.67437017145113853       0.57343793048470670       0.67367502273911417       0.55319743389371678       0.72186618698241201     
   9.5202670866398650E-002  0.24073112163090307       0.66521557741739767       0.43365430744777089       0.67927501453273187       0.99607436614218603       0.42778623719636477       0.61831084915282097       0.50356715105338279       0.60467658802409019     
  0.54465473322684554       0.67074645856343951       0.65279493931978205       0.68300933728114710       0.58653802482046491       0.85714298833669222       0.75112447986677111       0.64655811875968294       0.60884401740414718       0.61428433772621260     
  0.10010512807663702       0.24918665339461796       0.67650583582758239       0.45158037807928186       0.69996184118436278       0.99620741768854149       0.43377091833765374       0.62972282527261769       0.52274890415963560       0.61974762494733815     
  0.55364612194359319       0.65676954186897751       0.55512095254125104       0.83415318634861890       0.72279749428095463       0.80073487018951095       0.55292090799253357       0.64090298394970668       0.52587144707828903       0.71227239587311886     
  0.10562281207445252       0.25808950083428023       0.68987514786689152       0.47024676181244252       0.71971785626164375       0.99634035470974736       0.43976283603971084       0.64402719220698235       0.53943964899470476       0.63315383050984519     
  0.54096571861970832       0.46377586053529213       0.60827097398525221       0.84164559749321732       0.66157464524911003       0.79033596162063291       0.50592462821914730       0.71231650281909364       0.51179659404244904       0.66610414050467770     
  0.11353050837429224       0.26874599838037799       0.70541749814556198       0.48613348231081094       0.73921020353841016       0.99647592550600916       0.44632717444853137       0.65850063902142975       0.55550768436479792       0.64649345831583993     
  0.82884368821836152       0.62155143905429089       0.64340094737941089       0.70554061566574944       0.57315948767479186       0.69632173059293767       0.60159539624767067       0.70454106861227850       0.57010585660316604       0.55981891490599867     
  0.12096343511584735       0.27857081031943848       0.72222564753296559       0.49808219060919096       0.75817956880485848       0.99661596753462633       0.45272821098117805       0.67193548978972439       0.57050267079054140       0.66080094970035719     
  0.53779340492847794       0.66497443712044302       0.77569391943737698       0.53713939674350386       0.56547402680959113       0.77433562304367587       0.66385866370866964       0.88849815121480757       0.51741711044282623       0.67696321218294020     
  0.12726079569243140       0.28746466332691395       0.73860847781290440       0.50984906700069010       0.77548805785376951       0.99675453353600230       0.45883818737760806       0.68585044139445672       0.58515062671341822       0.67729511235973294     
  0.62040347449692168       0.46726409636603083       0.80250152040103628       0.68356823709664349       0.98895157312657522       0.83908660606874064       0.61530359828057668       0.75462923637685841       0.55680369796893092       0.64862390683415838     
  0.13386546607920605       0.29660879174124033       0.75436790213678351       0.52273430599774817       0.79073680575549932       0.99689131251602858       0.46461410137868187       0.70039758222337001       0.59913785621280913       0.69675124589462900     
  0.64291390486508948       0.55609423875203523       0.55768227939332071       0.56998215408966635       0.66338445000657231       0.58155601680129876       0.66332078736953137       0.65571549868177170       0.58483521089720392       0.60736193680286854     
  0.14671085017989607       0.30686883258880776       0.76793630808460533       0.53764523253534324       0.80484037181453383       0.99702332268099669       0.47054023000440193       0.71501550365325162       0.62018962117608722       0.71687464591856931     
  0.85008316814700269       0.63684141064361210       0.52220835987741376       0.62310227410397045       0.58472251748347726       0.63219055394804580       0.50277521122016933       0.59675445007861405       0.64970754837172329       0.66543827876031381     
  0.15954881541373192       0.31757142651796916       0.78016343823285772       0.54940397086602066       0.81840374716963371       0.99715198433507868       0.47668060886867819       0.72944358228584438       0.63975078320689582       0.73871515675420918     
  0.63201101441782426       0.58519508334030290       0.62668183175221059       0.71541636613238058       0.69612926104899475       0.65230051616396023       0.51972676935216233       0.63522082407644853       0.58383203662451943       0.73619894679607323     
  0.17290630524636916       0.32829806997937167       0.79021592609510705       0.56350306597940680       0.83140204843987653       0.99728222879731887       0.48327346031199314       0.74481208122011866       0.65671031520722001       0.75961685196908935     
  0.81038956090000047       0.57068441249080548       0.60072635852054823       0.53566569493250082       0.73719495141474078       0.61525440738794612       0.58055600052314149       0.77115872759265669       0.62256353106631657       0.79987271064568588     
  0.18688297387176400       0.34058984766327260       0.80040634908818242       0.57900781116207467       0.84411796207216439       0.99741012911533178       0.49002413723731408       0.76081367577702952       0.67294767689177815       0.77935080718401839     
  0.58860324943902564       0.57486057556702674       0.53314656336637867       0.68467413247526443       0.66858866242381909       0.72520970415056663       0.63537364175343747       0.71664942581815461       0.78991637628308731       0.56000170456476417     
  0.20151845456950795       0.35340658073836312       0.81173517280541341       0.59393535815831155       0.85685294676419876       0.99754377668591887       0.49706037123846475       0.77715670809384219       0.68909320000919694       0.79815072943543519     
  0.78123816400733126       0.57415840403265728       0.47915776323976750       0.53464564859508557       0.61107525554075137       0.69644858050989089       0.67523392629781187       0.64592977375833716       0.53032961288904590       0.71404464810185375     
  0.21807415440677097       0.36531190632955951       0.82381643236415913       0.60728121988461925       0.86832074228652700       0.99767309486760680       0.50700751378656284       0.79382454222920884       0.70776006271521508       0.81640258539524191     
  0.70257731532550838       0.50352571409483482       0.65273184679784158       0.51980352737858138       0.72475984170023644       0.67903695438586154       0.55756567204041896       0.67187950212871217       0.51620913841662952       0.70042046400482183     
  0.23777438147365026       0.37845032174659926       0.83586325499872083       0.62664140608403807       0.87965441557104318       0.99779995612807659       0.51824561001703284       0.81138394303916428       0.73491863448044970       0.83473690024774017     
  0.79925797215492789       0.51451870481417283       0.67078044638977785       0.63759211522525616       0.56779872750932425       0.69393186746789659       0.82611107739163148       0.71765383007477690       0.58249567960256510       0.75140502703544554     
  0.26077859664917197       0.39319550690846378       0.84845139005963488       0.65106387951830125       0.89038521049745389       0.99793459830622799       0.52992052470758810       0.83066186059481828       0.76306016697488588       0.85293222332865881     
  0.73339548537491384       0.57567991385366846       0.55134503766588505       0.57918454545751619       0.78131019586971107       0.72231479022631262       0.82742404713714690       0.71458870740547364       0.54937323591583653       0.76046547859688751     
  0.28755945842011732       0.41152004630071537       0.86070722472073458       0.67685022283745055       0.90199955582657121       0.99807281098813216       0.54248864104335426       0.84944383692012182       0.78773663863422672       0.87076282297727892     
  0.72390267660687402       0.60434607238556737       0.45750991822259940       0.72714064650358268       0.70557625308112115       0.78054456367139513       0.68824366409204274       0.69067901087731332       0.68119693740506770       0.78880533690024424     
  0.31877285276883877       0.43625293745016142       0.87512231407069940       0.70552007376438930       0.91386603045456427       0.99822969721164589       0.55579489454829689       0.86900615405403769       0.81216532306826938       0.88811126238890925     
  0.65614347114515126       0.57055845027051000       0.77378768383852292       0.76600242858427825       0.63808450865940103       0.78462154666828110       0.57125627779670718       0.69479101407704202       0.60209300642622032       0.58271877119462412     
  0.35567029391503185       0.46441285032447777       0.89310542990656605       0.73163403267853022       0.92596289782168617       0.99839886113820642       0.57121198516555527       0.88784108870927869       0.83782443245580684       0.90485386198058015     
  0.61855393291276195       0.68905806192998587       0.63425332907096865       0.60570027889485756       0.96377927292106047       0.86953044623272224       0.77337691251196639       0.80425224142438467       0.68506122685479598       0.69482576485836012     
  0.39876338165934577       0.49418471891706778       0.91144067190102440       0.75324559796149082       0.93814452181228314       0.99856740109184683       0.59065295480882252       0.90725226414675386       0.86640900967532219       0.92170228766320184     
  0.65339857507370147       0.68106762410734134       0.84369199818846996       0.49950028071379926       0.67266447043372413       0.88448450639888354       0.72884845634260620       0.59639605078175173       0.56526024250335438       0.75981306869597776     
  0.44832362199125009       0.52361520513423698       0.92801370968802832       0.77856807917625670       0.95027508456406495       0.99874687946383622       0.61509747028195827       0.92688256859731333       0.89658734461032330       0.93893522347639669     
  0.49706023349736889       0.61644869266560909       0.67763275943107870       0.58026836836620366       0.69358567185072517       0.67413690299953555       0.69082627068976976       0.62559243796466968       0.63911509267363042       0.83985555240323384     
  0.50988521978723778       0.55711352717959817       0.94434728122864031       0.81232947237437136       0.96251000977770607       0.99894468319743523       0.64552377186277798       0.94633729713990122       0.92513904760326815       0.95593593512369657     
  0.48723762822195310       0.59214925890526748       0.73192098416761531       0.71652938178484860       0.65847743355836308       0.50662593911949216       0.70420248600096091       0.70347695058911019       0.75618843894520782       0.68633117396388321     
  0.58332753369053048       0.61103412547893843       0.96161859253561066       0.85364349517484273       0.97493995545238510       0.99918275850562077       0.69270518382311774       0.96467252439434725       0.95156242239955136       0.97149004226410940     
  0.48848794062654977       0.49591190013592001       0.80534189799366118       0.68737232409985483       0.75373814188488431       0.91046169684763090       0.72375375417662990       0.70471345761640547       0.66771011555269966       0.85551917022557200     
  0.73838001971331479       0.71279987755918184       0.97995840671204526       0.90980570318934739       0.98727715307248842       0.99951156379064221       0.78966009766747280       0.98212512495558790       0.97639988627034968       0.98589987280924218     
  0.52405858554344675       0.54058280882483412       0.76087091232208337       0.58286086338844467       0.76800814193607603       0.70380654243077223       0.77512987419822188       0.65706780508659635       0.60550166865853894       0.61868128808227507     
   1.0000000000000000        1.0000000000000000        1.0000000000000000        1.0000000000000000        1.0000000000000000        1.0000000000000000        1.0000000000000000        1.0000000000000000        1.0000000000000000        1.0000000000000000     
  0.55968906203121438       0.48723762822195310       0.71087910351117134       0.54957182311926889       0.67813965302811341       0.52220835987741376       0.54630529175144327       0.71536929721152687       0.76820450053923550       0.62962135251515217     
  -75.272521559964346       -57.063417839679538       -31.700675675909562       -56.740130332724767       -26.018854719922857        0.0000000000000000       -63.782154893776514       -51.260411369322711       -51.747706694492862       -63.511687914778200     
  -23.570452537184256       -26.889841696090865       -49.323720928602853       -24.121258153428350       -62.600083237247119        0.0000000000000000       -34.903106410273693       -39.679732112957460       -64.170691275915971       -37.713520800131427     
  -50.130078667680209       -107.14036406200266       -56.152742002498385       -43.839670223147493       -43.938396702423020        0.0000000000000000       -73.414147371127811       -61.381537004674918       -46.510553486538143       -47.150650104467040     
  -18.873536003302348       -46.942875248635431       -30.598838612912221       -46.638547759815339       -96.337932125771601        0.0000000000000000       -75.552596219311241       -60.741099564474148       -39.210822272294060       -45.310244485641029     
   3.7443404218327370       -61.213154284537765       -60.961302450338508       -82.345246497821776       -55.769050622828566        0.0000000000000000       -55.355940748389578       -85.275606984917289       -76.784766488160130       -72.013123569375225     
   12.716720275791472       -49.414293389232526       -39.766730529539501       -50.394097736190218       -56.038892775348472        0.0000000000000000       -41.644268700545297       -51.319959637147534       -41.190217847032528       -39.866182644567488     
   9.2559443257666434       -38.742985025071341       -91.011966175594026       -66.502507062245925       -40.012633482138853        0.0000000000000000       -42.752054793269274       -40.155943647033084       -60.080946222793749       -37.814858968894136     
   36.706507069523639       -17.621886174722924       -37.156196992456522       -65.617951061743256       -33.599591559453621       -74.166554352215883       -75.402288361698510       -23.227425183893118       -48.072245989608007       -34.848714795864225     
   5.2537325857699825E-003
           1           1           1           1           1           1           1           1           1           1
   3.5617005352976683E-004   1.7840859276673963E-004   1.1115320335058836E-006  -39.607819343231434        3.2896046358439777E-005   7.7436599813893850E-008
   8.1729999261609645E-006   7.1862841028300934E-006   3.4251894327160050E-006  0.58103761476629667        3.4232332490519273E-006   7.6426042398852799E-009
   3.3843494137430576E-002  -54.934623456926808     
