   0.0000000000000000        0.0000000000000000        0.0000000000000000        0.0000000000000000        0.0000000000000000        0.0000000000000000        0.0000000000000000        0.0000000000000000        0.0000000000000000        0.0000000000000000     
   9.9682057954177408E-002   1.1510771139586620E-002   1.6189678768716794E-002   6.6350403301232819E-002   1.2874713008302558E-002  0.54684867482542909        5.9531380747518736E-002   6.8866847161749678E-002   9.7394043622729565E-003   9.7623926221150330E-003
  0.37828980174980842       0.49135024745390382       0.51558604518148698       0.37828980174980842       0.54956462470487744       0.43454087298215938       0.38614380294044298       0.40544097066356005       0.46572937604963249       0.51866899339316763     
  0.17435994061625398        2.2555232619672162E-002   3.2716815906142206E-002   9.6369013423486569E-002   2.5485704693362109E-002  0.72875133856421082        9.0402041307910450E-002  0.10729048516097633        1.7049915809005316E-002   1.8837192648888692E-002
  0.38393117551004408       0.47748331883307882       0.66446143627243670       0.37828980174980842       0.58457167331398663       0.40544097066356005       0.38372920584194992       0.40909479015654671       0.66322093470862553       0.43208565611021593     
  0.24403689200026113        3.1463915366181143E-002   4.8183276922490553E-002  0.11951167066166357        3.8086453486369520E-002  0.78545028879878531       0.11327419621891532       0.13533469379286192        2.3127445902842343E-002   2.7421983221894704E-002
  0.46572937604963249       0.42093563703524128       0.56778672409203379       0.39554513134267000       0.45877591331590489       0.37828980174980842       0.50607303623945299       0.41628156345783518       0.57209253593086373       0.46472386521499054     
  0.28582427414388017        4.0454451923211142E-002   6.3451711238989711E-002  0.14168915752170380        5.0938365825941752E-002  0.81226970626225603       0.13282446824515354       0.15740346584297615        2.8842042345870161E-002   3.6524225258780608E-002
  0.40544097066356005       0.50452678345147672       0.63225383825178916       0.44070082539760724       0.53534095051089681       0.37828980174980842       0.50219880140867657       0.51871109324816012       0.67348964596119698       0.44244371367566726     
  0.30445544484066561        4.9302253788861057E-002   7.8619738761231392E-002  0.16220328260048733        6.3484894016770682E-002  0.83550178180086720       0.15010848239223654       0.17634429354995085        3.4450452926981047E-002   4.6037058064137194E-002
  0.48919673470878694       0.44102110974046549       0.52984800948226962       0.41161416601931139       0.40728806539745027       0.37828980174980842       0.48480552336006938       0.66018450399642736       0.53684668244699540       0.50064515368968998     
  0.31637286730151831        6.0214068154622442E-002   9.3280306056691339E-002  0.18177123431100878        7.6298594026247710E-002  0.86763440958110694       0.16403743383104782       0.19284264027008252        4.0016717237460538E-002   5.4234458228658806E-002
  0.58032212138312045       0.42076601369536570       0.44564713993513644       0.46980914911326632       0.51681899714348434       0.40544097066356005       0.51785378208434241       0.66922675026800216       0.50696302953323713       0.45710236825414025     
  0.32759888045011348        7.1385757563983077E-002  0.10618464555023993       0.19885921447395710        8.8729525542498536E-002  0.89102533666803085       0.17206002155127068       0.20521004338855980        4.5508541675464080E-002   6.1718428137491059E-002
  0.49879635093779118       0.57791509323670487       0.48732994354918796       0.45608263249148884       0.55476551055244716       0.40544097066356005       0.42267366220279101       0.48994036529872825       0.60605073640423679       0.53100787460177235     
  0.33864793992862285        8.2020919174307150E-002  0.11816983262605277       0.21470028287013515       0.10129269678364046       0.90096424184904855       0.17903273794650679       0.21487358014752425        5.1090691474963576E-002   6.9290849891262704E-002
  0.67737209127825404       0.48750188066855005       0.49114694484152910       0.50066257105116596       0.45675485972537105       0.38438637939212689       0.49201564233847744       0.50979111359889417       0.58455500257174464       0.43454087298215938     
  0.35005675707769313        9.5651176046545730E-002  0.13014045169214283       0.22935345892154987       0.11359255127855951       0.90582192294248709       0.18572131349036383       0.22384260655595756        5.6822982259366203E-002   7.7462658467303047E-002
  0.60751265342703153       0.56719409628425388       0.48037852212510340       0.49846455766923131       0.46928193285088338       0.37828980174980842       0.50594516796079836       0.59650310322676192       0.60022996744280543       0.44399587192661899     
  0.36181808516556702       0.11007737747419191       0.14235675715914575       0.24336928854639975       0.12886898197526003       0.90910440989282326       0.19187177219362983       0.23237384041696657        6.2689922681163718E-002   8.5138881377149103E-002
  0.57913521364991838       0.49915638597358197       0.60416204233507653       0.51946643379731505       0.58183391033499865       0.37828980174980842       0.45950073134179542       0.61930073642730077       0.63163583715230964       0.42852107724478733     
  0.37426764760474562       0.12477602805960615       0.15445872615827982       0.25730577432980689       0.14620125626216940       0.91233968310982672       0.19775048550639998       0.24078609460723371        6.8693885397348248E-002   9.2060090121274071E-002
  0.62112997886792143       0.52598897415413748       0.52784462096579288       0.61066429731703409       0.47059473372696420       0.37828980174980842       0.42690738152670243       0.58934398664076648       0.48546805122059095       0.44943330126774683     
  0.38729975265877448       0.13911052761639728       0.16763458156771080       0.27084116009625842       0.16374351450406746       0.91601608105140953       0.20379957882704952       0.24987781392153818        7.4595120342026908E-002   9.8987786318508270E-002
  0.47437565430616513       0.49878892993232155       0.46085339595856534       0.55569044581879279       0.66900689803920932       0.39093955385867657       0.50197735695027645       0.40987374559429063       0.49409177866228493       0.54146213321854453     
  0.39995144611228561       0.15296858177189784       0.17987110489840472       0.28344067808405754       0.18184758057253220       0.92011290491270947       0.20980229566373415       0.25689297275989253        8.0282727587543151E-002  0.10707183204358330     
  0.67388759809866194       0.50845839227169742       0.55458054701169346       0.49960148231415968       0.50170335965186497       0.37828980174980842       0.53983583991721218       0.64135072768012802       0.53087600538365110       0.46092119102745588     
  0.41257470115219330       0.16758772254772308       0.19228580200608852       0.29531228334313009       0.19975429793568864       0.92530849898838086       0.21617779388029754       0.26374448779089110        8.5981946169264342E-002  0.11456984363335378     
  0.54961743216493630       0.45500853815822229       0.55514699542327417       0.55063061681242187       0.60407669198793756       0.37828980174980842       0.46096176231496255       0.41535788025494585       0.59316602965134568       0.41191290768674083     
  0.42534330134582699       0.18328052395047387       0.20534635837874288       0.30646550968243386       0.21704903269822759       0.93529657150588352       0.22283886709175907       0.27092932536751452        9.1809427446319827E-002  0.12435651053561912     
  0.51677710336899596       0.44411975745754029       0.46194771063798107       0.52805610465961217       0.50886696495456563       0.37828980174980842       0.46243533696093414       0.47968163317200163       0.45687099284772553       0.46898475901479941     
  0.43748739725606789       0.20002309378104308       0.21900949032481354       0.31718899468597206       0.23425169098052909       0.94393841305639814       0.22996606231797506       0.27847433081610085        9.7850757802603744E-002  0.13493560338699587     
  0.55192838707026226       0.52312353409740409       0.56481615633744198       0.59724956854058076       0.44854505139998391       0.45464819973651555       0.51680772331128799       0.47197957685158876       0.62642919966512889       0.40284210491859240     
  0.45032356224175341       0.21670015926872521       0.23255523513759549       0.32769809247989301       0.25131986440723775       0.95041162377228305       0.23802364457656752       0.28565248011872335       0.10434980767801801       0.14675626530797772     
  0.46554930115593718       0.58290157281063948       0.57620846873826137       0.53763609676782076       0.65988191923080219       0.47913994639627594       0.53465481809347404       0.55174947208300029       0.49511356418434904       0.53113991421262774     
  0.46288526503355326       0.23627064485477453       0.24527664856676779       0.33857331673548752       0.26843078346213101       0.95509286953681782       0.24582636036341590       0.29380818660180902       0.11113833295563723       0.15990550592102420     
  0.50807096470233304       0.61272883718426219       0.61296214055694243       0.50551378507328248       0.47332805882032292       0.46338773184526855       0.55096998948808518       0.49148604977862592       0.60444647914485661       0.49348268488419128     
  0.47536854596058192       0.25788710625643013       0.25824087405982077       0.34914386143248122       0.28583050798711074       0.95789897743470886       0.25322391906164904       0.30306472794864353       0.11821971484912214       0.17322864007068944     
  0.45661043610123769       0.59191220055289462       0.47572543487283619       0.65361046880577534       0.50845403600134065       0.45254130439341395       0.50277991448309034       0.54869227502195106       0.47605346667098269       0.61095047076625653     
  0.48818260287993320       0.27876989912117378       0.27150419466878423       0.35938562074783065       0.30151343988564777       0.95957506425687267       0.26081550050251645       0.31202665047350714       0.12534185382980864       0.18638568660123234     
  0.49345742519686503       0.65365369661702810       0.53643153722118453       0.55553995199765605       0.71478729939846541       0.58500853695533006       0.62990985408886602       0.44618976415216899       0.60850412928354081       0.50424193900718672     
  0.50148265907166889       0.29950587874156820       0.28552547755362062       0.36909607317395798       0.31433210970974140       0.96089761484694713       0.26860649090482475       0.32187914454084948       0.13367018987944965       0.19936125750242656     
  0.50137221053903214       0.60895363389702717       0.52136468807199443       0.54546776811591813       0.45875415567094369       0.64332518410430661       0.59922702108313375       0.51972932630385427       0.47569108239988556       0.50292808855880844     
  0.51477938249434685       0.32010425684677601       0.30049180600657233       0.37895334764214422       0.32708167752430706       0.96192515389106126       0.27665174658197239       0.33191626250290657       0.14354358990685073       0.21214801909751244     
  0.47804645840409021       0.63211972942558825       0.53372741357813547       0.61575529670043194       0.53642177065425811       0.68568509779470088       0.58266758480475733       0.55090599412020858       0.45177476268222333       0.49831555582123310     
  0.52819453401463756       0.34070376890258397       0.31614127818200372       0.38971340456217485       0.34170615742511917       0.96287565685666099       0.28446945513827032       0.34197440634714227       0.15397330815216287       0.22615549087747069     
  0.60147727236414650       0.63540245424229980       0.54350295486503897       0.48324922259952563       0.60136109965334439       0.65576983093654262       0.76467685550851217       0.57155346940304419       0.62876614035141254       0.52967380896358174     
  0.54170412207466589       0.36160950862844421       0.33170813746989147       0.40042271737455803       0.35694820423142504       0.96371531066105109       0.29221386402100497       0.35221581636568278       0.16429839045817332       0.23975090041604885     
  0.56736383249896183       0.57020120643478323       0.49723303921925682       0.55954103207892469       0.54519544613001969       0.62131368832198841       0.65530624836978113       0.59301212933273506       0.54166454480751847       0.53926259054823611     
  0.55689387216005570       0.38242298419143606       0.34726835509448112       0.41152334458749740       0.37242051502361090       0.96450797942125033       0.29978894631291292       0.36260981775615009       0.17461085324534786       0.25398771193520775     
  0.53502490772796540       0.56335819458441250       0.51249454439705766       0.51879400698992506       0.50579802066474955       0.65094856911669208       0.52889523742527289       0.48118815157275630       0.43508446106511162       0.45525256176124740     
  0.57193675882805239       0.40355564441576575       0.36290736307351706       0.42164580384221062       0.38687449289434461       0.96527276223238523       0.30702584890643547       0.37263948359583798       0.18507423942334467       0.26876150806205340     
  0.54342266916308957       0.67115184417408991       0.59381123913200196       0.57341531976287163       0.44026163295582005       0.69400056022497092       0.55288635447202261       0.49839030581890981       0.50965648012164211       0.59400887103895461     
  0.58686584562764832       0.42506865497328838       0.37852385543946560       0.43154628161098796       0.40124453587189135       0.96602421197338706       0.31412012041894094       0.38246740447556821       0.19587809215189358       0.28431152698365875     
  0.64886692061204554       0.69079828930442555       0.49983796720723278       0.59212408604599698       0.41600686618706956       0.71695071660032139       0.81432253345531436       0.80622128655941028       0.61096853830351239       0.50120306499551248     
  0.60128029649882420       0.44489313954659093       0.39326478549811150       0.44135891515419606       0.41517094559665135       0.96676984573834768       0.32115885904200697       0.39174629391534749       0.20752849895231643       0.30016683302148900     
  0.60100494646653901       0.71020642254590449       0.51342202432737316       0.57161170936125427       0.65107653183137593       0.67407030078437713       0.66658245370634950       0.57493556715152938       0.55817231443683790       0.64474055088873550     
  0.61546246488647682       0.46468273369735069       0.40925137364158043       0.45117864629700011       0.42747911838963376       0.96749417728663345       0.32835442440798318       0.40128505104775020       0.21975938790326233       0.31625733304474501     
  0.57897675358017131       0.74005102841073545       0.49847872862473541       0.68980191588275785       0.48965523095892716       0.69134756759345972       0.52175393996495500       0.60655916519838116       0.53841956127853441       0.56875405363505083     
  0.62968397490256645       0.48394781470276438       0.42751284357489144       0.46155302267467274       0.43911780765179803       0.96821072325517721       0.33588844685778219       0.41147144820057713       0.23273646640091142       0.33238401809645673     
  0.55794592860346670       0.52065818186722934       0.67359316647526746       0.62493856029224415       0.50806245995602584       0.72310411629773796       0.68381275067621539       0.48972869645290729       0.53570773205529276       0.62473298787528553     
  0.64390915879170363       0.50330559281883791       0.44492857396149116       0.47168011038895602       0.45024629067612304       0.96887716573721316       0.34412550160670835       0.42196783989054820       0.24509146230859810       0.35230760797673111     
  0.54105950767811295       0.47774142586679408       0.46902085981228642       0.66801942050948659       0.61258139193585470       0.66321492142196214       0.73358799374393890       0.53623770725710529       0.52512841827149148       0.50892020776889235     
  0.65812141868990659       0.52351727882096322       0.46144255856782374       0.48200322575592031       0.46131591374546760       0.96952633109752329       0.35256895656057813       0.43302555969422268       0.25754973918528890       0.37526471336876238     
  0.58473862397632836       0.53515020908077171       0.53498256814200829       0.71894272232305823       0.44279996597684146       0.68868664790887280       0.69230514373801155       0.56817859456624042       0.55707068258159909       0.64507113392629511     
  0.67191826888369888       0.54405684485770556       0.47762819854820793       0.49233321642549205       0.47277880994680477       0.97009108437241887       0.36115918253053680       0.44517459573969204       0.26982650388002155       0.39851217879638634     
  0.57517726513512002       0.56026322230680559       0.56305093421677754       0.54975857352173307       0.48876538120827306       0.57736630678764700       0.56167294077933505       0.60461977959090873       0.46024345296375113       0.63606805768559505     
  0.68546313907763279       0.56473648120192799       0.49428579422793600       0.50155154555968884       0.48556603129464670       0.97064014456608982       0.36974835739920747       0.45768156512357633       0.28223661215999901       0.42048514553499150     
  0.55819621598321001       0.59235668418195631       0.54432601205268583       0.65896515881554718       0.53117136198445403       0.59020258214481425       0.62687880960309206       0.51791581884527360       0.49615363307987653       0.66320697173478327     
  0.69989307457984684       0.58617787733914883       0.51177762873224197       0.50923226155595924       0.49892273829183953       0.97121235873080780       0.37859145507534842       0.46937235879017863       0.29533925844802866       0.44129413455575317     
  0.57466098955255207       0.51351765200609800       0.51990194621260044       0.48232245706372912       0.49375641561992079       0.68879051757734078       0.70692416833074290       0.67524382325758547       0.52270037802069835       0.64481124738243678     
  0.71546081404060125       0.60619166913824318       0.52873625010146752       0.51734325171225526       0.51725960945127425       0.97178905548506811       0.38776967983320598       0.48055140472161001       0.30936191941918795       0.45400162645153869     
  0.66987812917334377       0.72775777649499618       0.53210277068031964       0.51244962539320882       0.55027080510415849       0.60408610059392953       0.63449646615434074       0.53813682772627180       0.56661583960307782       0.58390613163139271     
  0.73201646136714305       0.62432077931060603       0.54510840414037520       0.52586759730261123       0.53804542853867243       0.97238074334106606       0.39684013001731760       0.49115329556404547       0.32304938788589277       0.46762582760724813     
  0.66219180775670383       0.56895901272653604       0.51511189891689202       0.60287743184343057       0.72341356700341108       0.65761627225924724       0.57587164191592222       0.66356322014040758       0.56038236777867989       0.67899279075759755     
  0.74914259883366074       0.64284190397311536       0.56297987021334273       0.53425024657099685       0.55878959488688396       0.97296856980140711       0.40492103782295724       0.50289731414170746       0.33643793943528466       0.48109105773485017     
  0.52793303697792204       0.66287793056444444       0.48843481546265188       0.73846160105680336       0.72892166344452980       0.52493390340699431       0.63070093587799758       0.57220434978474022       0.57609858647975776       0.53924681800123109     
  0.76603930710248802       0.66029963472095499       0.57658666552945048       0.54242629446466806       0.57875531153658466       0.97355266763984571       0.41205367113187957       0.51361783146018103       0.35026683151170346       0.49414050803347742     
  0.59078201084795823       0.50119902667552985       0.50135891448066450       0.47050731855014161       0.60651598137398888       0.58908039676058832       0.58433525205855552       0.58737611933356171       0.47016110513061060       0.43726082945353889     
  0.78206701607409623       0.67728523103717309       0.59210284759321452       0.55034813862138909       0.59767383102243343       0.97414463577558619       0.41965738240072542       0.52249489312535968       0.36459003081867586       0.51276076708368867     
  0.64413582166722150       0.50135675986269324       0.52463182953725618       0.63476038154493108       0.53828384881135527       0.75293298522745433       0.59459918111616461       0.44903629740115270       0.55280553526752485       0.60006489689350706     
  0.79795759591673177       0.69479114697989097       0.60857634527409987       0.55762091252342083       0.61672701965097187       0.97473567512675574       0.42645204997219821       0.53253346774646326       0.38105468820826649       0.53686776578588258     
  0.61412213272028060       0.46291444339152144       0.61981220741690901       0.45532993031528407       0.70987320988416014       0.61220208576634594       0.45140123065635451       0.50555864649404225       0.63078924584356200       0.64102269961881642     
  0.81257099778715203       0.71119961226771600       0.62528143784609880       0.56499543635561611       0.63645446127280259       0.97527983061045775       0.43261856834268020       0.54316667987150902       0.39823772651788919       0.55919023767044340     
  0.54700276656335822       0.55993563805897473       0.50929558254757168       0.44875757939193978       0.59864071083334702       0.58000477992682031       0.57203951330949532       0.50697995415987296       0.42863957580516499       0.63794703127308294     
  0.82573890727652643       0.72675290732707620       0.64153766920898891       0.57254795185047047       0.65667082284658107       0.97584236766972210       0.43876409919448922       0.55415991752952798       0.41512775830136078       0.58014858000077441     
  0.59148860790648450       0.70563505883609678       0.59430980058476135       0.64449216204560145       0.70370126270991373       0.61339333208914459       0.47648315618813836       0.48234202181356384       0.41112534221234426       0.54820648152549323     
  0.83876667295640861       0.74105166934912881       0.65771734934301551       0.58141130860054357       0.67740391125877331       0.97647161486348921       0.44499031489417651       0.56513820584546381       0.43505832832738422       0.60066037396713412     
  0.56754866904638668       0.42578617182751888       0.56837207289119651       0.54701558407151363       0.58474252787396352       0.59194835812790236       0.48274666968917557       0.51625722254350870       0.63299991128114619       0.61212655666816174     
  0.85191344720511830       0.75615155261768419       0.67376713225523899       0.59070579395648615       0.69765969843698439       0.97712732478888487       0.45076582276052218       0.57708959384277914       0.46126337864589401       0.62134906277759250     
  0.47009663680861369       0.60674962757137396       0.55355780966250900       0.55218833518577726       0.75543739950893052       0.67396188364075127       0.47249328046801409       0.59992672251854307       0.57542059570612469       0.50994364109424783     
  0.86492948342018383       0.77265772512693953       0.68829696021125164       0.59953683135515279       0.71812554601256251       0.97783574995055611       0.45905911504765845       0.59075985707219159       0.48721121994108851       0.64342634735938364     
  0.48344822565165907       0.68837250768152447       0.49231965876888817       0.46360792636548925       0.67472504253212251       0.47772687882596637       0.66971013501444754       0.62166018855963512       0.52304121171996443       0.62083498617584532     
  0.87806994225287571       0.78951059759864395       0.70280002812567854       0.60826562139195761       0.73875176986481828       0.97855134471107152       0.46880980163018626       0.60479319293943035       0.51150995102515417       0.66407438175892664     
  0.63976783164002171       0.54076612751135356       0.51539623980569793       0.63986956116512039       0.54392165557873062       0.63464398627683594       0.49946723176983226       0.48295752348290777       0.56148454665406400       0.58479196629711661     
  0.89114949220236506       0.80655094345897327       0.71691667731983233       0.61681777385175862       0.75863337178191270       0.97928105567994261       0.47895647744783348       0.61906975307161705       0.53562153293840309       0.68424069756723649     
  0.58410936464551955       0.60368130682151200       0.68510501613224417       0.45735685196562942       0.50744593829162388       0.50063142915745906       0.51656091890115463       0.59446735499548209       0.71372137378363554       0.54804897228268090     
  0.90147503883174340       0.82350921243668551       0.73077643165069794       0.62813258913332426       0.77824729788826275       0.98001617682535291       0.48931340423541919       0.63265888906925993       0.56080592653911898       0.70472098059521282     
  0.52680350749258775       0.58161211453557982       0.41711064676362880       0.55207437765087197       0.60350352020538245       0.77308804958283972       0.64126481915154243       0.49876393217240911       0.56565508537697473       0.71115431151158026     
  0.91169698708777636       0.83896577526721372       0.74489197623195635       0.64043622932800637       0.79741844981374577       0.98075995471881439       0.49987253480625271       0.64579433718166079       0.58762410423447808       0.72555805803870932     
  0.46227348141037855       0.47530122337588848       0.54329732813241027       0.67273904014454711       0.52577567792831037       0.62595998904256400       0.60800172071434433       0.54868764339690868       0.67542786609188588       0.57013085150813947     
  0.92241838736414494       0.85288983164126930       0.76200843669863494       0.65279112024464170       0.81449643957159590       0.98153433105962717       0.51078090427563605       0.65937766348602800       0.61625095220857506       0.74730501333482613     
  0.58909770335079603       0.52030706626918644       0.60423319429010869       0.59156135076958694       0.69144142481660886       0.72230492391174872       0.47377379123768359       0.58863501867138934       0.64462453697847144       0.57931339869865783     
  0.93342297250466921       0.86658555303897478       0.77919205682065296       0.66536525784000822       0.82706994666721412       0.98234438317429917       0.52189869694634161       0.67211781569165741       0.63957996288058916       0.76973714316369612     
  0.49486729023751702       0.57590038711075187       0.50937525385162807       0.53727152448617077       0.56519184441517334       0.51883577575275497       0.52964148400255384       0.44923345008540166       0.51096081689352457       0.56060073735699945     
  0.94362632592717055       0.88096665335830093       0.79654162167189069       0.67829896485432517       0.83762486650333301       0.98320953892005258       0.53303042394921885       0.69540250239193258       0.65892120476673699       0.79185154649079070     
  0.50105797246487938       0.54600101429359449       0.48076262850768958       0.52193243464377348       0.44674516971158018       0.76100622924507522       0.74250144561239151       0.59526496570617593       0.45649060167411137       0.63063471215152023     
  0.95253830800689399       0.89571215774021506       0.81332506802174587       0.69208536515942765       0.84840342427907456       0.98410235573871274       0.54463973636833773       0.71972569444628842       0.67766618046378391       0.81343605886414239     
  0.50124365256352021       0.49021962209261449       0.49952967905815066       0.61427669183576605       0.50406659194576464       0.76293186075337505       0.56219092118564584       0.70829355107687852       0.63951646749914370       0.59978193346697239     
  0.96014689487767613       0.91064435987485703       0.82992959561024704       0.70624176913149372       0.85934213463117215       0.98505172663258689       0.55757434316584875       0.74626784825641501       0.69628763691980189       0.83506520946659279     
  0.59254919602682998       0.51726989848509897       0.59981157224951398       0.76512490904613872       0.40544097066356005       0.63591129960671633       0.53905864282535287       0.67425972145165980       0.46705909693199860       0.59675254008987055     
  0.96724487502391110       0.92387801953883597       0.84639410875133214       0.71659103785091660       0.87638536293069447       0.98605487059435981       0.57315922082606974       0.77381045777239854       0.71804344633091177       0.85529854447436238     
  0.58640071743304489       0.46934985808286434       0.64309263220307256       0.46521211488203573       0.52396145274354411       0.68405036347116388       0.58423458818459628       0.70127379053640793       0.47418459169077065       0.73848256816098379     
  0.97432359875992181       0.93301570669714717       0.86415190232906192       0.72501122013178432       0.89499724921814272       0.98714067149977580       0.59002292793528999       0.80096640061016267       0.75942977082495244       0.87448366486072815     
  0.44682049279862507       0.47276795507290248       0.52251603384931000       0.57439365254891994       0.72064050732066698       0.68057724241747464       0.47055152874372047       0.56630139218022812       0.53018906136573951       0.60481498539167011     
  0.98092747425749705       0.93991358999877539       0.88303428365180059       0.74043640640218489       0.91402871721241230       0.98825189026677973       0.60865407238083358       0.82916114843000410       0.80087897662234198       0.89161666283515617     
  0.47111576980068254       0.40405810863929281       0.57605761583818094       0.58765581519580512       0.50535668704869485       0.56024236746689560       0.54285701984418078       0.57127122172238720       0.69141867268282553       0.48419271904400019     
  0.98452667481923772       0.94735389256690949       0.90179554040135634       0.75850122736105852       0.92770441549736260       0.98941175150890026       0.62881937187533943       0.85832432323755303       0.84490607212072111       0.90870524887616466     
  0.46495258467235667       0.41876516241899320       0.62332561943652820       0.61863503587911817       0.44527684799901579       0.47536108334824118       0.43053990311744728       0.65639340364028076       0.50373723441471185       0.65089749966261223     
  0.98803683137359311       0.95500125209269626       0.92087036761643470       0.77740705304615532       0.94082485160193674       0.99071869182551053       0.64891063824834005       0.88925841669233963       0.88863893432291130       0.92619129421611468     
  0.54006139342510995       0.50272940240194897       0.71755843425764565       0.50142074714341422       0.55079573141193350       0.60672840189629018       0.46874618333428253       0.64899365429552291       0.53593175082652689       0.51736880009154118     
  0.99152369403166285       0.96279655927420382       0.94034387715815071       0.80447290446681341       0.95450035002182410       0.99220080578643266       0.68137363410515861       0.91395782768714728       0.92251464326804522       0.94356445507497255     
  0.68089900305474438       0.45683903513538915       0.68765868313502421       0.60241877467317229       0.49342294254253422       0.50557354582643443       0.57826918765838309       0.44229094800043106       0.47755708909122135       0.53807673255836075     
  0.99455315754535367       0.97528707649615676       0.96024042378945140       0.84799162045243837       0.97026536117209849       0.99390394284149386       0.73180086045873172       0.94106525756253845       0.94927031812009410       0.96145058704499053     
  0.49809989906447272       0.64444414973182773       0.53285447214122017       0.50227019907749448       0.58278333804945148       0.51940790935603642       0.60153356559736837       0.42093175610015926       0.60075109161291995       0.52808430921940441     
  0.99728698734237187       0.98753619034092754       0.98002585042507429       0.90713989407926698       0.98564159861925527       0.99628307185380771       0.80479167910077409       0.97097161515782981       0.97453280038749501       0.98037374402536503     
  0.70299704611573777       0.66415855921474665       0.64823168710661916       0.57338011945411860       0.51402053718522156       0.42053793041375681       0.46134595573901832       0.52981836822977657       0.47114006586461110       0.59615794394942401     
   1.0000000000000000        1.0000000000000000        1.0000000000000000        1.0000000000000000        1.0000000000000000        1.0000000000000000        1.0000000000000000        1.0000000000000000        1.0000000000000000        1.0000000000000000     
  0.60261925842171371       0.55726130236496096       0.51559565250012040       0.43709676259335012       0.49403682494424522       0.40954054638663462       0.38339779196574852       0.51207063050058288       0.54025325646565137       0.58129650421381740     
   0.0000000000000000       -22.563490536024236       -22.506411797477021       -24.447103856638609       -27.306959798178291        0.0000000000000000       -20.248543079551691       -24.864296613231808       -19.056631104105357       -21.606996694583490     
   0.0000000000000000       -17.631668321537333       -19.251364306100250       -18.512820175738995       -22.627804085279976        0.0000000000000000       -22.364398195000501       -23.849903346392669       -26.186720954322762       -19.102476932011768     
  -46.668628223993785       -19.732986379663011       -28.099994996679118       -24.551212293050394       -26.963299891127541        0.0000000000000000       -16.406660343901194       -18.938195826817388       -24.622301151335339       -20.213275529368122     
  -20.532823165359645       -23.067409336936592       -27.133252466145660       -21.844024739325249       -22.556757686321081        0.0000000000000000       -23.766069336601539       -30.729029155877356       -19.718245264653966       -23.962531473753835     
  -26.393245975563485       -27.526398210752539       -21.028058143238059       -19.322600782782459       -23.672778855768343        0.0000000000000000       -23.807678951271921       -19.213179258617384       -26.476281007024323       -19.095731961470282     
  -25.998763440288407       -23.460410636763331       -21.245632406119956       -19.385131480878663       -19.992549370216146        0.0000000000000000       -23.370597299179568       -30.139303341913745       -15.312172120571899       -21.616414086763843     
  -23.579364648422487       -21.727984804841821       -20.203007851821944       -20.613169183547225       -27.102824232297763        0.0000000000000000       -27.055579089775932       -19.887097524010272       -20.124989038828282       -21.383217832465942     
  -17.986882194953530       -24.270651437184636       -14.878018216821994       -45.123073259488443       -22.180964326427450       -19.409091888935635       -20.470118617416183       -19.249469433302803       -23.243948716115455       -23.671474677274521     
   1.0474471230595350E-005
           1           1           1           1           1           1           1           1           1           1
   5.6936196124351987E-005   5.0425080509046213E-005   2.8099217621530559E-010  -2.3277883076901729        4.6605044659075628E-010   2.1263816366158363E-011
   1.7583877304026243E-006   1.7572785819010311E-006   8.3228784295467276E-011   0.0000000000000000        8.3228784295411402E-011   3.7941691785134708E-012
   5.0000000000000001E-003  -25.376914330656533     
