   0.0000000000000000        0.0000000000000000        0.0000000000000000        0.0000000000000000        0.0000000000000000        0.0000000000000000        0.0000000000000000        0.0000000000000000        0.0000000000000000        0.0000000000000000     
  0.18834537290935516        1.1666618056473869E-002   1.6344609887743167E-002  0.12198335516128944        1.6567777919395593E-002  0.84717512906687420       0.23757087911713534       0.11209164930121376        1.1982260987023192E-002   1.6082640847894816E-002
  0.48142986342662131       0.52211263418170262       0.55165069118958299       0.43305785099892263       0.52868777119843757       0.36864104435334460       0.43503299433670184       0.48147727789097011       0.48041926531025164       0.54634101779610300     
  0.27977971056840911        2.2599285607860009E-002   3.3024570638645410E-002  0.16839799944433304        3.3357143209143729E-002  0.90624376483528912       0.29930418550956317       0.14551822262504863        2.1442155603406010E-002   3.1932976938864439E-002
  0.42345736123307598       0.47516167581463775       0.44492997057369188       0.52206755573695318       0.46273276636890398       0.38153555125182498       0.56395052077831176       0.47821623452275547       0.84208119717989505       0.55304335421185624     
  0.30526252314388952        3.3085213852647788E-002   4.9185046181677405E-002  0.19571994105108026        4.9753869935897893E-002  0.92466326560100087       0.33424970503419865       0.17034991442040118        2.8515694869094384E-002   4.8401573700798263E-002
  0.55358496859917705       0.65904121320238185       0.48025039014193294       0.63929010026838773       0.57632023136224608       0.36864104435334460       0.71026805990494468       0.56101257897466905       0.52564672414028268       0.57024435165168041     
  0.31517257115318925        4.3285786677751875E-002   6.5225858755397881E-002  0.21490990259632953        6.5726842058898866E-002  0.94476020629626589       0.35716188068493915       0.18915848787570133        3.5349136182402340E-002   6.3656067386325510E-002
  0.72497456476624123       0.43787328172684942       0.57219980049580366       0.55661528003407879       0.58765505676441310       0.48642477425981956       0.62650063458965966       0.67132157691228744       0.54214187482133624       0.49826674339887678     
  0.32403681370499648        5.3026689779663461E-002   8.1601301231077603E-002  0.22609942576289324        8.1579668386145679E-002  0.95426603156862688       0.37128613772083885       0.20507903576451933        4.2103571468447933E-002   7.6818018528226006E-002
  0.58002379871633769       0.42578423579573443       0.55348935169916402       0.43286625013173424       0.57695922830006652       0.45690389901229944       0.51221942881957339       0.74129161059012805       0.56488323980102906       0.42884248654931140     
  0.33368899576819816        6.2912259518243169E-002   9.9320253542837439E-002  0.23671456743560224        9.5585962852252168E-002  0.95824084881994820       0.38479788401718346       0.21939878869803486        4.8984276150602434E-002   9.0250118145803623E-002
  0.44158127241373923       0.48074882082120762       0.67128816308630679       0.45436275816124688       0.48907653701879861       0.53157671802457340       0.56478931956364209       0.45104600472474887       0.58856642112099677       0.46218382004563568     
  0.34438036526707327        7.2962231468281083E-002  0.11741594760603165       0.24716901032610747       0.10584173969429274       0.96013590181842856       0.39484681578317965       0.23103389971298735        5.6106144451959633E-002  0.10329596757353154     
  0.50457854729545515       0.59519798836084792       0.64248517417230666       0.41506401815332600       0.48516100607747986       0.47633876549736859       0.44895397977139118       0.62890181166606329       0.77723849387454536       0.52230267941223496     
  0.35574206540461811        8.2946655243271356E-002  0.13467764438006469       0.25846954788773951       0.11654117028572326       0.96129269476544332       0.40370088481474081       0.24035238593869962        6.3499732206235476E-002  0.11776724756161880     
  0.64137200937328998       0.49897326281093507       0.58483029778190743       0.43197157877472997       0.49053146824813676       0.71733764325727534       0.53545073255412179       0.74614634468432517       0.53954663880599041       0.50389901462964326     
  0.36752601605987956        9.4369518683517159E-002  0.15102247071008218       0.27312466161388266       0.12666188482133151       0.96216390081420666       0.41218243639712815       0.24917609979993893        7.1080063903124296E-002  0.13327734023396637     
  0.47190528705031265       0.49070767584823438       0.48896293063109814       0.60350488536843783       0.48642477425981956       0.68320299653272332       0.45385036228525572       0.48672432863250276       0.61936636278322621       0.49838745344538637     
  0.37949296580404585       0.10608201013195206       0.16710732488758887       0.28801050017551239       0.13718359536452715       0.96288703597804903       0.42147338883301216       0.25827390084753948        7.8742466275094403E-002  0.14887801141497720     
  0.49989767398779272       0.47463502593885482       0.51109015611406905       0.49184428478642606       0.43013600834103061       0.57411938073665036       0.41729425582661756       0.57156528946510543       0.48642477425981956       0.53420329073698103     
  0.39189237609496230       0.11672699900851438       0.18384834017684432       0.30218718718323351       0.15279297258287866       0.96355872566691902       0.43167605864126707       0.26741009679420508        8.6504794318060560E-002  0.16466950724938301     
  0.47242741285462786       0.53564097735748284       0.58949256279206086       0.57664957795004634       0.60019308700890861       0.74470121032209968       0.48709110013240015       0.48213773389392811       0.57962714902388068       0.52936917433059683     
  0.40452096325287507       0.12686757598306708       0.20089473548711156       0.31509050898597735       0.16704241466304226       0.96411970099968614       0.44186975934102579       0.27672552454941479        9.4531949369428686E-002  0.18033472128513589     
  0.57099988639094013       0.57633529170646602       0.66002462778992177       0.51397388757916174       0.50290526849503392       0.66785038828497900       0.42828367346845797       0.57141624722457052       0.51662337181759654       0.51058382521362067     
  0.41734734183832528       0.13709831624584379       0.21740039106081718       0.32762153043526909       0.18142253348111190       0.96457549378804253       0.45147875050536540       0.28591623677324124       0.10297974605793386       0.19643018466682391     
  0.51749985669208209       0.63188670542880943       0.51191550483929016       0.50851700557437929       0.56206820021592585       0.52771684570684618       0.59241046592045421       0.57749154365330801       0.52644363689704543       0.49794072823053520     
  0.43021665057258662       0.14703896296164928       0.23246703571323352       0.33947535268566792       0.19707026523160526       0.96500005375289644       0.46123892743245709       0.29525030349585168       0.11158408900432991       0.21222322152563061     
  0.53686374036574047       0.48228096655968106       0.55151256195676324       0.47948779482526599       0.51857257267069801       0.53444916535266551       0.66113329737689808       0.59895875348379901       0.50148900763689730       0.54699955792452770     
  0.44340071303469986       0.16093325547094542       0.24606782655456280       0.35016526277418075       0.21319252295018667       0.96541535861816319       0.47071335292360283       0.30414365303672219       0.11962939845087507       0.22769894247076528     
  0.51257141627337699       0.49900306131129246       0.47323376608036433       0.46061573688698215       0.50567507713445159       0.57943550918803000       0.63570208032081055       0.52775555262917784       0.52484350825925252       0.61144545004907702     
  0.45667030369027434       0.17471838292883304       0.26034670536659510       0.35985202266618294       0.22876289597017485       0.96582482157496785       0.47998070285596944       0.31243051104816372       0.12735531995899371       0.24384553434919767     
  0.48870300504853414       0.60344926644638008       0.66991786839184864       0.63114402500987021       0.55922448393646973       0.54711110917064343       0.62258303221099331       0.50106092161412619       0.47168468217621995       0.60915619095507256     
  0.47024360419949524       0.18844280751806491       0.27443633225498076       0.36913930917819315       0.24384882396743512       0.96624333754955039       0.48908458526776516       0.32057149816304636       0.13540303253842792       0.26144085064972039     
  0.53679437194155089       0.58786028755916442       0.45904169041152887       0.44479100503684937       0.55289056918951340       0.47409300854017028       0.51904950202423139       0.48221693158820594       0.50321781167204904       0.58031060202026552     
  0.48403030167500910       0.19900318025903818       0.29015505474470410       0.37848314688850715       0.25939010770938725       0.96673240792552806       0.49779323441916062       0.32909499482618371       0.14330665477270457       0.27968109680848741     
  0.48363701083623417       0.54874631329934587       0.62592994823224435       0.71352529816418309       0.47555374917973764       0.54677616763888548       0.60042186628733862       0.66410104782858992       0.44191315073401732       0.60817530760243677     
  0.49771446427067628       0.21017154077264613       0.30562348947291906       0.38801610853565516       0.27556891480779028       0.96727280752356037       0.50625144914246700       0.33812623580595269       0.15154305325863554       0.29810324800896953     
  0.49797140073047574       0.53537696873025387       0.53410605441420034       0.63627098567199103       0.54623051994619154       0.62496741920886023       0.64962030870502552       0.47899087474286417       0.56558051477995952       0.59649721090162111     
  0.51132607064477975       0.22219760053140497       0.32069997033887709       0.39713391841956475       0.28959639010035249       0.96782336763097820       0.51381880864083651       0.34640929210782007       0.16015620923260804       0.31641149206056662     
  0.48882681426553992       0.60264141869710619       0.51480522121906047       0.48041029589813633       0.47887156326416785       0.65650108594117618       0.52338137464971579       0.54104670599938764       0.42597626951721884       0.79242940307933263     
  0.52506321684003321       0.23493176347960754       0.33329406847930643       0.40438995987513099       0.30094262984035985       0.96834245039206324       0.52066517563379033       0.35388802939779462       0.16962937682522944       0.33445616019650382     
  0.56044203517930902       0.59885914334253876       0.51660672185100032       0.44556491069201298       0.50032524392329147       0.57684676645475252       0.48642477425981956       0.65507541652643386       0.59809749435239545       0.50768519000080270     
  0.53878691999623873       0.25114134653339582       0.34189526441608359       0.41115832236794569       0.31186544890653295       0.96883688890768027       0.52751893542333428       0.36124159736665329       0.17901057663893538       0.35190551876381082     
  0.50782706930979615       0.56366831067437440       0.43426794349531644       0.56030343349662737       0.54142076499868985       0.53293902576886087       0.59447336901837988       0.42288680823474267       0.46879519223977784       0.58670989294356357     
  0.55113061694276977       0.26754540941280464       0.34745678503532818       0.41825727038921906       0.32530705479839922       0.96931444502062925       0.53434334605439493       0.36846671348590798       0.18743925021742097       0.36950826701310580     
  0.43239320592195568       0.52612412485385296       0.37683195788406221       0.55526423370915523       0.62356956819868414       0.55762911489619804       0.49343629596628685       0.50831581449753704       0.46788893117164476       0.55743080042676685     
  0.56244763072615167       0.28335137027573509       0.35297475698598874       0.42550095773637725       0.34268736713201864       0.96977961259939671       0.54067342222728088       0.37656560254671123       0.19538240001254303       0.38672934564812206     
  0.56079637604727450       0.51835351335431779       0.43545535777491018       0.51215884957741398       0.58094589901680516       0.64047717480957989       0.49166433869091702       0.49631775395632660       0.37981956361156605       0.54961365968039222     
  0.57375360967604971       0.30007084324705879       0.35996077055104642       0.43309943461200606       0.36070105004982328       0.97024624681499783       0.54736686976111615       0.38565528044838959       0.20338063538411494       0.40268207166496317     
  0.46590449530233741       0.58606129553928199       0.47759544101796858       0.49818449967952344       0.63552018961987500       0.62326454429065781       0.54974381090158619       0.60743246222320324       0.48489197740177731       0.62807344473145565     
  0.58470695757620073       0.31712795486842860       0.37095789181660832       0.44121095899264723       0.37629506709196592       0.97072273128179809       0.55434694264330586       0.39481162999630537       0.21168419716340597       0.41785270239157013     
  0.45266523078008791       0.53243817244749270       0.42340454420581164       0.53895716044275144       0.53714411200674861       0.54492825547256152       0.56084015085865235       0.53016863661524238       0.44564683654551440       0.54491171409717287     
  0.59951648556775239       0.33371213072900924       0.38632973845895896       0.44908329237307376       0.39004939490545903       0.97119008021386100       0.56127040177059484       0.40376550803698963       0.22215958054192764       0.43297613885460651     
  0.42418581099452318       0.54976798585913078       0.56233109311971186       0.51464324035632170       0.55791787415824201       0.58887304201682211       0.60330106914615844       0.52437556435515997       0.50601254072214252       0.55072575302223770     
  0.61378547137310835       0.34945780925626585       0.39897742257317459       0.45652790264826365       0.40354467122252607       0.97165298371481423       0.56832135699760489       0.41269485336140238       0.23347425535631594       0.44756597485495153     
  0.48385740294224938       0.47416375156567298       0.44928551313242582       0.44051275833768450       0.46562018130648775       0.55897722391642224       0.61973979802352974       0.44379313584259511       0.48456286970918944       0.40753194547249455     
  0.62758680616370133       0.36534702784930417       0.41049307804344631       0.46398610199334256       0.41802642100514437       0.97211532750253060       0.57547262631558882       0.42181105911250533       0.24537645448631851       0.45997531691624000     
  0.44260278185620883       0.78903444845314707       0.51095291396143139       0.51502093542724792       0.59228736564962670       0.52270263668408301       0.49451923651945107       0.55666633675199817       0.54922830031331848       0.56032697239179163     
  0.64109150130767500       0.38267752907877661       0.42251662681323160       0.47187176555944943       0.43303087988547623       0.97257525575537052       0.58256505158279648       0.43137989899003226       0.25830226356343233       0.47239577494313739     
  0.53099230852077195       0.65230192078053950       0.44639665655807009       0.57070804002373798       0.64009029450126775       0.59569749093018054       0.48138889373692062       0.56266365350306236       0.52352888811088050       0.46107693555324747     
  0.65471631686099352       0.40017581536129038       0.43610435621741261       0.47971773538039530       0.45063680409274393       0.97302778975741266       0.58956752984896288       0.44128313537942215       0.27229555227840857       0.48494535483693707     
  0.54807151277353028       0.57694066459509952       0.39688801633062681       0.61705010711956954       0.71566704331131437       0.58206259346998357       0.52460587012663773       0.57485857092881898       0.59085878144714221       0.52607045077251868     
  0.66898141586524162       0.41808462033368088       0.44997787199697559       0.48765908249700174       0.46869428034931376       0.97347825261928944       0.59632165551976080       0.45098846669300791       0.28786023413421485       0.49947095424968113     
  0.52205681233975354       0.62551861543565612       0.59818209785784582       0.58608625391440217       0.54504289275083917       0.44555559001978234       0.51144837736035886       0.49550350387944581       0.47284149478917453       0.59794860551648521     
  0.68291653127952467       0.43625583527699169       0.46526958329065893       0.49543128805013814       0.48515689294021375       0.97395035748378067       0.60289237322736788       0.45958539695574596       0.30245022961907214       0.51698076082046840     
  0.49769386712974079       0.59539124377687724       0.46402574408363551       0.56145392770587288       0.53002351479464604       0.51454459679720277       0.53918357818963614       0.50391850838593355       0.59735057312778672       0.58932227223356659     
  0.69677761404997640       0.45476126186477500       0.48337722672484046       0.50424795861705962       0.50115362126769736       0.97441146127081957       0.60922055483636062       0.46734074670776210       0.31829211980368072       0.53396100751323805     
  0.46158109038417366       0.66429311296074400       0.50115409127551802       0.55383241548134376       0.59430421287425439       0.55201116118885984       0.60239505562673246       0.47024171906211720       0.55738676321661540       0.50751948979370776     
  0.71127395474660426       0.47249807455171128       0.50153674104353252       0.51238745284526621       0.51752522316830352       0.97488118520698275       0.61572918638509921       0.47537833182786771       0.33392114324068006       0.55154561346304087     
  0.58839394831395575       0.53693581718676597       0.56025171339783320       0.50447429958603440       0.46935477153677552       0.60619123259644814       0.65248922320261693       0.50902808399960719       0.50165070235501363       0.55498570194812635     
  0.72605965636247172       0.49035694873083024       0.51848762722543473       0.52043755887212839       0.53412228614445667       0.97535339540176424       0.62274066384512961       0.48380471180841922       0.34780730259407411       0.56960939258960597     
  0.54383658573357263       0.50957403072867813       0.60297320738145088       0.50967888616336721       0.61945327197603628       0.50638417030060101       0.66001680427994236       0.46145613704026545       0.58610248572464640       0.50311024919741065     
  0.74037064092610860       0.50861605627122186       0.53512953424089293       0.52858663779800708       0.55115805958791686       0.97583181684176457       0.63002827108839032       0.49194316236693386       0.35796037062904362       0.58794690596623123     
  0.52862780765571282       0.58979387702400854       0.44838195646073026       0.67860512741266910       0.61969507319024952       0.60214905540376762       0.49464133487148981       0.47533802388120205       0.62746872781330898       0.56369954074146544     
  0.75401208720168755       0.52639546882744337       0.55243446157643439       0.53699477005227980       0.56913978679430144       0.97632140523003952       0.63713888404924790       0.50201721015111100       0.36964764073224388       0.60522143738300593     
  0.58236577829565717       0.52721392337374962       0.49960378372175457       0.57489097947149781       0.52133716457188151       0.50121800209387468       0.57871819886997988       0.48056973822956006       0.62468795023212398       0.60800583434842204     
  0.76795166625872069       0.54373129849566315       0.57052059903559271       0.54584667190458480       0.58724175953142210       0.97681240755658816       0.64310392095059499       0.51264769498082119       0.38182393293369687       0.62099547850347492     
  0.50709728734119319       0.55001508182654579       0.57026196592955325       0.65213512604347890       0.56879288975105180       0.50687960681038657       0.56190393042163866       0.60581536029517780       0.44611027423497046       0.70022763819236145     
  0.78207198371453279       0.56052947171781953       0.58854324152106741       0.55475196094459056       0.60560813412251546       0.97731464204412855       0.64721500531356491       0.52390336883036315       0.39520454668070665       0.63559952014503784     
  0.52947405586146812       0.54048374203210037       0.54010164885924594       0.52667367100987572       0.62413653921165224       0.60800156261702099       0.47512001114031044       0.50122194756440519       0.54365207685316264       0.54087816796626009     
  0.79645102464433137       0.57818335111117358       0.60643089773734005       0.56363856095090403       0.62172691368632860       0.97783728620940980       0.65099550662410455       0.53586715125640949       0.41421868841206838       0.64966370308517163     
  0.52187297448718706       0.58546870070533941       0.65156835640714283       0.56918320689135260       0.41211128142520920       0.52907394176719813       0.42678052534614019       0.53339565819649248       0.58468929913272139       0.48642477425981956     
  0.81077772615719779       0.59778247191911771       0.62415567127921934       0.57149044654294190       0.63561995829181339       0.97838551331312384       0.65508340213875760       0.54620539024564052       0.43714633256838281       0.66410626256405203     
  0.50818457826143626       0.50465698659990077       0.51717465832882692       0.43817161740672472       0.46426409937436697       0.63085983979451798       0.45841380182892133       0.49907517435021709       0.62218212502881287       0.56011810199594658     
  0.82517900532652266       0.61909549355795446       0.64108351729134239       0.57858774614440756       0.65023818394335764       0.97894865480523219       0.65944315674265186       0.55446801932694623       0.45846358658289976       0.67922542906349603     
  0.67386651318201085       0.65345684754619782       0.56698523770723919       0.47777262430795508       0.49740418833453914       0.54988028073719097       0.44209091254851057       0.51549388011503816       0.55049885882142591       0.50913155539732469     
  0.83925756520449823       0.64136452197535621       0.65717126192615161       0.58626387190857054       0.66391230055607664       0.97953098837036934       0.66413797306428524       0.56376580228383200       0.47693676154337356       0.69594294493291109     
  0.56655082931948797       0.49315307375741951       0.52461132654965459       0.50017268192511921       0.40540457500555516       0.53751155272373408       0.43350852070180451       0.41947123249873480       0.42391653733150469       0.50345070685138116     
  0.85341692684711945       0.66298877229749587       0.67310471638093894       0.59430781938850386       0.67808753581620462       0.98012480918384892       0.67030245956048506       0.57425526988161468       0.49516385389036399       0.71362147451093605     
  0.51310704369332738       0.57561543589102926       0.59034756199013239       0.48803343459939247       0.52801985041595489       0.46772733677621436       0.57901758659528491       0.49527728993707226       0.51909134505053178       0.51809379682523882     
  0.86863765288522432       0.68345854559596420       0.68972196494903348       0.60302017389077223       0.69440259132270554       0.98071892667875193       0.67700612670841165       0.58475270106533273       0.51604043971241009       0.72988657491418696     
  0.53648589067274799       0.50715930676238052       0.65354806093495466       0.52523272655943742       0.58686732407943865       0.61163149426934005       0.64361699664791128       0.50255761264048870       0.55747813293859683       0.55632906729671305     
  0.88456534394557296       0.70408833931308723       0.70738432284335540       0.61290629629958271       0.70965228708258832       0.98132687492644322       0.68314472189528019       0.59500533392262644       0.53971310844363163       0.74577866992791841     
  0.55257857901769114       0.55894539077551242       0.58599076550837281       0.56767244399648065       0.55585634537107531       0.57589029633510680       0.39227614604589539       0.48642477425981956       0.55068845811063405       0.48819897494158315     
  0.89926346276845104       0.72509859721175118       0.72544591962631866       0.62380548119431134       0.72511693841812119       0.98196134257073320       0.68928934542907261       0.60629366234938187       0.56425858601018475       0.76101561344071411     
  0.53627290606964217       0.48922747013875140       0.53667210547892197       0.51116707115160731       0.43813481973126106       0.53876336966100324       0.48253473023590010       0.59253883945465968       0.52661409279843785       0.62549598165180420     
  0.91389260096427383       0.74553777724822423       0.74412528163199476       0.63462462527488084       0.74007160228648672       0.98261604020826687       0.69523035158498847       0.62160412919515218       0.58960258317589465       0.77766808712546587     
  0.52374736596229099       0.43862507117779059       0.56926660362503179       0.64688005036873097       0.46840283523146653       0.55785637762403628       0.48937556152821587       0.60415368029964267       0.66059924640330747       0.42022620123895377     
  0.92806489213362986       0.76642688318707775       0.76281971536125637       0.64498075061711957       0.75641666287921216       0.98330287454254806       0.70233250501650868       0.63897206002246687       0.61471414477205211       0.79561806135547763     
  0.55082620380886727       0.45166013998328097       0.62449515597962835       0.61334611232115943       0.50106467398060250       0.59388935911426244       0.60438727073027587       0.51366579727389072       0.58352813051693531       0.64661917936112434     
  0.94117435341696132       0.78590292548895213       0.78124771941581794       0.65478040694822071       0.77326295801521661       0.98405525435529151       0.70964476423295231       0.65704264716659022       0.63929098525857020       0.81366853943973338     
  0.57969525171589142       0.58209205409547748       0.50699177104737680       0.60530989750929975       0.44904515831712238       0.76529440308859009       0.52221328923332788       0.61843811605131493       0.64388660075118398       0.57818553679707485     
  0.95386166024608854       0.80057276569955804       0.79814426640568281       0.66486320052144499       0.79057117781617259       0.98486560179219418       0.71723718835189110       0.67539410281218526       0.66155007474109284       0.83246273058046727     
  0.57699140528679138       0.45374726498811024       0.54354949362424843       0.50979927770395517       0.60196984982928925       0.48561504223923480       0.54222776064455047       0.55855515022841085       0.51361290988535424       0.60504084377383416     
  0.96532562702395075       0.81474771585712857       0.81422960472571704       0.67558635035375059       0.80760789346909811       0.98569812170918159       0.72564740901623070       0.69386883593022397       0.68226769915932073       0.84801701404401397     
  0.63565123665004764       0.61733436179912538       0.41848439315576486       0.55405053368596047       0.47395333328451594       0.52806428953927520       0.48005543306218118       0.55489666528435722       0.55182352630244480       0.54087855771725113     
  0.97399066434449555       0.82861128414241925       0.83021598488655812       0.68740576747110127       0.82340296215267150       0.98650912753212450       0.73501972736334553       0.71251768091146850       0.70344518396544997       0.86081715401837766     
  0.58527819423271543       0.49229431289805070       0.80335311352336003       0.54592114941242165       0.59771719181813621       0.59398746635921440       0.57410496318996984       0.57429132426614127       0.47988971398119046       0.57838401864101896     
  0.97982446906161114       0.84138833438382932       0.84695463460606168       0.69993364805696545       0.84075929098421354       0.98736141134455002       0.74524367952709680       0.73099597050208542       0.72545046425021709       0.87301719589060134     
  0.80132001638912531       0.47127527074653830       0.52436306572267710       0.50529717295780174       0.64819891229353011       0.53402045293115863       0.69314244783550616       0.53169863107901172       0.48846152333654047       0.44512580911411570     
  0.98427132603069167       0.85495534717332333       0.86227908787432039       0.71139374808239442       0.85738149592225121       0.98821423635793182       0.75614287608065822       0.75047053780618556       0.74961345381848699       0.88224622331363878     
  0.50798514677656403       0.43818119680919909       0.47731678905214620       0.52588028661790398       0.57231761432204020       0.46932723253642022       0.49883179158311564       0.49036490068292488       0.60735821875984175       0.43014327654133433     
  0.98794357271219768       0.87333705527679106       0.87761561452404657       0.72453894471204772       0.87382734003861806       0.98891990944204122       0.76789881934100435       0.77096558565011342       0.77882310154468770       0.89153684304372482     
  0.79219659695073374       0.46201695602035359       0.50360347704192820       0.49147521764239560       0.47935079102828232       0.41925651867729502       0.63148123017408619       0.43446353810888089       0.62554214990510781       0.39922409128759195     
  0.99084549325172644       0.89393397414458742       0.89350154240623469       0.73851685181813409       0.89075201841475637       0.98955404236402500       0.78080806172561468       0.79086594935876742       0.80723604552681183       0.90015026088576766     
  0.63434365725490649       0.55724694957744825       0.58333582093021397       0.54210099211501439       0.54275449396504527       0.47525161012322237       0.57730853833256013       0.55404160425833904       0.53324192091052414       0.39177910227069779     
  0.99314812362120941       0.91238280375397651       0.91003403828734908       0.75451803657231775       0.90867350268091240       0.99021366520526655       0.79480567489662302       0.81549543036332517       0.83567340199581552       0.91383228089750956     
  0.52726128288890817       0.50046934700975088       0.51488475385502797       0.58143028027310872       0.64689663450932700       0.45091365048991078       0.57439401374815457       0.54736175559863265       0.57054988821640062       0.52664807441702122     
  0.99493275059408115       0.93025198603903081       0.92716988256776933       0.77375198074206586       0.92787899853841316       0.99095096172517472       0.80862608455459473       0.84248424692830015       0.86516782507693279       0.92952691955359745     
  0.57808727170370455       0.47368856715261476       0.57422652968431753       0.52551799898086804       0.51073399049899815       0.42030830484573112       0.41630226044051161       0.69670828890391667       0.42935193375490838       0.59256048441333098     
  0.99641764895568941       0.94769754927152572       0.94466000178532106       0.79773258306676209       0.94757112957551104       0.99179063761218300       0.82604194847862344       0.87369875654986251       0.89402445378972495       0.94677161826548484     
  0.56218042805729029       0.48064678648595605       0.65911774729045725       0.63134457831265678       0.63699593729162374       0.50640062033730249       0.69676128953586147       0.54806826638007666       0.49678294564501135       0.57910078636786322     
  0.99768975025339568       0.96546618891550740       0.96262329388209422       0.83217806115792037       0.96586630308744192       0.99277127939796517       0.85015057722347909       0.91320234483379537       0.92459717384917584       0.96338912193404402     
  0.54283722033811055       0.45786912345460962       0.51125945846057841       0.76027157686179325       0.52946489101629679       0.41482264041753159       0.54783877082770005       0.48598879776550058       0.48195573830812161       0.58013279764681236     
  0.99886751574563704       0.98321576981147285       0.98038569229943140       0.88651704765096917       0.98321037272222567       0.99492489518365557       0.89168670802416927       0.95494472332653602       0.96274619809576578       0.98050856686419574     
  0.58418587712392078       0.43847306503362166       0.48236133225258682       0.57179479040227432       0.53637496327674639       0.56951903621181343       0.55216924406074308       0.56222065155551915       0.54552667436603486       0.47932598316406305     
   1.0000000000000000        1.0000000000000000        1.0000000000000000        1.0000000000000000        1.0000000000000000        1.0000000000000000        1.0000000000000000        1.0000000000000000        1.0000000000000000        1.0000000000000000     
  0.57701781777027616       0.72073323937344069       0.87095409267265145       0.53518542148470549       0.54204764299228514       0.36864104435334460       0.41756753746302000       0.61014960118134198       0.57726049352691788       0.47551599056311400     
   0.0000000000000000       -29.862966634653652       -23.251267707577025       -28.041596051267550       -19.656092582203026        0.0000000000000000       -11.558626805517875       -23.617198846552586       -13.645034412238990       -23.810144637829335     
   0.0000000000000000       -18.527641098307605       -11.792870441362759       -9.5721978440518498       -26.033976948288178        0.0000000000000000       -21.681948365991669       -22.473565240854835       -20.809930398868620       -18.630168676521759     
  -30.573141898075839       -11.682497703310958       -29.680288669465039       -34.133101075546790       -26.332916042158043        0.0000000000000000       -15.984551106834843       -18.229214922296162       -21.399456761851866       -28.919682633765028     
  -36.792597158024506       -25.124896915526264       -27.542117745068744       -22.520124408919134       -24.918700702658022        0.0000000000000000       -20.638068715447311       -8.2636861108961561       -29.424240397491239       -12.311754844498116     
  -28.060181334508734       -20.929951757301104       -19.090289999472674       -19.708648020823595       -12.204765177737583        0.0000000000000000       -19.911231089474562       -21.514365910090255       -20.859830224156894       -16.506766352343028     
  -25.336568571655228       -24.804311863154201       -20.029654193655961       -24.150466283776339       -22.881083209758494        0.0000000000000000       -11.990929335781050       -14.558457346368177       -19.208743375715127       -21.836708705976179     
  -21.445651136601093       -37.189684316608613       -22.229258646008599       -25.215602161266528       -25.537547736137778        0.0000000000000000       -25.393877882397078       -30.430071749677960       -23.778775142062020       -20.403488425960106     
   6.2811420470656296       -21.144648726388560       -21.642494991041929       -23.395020339069529       -15.810261349729787       -16.639729832684026       -22.114008167099442       -18.944225257979038       -5.0525089680402377       -16.063732198924157     
   1.9534310744467049E-006
           1           1           1           1           1           1           1           1           1           1
   4.7242196438249977E-005   4.0989058802738425E-005  -1.5426061849619675E-010  -17.548239848423453        1.7624974022436738E-010   1.2077780120131147E-013
   1.6605848429814978E-006   1.6625540868529919E-006   0.0000000000000000        0.0000000000000000        0.0000000000000000        0.0000000000000000     
   5.0000000000000001E-003  -17.560463293588402     
