  0.00009067514200019  0.00015051304111199  0.00020801417846442  0.00026451701125289
  0.00033712240428928  0.00040104101152204  0.00046108709329047  0.00051804053509794
  0.00058008950224311  0.00063425456781323  0.00067500975208705  0.00070789106543822
  0.00073471356229586  0.00076139543276931  0.00078887187567776  0.00081950711619351
  0.00085078505272427  0.00088160343828473  0.00091241110980866  0.00094317363839666
  0.00097385609814710  0.00100329921498399  0.00103102681119690  0.00105872879345411
  0.00108707217740415  0.00111602054628978  0.00114579187861933  0.00117575759263333
  0.00120675936549183  0.00123901995161881  0.00127099119444424  0.00130280599861670
  0.00133519170640804  0.00136861718427216  0.00140805251752504  0.00144798277470386
  0.00148620259239916  0.00152323911047464  0.00156023550921389  0.00159754276978345
  0.00163545545294457  0.00167589503797729  0.00171992529547540  0.00176343220998093
  0.00180726191593965  0.00185183793152331  0.00190135096146963  0.00195636388462231
  0.00201369653314539  0.00207211166225098  0.00212360969994281  0.00218100875771855
  0.00223770627631137  0.00229542616908262  0.00236223797019767  0.00243229438731133
  0.00250977501382815  0.00258417764067345  0.00265881676727743  0.00273777331478967
  0.00282343728387350  0.00291875702461094  0.00302365505968668  0.00312146756119978
  0.00321820340947182  0.00332583357189150  0.00343791628436911  0.00354982903964772
  0.00366942204127231  0.00380382663255894  0.00395870847386343  0.00413462893332430
  0.00435129849374244  0.00458819796184540  0.00489712060878202  0.00515567783085459
  0.00532288436688735  0.00549483169360657  0.00567246886779928  0.00585586833722254
  0.00604182827102750  0.00629912195706257  0.00656370814618896  0.00684511683501173
  0.00719924407298141  0.00758296168467491  0.00814723913020378  0.00950886702825849
  0.01085979035393183  0.01252560788558709  0.01442186792385399  0.01741369595707179
  0.02195241738456633  0.02636752003764681  0.04117494760334318  1.00000000000000000
  0.00000270773569451  0.00000330995904864  0.00000381105932185  0.00000430146755668
  0.00000476597307624  0.00000529117048074  0.00000582379720283  0.00000636546031708
  0.00000690867463512  0.00000750259318750  0.00000811662446619  0.00000872014930778
  0.00000927761905521  0.00000982009844016  0.00001037603166101  0.00001093422171751
  0.00001166565874487  0.00001242268013803  0.00001321201346511  0.00001395322601598
  0.00001469404502286  0.00001547893070984  0.00001629883357448  0.00001719206770283
  0.00001827417490486  0.00001926678111246  0.00002035225124327  0.00002144563102690
  0.00002258590591722  0.00002379375198458  0.00002495734842841  0.00002608613749601
  0.00002724779107845  0.00002837870044214  0.00002954562317638  0.00003073898806329
  0.00003201986874422  0.00003345286126813  0.00003504985061117  0.00003675496073922
  0.00003856481588884  0.00004052343613305  0.00004266573199689  0.00004494489181314
  0.00004706969118545  0.00004931832232398  0.00005168360616812  0.00005421482478865
  0.00005685538554761  0.00005980581824448  0.00006280170354363  0.00006616908727450
  0.00006970993822288  0.00007343375339283  0.00007783473124985  0.00008282739217906
  0.00008788408895574  0.00009313194500979  0.00009919315919097  0.00010622765887945
  0.00011417993423824  0.00012313865847934  0.00013320148718247  0.00014400951733891
  0.00015494860057396  0.00016703923424081  0.00018011374672746  0.00019660104817469
  0.00021293811249131  0.00023042087966228  0.00024933984128886  0.00027141128656709
  0.00029864509740199  0.00033091045101878  0.00036558348192508  0.00040451227780314
  0.00045328266028652  0.00051267231964711  0.00058731429672810  0.00067510357586709
  0.00078733936273778  0.00094601056608574  0.00116637392665971  0.00141161159093781
  0.00169394118265471  0.00196154095665971  0.00231489138502019  0.00270600355985560
  0.00305783067551988  0.00352758023389453  0.00407556692367548  0.00475262892398639
  0.00677264813867650  0.01204225525172883  0.01650316210112790  1.00000000000000000
 -0.00051151083079921  0.01800949073309992  0.03643760502272803  0.05680591536495588
  0.07333351119353200  0.08620485229191276  0.09577554064266811  0.10463798108432171
  0.11278360499054059  0.12358117569510428  0.13289384171837043  0.14204278946856894
  0.15123142539739062  0.16180911286679792  0.17218724988403050  0.18236495698433458
  0.19209919155196334  0.20156419001330764  0.21094495879118816  0.22123004911122143
  0.23164939551759225  0.24199422579459212  0.25190406126639353  0.26149644310994352
  0.27157448517604238  0.28076202580131632  0.29027096259969570  0.30033260149470753
  0.31065381697038158  0.32086850434952618  0.33012060020658540  0.33921447866418580
  0.34777209988272489  0.35603825850809967  0.36427337981626279  0.37289897702464803
  0.38221349349267403  0.39155785544091404  0.40028741943041474  0.40882429239329793
  0.41763876358300439  0.42737956278236222  0.43780569409959164  0.44885704081000866
  0.45992067121514141  0.47042544191531938  0.48054753135713357  0.49019108039045223
  0.49984328974146924  0.50918840176172242  0.51845064961054343  0.52777785341321526
  0.53716681686576884  0.54695186186529643  0.55692580559650273  0.56613331892682328
  0.57453968760396101  0.58340064483926168  0.59254680006424232  0.60086681246489637
  0.60835716841186027  0.61532664374242696  0.62257705246638995  0.63068113843471685
  0.63996421096763889  0.65008931107520307  0.66002587409956703  0.66972416701258974
  0.67877184661412571  0.68747010225461891  0.69651379292793758  0.70694961536374601
  0.71870817288288236  0.73035019882072838  0.74105532958958209  0.75190496322307876
  0.76067528141593455  0.76996095029721490  0.77841702995848094  0.78555236978867193
  0.79199995949937008  0.79851386056297247  0.80546172970898533  0.81399025708691086
  0.82363978742635802  0.83219116884726807  0.83988062694498844  0.84894443439675271
  0.85863850732164071  0.86982507293297273  0.88216683699602916  0.90048688801013310
  0.92513267363445095  0.94768784516578297  0.96346626651442013  1.00000000000000000
 -0.00182217875958271  0.00821875105593240  0.01694388554156668  0.02566926857090108
  0.03553621162288692  0.04511062667381494  0.05706809054312430  0.06923390885367964
  0.08233108749664522  0.09454490122241736  0.10505321983489181  0.11442356724008104
  0.12425325513406150  0.13515060890563460  0.14642189667453226  0.15774994169114792
  0.16814301640468438  0.17807464753583749  0.18758882917652028  0.19723079077362113
  0.20737872353911241  0.21767294066964246  0.22898132342821254  0.24127706311476649
  0.25405054168085045  0.26680431946554339  0.27884301435184189  0.29048884149278048
  0.30187497441541111  0.31294049110950223  0.32361691172774287  0.33380306033903395
  0.34406050380443676  0.35467936371208664  0.36497013113255000  0.37610237745914660
  0.38614140819652465  0.39660124218844317  0.40786166093220572  0.41954124742638427
  0.43080569966310639  0.44209804313467999  0.45298232935587462  0.46469626367332018
  0.47655050764767198  0.48818795307037233  0.49975941494588183  0.51129276285048231
  0.52219147391209730  0.53296311640118010  0.54443319585871697  0.55788393166493333
  0.57006400142457136  0.58138224164738650  0.59274196953249969  0.60442233168851500
  0.61543134140497902  0.62540538501985243  0.63504271822439962  0.64513722374427629
  0.65544403185263522  0.66565483911425394  0.67611356724174210  0.68660760914838004
  0.69740329462983008  0.70783218621342692  0.71783806702301500  0.72827187689954387
  0.73949830328505439  0.74921177528685734  0.75780689138724255  0.76611649419904471
  0.77492042958764884  0.78523378968078439  0.79717884017992224  0.80867656236005614
  0.81989617498522149  0.83055389330152984  0.84150444842355743  0.85198844284946607
  0.86297665390096867  0.87316242910415631  0.88225610711913127  0.88960771580914244
  0.89761342566300706  0.90579349673185450  0.91514746656067336  0.92396171617970435
  0.93253914395825577  0.94164254921977586  0.95172185081697880  0.96174423668985465
  0.97223945932694900  0.98241042751209551  0.99129823994716848  1.00000000000000000
 -0.00226416570549114  0.00931459809076871  0.01843803768366148  0.02839119919874715
  0.03870579314782217  0.05055914234523570  0.06273884855658055  0.07437535557832328
  0.08458529416949911  0.09463112255130181  0.10498013964663112  0.11509389549699631
  0.12526496215877697  0.13564356015771134  0.14696692059825101  0.15839686220493024
  0.16978470422452063  0.18161291044907632  0.19397282406962688  0.20576325403740237
  0.21690583459974319  0.22690519456865266  0.23631534276235752  0.24550380784288955
  0.25547664866637015  0.26622709043559745  0.27768818359087372  0.29023406442407385
  0.30212588451380190  0.31365682035479064  0.32465056185319696  0.33528558696703931
  0.34601903698089315  0.35672849182396882  0.36750865264420285  0.37815906468442056
  0.38864885658074455  0.39858688531463105  0.40784290939888307  0.41769007764761695
  0.42716126037733670  0.43675261946411170  0.44678342772480634  0.45786857411067566
  0.46905821986295637  0.48097166970041538  0.49119798849248408  0.50173191880982526
  0.51162109105252507  0.52288786590035397  0.53377955241422947  0.54486810491240845
  0.55436760164015719  0.56399607623274539  0.57236406799749884  0.58256081516797620
  0.59277052893678628  0.60310714624953354  0.61394130949225656  0.62535485865829443
  0.63722373799533627  0.64923084191820657  0.66089378907570528  0.67256974102934219
  0.68260820367206620  0.69271571967151713  0.70273718013925746  0.71331948129426004
  0.72422344106009162  0.73463508892801066  0.74469061064215325  0.75403443982914953
  0.76332257014092775  0.77150062744154557  0.77995406458465011  0.78845699467851038
  0.79866268931234585  0.81000406999645835  0.82215130280591076  0.83117431670287945
  0.83953464911904829  0.84791356048756872  0.85777446486297659  0.86874323874858439
  0.87910624084731104  0.88881589725979715  0.89936009978876708  0.91078219479927358
  0.92280502001614584  0.93267687928460674  0.94281429885257340  0.95285801131056580
  0.96344661852676017  0.97511292889969081  0.98750955592710699  1.00000000000000000
  0.72671895183239987  0.72818920384411268  0.72893033774785676  0.73313412230087360
  0.73496354284862297  0.73688038442032400  0.73830289267470317  0.73988484170931046
  0.74133293617569740  0.74265626538807417  0.74435107578273252  0.74600348168025021
  0.74804917910616453  0.74982699038699174  0.75147938273116521  0.75318723011390698
  0.75482974526558677  0.75644151509385005  0.75822120479786992  0.76025841476003864
  0.76245350292837077  0.76452176986936471  0.76679081983875719  0.76917233922448991
  0.77104236958768979  0.77255118512361964  0.77401047846998394  0.77550675890872001
  0.77733625649318483  0.77927142241339176  0.78097309142401450  0.78251910812405490
  0.78409082095800897  0.78580518395183030  0.78769339577714792  0.78954888493545927
  0.79122319081015735  0.79292035540159334  0.79472945045974597  0.79653325266315211
  0.79841024245947689  0.80045192692252021  0.80280459503045376  0.80511199887624219
  0.80755452906021696  0.81002470051654119  0.81253467217819852  0.81508508352224296
  0.81757478605048906  0.81991799753651207  0.82219358644951435  0.82458661301397607
  0.82710814087051798  0.83001741650478233  0.83283724865403597  0.83565208927050905
  0.83841214062770364  0.84109332471716625  0.84359361228516250  0.84619961189477855
  0.84867746014907208  0.85117486344951565  0.85371495454526769  0.85636807307776952
  0.85925465981372429  0.86218694409078467  0.86478571420263206  0.86732596644112692
  0.86964887579732220  0.87200459760891558  0.87445398021518417  0.87702180232498494
  0.88003084047123115  0.88314108204559749  0.88619799561102841  0.88916948868653178
  0.89236135099040248  0.89595120636011494  0.89975754345017678  0.90351265508153455
  0.90727355551905686  0.91100097210390507  0.91467262082282741  0.91831558501025790
  0.92202758825350373  0.92604612802170849  0.93061278735489172  0.93554642755393169
  0.94094686898430202  0.94640643078116338  0.95178132061663268  0.95715422399269801
  0.96342550447047193  0.97151996569836463  0.98261359772455736  1.00000000000000000
  0.00007990932347608  0.14717165830011647  0.19339672634682600  0.22701821194398902
  0.25203275419108001  0.27421061211422226  0.29344968008314737  0.30980701602922128
  0.32464537602222293  0.33875744158299192  0.35147089012945948  0.36271353495011899
  0.37381208619561712  0.38536506192005954  0.39815193449864050  0.41092752627533574
  0.42324417519761759  0.43435876962900860  0.44439952108827063  0.45367278877416256
  0.46221213912849107  0.47024508951441674  0.47826815063994066  0.48581757906770318
  0.49332949377050955  0.50057772878705864  0.50714575177766030  0.51389262088250864
  0.52034075269730096  0.52644891494204693  0.53242882680242376  0.53807706391401389
  0.54390354743875935  0.54984690875225295  0.55591016417748462  0.56201601152963299
  0.56801169068597879  0.57407192338720847  0.57998267794378278  0.58572672811461457
  0.59156564900583886  0.59751377843824949  0.60350324122010301  0.60917522253547296
  0.61455464702647500  0.61983284314966580  0.62503358416648824  0.63026172113137535
  0.63550305301809729  0.64078540394487593  0.64599482891177051  0.65124516765399565
  0.65684421121516856  0.66208727722161576  0.66623767999283412  0.67035030006898688
  0.67436463565808691  0.67825572307912674  0.68315996504074628  0.68813400087285392
  0.69347088252973721  0.69901558818704257  0.70406439012569011  0.70861198106495782
  0.71293444431744069  0.71721979792944113  0.72215941125437810  0.72722190001894760
  0.73205037556085883  0.73671254757425064  0.74155280471156804  0.74694548302500785
  0.75257675574454430  0.75793071751982111  0.76265798335549539  0.76762953059689787
  0.77273349182330664  0.77859040152829584  0.78454061157836774  0.79033971965876504
  0.79615506653354906  0.80203259919418546  0.80841686968491167  0.81562113517147550
  0.82307535886360517  0.83040427136492312  0.83771568674237407  0.84512315528838444
  0.85344833296083378  0.86300576947203800  0.87414777519312781  0.88551145077411930
  0.89738954407078297  0.91269538260578043  0.93776918103497486  1.00000000000000000
   1.0273601916400000E-007   4.0255507692300001E-003
  <DiscreteSampler_grid>
  Helicity
  1 # 1 for a reference and 2 for a running grid.
  80 # Attribute 'min_bin_probing_points' of the grid.
  1 # Attribute 'grid_mode' of the grid. 1=='default',2=='initialization'
  0.0300000000000000 # Attribute 'small_contrib_threshold' of the grid.
  0.3330000000000000 # Attribute 'damping_power' of the grid.
 # binID   n_entries weight   weight_sqr   abs_weight
    1   1292   2.044731779407018E-006   4.858419717533534E-011   2.044731779407018E-006
    2   793   1.192589184093368E-006   3.650252070297158E-011   1.192589184093368E-006
    3   633   1.015579676641165E-006   1.988711164117165E-011   1.015579676641165E-006
    4   344   5.983144600516857E-007   3.140243842213817E-012   5.983144600516857E-007
    13   722   1.016467710287630E-006   4.305136039566294E-011   1.016467710287630E-006
    14   989   1.195172319221204E-006   8.688638716856510E-011   1.195172319221204E-006
    15   722   1.180811698960925E-006   2.092863311234737E-011   1.180811698960925E-006
    16   1537   2.478965717077683E-006   1.122182949672814E-010   2.478965717077683E-006
  </DiscreteSampler_grid>
  <DiscreteSampler_grid>
  grouped_processes
  1 # 1 for a reference and 2 for a running grid.
  10 # Attribute 'min_bin_probing_points' of the grid.
  1 # Attribute 'grid_mode' of the grid. 1=='default',2=='initialization'
  0.0300000000000000 # Attribute 'small_contrib_threshold' of the grid.
  0.3330000000000000 # Attribute 'damping_power' of the grid.
 # binID   n_entries weight   weight_sqr   abs_weight
    16   10   6.226120255050000E+001   1.478944290010000E+004   6.226120255050000E+001
    17   10   6.226120255050000E+001   1.478944290010000E+004   6.226120255050000E+001
    10   10   2.483467596770000E+001   2.725972966640000E+003   2.483467596770000E+001
    11   10   2.483467596770000E+001   2.725972966640000E+003   2.483467596770000E+001
  </DiscreteSampler_grid>
