     
 Soft #          48
 ME*wgt:
   1.0054976038564050        2.6688251242543667E-014   2.6542332015696192E-014
   1.0000499792263515        2.6543658580915903E-014   2.6542332015696192E-014
   1.0000004741324382        2.6542344600276787E-014   2.6542332015696192E-014
  0.99999986184146439        2.6542328348646468E-014   2.6542332015696192E-014
   1.0000006932054071        2.6542350414984261E-014   2.6542332015696192E-014
  0.99999893753909108        2.6542303815505993E-014   2.6542332015696192E-014
  0.99988885052520315        2.6539381849432764E-014   2.6542332015696192E-014
   1.0019219829342205        2.6593345924864776E-014   2.6542332015696192E-014
   1.0000000004999998        2.6542332028967351E-014   2.6542332015696192E-014
   1.0000000000500000        2.6542332017023309E-014   2.6542332015696192E-014
 wgt:
   1.1111111111111107        7.9381783730764971E-007   7.1443605357688493E-007
   1.0101010101010102        7.2165257937059083E-007   7.1443605357688493E-007
   1.0010010010010009        7.1515120478166654E-007   7.1443605357688493E-007
   1.0001000100010000        7.1450750432731757E-007   7.1443605357688493E-007
   1.0000100001000007        7.1444319800886483E-007   7.1443605357688493E-007
   1.0000010000009998        7.1443676801365286E-007   7.1443605357688493E-007
   1.0000001000000101        7.1443612502049741E-007   7.1443605357688493E-007
   1.0000000099999997        7.1443606072124531E-007   7.1443605357688493E-007
   1.0000000009999996        7.1443605429132080E-007   7.1443605357688493E-007
   1.0000000000999998        7.1443605364832835E-007   7.1443605357688493E-007
