     
 Collinear #          62
 ME*wgt:
   1.2260836886464794        4.3983063198573248E-016   3.5872806730776940E-016
   1.0326714161719126        3.7044822128732743E-016   3.5872806730776940E-016
   1.0021512959789658        3.5949979755651080E-016   3.5872806730776940E-016
  0.99958934771112251        3.5858075480584488E-016   3.5872806730776940E-016
  0.99975017481585193        3.5863844800229518E-016   3.5872806730776940E-016
  0.99990806245917929        3.5869508673143776E-016   3.5872806730776940E-016
  0.99997297488941739        3.5871837264208133E-016   3.5872806730776940E-016
  0.99995200820518049        3.5871085130396717E-016   3.5872806730776940E-016
  0.99999999999999989        3.5872806730776936E-016   3.5872806730776940E-016
  0.99999999999999989        3.5872806730776936E-016   3.5872806730776940E-016
 wgt:
   1.0000245710741749        3.9108467151123824E-003   3.9107506237687261E-003
   1.0000023550841499        3.9107598339155345E-003   3.9107506237687261E-003
   1.0000002345342192        3.9107515409735703E-003   3.9107506237687261E-003
   1.0000000234437241        3.9107507154512843E-003   3.9107506237687261E-003
   1.0000000023442754        3.9107506329366026E-003   3.9107506237687261E-003
   1.0000000002344267        3.9107506246855101E-003   3.9107506237687261E-003
   1.0000000000234428        3.9107506238604053E-003   3.9107506237687261E-003
   1.0000000000023443        3.9107506237778941E-003   3.9107506237687261E-003
   1.0000000000002347        3.9107506237696437E-003   3.9107506237687261E-003
   1.0000000000000235        3.9107506237688180E-003   3.9107506237687261E-003
     
 Collinear #          29
 ME*wgt:
   8.4953470046952315        5.5069712270587414E-016   6.4823381834963700E-017
   1.1039837510789865        7.1563960235788664E-017   6.4823381834963700E-017
  0.99735386398663772        6.4651850349782269E-017   6.4823381834963700E-017
  0.99652231243967049        6.4597946366337759E-017   6.4823381834963700E-017
  0.99865578720404979        6.4736245415624375E-017   6.4823381834963700E-017
  0.99955076880292193        6.4794261149543332E-017   6.4823381834963700E-017
  0.99963132960612311        6.4799483373250171E-017   6.4823381834963700E-017
  0.99967502004470776        6.4802315535233080E-017   6.4823381834963700E-017
   1.0000000000000093        6.4823381834964304E-017   6.4823381834963700E-017
   1.0000000000000013        6.4823381834963787E-017   6.4823381834963700E-017
 wgt:
   1.0000009215067891        2.5923463040840012E-003   2.5923439152214837E-003
   1.0000000921506220        2.5923441541075877E-003   2.5923439152214837E-003
   1.0000000092150620        2.5923439391100935E-003   2.5923439152214837E-003
   1.0000000009215062        2.5923439176103449E-003   2.5923439152214837E-003
   1.0000000000921507        2.5923439154603698E-003   2.5923439152214837E-003
   1.0000000000092155        2.5923439152453734E-003   2.5923439152214837E-003
   1.0000000000009217        2.5923439152238728E-003   2.5923439152214837E-003
   1.0000000000000924        2.5923439152217231E-003   2.5923439152214837E-003
   1.0000000000000093        2.5923439152215079E-003   2.5923439152214837E-003
   1.0000000000000013        2.5923439152214871E-003   2.5923439152214837E-003
     
 Collinear #          75
 ME*wgt:
   2.1553605249842556        8.7063327961230992E-019   4.0393858452922613E-019
   1.7692974792932883        7.1468751939685868E-019   4.0393858452922613E-019
   1.1565631045869398        4.6718046338557574E-019   4.0393858452922613E-019
   1.0220746602322355        4.1285539153739889E-019   4.0393858452922613E-019
   1.0041312354458234        4.0560734992756904E-019   4.0393858452922613E-019
   1.0010946023573801        4.0438073665608860E-019   4.0393858452922613E-019
   1.0014336285494230        4.0451768241622073E-019   4.0393858452922613E-019
   1.0040066927467448        4.0555704232598976E-019   4.0393858452922613E-019
   1.0000000000000000        4.0393858452922613E-019   4.0393858452922613E-019
   1.0000000000000000        4.0393858452922613E-019   4.0393858452922613E-019
 wgt:
   1.0000000045572306        9.2606330573784415E-006   9.2606330151756009E-006
   1.0000000004557230        9.2606330193958849E-006   9.2606330151756009E-006
   1.0000000000455727        9.2606330155976333E-006   9.2606330151756009E-006
   1.0000000000045572        9.2606330152178034E-006   9.2606330151756009E-006
   1.0000000000004559        9.2606330151798225E-006   9.2606330151756009E-006
   1.0000000000000455        9.2606330151760227E-006   9.2606330151756009E-006
   1.0000000000000047        9.2606330151756449E-006   9.2606330151756009E-006
   1.0000000000000004        9.2606330151756059E-006   9.2606330151756009E-006
   1.0000000000000000        9.2606330151756009E-006   9.2606330151756009E-006
   1.0000000000000000        9.2606330151756009E-006   9.2606330151756009E-006
