     
 Collinear #          62
 
 part:           1
 comp:           0
   1.0000265658738334        276.25733882264637        276.24999999999989     
   1.0000025454768835        276.25070318798896        276.24999999999989     
   1.0000002534871233        276.25007002581771        276.24999999999989     
   1.0000000253381554        276.25000699966529        276.24999999999989     
   1.0000000025337106        276.25000069993740        276.24999999999989     
   1.0000000002533702        276.25000006999340        276.24999999999989     
   1.0000000000253373        276.25000000699930        276.24999999999989     
   1.0000000000025340        276.25000000069991        276.24999999999989     
   1.0000000000002540        276.25000000007003        276.24999999999989     
   1.0000000000000260        276.25000000000705        276.24999999999989     
 comp:           1
   0.0000000000000000        0.0000000000000000     
   0.0000000000000000        0.0000000000000000     
   0.0000000000000000        0.0000000000000000     
   0.0000000000000000        0.0000000000000000     
   0.0000000000000000        0.0000000000000000     
   0.0000000000000000        0.0000000000000000     
   0.0000000000000000        0.0000000000000000     
   0.0000000000000000        0.0000000000000000     
   0.0000000000000000        0.0000000000000000     
   0.0000000000000000        0.0000000000000000     
 comp:           2
   0.0000000000000000        0.0000000000000000     
   0.0000000000000000        0.0000000000000000     
   0.0000000000000000        0.0000000000000000     
   0.0000000000000000        0.0000000000000000     
   0.0000000000000000        0.0000000000000000     
   0.0000000000000000        0.0000000000000000     
   0.0000000000000000        0.0000000000000000     
   0.0000000000000000        0.0000000000000000     
   0.0000000000000000        0.0000000000000000     
   0.0000000000000000        0.0000000000000000     
 comp:           3
   1.0000265658738334        276.25733882264637        276.24999999999989     
   1.0000025454768835        276.25070318798896        276.24999999999989     
   1.0000002534871233        276.25007002581771        276.24999999999989     
   1.0000000253381554        276.25000699966529        276.24999999999989     
   1.0000000025337106        276.25000069993740        276.24999999999989     
   1.0000000002533702        276.25000006999340        276.24999999999989     
   1.0000000000253373        276.25000000699930        276.24999999999989     
   1.0000000000025340        276.25000000069991        276.24999999999989     
   1.0000000000002540        276.25000000007003        276.24999999999989     
   1.0000000000000260        276.25000000000705        276.24999999999989     
 
 part:           2
 comp:           0
  0.99999800525333415        276.38947096793561        276.39002229601107     
  0.99999980960775159        276.38996967349328        276.39002229601107     
  0.99999998104710142        276.39001705761899        276.39002229601107     
  0.99999999810556939        276.39002177240934        276.39002229601107     
  0.99999999981056598        276.39002224365339        276.39002229601107     
  0.99999999998105693        276.39002229077539        276.39002229601107     
  0.99999999999810585        276.39002229548754        276.39002229601107     
  0.99999999999981104        276.39002229595883        276.39002229601107     
  0.99999999999998146        276.39002229600595        276.39002229601107     
  0.99999999999999856        276.39002229601067        276.39002229601107     
 comp:           1
   0.0000000000000000        0.0000000000000000     
   0.0000000000000000        0.0000000000000000     
   0.0000000000000000        0.0000000000000000     
   0.0000000000000000        0.0000000000000000     
   0.0000000000000000        0.0000000000000000     
   0.0000000000000000        0.0000000000000000     
   0.0000000000000000        0.0000000000000000     
   0.0000000000000000        0.0000000000000000     
   0.0000000000000000        0.0000000000000000     
   0.0000000000000000        0.0000000000000000     
 comp:           2
   0.0000000000000000        0.0000000000000000     
   0.0000000000000000        0.0000000000000000     
   0.0000000000000000        0.0000000000000000     
   0.0000000000000000        0.0000000000000000     
   0.0000000000000000        0.0000000000000000     
   0.0000000000000000        0.0000000000000000     
   0.0000000000000000        0.0000000000000000     
   0.0000000000000000        0.0000000000000000     
   0.0000000000000000        0.0000000000000000     
   0.0000000000000000        0.0000000000000000     
 comp:           3
  0.99999800525333415       -276.38947096793561       -276.39002229601107     
  0.99999980960775159       -276.38996967349328       -276.39002229601107     
  0.99999998104710142       -276.39001705761899       -276.39002229601107     
  0.99999999810556939       -276.39002177240934       -276.39002229601107     
  0.99999999981056598       -276.39002224365339       -276.39002229601107     
  0.99999999998105693       -276.39002229077539       -276.39002229601107     
  0.99999999999810585       -276.39002229548754       -276.39002229601107     
  0.99999999999981104       -276.39002229595883       -276.39002229601107     
  0.99999999999998146       -276.39002229600595       -276.39002229601107     
  0.99999999999999856       -276.39002229601067       -276.39002229601107     
 
 part:           3
 comp:           0
  0.99997945011078548        257.88578752144406        257.89108715471451     
  0.99999362607089182        257.88944337520735        257.89108715471451     
  0.99999798810925811        257.89056830602385        257.89108715471451     
  0.99999936389215849        257.89092310817171        257.89108715471451     
  0.99999979884749934        257.89103527927745        257.89108715471451     
  0.99999993638997720        257.89107075025657        257.89108715471451     
  0.99999997988473455        257.89108196716683        257.89108715471451     
  0.99999999363899317        257.89108551426756        257.89108715471451     
  0.99999999798847283        257.89108663595960        257.89108715471451     
  0.99999999936389927        257.89108699066981        257.89108715471451     
 comp:           1
   1.0123512948055871        2.3681538921058585        2.3392609899912671     
   1.0038301481353724        2.3482207061102316        2.3392609899912671     
   1.0012088811888928        2.3420888785979783        2.3392609899912671     
   1.0003822088996863        2.3401550763603307        2.3392609899912671     
   1.0001208627799356        2.3395437195775126        2.3392609899912671     
   1.0000382200963824        2.3393503967717684        2.3392609899912671     
   1.0000120862536437        2.3392892628929309        2.3392609899912671     
   1.0000038220089515        2.3392699306677107        2.3392609899912671     
   1.0000012086253345        2.3392638172813638        2.3392609899912671     
   1.0000003822009105        2.3392618840589474        2.3392609899912671     
 comp:           2
  0.99996029091787886        190.07528670889658        190.08283472379046     
  0.99998768617628864        190.08049407727310        190.08283472379046     
  0.99999611347934281        190.08209596292673        190.08283472379046     
  0.99999877120862024        190.08260115164171        190.08283472379046     
  0.99999961142939842        190.08276086318901        190.08283472379046     
  0.99999987712341332        190.08281136706054        190.08283472379046     
  0.99999996114301815        190.08282733774519        190.08283472379046     
  0.99999998771234355        190.08283238811788        190.08283472379046     
  0.99999999611430190        190.08283398518594        190.08283472379046     
  0.99999999877123424        190.08283449022318        190.08283472379046     
 comp:           3
   1.0000000000000000       -121.43251885400973       -121.43251885400973     
   1.0000000000000000       -121.43251885400973       -121.43251885400973     
   1.0000000000000000       -121.43251885400973       -121.43251885400973     
   1.0000000000000000       -121.43251885400973       -121.43251885400973     
   1.0000000000000000       -121.43251885400973       -121.43251885400973     
   1.0000000000000000       -121.43251885400973       -121.43251885400973     
   1.0000000000000000       -121.43251885400973       -121.43251885400973     
   1.0000000000000000       -121.43251885400973       -121.43251885400973     
   1.0000000000000000       -121.43251885400973       -121.43251885400973     
   1.0000000000000000       -121.43251885400973       -121.43251885400973     
 
 part:           4
 comp:           0
   1.0000501471017436        40.812882302741805        40.810835757608828     
   1.0000155491188190        40.811470330143123        40.810835757608828     
   1.0000049075028419        40.811036036901285        40.810835757608828     
   1.0000015515777749        40.810899078794563        40.810835757608828     
   1.0000004906411963        40.810855781086111        40.810835757608828     
   1.0000001551539339        40.810842089570542        40.810835757608828     
   1.0000000490639587        40.810837759949983        40.810835757608828     
   1.0000000155153843        40.810836390804631        40.810835757608828     
   1.0000000049063951        40.810835957842912        40.810835757608828     
   1.0000000015515385        40.810835820928411        40.810835757608828     
 comp:           1
   1.0002210159546390        20.692741068346471        20.688168653001895     
   1.0000685355840155        20.689586528722739        20.688168653001895     
   1.0000216312147272        20.688616163220342        20.688168653001895     
   1.0000068390701218        20.688310140838002        20.688168653001895     
   1.0000021626613340        20.688213394504313        20.688168653001895     
   1.0000006838921389        20.688182801477808        20.688168653001895     
   1.0000002162656303        20.688173127141731        20.688168653001895     
   1.0000000683891950        20.688170067849093        20.688168653001895     
   1.0000000216265617        20.688169100415852        20.688168653001895     
   1.0000000068389197        20.688168794486618        20.688168653001895     
 comp:           2
  0.99987125606789073        9.2769362053107045        9.2781307083407203     
  0.99996007735916648        9.2777603008608445        9.2781307083407203     
  0.99998739960811955        9.2780138002578774        9.2781307083407203     
  0.99999601617547995        9.2780937458961041        9.2781307083407203     
  0.99999874022884716        9.2781190200193020        9.2781307083407203     
  0.99999960162621171        9.2781270121766415        9.2781307083407203     
  0.99999987402317780        9.2781295395112977        9.2781307083407203     
  0.99999996016263215        9.2781303387244147        9.2781307083407203     
  0.99999998740231855        9.2781305914577850        9.2781307083407203     
  0.99999999601626310        9.2781306713790883        9.2781307083407203     
 comp:           3
   1.0000000000000000       -33.932879093563784       -33.932879093563784     
   1.0000000000000000       -33.932879093563784       -33.932879093563784     
   1.0000000000000000       -33.932879093563784       -33.932879093563784     
   1.0000000000000000       -33.932879093563784       -33.932879093563784     
   1.0000000000000000       -33.932879093563784       -33.932879093563784     
   1.0000000000000000       -33.932879093563784       -33.932879093563784     
   1.0000000000000000       -33.932879093563784       -33.932879093563784     
   1.0000000000000000       -33.932879093563784       -33.932879093563784     
   1.0000000000000000       -33.932879093563784       -33.932879093563784     
   1.0000000000000000       -33.932879093563784       -33.932879093563784     
 
 part:           5
 comp:           0
   1.0000128322182689        253.80133387999808        253.79807708767666     
   1.0000039778204126        253.79908665084841        253.79807708767666     
   1.0000012553478943        253.79839569255833        253.79807708767666     
   1.0000003968860016        253.79817781658068        253.79807708767666     
   1.0000001255025839        253.79810893999110        253.79807708767666     
   1.0000000396871871        253.79808716020844        253.79807708767666     
   1.0000000125501742        253.79808027288675        253.79807708767666     
   1.0000000039687122        253.79807809492817        253.79807708767666     
   1.0000000012550168        253.79807740619751        253.79807708767666     
   1.0000000003968712        253.79807718840181        253.79807708767666     
 comp:           1
  0.99876517633103312       -22.998994827834526       -23.027429642993162     
  0.99961708442830288       -23.018612081606701       -23.027429642993162     
  0.99987914363218056       -23.024646631486291       -23.027429642993162     
  0.99996178919137313       -23.026549746285905       -23.027429642993162     
  0.99998791691421363       -23.027151400585346       -23.027429642993162     
  0.99999617900025051       -23.027341655190266       -23.027429642993162     
  0.99999879169403316       -23.027401818812525       -23.027429642993162     
  0.99999961790011149       -23.027420844214863       -23.027429642993162     
  0.99999987916940825       -23.027426860575211       -23.027429642993162     
  0.99999996179000983       -23.027428763115303       -23.027429642993162     
 comp:           2
   1.0000372607732706       -199.36839377586315       -199.36096543213117     
   1.0000115544677814       -199.36326894198314       -199.36096543213117     
   1.0000036468378708       -199.36169246924985       -199.36096543213117     
   1.0000011530101929       -199.36119529735637       -199.36096543213117     
   1.0000003646068107       -199.36103812049697       -199.36096543213117     
   1.0000001152985718       -199.36098841816573       -199.36096543213117     
   1.0000000364606023       -199.36097270095203       -199.36096543213117     
   1.0000000115298546       -199.36096773073410       -199.36096543213117     
   1.0000000036460601       -199.36096615901323       -199.36096543213117     
   1.0000000011529855       -199.36096566199146       -199.36096543213117     
 comp:           3
   1.0000000000000000        155.36539794757351        155.36539794757351     
   1.0000000000000000        155.36539794757351        155.36539794757351     
   1.0000000000000000        155.36539794757351        155.36539794757351     
   1.0000000000000000        155.36539794757351        155.36539794757351     
   1.0000000000000000        155.36539794757351        155.36539794757351     
   1.0000000000000000        155.36539794757351        155.36539794757351     
   1.0000000000000000        155.36539794757351        155.36539794757351     
   1.0000000000000000        155.36539794757351        155.36539794757351     
   1.0000000000000000        155.36539794757351        155.36539794757351     
   1.0000000000000000        155.36539794757351        155.36539794757351     
 
 part:           6
 comp:           0
   1.0484479299384517       0.14680608639813092       0.14002229601116103     
   1.0046436124155280       0.14067250528336919       0.14002229601116103     
   1.0004624402244300       0.14008704795315363       0.14002229601116103     
   1.0000462248989648       0.14002876852764698       0.14002229601116103     
   1.0000046222987493       0.14002294323604475       0.14002229601116103     
   1.0000004622279635       0.14002236073338176       0.14002229601116103     
   1.0000000462227778       0.14002230248338052       0.14002229601116103     
   1.0000000046222781       0.14002229665838303       0.14002229601116103     
   1.0000000004622280       0.14002229607588326       0.14002229601116103     
   1.0000000000462230       0.14002229601763327       0.14002229601116103     
 comp:           1
  -6.1900132617805061E-002  -0.0000000000000000     
  -1.9195153226267435E-002  -0.0000000000000000     
  -6.0584103320270814E-003  -0.0000000000000000     
  -1.9154709124263119E-003  -0.0000000000000000     
  -6.0571349647638444E-004  -0.0000000000000000     
  -1.9154305931193443E-004  -0.0000000000000000     
  -6.0571222135667499E-005  -0.0000000000000000     
  -1.9154301941846695E-005  -0.0000000000000000     
  -6.0571220034035403E-006  -0.0000000000000000     
  -1.9154302651579690E-006  -0.0000000000000000     
 comp:           2
   1.6170861655873243E-002   0.0000000000000000     
   5.0145638491891527E-003   0.0000000000000000     
   1.5827060652458577E-003   0.0000000000000000     
   5.0039981855847480E-004   0.0000000000000000     
   1.5823728868389294E-004   0.0000000000000000     
   5.0038928549646886E-005   0.0000000000000000     
   1.5823695557015726E-005   0.0000000000000000     
   5.0038918127831684E-006   0.0000000000000000     
   1.5823695007982947E-006   0.0000000000000000     
   5.0038919981946298E-007   0.0000000000000000     
 comp:           3
  0.94365075458211878      -0.13213214528925291      -0.14002229601116103     
  0.99460221315902941      -0.13926648550430951      -0.14002229601116103     
  0.99946248410415139      -0.13994703180128182      -0.14002229601116103     
  0.99994627093468857      -0.14001477274407359      -0.14002229601116103     
  0.99999462731860989      -0.14002154371597705      -0.14002229601116103     
  0.99999946273411222      -0.14002222078195786      -0.14002229601116103     
  0.99999994627343425      -0.14002228848824394      -0.14002229601116103     
  0.99999999462734424      -0.14002229525886944      -0.14002229601116103     
  0.99999999946273466      -0.14002229593593191      -0.14002229601116103     
  0.99999999994627353      -0.14002229600363814      -0.14002229601116103     
 
 part: i_fks+j_fks
 comp:           0
   1.0000225381018570        276.53627705433377        276.53004459202225     
   1.0000021610192675        276.53064217877665        276.53004459202225     
   1.0000002152154930        276.53010410557215        276.53004459202225     
   1.0000000215127247        276.53005054093700        276.53004459202225     
   1.0000000021511846        276.53004518688942        276.53004459202225     
   1.0000000002151177        276.53004465150877        276.53004459202225     
   1.0000000000215119        276.53004459797091        276.53004459202225     
   1.0000000000021516        276.53004459261723        276.53004459202225     
   1.0000000000002154        276.53004459208182        276.53004459202225     
   1.0000000000000218        276.53004459202828        276.53004459202225     
 comp:           1
  -6.1900132617805061E-002   0.0000000000000000     
  -1.9195153226267435E-002   0.0000000000000000     
  -6.0584103320270814E-003   0.0000000000000000     
  -1.9154709124263119E-003   0.0000000000000000     
  -6.0571349647638444E-004   0.0000000000000000     
  -1.9154305931193443E-004   0.0000000000000000     
  -6.0571222135667499E-005   0.0000000000000000     
  -1.9154301941846695E-005   0.0000000000000000     
  -6.0571220034035403E-006   0.0000000000000000     
  -1.9154302651579690E-006   0.0000000000000000     
 comp:           2
   1.6170861655873243E-002   0.0000000000000000     
   5.0145638491891527E-003   0.0000000000000000     
   1.5827060652458577E-003   0.0000000000000000     
   5.0039981855847480E-004   0.0000000000000000     
   1.5823728868389294E-004   0.0000000000000000     
   5.0038928549646886E-005   0.0000000000000000     
   1.5823695557015726E-005   0.0000000000000000     
   5.0038918127831684E-006   0.0000000000000000     
   1.5823695007982947E-006   0.0000000000000000     
   5.0038919981946298E-007   0.0000000000000000     
 comp:           3
  0.99996947355644528       -276.52160311322484       -276.53004459202225     
  0.99999707650926017       -276.52923615899761       -276.53004459202225     
  0.99999970888298195       -276.52996408942028       -276.53004459202225     
  0.99999997090056214       -276.53003654515339       -276.53004459202225     
  0.99999999709017917       -276.53004378736938       -276.53004459202225     
  0.99999999970901920       -276.53004451155732       -276.53004459202225     
  0.99999999997090205       -276.53004458397578       -276.53004459202225     
  0.99999999999709055       -276.53004459121769       -276.53004459202225     
  0.99999999999970934       -276.53004459194187       -276.53004459202225     
  0.99999999999997125       -276.53004459201429       -276.53004459202225     
     
 Collinear #          29
 
 part:           1
 comp:           0
   1.0000000000000000        325.00000000000000        325.00000000000000     
   1.0000000000000000        325.00000000000000        325.00000000000000     
   1.0000000000000000        325.00000000000000        325.00000000000000     
   1.0000000000000000        325.00000000000000        325.00000000000000     
   1.0000000000000000        325.00000000000000        325.00000000000000     
   1.0000000000000000        325.00000000000000        325.00000000000000     
   1.0000000000000000        325.00000000000000        325.00000000000000     
   1.0000000000000000        325.00000000000000        325.00000000000000     
   1.0000000000000000        325.00000000000000        325.00000000000000     
   1.0000000000000000        325.00000000000000        325.00000000000000     
 comp:           1
   0.0000000000000000        0.0000000000000000     
   0.0000000000000000        0.0000000000000000     
   0.0000000000000000        0.0000000000000000     
   0.0000000000000000        0.0000000000000000     
   0.0000000000000000        0.0000000000000000     
   0.0000000000000000        0.0000000000000000     
   0.0000000000000000        0.0000000000000000     
   0.0000000000000000        0.0000000000000000     
   0.0000000000000000        0.0000000000000000     
   0.0000000000000000        0.0000000000000000     
 comp:           2
   0.0000000000000000        0.0000000000000000     
   0.0000000000000000        0.0000000000000000     
   0.0000000000000000        0.0000000000000000     
   0.0000000000000000        0.0000000000000000     
   0.0000000000000000        0.0000000000000000     
   0.0000000000000000        0.0000000000000000     
   0.0000000000000000        0.0000000000000000     
   0.0000000000000000        0.0000000000000000     
   0.0000000000000000        0.0000000000000000     
   0.0000000000000000        0.0000000000000000     
 comp:           3
   1.0000000000000000        325.00000000000000        325.00000000000000     
   1.0000000000000000        325.00000000000000        325.00000000000000     
   1.0000000000000000        325.00000000000000        325.00000000000000     
   1.0000000000000000        325.00000000000000        325.00000000000000     
   1.0000000000000000        325.00000000000000        325.00000000000000     
   1.0000000000000000        325.00000000000000        325.00000000000000     
   1.0000000000000000        325.00000000000000        325.00000000000000     
   1.0000000000000000        325.00000000000000        325.00000000000000     
   1.0000000000000000        325.00000000000000        325.00000000000000     
   1.0000000000000000        325.00000000000000        325.00000000000000     
 
 part:           2
 comp:           0
   1.0000000000000000        325.00000000000000        325.00000000000000     
   1.0000000000000000        325.00000000000000        325.00000000000000     
   1.0000000000000000        325.00000000000000        325.00000000000000     
   1.0000000000000000        325.00000000000000        325.00000000000000     
   1.0000000000000000        325.00000000000000        325.00000000000000     
   1.0000000000000000        325.00000000000000        325.00000000000000     
   1.0000000000000000        325.00000000000000        325.00000000000000     
   1.0000000000000000        325.00000000000000        325.00000000000000     
   1.0000000000000000        325.00000000000000        325.00000000000000     
   1.0000000000000000        325.00000000000000        325.00000000000000     
 comp:           1
  -0.0000000000000000       -0.0000000000000000     
  -0.0000000000000000       -0.0000000000000000     
  -0.0000000000000000       -0.0000000000000000     
  -0.0000000000000000       -0.0000000000000000     
  -0.0000000000000000       -0.0000000000000000     
  -0.0000000000000000       -0.0000000000000000     
  -0.0000000000000000       -0.0000000000000000     
  -0.0000000000000000       -0.0000000000000000     
  -0.0000000000000000       -0.0000000000000000     
  -0.0000000000000000       -0.0000000000000000     
 comp:           2
  -0.0000000000000000       -0.0000000000000000     
  -0.0000000000000000       -0.0000000000000000     
  -0.0000000000000000       -0.0000000000000000     
  -0.0000000000000000       -0.0000000000000000     
  -0.0000000000000000       -0.0000000000000000     
  -0.0000000000000000       -0.0000000000000000     
  -0.0000000000000000       -0.0000000000000000     
  -0.0000000000000000       -0.0000000000000000     
  -0.0000000000000000       -0.0000000000000000     
  -0.0000000000000000       -0.0000000000000000     
 comp:           3
   1.0000000000000000       -325.00000000000000       -325.00000000000000     
   1.0000000000000000       -325.00000000000000       -325.00000000000000     
   1.0000000000000000       -325.00000000000000       -325.00000000000000     
   1.0000000000000000       -325.00000000000000       -325.00000000000000     
   1.0000000000000000       -325.00000000000000       -325.00000000000000     
   1.0000000000000000       -325.00000000000000       -325.00000000000000     
   1.0000000000000000       -325.00000000000000       -325.00000000000000     
   1.0000000000000000       -325.00000000000000       -325.00000000000000     
   1.0000000000000000       -325.00000000000000       -325.00000000000000     
   1.0000000000000000       -325.00000000000000       -325.00000000000000     
 
 part:           3
 comp:           0
  0.99999959305177311        322.37879734537972        322.37892853691307     
  0.99999995930520102        322.37891541776736        322.37892853691307     
  0.99999999593052036        322.37892722499856        322.37892853691307     
  0.99999999959305230        322.37892840572169        322.37892853691307     
  0.99999999995930544        322.37892852379400        322.37892853691307     
  0.99999999999593026        322.37892853560106        322.37892853691307     
  0.99999999999959299        322.37892853678187        322.37892853691307     
  0.99999999999995948        322.37892853689999        322.37892853691307     
  0.99999999999999589        322.37892853691176        322.37892853691307     
  0.99999999999999944        322.37892853691289        322.37892853691307     
 comp:           1
  0.99999939945900584       -108.29918493007101       -108.29924996821025     
  0.99999993994593850       -108.29924346440043       -108.29924996821025     
  0.99999999399459405       -108.29924931782929       -108.29924996821025     
  0.99999999939945938       -108.29924990317215       -108.29924996821025     
  0.99999999993994604       -108.29924996170645       -108.29924996821025     
  0.99999999999399458       -108.29924996755986       -108.29924996821025     
  0.99999999999939926       -108.29924996814519       -108.29924996821025     
  0.99999999999994005       -108.29924996820375       -108.29924996821025     
  0.99999999999999412       -108.29924996820961       -108.29924996821025     
  0.99999999999999933       -108.29924996821018       -108.29924996821025     
 comp:           2
  0.99999969303212755        189.98775282501055        189.98781114516473     
  0.99999996930323209        189.98780531315299        189.98781114516473     
  0.99999999693032338        189.98781056196358        189.98781114516473     
  0.99999999969303244        189.98781108684463        189.98781114516473     
  0.99999999996930333        189.98781113933273        189.98781114516473     
  0.99999999999693023        189.98781114458151        189.98781114516473     
  0.99999999999969302        189.98781114510641        189.98781114516473     
  0.99999999999996936        189.98781114515890        189.98781114516473     
  0.99999999999999700        189.98781114516416        189.98781114516473     
  0.99999999999999967        189.98781114516467        189.98781114516473     
 comp:           3
  0.99999940290911649        201.19400910026721        201.19412923144759     
  0.99999994029094941        201.19411721833714        201.19412923144759     
  0.99999999402909523        201.19412803013660        201.19412923144759     
  0.99999999940290951        201.19412911131650        201.19412923144759     
  0.99999999994029110        201.19412921943450        201.19412923144759     
  0.99999999999402900        201.19412923024626        201.19412923144759     
  0.99999999999940270        201.19412923132742        201.19412923144759     
  0.99999999999994038        201.19412923143560        201.19412923144759     
  0.99999999999999412        201.19412923144640        201.19412923144759     
  0.99999999999999933        201.19412923144745        201.19412923144759     
 
 part:           4
 comp:           0
   1.0000004607532882        221.89968652973056        221.89958428876744     
   1.0000000460753098        221.89959451285952        221.89958428876744     
   1.0000000046075308        221.89958531117659        221.89958428876744     
   1.0000000004607530        221.89958439100832        221.89958428876744     
   1.0000000000460754        221.89958429899153        221.89958428876744     
   1.0000000000046074        221.89958428978983        221.89958428876744     
   1.0000000000004605        221.89958428886965        221.89958428876744     
   1.0000000000000460        221.89958428877765        221.89958428876744     
   1.0000000000000044        221.89958428876844        221.89958428876744     
   1.0000000000000004        221.89958428876756        221.89958428876744     
 comp:           1
   1.0000087981232477        97.162589968370284        97.161735127449674     
   1.0000027443048525        97.162001768870851        97.161735127449674     
   1.0000008597902141        97.161818666158723        97.161735127449674     
   1.0000002709541760        97.161761453827552        97.161735127449674     
   1.0000000855855327        97.161743443088540        97.161735127449674     
   1.0000000270546137        97.161737756122875        97.161735127449674     
   1.0000000085544276        97.161735958612709        97.161735127449674     
   1.0000000027050482        97.161735390276846        97.161735127449674     
   1.0000000008554013        97.161735210561957        97.161735127449674     
   1.0000000002705010        97.161735153732010        97.161735127449674     
 comp:           2
   1.0000082363091451       -87.126324820394800       -87.125607226959218     
   1.0000025624847717       -87.125830485000961       -87.125607226959218     
   1.0000008021637923       -87.125677115966724       -87.125607226959218     
   1.0000002527269996       -87.125629245952510       -87.125607226959218     
   1.0000000798214639       -87.125614181452733       -87.125607226959218     
   1.0000000252318513       -87.125609425299587       -87.125607226959218     
   1.0000000079780194       -87.125607922048999       -87.125607226959218     
   1.0000000025227715       -87.125607446757229       -87.125607226959218     
   1.0000000007977605       -87.125607296464580       -87.125607226959218     
   1.0000000002522733       -87.125607248938678       -87.125607226959218     
 comp:           3
  0.99999618443745408       -179.46561095631134       -179.46629572118755     
  0.99999866213361188       -179.46605561926270       -179.46629572118755     
  0.99999956597866169       -179.46621782898569       -179.46629572118755     
  0.99999986172294208       -179.46627090511618       -179.46629572118755     
  0.99999995617234527       -179.46628785560071       -179.46629572118755     
  0.99999998613048857       -179.46629323207770       -179.46629572118755     
  0.99999999561307684       -179.46629493388269       -179.46629572118755     
  0.99999999861263356       -179.46629547220203       -179.46629572118755     
  0.99999999956126617       -179.46629564244961       -179.46629572118755     
  0.99999999986125943       -179.46629569628828       -179.46629572118755     
 
 part:           5
 comp:           0
   1.0000002738458480        105.71852122989523        105.71849227932506     
   1.0000000273845531        105.71849517437872        105.71849227932506     
   1.0000000027384550        105.71849256883040        105.71849227932506     
   1.0000000002738458        105.71849230827563        105.71849227932506     
   1.0000000000273848        105.71849228222014        105.71849227932506     
   1.0000000000027383        105.71849227961455        105.71849227932506     
   1.0000000000002740        105.71849227935402        105.71849227932506     
   1.0000000000000273        105.71849227932795        105.71849227932506     
   1.0000000000000027        105.71849227932535        105.71849227932506     
   1.0000000000000002        105.71849227932509        105.71849227932506     
 comp:           1
   1.0000019152056334        11.136224813588065        11.136203485468414     
   1.0000001915203838        11.136205618278378        11.136203485468414     
   1.0000000191520368        11.136203698749393        11.136203485468414     
   1.0000000019152036        11.136203506796511        11.136203485468414     
   1.0000000001915201        11.136203487601222        11.136203485468414     
   1.0000000000191520        11.136203485681696        11.136203485468414     
   1.0000000000019156        11.136203485489746        11.136203485468414     
   1.0000000000001912        11.136203485470544        11.136203485468414     
   1.0000000000000189        11.136203485468624        11.136203485468414     
   1.0000000000000022        11.136203485468439        11.136203485468414     
 comp:           2
   1.0000001859311967       -102.86104714182026       -102.86102801674625     
   1.0000000185931022       -102.86102992925186       -102.86102801674625     
   1.0000000018593100       -102.86102820799680       -102.86102801674625     
   1.0000000001859310       -102.86102803587130       -102.86102801674625     
   1.0000000000185931       -102.86102801865874       -102.86102801674625     
   1.0000000000018594       -102.86102801693750       -102.86102801674625     
   1.0000000000001859       -102.86102801676537       -102.86102801674625     
   1.0000000000000184       -102.86102801674815       -102.86102801674625     
   1.0000000000000018       -102.86102801674643       -102.86102801674625     
   1.0000000000000002       -102.86102801674627       -102.86102801674625     
 comp:           3
   1.0000018133105899       -21.725450716275077       -21.725411321356660     
   1.0000001813308887       -21.725415260844805       -21.725411321356660     
   1.0000000181330875       -21.725411715305444       -21.725411321356660     
   1.0000000018133086       -21.725411360751536       -21.725411321356660     
   1.0000000001813307       -21.725411325296143       -21.725411321356660     
   1.0000000000181331       -21.725411321750610       -21.725411321356660     
   1.0000000000018137       -21.725411321396063       -21.725411321356660     
   1.0000000000001810       -21.725411321360593       -21.725411321356660     
   1.0000000000000178       -21.725411321357047       -21.725411321356660     
   1.0000000000000022       -21.725411321356706       -21.725411321356660     
 
 part:           6
 comp:           0
   1.0000000000000000        2.9948949944789728E-003   2.9948949944789728E-003
   1.0000000000000000        2.9948949944789728E-003   2.9948949944789728E-003
   1.0000000000000000        2.9948949944789728E-003   2.9948949944789728E-003
   1.0000000000000000        2.9948949944789728E-003   2.9948949944789728E-003
   1.0000000000000000        2.9948949944789728E-003   2.9948949944789728E-003
   1.0000000000000000        2.9948949944789728E-003   2.9948949944789728E-003
   1.0000000000000000        2.9948949944789728E-003   2.9948949944789728E-003
   1.0000000000000000        2.9948949944789728E-003   2.9948949944789728E-003
   1.0000000000000000        2.9948949944789728E-003   2.9948949944789728E-003
   1.0000000000000000        2.9948949944789728E-003   2.9948949944789728E-003
 comp:           1
  0.28226378838703470        3.7014811269017202E-004   1.3113552921731216E-003
  0.79008126737828288        1.0360772512233584E-003   1.3113552921731216E-003
  0.93563729717441135        1.2269529212042200E-003   1.3113552921731216E-003
  0.97985843787155258        1.2849425480833483E-003   1.3113552921731216E-003
  0.99365215855631783        1.3030310167020732E-003   1.3113552921731216E-003
  0.99799479448240491        1.3087257553057285E-003   1.3113552921731216E-003
  0.99936611426276833        1.3105240427569698E-003   1.3113552921731216E-003
  0.99979956934625780        1.3110924563746230E-003   1.3113552921731216E-003
  0.99993662042487275        1.3112721790318627E-003   1.3113552921731216E-003
  0.99997995783031801        1.3113290097678425E-003   1.3113552921731216E-003
 comp:           2
  0.32389006111211743       -3.8086279550244304E-004  -1.1759014592627589E-003
  0.80355279157454351       -9.4489890020716923E-004  -1.1759014592627589E-003
  0.93990698911260850       -1.1052380000687824E-003  -1.1759014592627589E-003
  0.98120893694278022       -1.1538050207926757E-003  -1.1759014592627589E-003
  0.99407923345907612       -1.1689392212473324E-003  -1.1759014592627589E-003
  0.99812984769561997       -1.1737023444389949E-003  -1.1759014592627589E-003
  0.99940882185874214       -1.1752062920237696E-003  -1.1759014592627589E-003
  0.99981307467428426       -1.1756816534994766E-003  -1.1759014592627589E-003
  0.99994089118454865       -1.1758319531204144E-003  -1.1759014592627589E-003
  0.99998130836340937       -1.1758794797400161E-003  -1.1759014592627589E-003
 comp:           3
   1.2168446799001680       -2.9474276808140985E-003  -2.4221889033988384E-003
   1.0925399856145541       -2.6463382296750995E-003  -2.4221889033988384E-003
   1.0314991708627135       -2.4984858455287672E-003  -2.4221889033988384E-003
   1.0101794477373944       -2.4468454487510836E-003  -2.4221889033988384E-003
   1.0032407192712991       -2.4300385376568099E-003  -2.4221889033988384E-003
   1.0010269696964056       -2.4246764180015988E-003  -2.4221889033988384E-003
   1.0003249727073651       -2.4229760486845255E-003  -2.4221889033988384E-003
   1.0001027870181984       -2.4224378729737323E-003  -2.4221889033988384E-003
   1.0000325062710893       -2.4222676397279617E-003  -2.4221889033988384E-003
   1.0000102796039927       -2.4222138025415609E-003  -2.4221889033988384E-003
 
 part: i_fks+j_fks
 comp:           0
   1.0000004607470696        221.90268142472505        221.90257918376193     
   1.0000000460746878        221.90258940785401        221.90257918376193     
   1.0000000046074686        221.90258020617108        221.90257918376193     
   1.0000000004607468        221.90257928600280        221.90257918376193     
   1.0000000000460747        221.90257919398601        221.90257918376193     
   1.0000000000046074        221.90257918478432        221.90257918376193     
   1.0000000000004605        221.90257918386413        221.90257918376193     
   1.0000000000000460        221.90257918377213        221.90257918376193     
   1.0000000000000044        221.90257918376292        221.90257918376193     
   1.0000000000000004        221.90257918376204        221.90257918376193     
 comp:           1
  0.99999911112030759        97.162960116482978        97.163046482741848     
  0.99999991111209374        97.163037846122080        97.163046482741848     
  0.99999999111120996        97.163045619079924        97.163046482741848     
  0.99999999911112081        97.163046396375634        97.163046482741848     
  0.99999999991111221        97.163046474105244        97.163046482741848     
  0.99999999999111122        97.163046481878183        97.163046482741848     
  0.99999999999911093        97.163046482655460        97.163046482741848     
  0.99999999999991118        97.163046482733222        97.163046482741848     
  0.99999999999999123        97.163046482740995        97.163046482741848     
  0.99999999999999922        97.163046482741777        97.163046482741848     
 comp:           2
  0.99999911112030782       -87.126705683190309       -87.126783128418481     
  0.99999991111209385       -87.126775383901162       -87.126783128418481     
  0.99999999111120985       -87.126782353966789       -87.126783128418481     
  0.99999999911112092       -87.126783050973302       -87.126783128418481     
  0.99999999991111221       -87.126783120673977       -87.126783128418481     
  0.99999999999111122       -87.126783127644032       -87.126783128418481     
  0.99999999999911093       -87.126783128341017       -87.126783128418481     
  0.99999999999991096       -87.126783128410722       -87.126783128418481     
  0.99999999999999101       -87.126783128417699       -87.126783128418481     
  0.99999999999999933       -87.126783128418424       -87.126783128418481     
 comp:           3
  0.99999911112030748       -179.46855838399216       -179.46871791009096     
  0.99999991111209374       -179.46870195749239       -179.46871791009096     
  0.99999999111121007       -179.46871631483123       -179.46871791009096     
  0.99999999911112070       -179.46871775056493       -179.46871791009096     
  0.99999999991111210       -179.46871789413836       -179.46871791009096     
  0.99999999999111122       -179.46871790849571       -179.46871791009096     
  0.99999999999911082       -179.46871790993137       -179.46871791009096     
  0.99999999999991118       -179.46871791007501       -179.46871791009096     
  0.99999999999999101       -179.46871791008934       -179.46871791009096     
  0.99999999999999922       -179.46871791009082       -179.46871791009096     
     
 Collinear #          75
 
 part:           1
 comp:           0
   1.0000000000000000        325.00000000000000        325.00000000000000     
   1.0000000000000000        325.00000000000000        325.00000000000000     
   1.0000000000000000        325.00000000000000        325.00000000000000     
   1.0000000000000000        325.00000000000000        325.00000000000000     
   1.0000000000000000        325.00000000000000        325.00000000000000     
   1.0000000000000000        325.00000000000000        325.00000000000000     
   1.0000000000000000        325.00000000000000        325.00000000000000     
   1.0000000000000000        325.00000000000000        325.00000000000000     
   1.0000000000000000        325.00000000000000        325.00000000000000     
   1.0000000000000000        325.00000000000000        325.00000000000000     
 comp:           1
   0.0000000000000000        0.0000000000000000     
   0.0000000000000000        0.0000000000000000     
   0.0000000000000000        0.0000000000000000     
   0.0000000000000000        0.0000000000000000     
   0.0000000000000000        0.0000000000000000     
   0.0000000000000000        0.0000000000000000     
   0.0000000000000000        0.0000000000000000     
   0.0000000000000000        0.0000000000000000     
   0.0000000000000000        0.0000000000000000     
   0.0000000000000000        0.0000000000000000     
 comp:           2
   0.0000000000000000        0.0000000000000000     
   0.0000000000000000        0.0000000000000000     
   0.0000000000000000        0.0000000000000000     
   0.0000000000000000        0.0000000000000000     
   0.0000000000000000        0.0000000000000000     
   0.0000000000000000        0.0000000000000000     
   0.0000000000000000        0.0000000000000000     
   0.0000000000000000        0.0000000000000000     
   0.0000000000000000        0.0000000000000000     
   0.0000000000000000        0.0000000000000000     
 comp:           3
   1.0000000000000000        325.00000000000000        325.00000000000000     
   1.0000000000000000        325.00000000000000        325.00000000000000     
   1.0000000000000000        325.00000000000000        325.00000000000000     
   1.0000000000000000        325.00000000000000        325.00000000000000     
   1.0000000000000000        325.00000000000000        325.00000000000000     
   1.0000000000000000        325.00000000000000        325.00000000000000     
   1.0000000000000000        325.00000000000000        325.00000000000000     
   1.0000000000000000        325.00000000000000        325.00000000000000     
   1.0000000000000000        325.00000000000000        325.00000000000000     
   1.0000000000000000        325.00000000000000        325.00000000000000     
 
 part:           2
 comp:           0
   1.0000000000000000        325.00000000000000        325.00000000000000     
   1.0000000000000000        325.00000000000000        325.00000000000000     
   1.0000000000000000        325.00000000000000        325.00000000000000     
   1.0000000000000000        325.00000000000000        325.00000000000000     
   1.0000000000000000        325.00000000000000        325.00000000000000     
   1.0000000000000000        325.00000000000000        325.00000000000000     
   1.0000000000000000        325.00000000000000        325.00000000000000     
   1.0000000000000000        325.00000000000000        325.00000000000000     
   1.0000000000000000        325.00000000000000        325.00000000000000     
   1.0000000000000000        325.00000000000000        325.00000000000000     
 comp:           1
  -0.0000000000000000       -0.0000000000000000     
  -0.0000000000000000       -0.0000000000000000     
  -0.0000000000000000       -0.0000000000000000     
  -0.0000000000000000       -0.0000000000000000     
  -0.0000000000000000       -0.0000000000000000     
  -0.0000000000000000       -0.0000000000000000     
  -0.0000000000000000       -0.0000000000000000     
  -0.0000000000000000       -0.0000000000000000     
  -0.0000000000000000       -0.0000000000000000     
  -0.0000000000000000       -0.0000000000000000     
 comp:           2
  -0.0000000000000000       -0.0000000000000000     
  -0.0000000000000000       -0.0000000000000000     
  -0.0000000000000000       -0.0000000000000000     
  -0.0000000000000000       -0.0000000000000000     
  -0.0000000000000000       -0.0000000000000000     
  -0.0000000000000000       -0.0000000000000000     
  -0.0000000000000000       -0.0000000000000000     
  -0.0000000000000000       -0.0000000000000000     
  -0.0000000000000000       -0.0000000000000000     
  -0.0000000000000000       -0.0000000000000000     
 comp:           3
   1.0000000000000000       -325.00000000000000       -325.00000000000000     
   1.0000000000000000       -325.00000000000000       -325.00000000000000     
   1.0000000000000000       -325.00000000000000       -325.00000000000000     
   1.0000000000000000       -325.00000000000000       -325.00000000000000     
   1.0000000000000000       -325.00000000000000       -325.00000000000000     
   1.0000000000000000       -325.00000000000000       -325.00000000000000     
   1.0000000000000000       -325.00000000000000       -325.00000000000000     
   1.0000000000000000       -325.00000000000000       -325.00000000000000     
   1.0000000000000000       -325.00000000000000       -325.00000000000000     
   1.0000000000000000       -325.00000000000000       -325.00000000000000     
 
 part:           3
 comp:           0
  0.99999999790197347        336.99844570276548        336.99844640979717     
  0.99999999979019727        336.99844633909396        336.99844640979717     
  0.99999999997901945        336.99844640272676        336.99844640979717     
  0.99999999999790179        336.99844640909009        336.99844640979717     
  0.99999999999979017        336.99844640972645        336.99844640979717     
  0.99999999999997913        336.99844640979012        336.99844640979717     
  0.99999999999999811        336.99844640979654        336.99844640979717     
  0.99999999999999967        336.99844640979705        336.99844640979717     
   1.0000000000000000        336.99844640979717        336.99844640979717     
   1.0000000000000000        336.99844640979717        336.99844640979717     
 comp:           1
  0.99999999698633790        114.17194642977364        114.17194677384931     
  0.99999999969863373        114.17194673944174        114.17194677384931     
  0.99999999996986322        114.17194677040854        114.17194677384931     
  0.99999999999698619        114.17194677350523        114.17194677384931     
  0.99999999999969869        114.17194677381491        114.17194677384931     
  0.99999999999996991        114.17194677384587        114.17194677384931     
  0.99999999999999700        114.17194677384897        114.17194677384931     
  0.99999999999999978        114.17194677384929        114.17194677384931     
   1.0000000000000000        114.17194677384931        114.17194677384931     
   1.0000000000000000        114.17194677384931        114.17194677384931     
 comp:           2
  0.99999999773896087        275.69048670776533        275.69048733111231     
  0.99999999977389598        275.69048726877759        275.69048733111231     
  0.99999999997738953        275.69048732487880        275.69048733111231     
  0.99999999999773892        275.69048733048896        275.69048733111231     
  0.99999999999977385        275.69048733104995        275.69048733111231     
  0.99999999999997757        275.69048733110611        275.69048733111231     
  0.99999999999999778        275.69048733111168        275.69048733111231     
  0.99999999999999978        275.69048733111225        275.69048733111231     
   1.0000000000000000        275.69048733111231        275.69048733111231     
   1.0000000000000000        275.69048733111231        275.69048733111231     
 comp:           3
  0.99999999695208774        94.352925727568433        94.352926015147872     
  0.99999999969520870        94.352925986389920        94.352926015147872     
  0.99999999996952071        94.352926012272064        94.352926015147872     
  0.99999999999695199        94.352926014860287        94.352926015147872     
  0.99999999999969513        94.352926015119110        94.352926015147872     
  0.99999999999996958        94.352926015145002        94.352926015147872     
  0.99999999999999700        94.352926015147588        94.352926015147872     
  0.99999999999999967        94.352926015147844        94.352926015147872     
   1.0000000000000000        94.352926015147872        94.352926015147872     
   1.0000000000000000        94.352926015147872        94.352926015147872     
 
 part:           4
 comp:           0
   1.0000000022786153        4.9840329800277425        4.9840329686710492     
   1.0000000002278613        4.9840329698067176        4.9840329686710492     
   1.0000000000227862        4.9840329687846161        4.9840329686710492     
   1.0000000000022786        4.9840329686824054        4.9840329686710492     
   1.0000000000002278        4.9840329686721851        4.9840329686710492     
   1.0000000000000226        4.9840329686711620        4.9840329686710492     
   1.0000000000000022        4.9840329686710598        4.9840329686710492     
   1.0000000000000002        4.9840329686710501        4.9840329686710492     
   1.0000000000000000        4.9840329686710492        4.9840329686710492     
   1.0000000000000000        4.9840329686710492        4.9840329686710492     
 comp:           1
  0.99999862675014350       -2.2332461378558293       -2.2332492046649790     
  0.99999955506489613       -2.2332482110140122       -2.2332492046649790     
  0.99999985893194743       -2.2332488896248628       -2.2332492046649790     
  0.99999995537539710       -2.2332491050071201       -2.2332492046649790     
  0.99999998588765160       -2.2332491731485882       -2.2332492046649790     
  0.99999999553722407       -2.2332491946984883       -2.2332492046649790     
  0.99999999858874111       -2.2332492015132863       -2.2332492046649790     
  0.99999999955372021       -2.2332492036683251       -2.2332492046649790     
  0.99999999985887389       -2.2332492043498093       -2.2332492046649790     
  0.99999999995537192       -2.2332492045653134       -2.2332492046649790     
 comp:           2
  0.99999978192174910       -4.0458798208931155       -4.0458807032117026     
  0.99999992891381329       -4.0458804156054713       -4.0458807032117026     
  0.99999997742038538       -4.0458806118572754       -4.0458807032117026     
  0.99999999285316477       -4.0458806742964599       -4.0458807032117026     
  0.99999999773942905       -4.0458806940657022       -4.0458807032117026     
  0.99999999928509364       -4.0458807003192767       -4.0458807032117026     
  0.99999999977392184       -4.0458807022970174       -4.0458807032117026     
  0.99999999992850719       -4.0458807029224513       -4.0458807032117026     
  0.99999999997739208       -4.0458807031202335       -4.0458807032117026     
  0.99999999999285072       -4.0458807031827773       -4.0458807032117026     
 comp:           3
   1.0000030066561563       -1.8665617880601044       -1.8665561759674871     
   1.0000009725366479       -1.8665579912617736       -1.8665561759674871     
   1.0000003081883342       -1.8665567512183256       -1.8665561759674871     
   1.0000000974747179       -1.8665563579095237       -1.8665561759674871     
   1.0000000308244135       -1.8665562335029866       -1.8665561759674871     
   1.0000000097475079       -1.8665561941617581       -1.8665561759674871     
   1.0000000030824283       -1.8665561817210128       -1.8665561759674871     
   1.0000000009747489       -1.8665561777869106       -1.8665561759674871     
   1.0000000003082425       -1.8665561765428393       -1.8665561759674871     
   1.0000000000974749       -1.8665561761494296       -1.8665561759674871     
 
 part:           5
 comp:           0
   1.0000000022585567        308.01750650620772        308.01750581053273     
   1.0000000002258558        308.01750588010026        308.01750581053273     
   1.0000000000225855        308.01750581748945        308.01750581053273     
   1.0000000000022584        308.01750581122838        308.01750581053273     
   1.0000000000002258        308.01750581060230        308.01750581053273     
   1.0000000000000224        308.01750581053966        308.01750581053273     
   1.0000000000000024        308.01750581053346        308.01750581053273     
   1.0000000000000000        308.01750581053273        308.01750581053273     
   1.0000000000000000        308.01750581053273        308.01750581053273     
   1.0000000000000000        308.01750581053273        308.01750581053273     
 comp:           1
   1.0000000028094496       -111.93869124714696       -111.93869093266085     
   1.0000000002809450       -111.93869096410947       -111.93869093266085     
   1.0000000000280946       -111.93869093580572       -111.93869093266085     
   1.0000000000028095       -111.93869093297533       -111.93869093266085     
   1.0000000000002809       -111.93869093269230       -111.93869093266085     
   1.0000000000000280       -111.93869093266399       -111.93869093266085     
   1.0000000000000029       -111.93869093266116       -111.93869093266085     
   1.0000000000000002       -111.93869093266088       -111.93869093266085     
   1.0000000000000000       -111.93869093266085       -111.93869093266085     
   1.0000000000000000       -111.93869093266085       -111.93869093266085     
 comp:           2
   1.0000000020973761       -271.64459517453975       -271.64459460479890     
   1.0000000002097376       -271.64459466177300       -271.64459460479890     
   1.0000000000209739       -271.64459461049631       -271.64459460479890     
   1.0000000000020974       -271.64459460536864       -271.64459460479890     
   1.0000000000002096       -271.64459460485585       -271.64459460479890     
   1.0000000000000209       -271.64459460480458       -271.64459460479890     
   1.0000000000000020       -271.64459460479947       -271.64459460479890     
   1.0000000000000002       -271.64459460479895       -271.64459460479890     
   1.0000000000000000       -271.64459460479890       -271.64459460479890     
   1.0000000000000000       -271.64459460479890       -271.64459460479890     
 comp:           3
   1.0000000028420233       -92.486364555203181       -92.486364292354779     
   1.0000000002842024       -92.486364318639630       -92.486364292354779     
   1.0000000000284204       -92.486364294983275       -92.486364292354779     
   1.0000000000028422       -92.486364292617637       -92.486364292354779     
   1.0000000000002842       -92.486364292381069       -92.486364292354779     
   1.0000000000000284       -92.486364292357408       -92.486364292354779     
   1.0000000000000027       -92.486364292355034       -92.486364292354779     
   1.0000000000000002       -92.486364292354807       -92.486364292354779     
   1.0000000000000000       -92.486364292354779       -92.486364292354779     
   1.0000000000000000       -92.486364292354779       -92.486364292354779     
 
 part:           6
 comp:           0
   1.0000000000000000        1.4810999124288920E-005   1.4810999124288920E-005
   1.0000000000000000        1.4810999124288920E-005   1.4810999124288920E-005
   1.0000000000000000        1.4810999124288920E-005   1.4810999124288920E-005
   1.0000000000000000        1.4810999124288920E-005   1.4810999124288920E-005
   1.0000000000000000        1.4810999124288920E-005   1.4810999124288920E-005
   1.0000000000000000        1.4810999124288920E-005   1.4810999124288920E-005
   1.0000000000000000        1.4810999124288920E-005   1.4810999124288920E-005
   1.0000000000000000        1.4810999124288920E-005   1.4810999124288920E-005
   1.0000000000000000        1.4810999124288920E-005   1.4810999124288920E-005
   1.0000000000000000        1.4810999124288920E-005   1.4810999124288920E-005
 comp:           1
   1.3628778501608572       -9.0447709057215865E-006  -6.6365235187100989E-006
   1.1398013276750687       -7.5643183177725898E-006  -6.6365235187100989E-006
   1.0464783253998426       -6.9449780183364153E-006  -6.6365235187100989E-006
   1.0149173429022667       -6.7355228157176542E-006  -6.6365235187100989E-006
   1.0047390075221110       -6.6679740535859318E-006  -6.6365235187100989E-006
   1.0015007714056454       -6.6464834234398722E-006  -6.6365235187100989E-006
   1.0004748019221978       -6.6396745528334933E-006  -6.6365235187100989E-006
   1.0001501671778068       -6.6375201067173516E-006  -6.6365235187100989E-006
   1.0000474891914546       -6.6368386818460713E-006  -6.6365235187100989E-006
   1.0000150176213183       -6.6366231835071729E-006  -6.6365235187100989E-006
 comp:           2
  0.97415232813320562       -1.1712332569854257E-005  -1.2023101758940428E-005
   1.0139978412392272       -1.2191399228565150E-005  -1.2023101758940428E-005
   1.0066059119257609       -1.2102525310234450E-005  -1.2023101758940428E-005
   1.0023057406256493       -1.2050823913112332E-005  -1.2023101758940428E-005
   1.0007507789727601       -1.2032128450928396E-005  -1.2023101758940428E-005
   1.0002395799634416       -1.2025982253220290E-005  -1.2023101758940428E-005
   1.0000759780802126       -1.2024015251130274E-005  -1.2023101758940428E-005
   1.0000240480018612       -1.2023390890513903E-005  -1.2023101758940428E-005
   1.0000076068078536       -1.2023193216365313E-005  -1.2023101758940428E-005
   1.0000024057007482       -1.2023130682925325E-005  -1.2023101758940428E-005
 comp:           3
 -0.11099948813018987        6.1569480737671811E-007  -5.5468256453090812E-006
  0.66280947293751835       -3.6764885824436222E-006  -5.5468256453090812E-006
  0.89529955448744769       -4.9660705290647700E-006  -5.5468256453090812E-006
  0.96709965730732939       -5.3643331807219187E-006  -5.5468256453090812E-006
  0.98961738739243232       -5.4892351034321154E-006  -5.5468256453090812E-006
  0.99671888449424684       -5.5286258696765485E-006  -5.5468256453090812E-006
  0.99896263616676784       -5.5410715689953929E-006  -5.5468256453090812E-006
  0.99967197836637822       -5.5450061664994919E-006  -5.5468256453090812E-006
  0.99989627261817793       -5.5462502876074695E-006  -5.5468256453090812E-006
  0.99996719872889384       -5.5466437023773107E-006  -5.5468256453090812E-006
 
 part: i_fks+j_fks
 comp:           0
   1.0000000022786084        4.9840477910268666        4.9840477796701732     
   1.0000000002278606        4.9840477808058417        4.9840477796701732     
   1.0000000000227860        4.9840477797837401        4.9840477796701732     
   1.0000000000022786        4.9840477796815295        4.9840477796701732     
   1.0000000000002278        4.9840477796713092        4.9840477796701732     
   1.0000000000000226        4.9840477796702860        4.9840477796701732     
   1.0000000000000022        4.9840477796701839        4.9840477796701732     
   1.0000000000000002        4.9840477796701741        4.9840477796701732     
   1.0000000000000000        4.9840477796701732        4.9840477796701732     
   1.0000000000000000        4.9840477796701732        4.9840477796701732     
 comp:           1
  0.99999970511136671       -2.2332551826267348       -2.2332558411884977     
  0.99999997051114053       -2.2332557753323301       -2.2332558411884977     
  0.99999999705111420       -2.2332558346028812       -2.2332558411884977     
  0.99999999970511144       -2.2332558405299361       -2.2332558411884977     
  0.99999999997051137       -2.2332558411226420       -2.2332558411884977     
  0.99999999999705103       -2.2332558411819119       -2.2332558411884977     
  0.99999999999970512       -2.2332558411878392       -2.2332558411884977     
  0.99999999999997058       -2.2332558411884320       -2.2332558411884977     
  0.99999999999999700       -2.2332558411884911       -2.2332558411884977     
  0.99999999999999956       -2.2332558411884968       -2.2332558411884977     
 comp:           2
  0.99999970511136682       -4.0458915332256851       -4.0458927263134612     
  0.99999997051114076       -4.0458926070047001       -4.0458927263134612     
  0.99999999705111409       -4.0458927143825854       -4.0458927263134612     
  0.99999999970511122       -4.0458927251203729       -4.0458927263134612     
  0.99999999997051126       -4.0458927261941531       -4.0458927263134612     
  0.99999999999705114       -4.0458927263015303       -4.0458927263134612     
  0.99999999999970512       -4.0458927263122684       -4.0458927263134612     
  0.99999999999997058       -4.0458927263133422       -4.0458927263134612     
  0.99999999999999711       -4.0458927263134496       -4.0458927263134612     
  0.99999999999999978       -4.0458927263134603       -4.0458927263134612     
 comp:           3
  0.99999970511136671       -1.8665611723652971       -1.8665617227931324     
  0.99999997051114053       -1.8665616677503560       -1.8665617227931324     
  0.99999999705111398       -1.8665617172888547       -1.8665617227931324     
  0.99999999970511133       -1.8665617222427044       -1.8665617227931324     
  0.99999999997051137       -1.8665617227380900       -1.8665617227931324     
  0.99999999999705103       -1.8665617227876279       -1.8665617227931324     
  0.99999999999970501       -1.8665617227925817       -1.8665617227931324     
  0.99999999999997036       -1.8665617227930771       -1.8665617227931324     
  0.99999999999999711       -1.8665617227931270       -1.8665617227931324     
  0.99999999999999978       -1.8665617227931319       -1.8665617227931324     
