     
 Soft #           8
 ME*wgt:
   1.0101554942034319        5.9021455885940297E-015   5.8428089759074418E-015
   1.0019257828422297        5.8540609571836697E-015   5.8428089759074418E-015
   1.0005378243155285        5.8459513806456732E-015   5.8428089759074418E-015
   1.0000648181672207        5.8431876960766806E-015   5.8428089759074418E-015
   1.0000060049539656        5.8428440617063726E-015   5.8428089759074418E-015
  0.99999829469643275        5.8427990121444525E-015   5.8428089759074418E-015
   1.0001487019396884        5.8436778129353876E-015   5.8428089759074418E-015
   1.0005306226003272        5.8459093023994527E-015   5.8428089759074418E-015
   1.0000000005000174        5.8428089788289480E-015   5.8428089759074418E-015
   1.0000000000500016        5.8428089761995918E-015   5.8428089759074418E-015
 wgt:
   1.1111111111111112        3.5063135740584510E-005   3.1556822166526057E-005
   1.0101010101010102        3.1875577945985919E-005   3.1556822166526057E-005
   1.0010010010010009        3.1588410577103155E-005   3.1556822166526057E-005
   1.0001000100010000        3.1559978164342487E-005   3.1556822166526057E-005
   1.0000100001000010        3.1557137737903436E-005   3.1556822166526057E-005
   1.0000010000010002        3.1556853723379785E-005   3.1556822166526057E-005
   1.0000001000000098        3.1556825322208586E-005   3.1556822166526057E-005
   1.0000000100000004        3.1556822482094293E-005   3.1556822166526057E-005
   1.0000000010000001        3.1556822198082879E-005   3.1556822166526057E-005
   1.0000000000999998        3.1556822169681736E-005   3.1556822166526057E-005
     
 Soft #          65
 ME*wgt:
   1.0069300304735791        4.0888055377787928E-015   4.0606650055473534E-015
   1.0000959566840864        4.0610546534964713E-015   4.0606650055473534E-015
  0.99984600670927881        4.0600396903806329E-015   4.0606650055473534E-015
  0.99995891372256285        4.0604981679383561E-015   4.0606650055473534E-015
  0.99999579800524485        4.0606479426542974E-015   4.0606650055473534E-015
  0.99999963757480970        4.0606635338600662E-015   4.0606650055473534E-015
  0.99999969131488453        4.0606637520805072E-015   4.0606650055473534E-015
   1.0000387728185929        4.0608224489749801E-015   4.0606650055473534E-015
   1.0000000005000205        4.0606650075777693E-015   4.0606650055473534E-015
   1.0000000000500020        4.0606650057503944E-015   4.0606650055473534E-015
 wgt:
   1.1111111111111109        1.1235792537847602E-005   1.0112213284062843E-005
   1.0101010101010102        1.0214356852588731E-005   1.0112213284062843E-005
   1.0010010010010009        1.0122335619682523E-005   1.0112213284062843E-005
   1.0001000100010002        1.0113224606523496E-005   1.0112213284062843E-005
   1.0000100001000007        1.0112314407206913E-005   1.0112213284062843E-005
   1.0000010000010002        1.0112223396286240E-005   1.0112213284062843E-005
   1.0000001000000101        1.0112214295284272E-005   1.0112213284062843E-005
   1.0000000100000004        1.0112213385184980E-005   1.0112213284062843E-005
   1.0000000010000001        1.0112213294175056E-005   1.0112213284062843E-005
   1.0000000001000000        1.0112213285074065E-005   1.0112213284062843E-005
     
 Soft #          81
 ME*wgt:
   1.0055268835191096        6.3320072254579501E-014   6.2972033162329805E-014
   1.0000789151171561        6.2977002607704360E-014   6.2972033162329805E-014
   1.0000595362397857        6.2975782280395954E-014   6.2972033162329805E-014
   1.0000044246459725        6.2972311791282711E-014   6.2972033162329805E-014
   1.0000004170066354        6.2972059422085477E-014   6.2972033162329805E-014
  0.99999979739872658        6.2972020404115694E-014   6.2972033162329805E-014
  0.99999994765006195        6.2972029865747773E-014   6.2972033162329805E-014
   1.0000329021368912        6.2974105076785229E-014   6.2972033162329805E-014
   1.0000000005000713        6.2972033193820312E-014   6.2972033162329805E-014
   1.0000000000500069        6.2972033165478837E-014   6.2972033162329805E-014
 wgt:
   1.1111111111111112        4.7160186324140320E-004   4.2444167691726287E-004
   1.0101010101010102        4.2872896658309380E-004   4.2444167691726287E-004
   1.0010010010010009        4.2486654346072351E-004   4.2444167691726287E-004
   1.0001000100009998        4.2448412532979573E-004   4.2444167691726287E-004
   1.0000100001000010        4.2444592137647660E-004   4.2444167691726287E-004
   1.0000010000009998        4.2444210135936413E-004   4.2444167691726287E-004
   1.0000001000000103        4.2444171936143491E-004   4.2444167691726287E-004
   1.0000000100000002        4.2444168116167970E-004   4.2444167691726287E-004
   1.0000000009999999        4.2444167734170449E-004   4.2444167691726287E-004
   1.0000000001000000        4.2444167695970705E-004   4.2444167691726287E-004
     
 Soft #          90
 ME*wgt:
  0.93133894495556302        6.5966677062698953E-011   7.0829935138003295E-011
  0.93998414054336821        6.6579015705438546E-011   7.0829935138003295E-011
  0.99682885658028342        7.0605323255271463E-011   7.0829935138003295E-011
  0.99999997788699824        7.0829933571740812E-011   7.0829935138003295E-011
   1.0000034029014155        7.0830176165289842E-011   7.0829935138003295E-011
   1.0000003888545694        7.0829962680547229E-011   7.0829935138003295E-011
   1.0000000463654311        7.0829938422063769E-011   7.0829935138003295E-011
   1.0000001376399610        7.0829944887032800E-011   7.0829935138003295E-011
   1.0000000005017553        7.0829935173542593E-011   7.0829935138003295E-011
   1.0000000000501714        7.0829935141556941E-011   7.0829935138003295E-011
 wgt:
   1.1111111111111112        3.5217723879806115E-004   3.1695951491825502E-004
   1.0101010101010099        3.2016112618005551E-004   3.1695951491825502E-004
   1.0010010010010006        3.1727679170996486E-004   3.1695951491825502E-004
   1.0001000100010002        3.1699121403965902E-004   3.1695951491825502E-004
   1.0000100001000007        3.1696268454510041E-004   3.1695951491825502E-004
   1.0000010000010000        3.1695983187808688E-004   3.1695951491825502E-004
   1.0000001000000096        3.1695954661420958E-004   3.1695951491825502E-004
   1.0000000100000002        3.1695951808785025E-004   3.1695951491825502E-004
   1.0000000009999999        3.1695951523521448E-004   3.1695951491825502E-004
   1.0000000001000000        3.1695951494995097E-004   3.1695951491825502E-004
     
 Collinear #          11
 ME*wgt:
   6.7020125823524168        1.6927154202727927E-013   2.5256822476430608E-014
   2.4358325154843024        6.1521389425904433E-014   2.5256822476430608E-014
   1.2650160917885336        3.1950286860131040E-014   2.5256822476430608E-014
   1.0726896702505264        2.7092732573818431E-014   2.5256822476430608E-014
   1.0220478180398844        2.5813680302656612E-014   2.5256822476430608E-014
   1.0052619401808076        2.5389722365458866E-014   2.5256822476430608E-014
  0.99675364268353306        2.5174829805993541E-014   2.5256822476430608E-014
   1.0972573633146487        2.7713234436194406E-014   2.5256822476430608E-014
  0.99999999999999978        2.5256822476430602E-014   2.5256822476430608E-014
   1.0000000000000000        2.5256822476430608E-014   2.5256822476430608E-014
 wgt:
   1.0000000096793624        3.4951795311408546E-003   3.4951794973097452E-003
   1.0000000009277665        3.4951795005524556E-003   3.4951794973097452E-003
   1.0000000000923930        3.4951794976326753E-003   3.4951794973097452E-003
   1.0000000000092353        3.4951794973420241E-003   3.4951794973097452E-003
   1.0000000000009235        3.4951794973129727E-003   3.4951794973097452E-003
   1.0000000000000921        3.4951794973100674E-003   3.4951794973097452E-003
   1.0000000000000091        3.4951794973097773E-003   3.4951794973097452E-003
   1.0000000000000009        3.4951794973097482E-003   3.4951794973097452E-003
   1.0000000000000002        3.4951794973097456E-003   3.4951794973097452E-003
   1.0000000000000000        3.4951794973097452E-003   3.4951794973097452E-003
     
 Collinear #          52
 ME*wgt:
   1.3024015569010934        3.6778492743006599E-013   2.8238980941113555E-013
   1.0190449054957067        2.8776789664432126E-013   2.8238980941113555E-013
   1.0011251843543412        2.8270755000651032E-013   2.8238980941113555E-013
  0.99992128551082060        2.8236758124153827E-013   2.8238980941113555E-013
  0.99993317547237426        2.8237093884551531E-013   2.8238980941113555E-013
  0.99997458891565905        2.8238263357987159E-013   2.8238980941113555E-013
  0.99999125094519847        2.8238733876721763E-013   2.8238980941113555E-013
  0.99999064181135344        2.8238716675402722E-013   2.8238980941113555E-013
   1.0000000000000013        2.8238980941113590E-013   2.8238980941113555E-013
   1.0000000000000004        2.8238980941113565E-013   2.8238980941113555E-013
 wgt:
   1.0000740254019036        4.1243415458352842E-004   4.1240362623934954E-004
   1.0000070948569322        4.1240655218407601E-004   4.1240362623934954E-004
   1.0000007065478440        4.1240391762224256E-004   4.1240362623934954E-004
   1.0000000706255388        4.1240365536557782E-004   4.1240362623934954E-004
   1.0000000070622614        4.1240362915185175E-004   4.1240362623934954E-004
   1.0000000007062231        4.1240362653059849E-004   4.1240362623934954E-004
   1.0000000000706222        4.1240362626847435E-004   4.1240362623934954E-004
   1.0000000000070621        4.1240362624226203E-004   4.1240362623934954E-004
   1.0000000000007063        4.1240362623964081E-004   4.1240362623934954E-004
   1.0000000000000706        4.1240362623937865E-004   4.1240362623934954E-004
     
 Soft #           6
 ME*wgt:
  0.94115473544482486        3.2276176829583007E-013   3.4294229858311324E-013
  0.93715182457897739        3.2138900084247304E-013   3.4294229858311324E-013
  0.99197881934071486        3.4019149645046757E-013   3.4294229858311324E-013
   1.0000430950391934        3.4295707769491174E-013   3.4294229858311324E-013
   1.0000137482919020        3.4294701345393974E-013   3.4294229858311324E-013
   1.0000014639025665        3.4294280061722426E-013   3.4294229858311324E-013
   1.0000001611545475        3.4294235384982418E-013   3.4294229858311324E-013
   1.0000001092526047        3.4294233605045260E-013   3.4294229858311324E-013
   1.0000000004888108        3.4294229875074711E-013   3.4294229858311324E-013
   1.0000000000488807        3.4294229859987652E-013   3.4294229858311324E-013
 wgt:
   1.1111111111111112        4.5690910644340381E-004   4.1121819579906341E-004
   1.0101010101010102        4.1537191494854888E-004   4.1121819579906341E-004
   1.0010010010010011        4.1162982562468814E-004   4.1121819579906341E-004
   1.0001000100010002        4.1125932173123657E-004   4.1121819579906341E-004
   1.0000100001000010        4.1122230802214359E-004   4.1121819579906341E-004
   1.0000010000009998        4.1121860701767037E-004   4.1121819579906341E-004
   1.0000001000000098        4.1121823692088708E-004   4.1121819579906341E-004
   1.0000000100000002        4.1121819991124547E-004   4.1121819579906341E-004
   1.0000000010000001        4.1121819621028162E-004   4.1121819579906341E-004
   1.0000000001000000        4.1121819584018519E-004   4.1121819579906341E-004
     
 Soft #          36
 ME*wgt:
   1.0055355648599849        5.3004101081710244E-017   5.2712308678103058E-017
   1.0000190735047225        5.2713314086571559E-017   5.2712308678103058E-017
   1.0000151949402603        5.2713109638484397E-017   5.2712308678103058E-017
   1.0000029543711695        5.2712464409828096E-017   5.2712308678103058E-017
   1.0000000472225468        5.2712311167312519E-017   5.2712308678103058E-017
   1.0000052676328788        5.2712586347193371E-017   5.2712308678103058E-017
   1.0000870172508802        5.2716895558291772E-017   5.2712308678103058E-017
   1.0004003459600035        5.2733411837924793E-017   5.2712308678103058E-017
   1.0000000005000103        5.2712308704459751E-017   5.2712308678103058E-017
   1.0000000000500009        5.2712308680738716E-017   5.2712308678103058E-017
 wgt:
   1.1111111111111116        2.1139773882903198E-008   1.9025796494612871E-008
   1.0101010101010104        1.9217976257184722E-008   1.9025796494612871E-008
   1.0010010010010011        1.9044841335948820E-008   1.9025796494612871E-008
   1.0001000100010000        1.9027699264539322E-008   1.9025796494612871E-008
   1.0000100001000010        1.9025986754480417E-008   1.9025796494612871E-008
   1.0000010000010000        1.9025815520428393E-008   1.9025796494612871E-008
   1.0000001000000101        1.9025798397192711E-008   1.9025796494612871E-008
   1.0000000100000002        1.9025796684870841E-008   1.9025796494612871E-008
   1.0000000010000001        1.9025796513638667E-008   1.9025796494612871E-008
   1.0000000001000000        1.9025796496515449E-008   1.9025796494612871E-008
     
 Soft #          66
 ME*wgt:
  0.98925111247340558        1.2022324002128294E-012   1.2152954745806763E-012
  0.98703316937524388        1.1995369440027560E-012   1.2152954745806763E-012
  0.99357427804065035        1.2074863237625649E-012   1.2152954745806763E-012
   1.0000390544058990        1.2153429372234277E-012   1.2152954745806763E-012
   1.0000171260934132        1.2153162878444987E-012   1.2152954745806763E-012
   1.0000018438079605        1.2152977153521468E-012   1.2152954745806763E-012
   1.0000002090772089        1.2152957286712621E-012   1.2152954745806763E-012
   1.0000002560593200        1.2152957857684089E-012   1.2152954745806763E-012
   1.0000000005013667        1.2152954751899851E-012   1.2152954745806763E-012
   1.0000000000501363        1.2152954746416067E-012   1.2152954745806763E-012
 wgt:
   1.1111111111111112        5.9450850774018496E-004   5.3505765696616639E-004
   1.0101010101010102        5.4046227976380448E-004   5.3505765696616639E-004
   1.0010010010010011        5.3559325021638278E-004   5.3505765696616639E-004
   1.0001000100010000        5.3511116808297463E-004   5.3505765696616639E-004
   1.0000100001000010        5.3506300759624233E-004   5.3505765696616639E-004
   1.0000010000010000        5.3505819202435837E-004   5.3505765696616639E-004
   1.0000001000000098        5.3505771047193738E-004   5.3505765696616639E-004
   1.0000000100000004        5.3505766231674314E-004   5.3505765696616639E-004
   1.0000000009999999        5.3505765750122395E-004   5.3505765696616639E-004
   1.0000000000999998        5.3505765701967209E-004   5.3505765696616639E-004
