  0.00000541193181258  0.00000549071345265  0.00000556423537357  0.00000564131166594
  0.00000571191261451  0.00000578544909633  0.00000585213555653  0.00000593050314970
  0.00000605067743383  0.00000622174612701  0.00000638105158208  0.00000652600237400
  0.00000665912598674  0.00000679320774604  0.00000691703469695  0.00000711659949678
  0.00000737600378327  0.00000764617093266  0.00000790240300859  0.00000811663673897
  0.00000836363897065  0.00000865791477784  0.00000894161614090  0.00000920730126332
  0.00000956522408128  0.00000998379752897  0.00001048774192815  0.00001101977708955
  0.00001155408230108  0.00001207298041615  0.00001261229205995  0.00001313076679593
  0.00001365718839832  0.00001425672034603  0.00001495711609940  0.00001575735462819
  0.00001661967851150  0.00001759268604844  0.00001854250071049  0.00001946983207711
  0.00002045829716213  0.00002155040076730  0.00002277022316274  0.00002406176313490
  0.00002544683501132  0.00002688996881973  0.00002832356858336  0.00002982556017235
  0.00003130423178877  0.00003294123370686  0.00003459076080174  0.00003625850220522
  0.00003798809328108  0.00003972415666611  0.00004198441949320  0.00004447887491640
  0.00004715358459470  0.00005024236787536  0.00005340050705492  0.00005673915322380
  0.00006034047165976  0.00006420953281441  0.00006830129866627  0.00007224637081398
  0.00007659798997118  0.00008140480709902  0.00008690533203498  0.00009343747256871
  0.00010058081076636  0.00010804970963604  0.00011590412683391  0.00012439401425810
  0.00013300238217103  0.00014350808583858  0.00015609022378874  0.00017098227391505
  0.00018625240984915  0.00020295431139158  0.00022028339403987  0.00023982360021288
  0.00026244697881114  0.00028926529633923  0.00032380549876995  0.00036462410707794
  0.00041000067632694  0.00046284791543702  0.00052575283734256  0.00059523265995087
  0.00068334194635193  0.00079389293739330  0.00095948567364880  0.00124027247527921
  0.00183862036457418  0.00601936414906324  0.00816821015317584  1.00000000000000000
 -0.00002358393854691  0.00037292913769267  0.00124397430633656  0.00277360500233579
  0.00484016678963877  0.00727121001336865  0.01035223958274909  0.01400206489481665
  0.01810809986572310  0.02264010676391582  0.02769306357087388  0.03316223039651307
  0.03851172747471038  0.04388194659170785  0.04975848992017817  0.05562769991268388
  0.06142241583910710  0.06724909505456098  0.07319897286565399  0.07941065678459003
  0.08651319396145288  0.09328710412827926  0.10071166390164908  0.10827220527100989
  0.11608540680903770  0.12437119044669465  0.13329536141451334  0.14231990632525446
  0.15147305825212876  0.16067569632531919  0.16986363858164169  0.17903519558243425
  0.18811435986004713  0.19702616327820532  0.20620144939178853  0.21596715845521583
  0.22627406625693749  0.23693888607400715  0.24766034493010242  0.25776175461287060
  0.26728973433455200  0.27663481984305449  0.28674629270071761  0.29872704748047574
  0.31135813887680897  0.32409830855603233  0.33717305646499901  0.35040389165883012
  0.36523058052600321  0.38035868452462207  0.39551969156058558  0.41052212816525008
  0.42628795364904837  0.43910829545771396  0.44981057264426960  0.45969001996338149
  0.46904206758997391  0.47870140820261353  0.48887093110991159  0.50005736849890203
  0.51038772184262349  0.52061067501367098  0.53060199298601629  0.53970821002386149
  0.54936152089920864  0.55919130716365828  0.56894941031976476  0.57858972228684880
  0.58991320278710724  0.60276673869827091  0.61576222596073171  0.62901712011941568
  0.64311103406049386  0.65732504575198369  0.67055150317011025  0.68294874897618363
  0.69507230409547749  0.70666960215651842  0.72030878727259162  0.73518405251661512
  0.75102569096722438  0.76761044602496686  0.78395817274817181  0.80077667265950569
  0.81782617003324154  0.83445628014419482  0.85073624966061001  0.86727388621700552
  0.88364240982803688  0.89958257609318382  0.91555360519214612  0.93210977150906338
  0.94902135796248666  0.96578452383938906  0.98261828914620730  1.00000000000000000
 -0.00237822082630275  0.01054427817173213  0.02155832779308740  0.03247675993343509
  0.04192460671681654  0.05095216046428708  0.06031447911990694  0.07040241395184335
  0.08104301455252554  0.09158394751227292  0.10223244665885073  0.11345857994679291
  0.12473205795313695  0.13578423642313725  0.14716575003445007  0.15858560452226975
  0.17089433478635921  0.18315490779758953  0.19557237645908740  0.20841123840007852
  0.22185368076434836  0.23554646623736952  0.24863484830659707  0.25937726151035989
  0.26856919602442703  0.27671794064275484  0.28456367433541807  0.29326623937675333
  0.30366294959840051  0.31404246531305657  0.32401129780640014  0.33382242983374821
  0.34450222541564979  0.35489177200564009  0.36446550873201988  0.37422037232705291
  0.38550315039795324  0.39762955153811702  0.40988524664471276  0.42191790300669219
  0.43340077586944059  0.44430540259170903  0.45569471314229398  0.46869994925568664
  0.48182954276696227  0.49364375358031665  0.50413737220068844  0.51382346265089396
  0.52382962162559210  0.53472913349154472  0.54512909902576445  0.55565176749935663
  0.56639996301350559  0.58020252154242624  0.59247043929902588  0.60404092407712295
  0.61400484826568502  0.62320722495670011  0.63191298841142529  0.64070392251027919
  0.64988118046278354  0.65940354341749219  0.66894618260600025  0.67980702843738960
  0.69077231902421321  0.70204384986876633  0.71310313806689984  0.72368557628446228
  0.73369590846248844  0.74270053706202899  0.75294654742317479  0.76298488597666547
  0.77190850737166117  0.77993762041003278  0.78776231005568720  0.79649861843972292
  0.80583051968857955  0.81582373952330223  0.82592104485810069  0.83683042530113072
  0.85043897152749148  0.86320449595452420  0.87441231309151679  0.88370302414368029
  0.89275673612476603  0.90255619164029077  0.91267482673333233  0.92263028469321839
  0.93285937540955344  0.94431635136741898  0.95716143937794507  0.96695313474740752
  0.97526015698796742  0.98408078936374799  0.99221282211858575  1.00000000000000000
  0.04649972097115871  0.08003728285108164  0.11308935417686206  0.13346158298773070
  0.14942529009227393  0.16460874115745117  0.17821614590529822  0.19114403314830247
  0.20483996676248106  0.21336668400837450  0.22159648317443928  0.22995845071890772
  0.23824785253102138  0.24733500120036489  0.25731410318164250  0.26803947606702933
  0.27827428683573430  0.28756672971270836  0.29538236496652964  0.30278236442588363
  0.31041147757633336  0.31883330435438184  0.32720178963493585  0.33530477121932389
  0.34315161534744126  0.35021419197932163  0.35672553495891535  0.36314211882551795
  0.36979635580935449  0.37734677862565141  0.38528397499621780  0.39285067316833605
  0.39959148141778544  0.40585380572425322  0.41210492453345365  0.41879249731516055
  0.42606895857129168  0.43330478584190418  0.44048259395142908  0.44796175617034495
  0.45563023119327212  0.46273104675768878  0.46923245446364209  0.47548771304215492
  0.48203547907194177  0.48771827686692426  0.49375482475411547  0.49991445506101706
  0.50633783520892595  0.51372194872968713  0.52075371640093548  0.52754961667419820
  0.53430527182055132  0.54062634719521507  0.54662492944999397  0.55231678750576696
  0.55849057477993314  0.56483045655552200  0.57029579323302981  0.57581688889439309
  0.58099616631914686  0.58747467162198796  0.59431660062747060  0.60088810460410247
  0.60748736421152305  0.61410928086711813  0.62094073125527560  0.62820758252350195
  0.63570789748133738  0.64360504912991467  0.65030742209958259  0.65753098978979307
  0.66509396919635932  0.67307303087992898  0.68107756745286518  0.68908610091025990
  0.69770895066143090  0.70686505007653744  0.71521952379431109  0.72254777616133148
  0.72976198186360031  0.73712331541216802  0.74487882714042042  0.75346211579079825
  0.76260604820768108  0.77310320192319570  0.78689655158620730  0.80173781509556263
  0.81579246154268792  0.82970806865157809  0.84598200716588823  0.86414402433014481
  0.88750132858451503  0.91978222106444985  0.95284379820067189  1.00000000000000000
 -0.00034834983368967  0.01127829796634081  0.02210775236213652  0.03537303321485376
  0.04771345744331459  0.06015386460159612  0.07262202314613966  0.08501052336532208
  0.09495880421495871  0.10446188386198801  0.11469324781377511  0.12567487613708558
  0.13665694665698463  0.14738185281677282  0.15912607636473775  0.17167209072941886
  0.18433335984320992  0.19766560148860138  0.21054891021076766  0.22268181503212456
  0.23478476316049840  0.24760786339308394  0.25897874237839258  0.26993470496441679
  0.28074414752207227  0.29123013350293120  0.30127622457711767  0.31153677111558398
  0.32239351333133087  0.33279135704004797  0.34168010899745777  0.34989973018088588
  0.35801979874936241  0.36614481925160736  0.37533589659955724  0.38482855510895386
  0.39400196052882475  0.40263143583870836  0.41085886706829727  0.41976821903965283
  0.42956892264904256  0.44039089890068017  0.44847675825440930  0.45605062033552290
  0.46328270450430309  0.47069854932659311  0.48013545605213359  0.49166307755143401
  0.50274211311529438  0.51368686872277325  0.52339663743174203  0.53448363969929547
  0.54536956117969082  0.55552430898269434  0.56563619542482069  0.57543980812807638
  0.58475984227898892  0.59539145022076656  0.60692589664139041  0.61968250313945550
  0.63276065776025114  0.64528965735583810  0.65609009013719199  0.66684895832228031
  0.67792062593322833  0.68694085219172163  0.69537009750116496  0.70367837630286545
  0.71225374331260882  0.72268552357541294  0.73466783575133643  0.74651223857373350
  0.75818928556172815  0.77005236396304222  0.78183746056545655  0.79363773829601092
  0.80495534901595689  0.81613127923537032  0.82782996168105027  0.84118126394120107
  0.85403361157982327  0.86553648769680758  0.87633547288848379  0.88785804334361151
  0.89938110874196386  0.90893552110509457  0.91777403301228178  0.92553432940398084
  0.93377418249032562  0.94261180065056305  0.95083874786816258  0.95832253513211740
  0.96719798701567683  0.97691015587149177  0.98837719912467015  1.00000000000000000
  0.70552045587544787  0.70626915854980921  0.70703546627206948  0.70780419987175569
  0.70870741346500343  0.71148354096447697  0.71399635408428919  0.71605753257942961
  0.71809093299980598  0.72011737923773234  0.72183328692737669  0.72345037232482745
  0.72513292252573935  0.72685594366057305  0.72892280370003382  0.73055207131931554
  0.73208278926809389  0.73346683477835839  0.73489507409926025  0.73639760766127105
  0.73797259160548845  0.73958584129494909  0.74122870639431326  0.74289377419568114
  0.74470837334607587  0.74656398237600885  0.74838929157964584  0.75009062058600318
  0.75162224904660635  0.75314348830711930  0.75463584422665952  0.75612439304185641
  0.75763178253151719  0.75919437153147251  0.76088857645348862  0.76268283040139617
  0.76448788947341439  0.76639912999279691  0.76843076698555679  0.77050512641777091
  0.77263237286022868  0.77480176176541105  0.77689599162241985  0.77888729916370181
  0.78071986610313582  0.78260446685771057  0.78469428046163758  0.78716213276315594
  0.78956976570001769  0.79179664808810413  0.79424869438346790  0.79619677003349998
  0.79818925847794864  0.80010528071319142  0.80188390669405807  0.80406475822691659
  0.80634514782593725  0.80879516006101237  0.81101562712669018  0.81320813836476014
  0.81534870920775593  0.81734952956187967  0.81962461102277484  0.82187076708336138
  0.82422963579709363  0.82678873699595601  0.82935735525444521  0.83207049843430436
  0.83504564144000493  0.83819109293315153  0.84137340272583760  0.84466690259938759
  0.84797502271861924  0.85115856879867180  0.85435438012610521  0.85767527158925871
  0.86115092981973196  0.86464813373905058  0.86820209708904306  0.87191067403049838
  0.87586283271909837  0.88009287046203988  0.88433135251651773  0.88859921063887215
  0.89314264531921272  0.89783043591084954  0.90268462677084527  0.90787607831034667
  0.91357815005155441  0.91960597309054726  0.92608596156115330  0.93263070394910041
  0.94027347254733828  0.94989411665903889  0.96643908257073086  1.00000000000000000
 -0.01848472977633621  0.11275965234652092  0.15003224956749697  0.17420815110947574
  0.19199635640908558  0.20646058549433011  0.21934402186326915  0.23166808152692270
  0.24287480390760394  0.25289906354728653  0.26191130813524260  0.27114481270741980
  0.28015292371136397  0.28814099443480740  0.29536657359633534  0.30243806165848919
  0.30971395274669933  0.31660015087769550  0.32298928005429928  0.32931849178799832
  0.33603526599795103  0.34366828540664862  0.35204449254199993  0.36018792169981650
  0.36842315143064291  0.37623408758209093  0.38362602871794427  0.39046278607384821
  0.39710213237199893  0.40299953382353587  0.40878792922756868  0.41402568921754457
  0.41840541132158060  0.42310800525186165  0.42814808755912692  0.43362754362120798
  0.44002628009612077  0.44814075404898751  0.45560988109270534  0.46274944487143777
  0.46881302270139219  0.47523420967481650  0.48133663256832682  0.48733641787702109
  0.49322562331267567  0.49882595818488668  0.50412984907928926  0.50911723008755749
  0.51381198431309338  0.51902392521696883  0.52437465622546475  0.53017927178494584
  0.53569345941569935  0.54108827591196662  0.54620564180066344  0.55081162077289603
  0.55486280793901632  0.55901694799419532  0.56312689682025985  0.56706950115927002
  0.57210014698130740  0.57766507202437001  0.58327402590558175  0.58881787340266400
  0.59421575339414523  0.59973440984542825  0.60552416710018520  0.61178065180277341
  0.61755071272762363  0.62344515250051735  0.62940150198321942  0.63590520180230414
  0.64194932018698148  0.64797423311424851  0.65422636711850790  0.66031090279836713
  0.66765514703334172  0.67494720047121404  0.68251074615809815  0.68989012058180266
  0.69764048256031452  0.70540232079037346  0.71300575101611630  0.72106883143651612
  0.72957636326815312  0.73838833766947343  0.74805903556215658  0.75802742821112257
  0.76773172759848163  0.77886148053668980  0.79225578359639859  0.80720742520588562
  0.82525634085925725  0.84697747023382430  0.88322401460956967  1.00000000000000000
   7.4900819896600003E-007   2.6299455833300001E-002
  <DiscreteSampler_grid>
  Helicity
  1 # 1 for a reference and 2 for a running grid.
  80 # Attribute 'min_bin_probing_points' of the grid.
  1 # Attribute 'grid_mode' of the grid. 1=='default',2=='initialization'
  0.0300000000000000 # Attribute 'small_contrib_threshold' of the grid.
  0.3330000000000000 # Attribute 'damping_power' of the grid.
 # binID   n_entries weight   weight_sqr   abs_weight
    1   2572   1.865817669423818E-005   1.321279803503803E-008   1.865817669423818E-005
    2   178   1.530781554836726E-006   4.815616495614009E-011   1.530781554836726E-006
    3   379   2.957681510181053E-006   4.535066069709205E-010   2.957681510181053E-006
    4   83   5.360475077125263E-008   5.484622958747348E-014   5.360475077125263E-008
    5   96   3.495380963708333E-007   3.271566891945000E-011   3.495380963708333E-007
    6   205   3.229077468730000E-067   9.249141605570000E-132   3.229077468730000E-067
    7   87   1.084247780590000E-007   1.192032055370000E-012   1.084247780590000E-007
    8   110   3.886825138090000E-066   1.432363472810000E-129   3.886825138090000E-066
    9   86   3.338784168530000E-068   2.881004910010000E-134   3.338784168530000E-068
    10   87   1.119022563870690E-007   1.229213808922988E-012   1.119022563870690E-007
    11   219   1.941598983240000E-066   6.761335948190000E-130   1.941598983240000E-066
    12   104   3.991920150996923E-007   3.707907665270769E-011   3.991920150996923E-007
    13   84   3.675417281540000E-008   1.068948458490000E-014   3.675417281540000E-008
    14   171   1.179751894138101E-006   1.679528467581712E-011   1.179751894138101E-006
    15   572   3.386724016181450E-006   3.350932490536620E-009   3.386724016181450E-006
    16   2475   1.975730418075482E-005   1.915033717430483E-008   1.975730418075482E-005
  </DiscreteSampler_grid>
  <DiscreteSampler_grid>
  grouped_processes
  1 # 1 for a reference and 2 for a running grid.
  10 # Attribute 'min_bin_probing_points' of the grid.
  1 # Attribute 'grid_mode' of the grid. 1=='default',2=='initialization'
  0.0300000000000000 # Attribute 'small_contrib_threshold' of the grid.
  0.3330000000000000 # Attribute 'damping_power' of the grid.
 # binID   n_entries weight   weight_sqr   abs_weight
    10   10   5.359122929499999E+001   7.564683055450000E+003   5.359122929499999E+001
  </DiscreteSampler_grid>
