  0.00000453029334047  0.00000462052585833  0.00000474657910655  0.00000491341810183
  0.00000547853808253  0.00000570914461607  0.00000594435629343  0.00000619766150616
  0.00000649428600870  0.00000672758114668  0.00000692349423160  0.00000717234751740
  0.00000744163571268  0.00000772908857055  0.00000799552724017  0.00000830607182162
  0.00000872022289234  0.00000922067492299  0.00000977343200064  0.00001036736345229
  0.00001100118500302  0.00001164358644071  0.00001227478030402  0.00001298524061101
  0.00001370511096618  0.00001455080510626  0.00001544634992832  0.00001635695992537
  0.00001733283917536  0.00001834377993963  0.00001943573778145  0.00002063465501474
  0.00002193183878208  0.00002323524791501  0.00002455530871583  0.00002603178036885
  0.00002747050698550  0.00002917448415199  0.00003097881594428  0.00003279474097186
  0.00003472599000949  0.00003687037564044  0.00003928023083205  0.00004214263466411
  0.00004495820503318  0.00004782805407490  0.00005070348787371  0.00005376702813638
  0.00005703568434633  0.00006102220508738  0.00006499502830169  0.00006909455789748
  0.00007347817999815  0.00007790244720713  0.00008282939413294  0.00008801809151044
  0.00009302812245044  0.00009810250353073  0.00010336113304382  0.00010882365055561
  0.00011506451115592  0.00012320847284055  0.00013137947323350  0.00014136184375766
  0.00015221669729823  0.00016348288902169  0.00017521389622490  0.00018755374547868
  0.00020085917090226  0.00021634992944421  0.00023337991420223  0.00025394500698441
  0.00027449533054183  0.00029893882296551  0.00032422643553736  0.00035498062338139
  0.00038564930574657  0.00041746004399164  0.00045407735651691  0.00050060972233555
  0.00055391516646230  0.00061108636944064  0.00067552311377518  0.00075875522292662
  0.00088201901414967  0.00103126570044794  0.00121131267711562  0.00145439298007194
  0.00182904349214555  0.00232872639655433  0.00308166435996282  0.00452990530362731
  0.00777935324926579  0.02067441122645608  0.03606703933521729  1.00000000000000000
  0.00024757832116687  0.00025160140979560  0.00025438539389585  0.00025722932573047
  0.00026007895189477  0.00026322191334312  0.00026641780750797  0.00026945533222093
  0.00027218215473808  0.00027536622240636  0.00027905812315156  0.00028305146044240
  0.00028754955805171  0.00029218378261835  0.00029704712091209  0.00030188029304119
  0.00030633755420249  0.00031080413073593  0.00031583556462742  0.00032161696391953
  0.00032782129030214  0.00033398254711729  0.00034039251804432  0.00034735956588154
  0.00035471771988434  0.00036178693975140  0.00036922208531169  0.00037624100304954
  0.00038350833312057  0.00039112499830330  0.00039888966498981  0.00040727612884914
  0.00041726386357921  0.00042729543944085  0.00043729035257423  0.00044761702778648
  0.00045793519297438  0.00046907089459835  0.00048177268964858  0.00049384603907058
  0.00050568079275112  0.00051761074510460  0.00052993729034637  0.00054301205010190
  0.00055762920336798  0.00057298227469477  0.00058886820343079  0.00060602064060805
  0.00062533691758507  0.00064599539830946  0.00066618215563799  0.00068674645957079
  0.00070848249291026  0.00073461786313493  0.00076140887894701  0.00079142015201018
  0.00082188661195026  0.00085366553701612  0.00088411373263669  0.00091587304419556
  0.00095011008462603  0.00098638457867577  0.00102522458129756  0.00106885315437104
  0.00111635871319102  0.00116539696078556  0.00121599870931803  0.00127231126576654
  0.00132956159828999  0.00138781749371280  0.00145808499918746  0.00153396516097857
  0.00161565007765063  0.00170001611751519  0.00178322585988142  0.00186935862070841
  0.00195586333589306  0.00205868867396670  0.00218574333924120  0.00233389748059966
  0.00248724157999391  0.00263275596173233  0.00280497106201322  0.00300251024968035
  0.00325497585595036  0.00354297111745948  0.00390164703809233  0.00424270568810651
  0.00461364849024558  0.00506506550739410  0.00616315990320926  0.00761974713045429
  0.01063665905187785  0.01322189054659569  0.01950034339374816  1.00000000000000000
 -0.00104458185161558  0.00365386653802027  0.00751352809212209  0.01134729572263571
  0.01541633782358824  0.01949020667569602  0.02346487482389341  0.02765213141085868
  0.03204694456570555  0.03675821064112582  0.04141206876151418  0.04633246423136964
  0.05132480093540959  0.05624137955248626  0.06134464806372806  0.06695029279083241
  0.07276323666561856  0.07858361577017406  0.08475200380275116  0.09064550667261757
  0.09591113406570438  0.10063748755605123  0.10549296973545302  0.11058992927029604
  0.11595249106454422  0.12138360663826103  0.12656857863971066  0.13206265118849325
  0.13760769551295177  0.14337834919271836  0.14951230415526706  0.15589852862226705
  0.16256677479966772  0.17032556253518782  0.17752270946197937  0.18566386312274727
  0.19289185209597962  0.20083400114257127  0.20844194525296439  0.21595273807498241
  0.22357579325778548  0.23146996772825337  0.23924381360923166  0.24671100319232911
  0.25390352812383232  0.26145422892678211  0.26934845717656353  0.27831259220683180
  0.28687043983570315  0.29579381625748624  0.30470128500975763  0.31440610842052652
  0.32460613813510941  0.33505432989894496  0.34506179840673024  0.35536649924129071
  0.36624949896178827  0.37721592629977668  0.38833020997447770  0.39824157902487056
  0.40793906895136595  0.41769839164989980  0.42785142143758720  0.43976101346976104
  0.45187341327704350  0.46402919679475818  0.47664131134370374  0.48926700293934261
  0.50195208513975942  0.51448624854049863  0.52883921631159114  0.54345244230885947
  0.55788286847009139  0.57350709532349187  0.58930576109940602  0.60328429322013488
  0.61714608831835582  0.63166940693300166  0.64733343654635567  0.66335541029142120
  0.67992507387009460  0.69691877286517279  0.71403059749249820  0.73100667972540001
  0.74826323446720944  0.76647754145733593  0.78604032301172744  0.80630353861240212
  0.82698784072819698  0.84818941735677100  0.87039756731497520  0.89543011332451594
  0.92194080053553518  0.94843499541973963  0.97488533615498885  1.00000000000000000
 -0.00110432702179887  0.01130469787299199  0.02223959884363093  0.03386742967444381
  0.04659058299723385  0.06135513210684017  0.07561671239278274  0.08927402835486259
  0.10214612064968608  0.11418230988236872  0.12572774706986886  0.13749902652036189
  0.14937970020643737  0.16098484985444966  0.17200642154896406  0.18283682779921981
  0.19315258267427690  0.20262809710371282  0.21186775439160463  0.22108049273257085
  0.23106968748130677  0.24193199295605680  0.25327239312291483  0.26412111622683832
  0.27443923501516460  0.28430682879528985  0.29413736897716652  0.30387424994173867
  0.31355458678715586  0.32366042697242248  0.33404752756587908  0.34487300872125765
  0.35536896751038338  0.36504858261782103  0.37464930408411795  0.38476250085036789
  0.39567800646852003  0.40719727008776629  0.41848509834979192  0.42975339073657837
  0.44083991116429860  0.45177325283778980  0.46239925092597595  0.47298824702976050
  0.48385257890743494  0.49428881101301636  0.50433744718545404  0.51418700904590187
  0.52392617276823628  0.53376811908774535  0.54370139411636442  0.55393727296172046
  0.56487352487753029  0.57484367733949426  0.58470442964220259  0.59396190148537142
  0.60333205202494489  0.61282257321319056  0.62288748960197249  0.63300817797509956
  0.64236557883662260  0.65143116624523945  0.66088261066597997  0.67180712090893724
  0.68176419305029790  0.69193790178609893  0.70181041385223009  0.71239297775169119
  0.72270383621240675  0.73392907263557305  0.74601089697135503  0.75758408626569240
  0.76787773765886114  0.77831104426520659  0.78877132544233564  0.79914356056674318
  0.80890748136098745  0.81845861645133389  0.82784698931514356  0.83760901933970711
  0.84750820686644024  0.85751783736332865  0.86818275088595021  0.87902961925576928
  0.89024782664577617  0.90081740267905230  0.91127382659187062  0.92209455362083637
  0.93275446442525811  0.94305027432087551  0.95258916260717641  0.96251187075727873
  0.97193549133459312  0.98117492715108290  0.99035211919174149  1.00000000000000000
 -0.00056000686195873  0.01320848246174646  0.02506306167604825  0.03691827262870846
  0.04855627979218609  0.05914431771842637  0.06790139819838584  0.07619175391434548
  0.08523692644261585  0.09571431896573865  0.10707466918774525  0.11788819750648641
  0.12785088373328055  0.13775486640904175  0.14807911758987710  0.15864987833130761
  0.16841086799546753  0.17773938108635129  0.18683148474917474  0.19621108569027548
  0.20610013644322972  0.21596834513876381  0.22596229685554972  0.23594923360740203
  0.24619421267656941  0.25775304613820488  0.26984867720359318  0.28121424389250776
  0.29123410112897768  0.30059896905599559  0.31008447975639541  0.32002092228522350
  0.32996454468974840  0.33997023942099436  0.34983568502090601  0.36113379840883270
  0.37314958024855022  0.38427391325324983  0.39491743175458704  0.40502636209397253
  0.41565339379606048  0.42628368702755304  0.43674427951191686  0.44703897698662048
  0.45738666448032422  0.46845161259414425  0.47923889874302983  0.48958302401684128
  0.50026690032945154  0.51188778363416065  0.52212790574714119  0.53181160602647437
  0.54169107758214718  0.55280626662815524  0.56492032878337683  0.57600632156158527
  0.58688385801989373  0.59812021335228815  0.60990184679845871  0.62144232916447761
  0.63263225911561172  0.64372637238964436  0.65428170237375716  0.66469636992672032
  0.67510977732651145  0.68529779348703390  0.69515379638210673  0.70523664409244524
  0.71615150852664511  0.72716531881645274  0.73771684738460896  0.74766233858112330
  0.75901552999450095  0.76995241112694845  0.78127764364509822  0.79194139155952603
  0.80234267066452414  0.81203414904086613  0.82280104130019283  0.83404068083784533
  0.84481634967887642  0.85474033483309964  0.86440732386786323  0.87400885740858125
  0.88359551513678025  0.89331632093351376  0.90413343025420334  0.91519977751473758
  0.92619005967748969  0.93648549931601710  0.94605592562007457  0.95581326429442715
  0.96598143578949602  0.97760112531750043  0.98879125136830526  1.00000000000000000
  0.70710199875965385  0.71378919477179725  0.71902969123836369  0.72370996997623749
  0.72753831928046619  0.73135374186804802  0.73574442676111840  0.74047921998781163
  0.74432512092089709  0.74791750631684162  0.75133501399626379  0.75480698908649979
  0.75838458975062917  0.76197047626067715  0.76542698387313657  0.76864086938293408
  0.77170074708032610  0.77488907325455114  0.77821852989048534  0.78158069951010056
  0.78495210768490542  0.78849728806426422  0.79184578936841044  0.79485125874742024
  0.79765218993062659  0.80072109383123724  0.80425193263455141  0.80797150859084910
  0.81114340839555199  0.81412160587595617  0.81710871670495988  0.82030098870498191
  0.82353359205913768  0.82672712156212991  0.82966501920335978  0.83243598747231373
  0.83518341844440658  0.83817989526186520  0.84150837963106273  0.84486214521664860
  0.84800867733868923  0.85098279851823988  0.85381182357920338  0.85666015176338273
  0.85953193680182882  0.86240910395476977  0.86522521234696703  0.86796595032806223
  0.87061367637167963  0.87320197955333612  0.87586616528267924  0.87863264578882305
  0.88195635150518470  0.88506852512877898  0.88786941629068772  0.89057943774187276
  0.89341018274216955  0.89632308536774330  0.89930824531911124  0.90221081525020863
  0.90512584464955304  0.90810460093063172  0.91092076150191137  0.91368382986921859
  0.91635480996563745  0.91906523530621798  0.92189439920000160  0.92465350562951520
  0.92715357076943306  0.92950119478424342  0.93180367491293836  0.93409065762725585
  0.93635262096235672  0.93863595789918308  0.94108450734507265  0.94379850975715007
  0.94668649028658869  0.94941962311537464  0.95187574597900182  0.95418692006922490
  0.95643198547476205  0.95881115854433951  0.96139536614315657  0.96402696545174793
  0.96666306209095554  0.96933037773114961  0.97209032547073138  0.97480414217789890
  0.97723752384918428  0.97956719716549545  0.98206146301753261  0.98462720771764600
  0.98740568382826810  0.99058009310678452  0.99457893671078601  1.00000000000000000
 -0.01094690439436426  0.06698712519794536  0.09305864525159281  0.10975530490535283
  0.12422320432962566  0.13507153709645178  0.14353946329956879  0.15137312837111103
  0.15890502303225540  0.16684820599302144  0.17429378268520088  0.18132330495796178
  0.18788283280610116  0.19415143170587396  0.20023030666116753  0.20619226140274044
  0.21239105590658897  0.21876197576875864  0.22519913793817833  0.23151492062376519
  0.23757745893452420  0.24368602762897695  0.24960849867204413  0.25571964889983712
  0.26132593099505036  0.26654051579941945  0.27149742061198118  0.27620945787311929
  0.28121350370349946  0.28659048929355690  0.29178216059251272  0.29670626062667949
  0.30181768958277400  0.30714943569056147  0.31214253135572767  0.31674791457006779
  0.32131216208596491  0.32601629036685176  0.33090181112148659  0.33601265245493522
  0.34111912433572117  0.34602299549890397  0.35057397688399067  0.35544967470812405
  0.36034728056244097  0.36548127874846897  0.37012248158100958  0.37458627108562798
  0.37970677957870391  0.38481716361002438  0.38993227620061621  0.39511884769235611
  0.40054899943308830  0.40635698740985621  0.41219016719644730  0.41869453638084259
  0.42450754876420066  0.43039437930572261  0.43608885827571769  0.44178448077773996
  0.44788080473748842  0.45456239012416860  0.46155050574091222  0.46868821724901699
  0.47609774486233136  0.48374552657298026  0.49108284834199784  0.49829556962340615
  0.50571247572062239  0.51353733244047639  0.52140694751561667  0.52946179013346872
  0.53809362346603518  0.54631392143195789  0.55391121054308923  0.56110434764340122
  0.56825825376332628  0.57587000283218126  0.58430964574945010  0.59452084137023420
  0.60446338826369761  0.61615847054990402  0.62729938516192874  0.63899705453983102
  0.65052459853231281  0.66249891287515428  0.67457406678264453  0.68701612114380428
  0.70069308627119520  0.71613149805016818  0.73401030467572514  0.75514432643332263
  0.77960220692864646  0.80892126519008689  0.85725507094663922  1.00000000000000000
   7.4289003472700000E-006   5.9935333871000002E-002
  <DiscreteSampler_grid>
  Helicity
  1 # 1 for a reference and 2 for a running grid.
  80 # Attribute 'min_bin_probing_points' of the grid.
  1 # Attribute 'grid_mode' of the grid. 1=='default',2=='initialization'
  0.0300000000000000 # Attribute 'small_contrib_threshold' of the grid.
  0.3330000000000000 # Attribute 'damping_power' of the grid.
 # binID   n_entries weight   weight_sqr   abs_weight
    2   684   1.087704372093662E-004   2.899862169314624E-007   1.087704372093662E-004
    4   722   1.128339094926173E-004   7.730399718057499E-007   1.128339094926173E-004
    5   1152   1.731786623621690E-004   7.794813759177325E-007   1.731786623621690E-004
    7   803   1.184534982973525E-004   4.047256738457978E-007   1.184534982973525E-004
    10   805   1.183328962864081E-004   3.841561734323737E-007   1.183328962864081E-004
    12   1327   1.745349829135043E-004   8.868169892873897E-007   1.745349829135043E-004
    13   713   1.101637714119696E-004   1.008659027365020E-006   1.101637714119696E-004
    15   786   1.278650361300342E-004   3.787041897149688E-007   1.278650361300342E-004
  </DiscreteSampler_grid>
  <DiscreteSampler_grid>
  grouped_processes
  1 # 1 for a reference and 2 for a running grid.
  10 # Attribute 'min_bin_probing_points' of the grid.
  1 # Attribute 'grid_mode' of the grid. 1=='default',2=='initialization'
  0.0300000000000000 # Attribute 'small_contrib_threshold' of the grid.
  0.3330000000000000 # Attribute 'damping_power' of the grid.
 # binID   n_entries weight   weight_sqr   abs_weight
    17   10   3.584068215910000E+002   7.931029998940000E+005   3.584068215910000E+002
    14   10   3.538176017150000E+002   7.821724629040000E+005   3.538176017150000E+002
    16   10   3.520124177510000E+002   7.541183277040001E+005   3.520124177510000E+002
    13   10   3.477195571990000E+002   7.475927456490000E+005   3.477195571990000E+002
  </DiscreteSampler_grid>
