  0.00009969437902938  0.00020335622822676  0.00027559455373547  0.00034120779089129
  0.00040177106071532  0.00046235259687372  0.00051603957292537  0.00056538182617419
  0.00060912020865034  0.00064931337505513  0.00068201318241154  0.00071118588609870
  0.00073945169580888  0.00076728230272226  0.00079581080283713  0.00082665065121108
  0.00085832442523215  0.00089066521236928  0.00092180298309212  0.00095189007167629
  0.00098112055532172  0.00101012388355214  0.00104037443514549  0.00107006783128683
  0.00109981314076068  0.00112751639763591  0.00115602069587024  0.00118422624451423
  0.00121239835179255  0.00124095932377708  0.00127047972285695  0.00130121339171312
  0.00133293372322492  0.00136540779355806  0.00140177885305448  0.00143809049088743
  0.00147361347593130  0.00150802183075778  0.00154246030295653  0.00158213769392899
  0.00162239664053218  0.00166614585861009  0.00171049698447996  0.00175296726030483
  0.00179431307203099  0.00183506146271519  0.00187301105940670  0.00191768057715734
  0.00196678397108328  0.00201874804149677  0.00207330350973646  0.00213239936188089
  0.00219672538067896  0.00227222780940427  0.00233180654630171  0.00238468901529708
  0.00243348956806862  0.00248423041917846  0.00253655919152226  0.00259501106461716
  0.00266632827066032  0.00274777267497791  0.00283366765115964  0.00292297189993346
  0.00301805758940160  0.00311188562720156  0.00320827220957938  0.00331424690417252
  0.00342000984754038  0.00352377996625829  0.00363156014352007  0.00376515127320639
  0.00390729048617208  0.00408507459961369  0.00429621929754908  0.00456325678369815
  0.00480853397390539  0.00503805183653766  0.00526622549532475  0.00551065708419220
  0.00578856162952887  0.00608600804060014  0.00634814486302729  0.00657523892539387
  0.00678856541792032  0.00700973464122291  0.00723776918589237  0.00747708243042620
  0.00775177717072655  0.00808608709212295  0.00857932697037472  0.00934292420189859
  0.01053886079971762  0.01214620411070545  0.01267852506106512  1.00000000000000000
  0.00000358282709010  0.00000392588080099  0.00000447757667934  0.00000503725468094
  0.00000560698221939  0.00000616391953582  0.00000673691160770  0.00000732810866551
  0.00000788761051927  0.00000842094589827  0.00000892285426128  0.00000950280313406
  0.00001023707329264  0.00001094326055379  0.00001167376434755  0.00001242052234415
  0.00001325071380401  0.00001404495505377  0.00001485839820286  0.00001566777415462
  0.00001652313061091  0.00001751825853047  0.00001858086656362  0.00001963256691801
  0.00002067994844777  0.00002169596848559  0.00002269271276917  0.00002370543125458
  0.00002473637360663  0.00002577645546490  0.00002677152810243  0.00002782855716695
  0.00002894089779203  0.00003015612655064  0.00003159463563334  0.00003278072563823
  0.00003397214328934  0.00003518264034824  0.00003643783481124  0.00003796916950599
  0.00003959554992616  0.00004126952454962  0.00004303724964596  0.00004502157193065
  0.00004694797195865  0.00004901002354270  0.00005111766808035  0.00005323980371332
  0.00005543459664021  0.00005782122974105  0.00006063578210511  0.00006309649931213
  0.00006572263033875  0.00006844516066116  0.00007128352759052  0.00007459291583847
  0.00007860731570271  0.00008316360225981  0.00008787800911589  0.00009277263484679
  0.00009831892819182  0.00010468524357106  0.00011133938429701  0.00011875282478011
  0.00012661519711874  0.00013512916117638  0.00014453302185801  0.00015489619693760
  0.00016640091656532  0.00017969204539112  0.00019392879614656  0.00020947666343212
  0.00022676943788063  0.00024722345324947  0.00027106318989756  0.00030058785176937
  0.00033358554512619  0.00036902652931915  0.00040941371386398  0.00046204434721859
  0.00053104297671506  0.00062682208672293  0.00074369224245138  0.00086563235555494
  0.00100790376251459  0.00118980683438401  0.00143103400342939  0.00175703679695445
  0.00215123275788852  0.00252493029538516  0.00296825632204760  0.00361535898380997
  0.00496220004481081  0.00847542810688030  0.03668824199952637  1.00000000000000000
  0.00133741358454133  0.01539349041871274  0.03092122671131291  0.04792511932804593
  0.06536762904813252  0.08412701942890451  0.09770237785723852  0.10904137804495109
  0.11973428860418429  0.12979953575186431  0.13953726235332239  0.14894445533741549
  0.15837158125786177  0.16859279631917704  0.18019660271873308  0.19285380954056797
  0.20301621963045186  0.21246942414780859  0.22163245913651175  0.23112863276705453
  0.24095560984132669  0.25165788440564518  0.26234299820776802  0.27233207131877529
  0.28091014725870578  0.28858619618789833  0.29638292769773822  0.30446384720914577
  0.31309600965461293  0.32260901059095570  0.33282136059697220  0.34323143882781515
  0.35340234205364696  0.36324976314030483  0.37337792995056557  0.38372454063863504
  0.39305130699635626  0.40190909531294150  0.41084481217820634  0.42084252204112843
  0.43143110221062686  0.44228415345775135  0.45346260339802835  0.46521774028841023
  0.47726069185806036  0.48768468296835293  0.49725158650439311  0.50680187851436342
  0.51653422803555848  0.52604117713239196  0.53529680382858780  0.54477725262901522
  0.55551663250224326  0.56558945245537795  0.57477602774324266  0.58416948275472058
  0.59421701917637670  0.60425833077065494  0.61321358601030118  0.62162213417512924
  0.63053305543252725  0.64029383008082907  0.65017388260137843  0.65910091759785194
  0.66811689248092343  0.67775847473471440  0.68751892729033370  0.69702349908683325
  0.70720082011000063  0.71808908942594496  0.72899926239102697  0.73911310922118112
  0.74838364841165161  0.75761517355622388  0.76711077813211381  0.77709182745995109
  0.78638709255077199  0.79491223541635869  0.80372230544205125  0.81406195744745580
  0.82396808488620532  0.83157654238688505  0.83829055442222389  0.84517367730339976
  0.85279335522908795  0.86187541597089412  0.87307094294982368  0.88182578903967634
  0.89082311079021625  0.89985323082642688  0.90856176240123121  0.92366053964955408
  0.93884582641426750  0.95186158409300770  0.98622298756490490  1.00000000000000000
 -0.00122530404984984  0.00787423860450494  0.01645147031578029  0.02713285167390883
  0.03897144313010754  0.05221473128684150  0.06532134589073083  0.07693232197909738
  0.08731919941072980  0.09760177080684476  0.10778321604050049  0.11712691916568933
  0.12595342139120233  0.13545520658671142  0.14559143934036844  0.15709843015770575
  0.16839914108914791  0.17975538516272435  0.19060296591551354  0.20164927030739888
  0.21302627890988587  0.22462958028421570  0.23620987280335581  0.24799031544651465
  0.26005725791961620  0.27267084437879535  0.28385203012922627  0.29403079708802904
  0.30444275329313752  0.31527029304222032  0.32726628493294357  0.33968758147187145
  0.35337519138282042  0.36554640812527778  0.37686368646704249  0.38725543073669350
  0.39770867205079036  0.40957671011640584  0.42028923432417664  0.43137496302060868
  0.44290707866168494  0.45634044325844242  0.47045204731008372  0.48243869499891662
  0.49378607105188194  0.50443409481516721  0.51488072435899479  0.52433034454557426
  0.53328554405967021  0.54305885007053878  0.55437965123231991  0.56667412240378456
  0.57706027862045284  0.58604849862532016  0.59467888141991121  0.60326399410237230
  0.61220232908214822  0.62191212067167323  0.63144634460469173  0.64106056192245275
  0.65183977118784253  0.66274043428114671  0.67369641227042432  0.68350248095424482
  0.69386536349732653  0.70426211978040509  0.71421345188024743  0.72398284645357092
  0.73370734385904224  0.74432031782054420  0.75527848281887444  0.76554440823928194
  0.77559212044282111  0.78530762877671190  0.79530837410915334  0.80469769881908770
  0.81462056857351461  0.82496961146394021  0.83539761685566694  0.84505230498035111
  0.85423332529165263  0.86355690943287711  0.87304257362323689  0.88166063527769079
  0.88948743993260826  0.89760765652050789  0.90674991181940978  0.91689620569744135
  0.92645611364645086  0.93589655891470647  0.94614554532818096  0.95817181865454204
  0.97037430643530520  0.98159665294385823  0.99086133873034277  1.00000000000000000
 -0.00210230100342644  0.01037283028674490  0.01949166933770594  0.02991399348286573
  0.04040821001210380  0.05248831366985430  0.06430285399869767  0.07667935454526859
  0.08893443364321270  0.10076404956251619  0.11198949435851951  0.12292403915632275
  0.13585951702660293  0.14847885478875866  0.16005260956442530  0.17070607784719236
  0.18125301429291510  0.19164448515207957  0.20205028694787608  0.21175188418011598
  0.22156452378181318  0.23138257298046710  0.24179578514769448  0.25176682925614319
  0.26177721761407630  0.27250940994766887  0.28406630652727799  0.29653268439905589
  0.30831358612554999  0.31908817737070733  0.32890462562105349  0.33859346869494750
  0.34914888936581606  0.36022054989374969  0.37207454311622606  0.38376581552272016
  0.39592916935565153  0.40500913420677070  0.41491817369211786  0.42418518916326708
  0.43333521233584349  0.44263593435945670  0.45272141832192142  0.46308111332997232
  0.47410062846945827  0.48522359974220014  0.49718084645946659  0.50859845105185109
  0.51912635745267410  0.52918809978553394  0.53905641849043173  0.54879314159172232
  0.55832633857427194  0.56738580423214069  0.57652706746545834  0.58641599508233344
  0.59617529486497056  0.60538024840194116  0.61444851193583283  0.62450997559980703
  0.63592229413159540  0.64759772395586612  0.65883533073218314  0.66892035688439544
  0.67913122390053848  0.68920439086729257  0.70020587530259204  0.71149759138109125
  0.72233731452897809  0.73290481220800419  0.74284954110063517  0.75247948928436248
  0.76178520501352054  0.77060912341288457  0.77887466097702895  0.78726076574758752
  0.79631314283562638  0.80752881040634472  0.81993253836144298  0.83068246714919958
  0.83985742639539329  0.84908863589521955  0.85866185396173134  0.86880740464146011
  0.87945292961656751  0.89119873101523417  0.90191285163448598  0.91271919616548458
  0.92290256139006333  0.93313253134211338  0.94367311106141638  0.95486876925989506
  0.96545830658054310  0.97629403643427226  0.98743357148086042  1.00000000000000000
  0.72351478117847767  0.72632678354627533  0.72727780832673616  0.72798256936911598
  0.72878910512998707  0.72936763519751580  0.73126807662583737  0.73302696833864012
  0.73465376842827124  0.73647930416888985  0.73825763994870319  0.74041151343825284
  0.74240758948413588  0.74453864917513735  0.74689320896557732  0.74902639212094568
  0.75075091921402526  0.75229632346653985  0.75392507984556700  0.75562346583357254
  0.75761240275148367  0.75934513751968291  0.76126828185952411  0.76305961657102594
  0.76485506982411733  0.76662175269302757  0.76847983701859601  0.77028353287686324
  0.77231907839851488  0.77402048974110249  0.77580838302098942  0.77761812474431247
  0.77955970387862583  0.78146216386980438  0.78344817850230297  0.78549346235058937
  0.78759762245984732  0.78960401950009340  0.79158411259682560  0.79377094186742414
  0.79602984358909401  0.79807013744033506  0.80042568611979548  0.80280007718705304
  0.80512046169052487  0.80722714396527240  0.80919963662498973  0.81119852671557779
  0.81348028686324392  0.81591786112365816  0.81860512322807633  0.82108690573036591
  0.82369931969935783  0.82643414449686803  0.82894892854458246  0.83126855734018967
  0.83349246827859613  0.83573490241151960  0.83821295004631857  0.84065198973908062
  0.84314512008543840  0.84573699140599357  0.84837249997392472  0.85108983711056130
  0.85395721910843103  0.85709611898997751  0.86010017021240170  0.86278233649326797
  0.86542030819169569  0.86816345141501194  0.87095511306646878  0.87371368783289272
  0.87652081698887807  0.87984797872157550  0.88364927926216574  0.88720486127051967
  0.89028596834498974  0.89332034122070614  0.89654403737449651  0.90052752748877141
  0.90449009259750457  0.90856786005214463  0.91253046668369531  0.91673706603957372
  0.92079280402312003  0.92502056468449068  0.92930746143593124  0.93410838546635733
  0.93912221044367361  0.94462702238612606  0.95036990630351026  0.95633650418161886
  0.96304566424986593  0.97118446875691089  0.98222448756282565  1.00000000000000000
 -0.00580526550388699  0.14737758311988677  0.19088639107919286  0.22304788990835084
  0.24754042866406817  0.26809276032504548  0.28660941090037595  0.30285400188436473
  0.31723853465990182  0.33067572960174152  0.34485052080896078  0.35865936724008490
  0.37193386344752738  0.38221066258292746  0.39229745180151571  0.40107191089094274
  0.40938171653922939  0.41818208294075176  0.42570877086897657  0.43456787856810714
  0.44333630544531905  0.45224435334865515  0.46053172178473467  0.46831835860873117
  0.47597582727820692  0.48378000918134845  0.49182729026469463  0.49958508869885576
  0.50601927125835089  0.51213270063897387  0.51804781291276436  0.52457830946708417
  0.53201562945814762  0.53900776564190711  0.54543212060332991  0.55105684842531855
  0.55678101724516504  0.56240597739897802  0.56808287946350744  0.57414641936118394
  0.58043183813488064  0.58672547167497346  0.59305804294015196  0.59919276361892349
  0.60503493236235129  0.61036792459053180  0.61560812048383695  0.62051258157746203
  0.62530062382225571  0.63007766677328614  0.63502011543169989  0.64020525872912304
  0.64533145549652660  0.65052218914375193  0.65552704177085863  0.66009174201897114
  0.66471320797633682  0.66957898603710586  0.67499010809931881  0.68096037404831578
  0.68699891114134826  0.69295755677488591  0.69825442838517460  0.70302434679343462
  0.70763264937810666  0.71219747288395785  0.71718691905416798  0.72210015687853557
  0.72724544677632075  0.73235750523506771  0.73757850786630885  0.74289666619703387
  0.74825448873295208  0.75376530448143519  0.75928829606808756  0.76470002074751264
  0.77018761305131778  0.77571886394151579  0.78138260463542686  0.78700449350761370
  0.79230339179824372  0.79807688391605780  0.80393298798495161  0.80991760813962954
  0.81643912726924839  0.82336956354735114  0.83120051127066508  0.84016866086366881
  0.85001877690758920  0.86019713138069587  0.87033016897267279  0.88142063344581434
  0.89400268559026907  0.91090936487947594  0.93616051841110570  1.00000000000000000
   1.0273601916400000E-007   4.0255507692300001E-003
  <DiscreteSampler_grid>
  Helicity
  1 # 1 for a reference and 2 for a running grid.
  80 # Attribute 'min_bin_probing_points' of the grid.
  1 # Attribute 'grid_mode' of the grid. 1=='default',2=='initialization'
  0.0300000000000000 # Attribute 'small_contrib_threshold' of the grid.
  0.3330000000000000 # Attribute 'damping_power' of the grid.
 # binID   n_entries weight   weight_sqr   abs_weight
    1   1280   2.071707626261213E-006   4.905331081938809E-011   2.071707626261213E-006
    2   784   1.225028679246028E-006   3.699566949290384E-011   1.225028679246028E-006
    3   653   1.005714972649392E-006   1.929944363731670E-011   1.005714972649392E-006
    4   351   5.813412052208868E-007   3.067632699634046E-012   5.813412052208868E-007
    13   733   1.001425362416974E-006   4.240238694265104E-011   1.001425362416974E-006
    14   983   1.202132575912635E-006   8.741274842292560E-011   1.202132575912635E-006
    15   700   1.215032397522936E-006   2.158629647890537E-011   1.215032397522936E-006
    16   1548   2.463840258654928E-006   1.114232129467322E-010   2.463840258654928E-006
  </DiscreteSampler_grid>
  <DiscreteSampler_grid>
  grouped_processes
  1 # 1 for a reference and 2 for a running grid.
  10 # Attribute 'min_bin_probing_points' of the grid.
  1 # Attribute 'grid_mode' of the grid. 1=='default',2=='initialization'
  0.0300000000000000 # Attribute 'small_contrib_threshold' of the grid.
  0.3330000000000000 # Attribute 'damping_power' of the grid.
 # binID   n_entries weight   weight_sqr   abs_weight
    16   10   6.226120255050000E+001   1.478944290010000E+004   6.226120255050000E+001
    17   10   6.226120255050000E+001   1.478944290010000E+004   6.226120255050000E+001
    10   10   2.483467596770000E+001   2.725972966640000E+003   2.483467596770000E+001
    11   10   2.483467596770000E+001   2.725972966640000E+003   2.483467596770000E+001
  </DiscreteSampler_grid>
