     
 Collinear #          98
 
 part:           1
 comp:           0
  0.99999999802778683        276.25013743215516        276.25013797697932     
  0.99999999981175380        276.25013792497629        276.25013797697932     
  0.99999999998126055        276.25013797180253        276.25013797697932     
  0.99999999999812672        276.25013797646182        276.25013797697932     
  0.99999999999981271        276.25013797692759        276.25013797697932     
  0.99999999999998102        276.25013797697409        276.25013797697932     
  0.99999999999999789        276.25013797697875        276.25013797697932     
  0.99999999999999978        276.25013797697926        276.25013797697932     
   1.0000000000000000        276.25013797697932        276.25013797697932     
   1.0000000000000000        276.25013797697932        276.25013797697932     
 comp:           1
   0.0000000000000000        0.0000000000000000     
   0.0000000000000000        0.0000000000000000     
   0.0000000000000000        0.0000000000000000     
   0.0000000000000000        0.0000000000000000     
   0.0000000000000000        0.0000000000000000     
   0.0000000000000000        0.0000000000000000     
   0.0000000000000000        0.0000000000000000     
   0.0000000000000000        0.0000000000000000     
   0.0000000000000000        0.0000000000000000     
   0.0000000000000000        0.0000000000000000     
 comp:           2
   0.0000000000000000        0.0000000000000000     
   0.0000000000000000        0.0000000000000000     
   0.0000000000000000        0.0000000000000000     
   0.0000000000000000        0.0000000000000000     
   0.0000000000000000        0.0000000000000000     
   0.0000000000000000        0.0000000000000000     
   0.0000000000000000        0.0000000000000000     
   0.0000000000000000        0.0000000000000000     
   0.0000000000000000        0.0000000000000000     
   0.0000000000000000        0.0000000000000000     
 comp:           3
  0.99999999802778683        276.25013743215516        276.25013797697932     
  0.99999999981175380        276.25013792497629        276.25013797697932     
  0.99999999998126055        276.25013797180253        276.25013797697932     
  0.99999999999812672        276.25013797646182        276.25013797697932     
  0.99999999999981271        276.25013797692759        276.25013797697932     
  0.99999999999998102        276.25013797697409        276.25013797697932     
  0.99999999999999789        276.25013797697875        276.25013797697932     
  0.99999999999999978        276.25013797697926        276.25013797697932     
   1.0000000000000000        276.25013797697932        276.25013797697932     
   1.0000000000000000        276.25013797697932        276.25013797697932     
 
 part:           2
 comp:           0
   1.0000000261837816        276.25000723326968        276.25000000000000     
   1.0000000025089237        276.25000069309016        276.25000000000000     
   1.0000000002498475        276.25000006902036        276.25000000000000     
   1.0000000000249742        276.25000000689914        276.25000000000000     
   1.0000000000024973        276.25000000068991        276.25000000000000     
   1.0000000000002498        276.25000000006901        276.25000000000000     
   1.0000000000000251        276.25000000000693        276.25000000000000     
   1.0000000000000027        276.25000000000074        276.25000000000000     
   1.0000000000000007        276.25000000000017        276.25000000000000     
   1.0000000000000002        276.25000000000006        276.25000000000000     
 comp:           1
   0.0000000000000000        0.0000000000000000     
   0.0000000000000000        0.0000000000000000     
   0.0000000000000000        0.0000000000000000     
   0.0000000000000000        0.0000000000000000     
   0.0000000000000000        0.0000000000000000     
   0.0000000000000000        0.0000000000000000     
   0.0000000000000000        0.0000000000000000     
   0.0000000000000000        0.0000000000000000     
   0.0000000000000000        0.0000000000000000     
   0.0000000000000000        0.0000000000000000     
 comp:           2
   0.0000000000000000        0.0000000000000000     
   0.0000000000000000        0.0000000000000000     
   0.0000000000000000        0.0000000000000000     
   0.0000000000000000        0.0000000000000000     
   0.0000000000000000        0.0000000000000000     
   0.0000000000000000        0.0000000000000000     
   0.0000000000000000        0.0000000000000000     
   0.0000000000000000        0.0000000000000000     
   0.0000000000000000        0.0000000000000000     
   0.0000000000000000        0.0000000000000000     
 comp:           3
   1.0000000261837816       -276.25000723326968       -276.25000000000000     
   1.0000000025089237       -276.25000069309016       -276.25000000000000     
   1.0000000002498475       -276.25000006902036       -276.25000000000000     
   1.0000000000249742       -276.25000000689914       -276.25000000000000     
   1.0000000000024973       -276.25000000068991       -276.25000000000000     
   1.0000000000002498       -276.25000000006901       -276.25000000000000     
   1.0000000000000251       -276.25000000000693       -276.25000000000000     
   1.0000000000000027       -276.25000000000074       -276.25000000000000     
   1.0000000000000007       -276.25000000000017       -276.25000000000000     
   1.0000000000000002       -276.25000000000006       -276.25000000000000     
 
 part:           3
 comp:           0
   1.0000000539705030        231.06379189521789        231.06377942458948     
   1.0000000167363694        231.06378329175826        231.06377942458948     
   1.0000000052823699        231.06378064515386        231.06377942458948     
   1.0000000016701125        231.06377981049198        231.06377942458948     
   1.0000000005281258        231.06377954662022        231.06377942458948     
   1.0000000001670077        231.06377946317892        231.06377942458948     
   1.0000000000528124        231.06377943679254        231.06377942458948     
   1.0000000000167006        231.06377942844841        231.06377942458948     
   1.0000000000052813        231.06377942580980        231.06377942458948     
   1.0000000000016700        231.06377942497537        231.06377942458948     
 comp:           1
   1.0000001163050807       -63.629452196406042       -63.629444795978330     
   1.0000000360664587       -63.629447090867075       -63.629444795978330     
   1.0000000113833756       -63.629445520296194       -63.629444795978330     
   1.0000000035990508       -63.629445024983937       -63.629444795978330     
   1.0000000011380981       -63.629444868394877       -63.629444795978330     
   1.0000000003598977       -63.629444818878412       -63.629444795978330     
   1.0000000001138096       -63.629444803219968       -63.629444795978330     
   1.0000000000359897       -63.629444798268338       -63.629444795978330     
   1.0000000000113809       -63.629444796702494       -63.629444795978330     
   1.0000000000035989       -63.629444796207331       -63.629444795978330     
 comp:           2
   1.0000002657856522        95.235571349860976        95.235546037619272     
   1.0000000824207094        95.235553887000535        95.235546037619272     
   1.0000000260138069        95.235548515058369        95.235546037619272     
   1.0000000082247145        95.235546820904446        95.235546037619272     
   1.0000000026008333        95.235546285311059        95.235546037619272     
   1.0000000008224541        95.235546115946136        95.235546037619272     
   1.0000000002600828        95.235546062388394        95.235546037619272     
   1.0000000000822453        95.235546045451954        95.235546037619272     
   1.0000000000260083        95.235546040096182        95.235546037619272     
   1.0000000000082245        95.235546038402546        95.235546037619272     
 comp:           3
   1.0000000000000000        156.99348613190099        156.99348613190099     
   1.0000000000000000        156.99348613190099        156.99348613190099     
   1.0000000000000000        156.99348613190099        156.99348613190099     
   1.0000000000000000        156.99348613190099        156.99348613190099     
   1.0000000000000000        156.99348613190099        156.99348613190099     
   1.0000000000000000        156.99348613190099        156.99348613190099     
   1.0000000000000000        156.99348613190099        156.99348613190099     
   1.0000000000000000        156.99348613190099        156.99348613190099     
   1.0000000000000000        156.99348613190099        156.99348613190099     
   1.0000000000000000        156.99348613190099        156.99348613190099     
 
 part:           4
 comp:           0
  0.99999999829472597        96.186290227217640        96.186290391241627     
  0.99999999947118956        96.186290340377312        96.186290391241627     
  0.99999999983309573        96.186290375187724        96.186290391241627     
  0.99999999994723021        96.186290386165894        96.186290391241627     
  0.99999999998331301        96.186290389636568        96.186290391241627     
  0.99999999999472311        96.186290390734058        96.186290391241627     
  0.99999999999833122        96.186290391081116        96.186290391241627     
  0.99999999999947231        96.186290391190866        96.186290391241627     
  0.99999999999983324        96.186290391225583        96.186290391241627     
  0.99999999999994726        96.186290391236554        96.186290391241627     
 comp:           1
  0.99999990530144678        32.530798744024587        32.530801824644456     
  0.99999997063377200        32.530800869337511        32.530801824644456     
  0.99999999073136603        32.530801523128360        32.530801824644456     
  0.99999999706956111        32.530801729314931        32.530801824644456     
  0.99999999907333159        32.530801794499190        32.530801824644456     
  0.99999999970696218        32.530801815111701        32.530801824644456     
  0.99999999990733335        32.530801821629936        32.530801824644456     
  0.99999999997069611        32.530801823691178        32.530801824644456     
  0.99999999999073330        32.530801824343001        32.530801824644456     
  0.99999999999706968        32.530801824549130        32.530801824644456     
 comp:           2
   1.0000013148774198        8.0135915650993734        8.0135810282226281     
   1.0000004077463580        8.0135842957311070        8.0135810282226281     
   1.0000001286938081        8.0135820595208873        8.0135810282226281     
   1.0000000406887710        8.0135813542853924        8.0135810282226281     
   1.0000000128666733        8.0135811313307563        8.0135810282226281     
   1.0000000040687915        8.0135810608282192        8.0135810282226281     
   1.0000000012866646        8.0135810385334185        8.0135810282226281     
   1.0000000004068790        8.0135810314831861        8.0135810282226281     
   1.0000000001286664        8.0135810292537073        8.0135810282226281     
   1.0000000000406879        8.0135810285486837        8.0135810282226281     
 comp:           3
   1.0000000000000000        40.769056361504681        40.769056361504681     
   1.0000000000000000        40.769056361504681        40.769056361504681     
   1.0000000000000000        40.769056361504681        40.769056361504681     
   1.0000000000000000        40.769056361504681        40.769056361504681     
   1.0000000000000000        40.769056361504681        40.769056361504681     
   1.0000000000000000        40.769056361504681        40.769056361504681     
   1.0000000000000000        40.769056361504681        40.769056361504681     
   1.0000000000000000        40.769056361504681        40.769056361504681     
   1.0000000000000000        40.769056361504681        40.769056361504681     
   1.0000000000000000        40.769056361504681        40.769056361504681     
 
 part:           5
 comp:           0
  0.99999994536468506        225.24991787756801        225.24993018416887     
  0.99999998305746829        225.24992636786479        225.24993018416887     
  0.99999999465256062        225.24992897965853        225.24993018416887     
  0.99999999830931452        225.24992980334210        225.24993018416887     
  0.99999999946536844        225.24993006374316        225.24993018416887     
  0.99999999983093502        225.24993014608700        225.24993018416887     
  0.99999999994653699        225.24993017212634        225.24993018416887     
  0.99999999998309341        225.24993018036068        225.24993018416887     
  0.99999999999465372        225.24993018296462        225.24993018416887     
  0.99999999999830935        225.24993018378805        225.24993018416887     
 comp:           1
  0.99999976802127799        31.098635757110422        31.098642971333874     
  0.99999992806289073        31.098640734187395        31.098642971333874     
  0.99999997729505041        31.098642265240752        31.098642971333874     
  0.99999999282143781        31.098642748090331        31.098642971333874     
  0.99999999772998271        31.098642900739417        31.098642971333874     
  0.99999999928215888        31.098642949009989        31.098642971333874     
  0.99999999977299880        31.098642964274443        31.098642971333874     
  0.99999999992821598        31.098642969101487        31.098642971333874     
  0.99999999997729994        31.098642970627932        31.098642971333874     
  0.99999999999282163        31.098642971110635        31.098642971333874     
 comp:           2
  0.99999976101150778       -103.24910239048870       -103.24912706584190     
  0.99999992588914566       -103.24911941396088       -103.24912706584190     
  0.99999997660896811       -103.24912465073828       -103.24912706584190     
  0.99999999260452099       -103.24912630226515       -103.24912706584190     
  0.99999999766138903       -103.24912682438236       -103.24912706584190     
  0.99999999926046756       -103.24912698948583       -103.24912706584190     
  0.99999999976613940       -103.24912704169600       -103.24912706584190     
  0.99999999992604682       -103.24912705820630       -103.24912706584190     
  0.99999999997661393       -103.24912706342731       -103.24912706584190     
  0.99999999999260469       -103.24912706507834       -103.24912706584190     
 comp:           3
   1.0000000000000000       -197.76254249340568       -197.76254249340568     
   1.0000000000000000       -197.76254249340568       -197.76254249340568     
   1.0000000000000000       -197.76254249340568       -197.76254249340568     
   1.0000000000000000       -197.76254249340568       -197.76254249340568     
   1.0000000000000000       -197.76254249340568       -197.76254249340568     
   1.0000000000000000       -197.76254249340568       -197.76254249340568     
   1.0000000000000000       -197.76254249340568       -197.76254249340568     
   1.0000000000000000       -197.76254249340568       -197.76254249340568     
   1.0000000000000000       -197.76254249340568       -197.76254249340568     
   1.0000000000000000       -197.76254249340568       -197.76254249340568     
 
 part:           6
 comp:           0
   1.0484750565195597        1.4466542112762164E-004   1.3797697925961374E-004
   1.0046463320971817        1.3861806612701987E-004   1.3797697925961374E-004
   1.0004627122042533        1.3804082289182318E-004   1.3797697925961374E-004
   1.0000462520970097        1.3798336098424355E-004   1.3797697925961374E-004
   1.0000046250185539        1.3797761740570283E-004   1.3797697925961374E-004
   1.0000004624999437        1.3797704307395888E-004   1.3797697925961374E-004
   1.0000000462499756        1.3797698564104566E-004   1.3797697925961374E-004
   1.0000000046249977        1.3797697989775695E-004   1.3797697925961374E-004
   1.0000000004624994        1.3797697932342801E-004   1.3797697925961374E-004
   1.0000000000462497        1.3797697926599514E-004   1.3797697925961374E-004
 comp:           1
   1.7695271034163614E-005   0.0000000000000000     
   5.4873421711464263E-006   0.0000000000000000     
   1.7319270821539252E-006   0.0000000000000000     
   5.4757867432130299E-007   0.0000000000000000     
   1.7315626917798970E-007   0.0000000000000000     
   5.4756715452583862E-008   0.0000000000000000     
   1.7315590485824935E-008   0.0000000000000000     
   5.4756704054523375E-009   0.0000000000000000     
   1.7315589885228798E-009   0.0000000000000000     
   5.4756706083511724E-010   0.0000000000000000     
 comp:           2
  -6.0524471659508391E-005  -0.0000000000000000     
  -1.8768770768323810E-005  -0.0000000000000000     
  -5.9238409741100030E-006  -0.0000000000000000     
  -1.8729246865631501E-006  -0.0000000000000000     
  -5.9225946221991838E-007  -0.0000000000000000     
  -1.8728852845368822E-007  -0.0000000000000000     
  -5.9225821610960136E-008  -0.0000000000000000     
  -1.8728848946804131E-008  -0.0000000000000000     
  -5.9225819556695822E-009  -0.0000000000000000     
  -1.8728849640794331E-009  -0.0000000000000000     
 comp:           3
  0.94362759781229466        1.3019888549214612E-004   1.3797697925961374E-004
  0.99459987374200542        1.3723188615091513E-004   1.3797697925961374E-004
  0.99946224999122568        1.3790278213780623E-004   1.3797697925961374E-004
  0.99994624752174344        1.3796956265503619E-004   1.3797697925961374E-004
  0.99999462497729830        1.3797623763021791E-004   1.3797697925961374E-004
  0.99999946249998062        1.3797690509698471E-004   1.3797697925961374E-004
  0.99999994625002098        1.3797697184335400E-004   1.3797697925961374E-004
  0.99999999462500255        1.3797697851798782E-004   1.3797697925961374E-004
  0.99999999946249996        1.3797697918545111E-004   1.3797697925961374E-004
  0.99999999994624977        1.3797697925219745E-004   1.3797697925961374E-004
 
 part: i_fks+j_fks
 comp:           0
   1.0000000222393179        276.25028209757630        276.25027595395858     
   1.0000000021324280        276.25027654304239        276.25027595395858     
   1.0000000002123683        276.25027601262542        276.25027595395858     
   1.0000000000212279        276.25027595982277        276.25027595395858     
   1.0000000000021227        276.25027595454497        276.25027595395858     
   1.0000000000002121        276.25027595401718        276.25027595395858     
   1.0000000000000211        276.25027595396438        276.25027595395858     
   1.0000000000000020        276.25027595395915        276.25027595395858     
   1.0000000000000002        276.25027595395864        276.25027595395858     
   1.0000000000000000        276.25027595395858        276.25027595395858     
 comp:           1
   1.7695271034163614E-005   0.0000000000000000     
   5.4873421711464263E-006   0.0000000000000000     
   1.7319270821539252E-006   0.0000000000000000     
   5.4757867432130299E-007   0.0000000000000000     
   1.7315626917798970E-007   0.0000000000000000     
   5.4756715452583862E-008   0.0000000000000000     
   1.7315590485824935E-008   0.0000000000000000     
   5.4756704054523375E-009   0.0000000000000000     
   1.7315589885228798E-009   0.0000000000000000     
   5.4756706083511724E-010   0.0000000000000000     
 comp:           2
  -6.0524471659508391E-005   0.0000000000000000     
  -1.8768770768323810E-005   0.0000000000000000     
  -5.9238409741100030E-006   0.0000000000000000     
  -1.8729246865631501E-006   0.0000000000000000     
  -5.9225946221991838E-007   0.0000000000000000     
  -1.8728852845368822E-007   0.0000000000000000     
  -5.9225821610960136E-008   0.0000000000000000     
  -1.8728848946804131E-008   0.0000000000000000     
  -5.9225819556695822E-009   0.0000000000000000     
  -1.8728849640794331E-009   0.0000000000000000     
 comp:           3
  0.99999996987182027        276.25026763104063        276.25027595395858     
  0.99999999711458687        276.25027515686241        276.25027595395858     
  0.99999999971267384        276.25027587458464        276.25027595395858     
  0.99999999997127931        276.25027594602449        276.25027595395858     
  0.99999999999712808        276.25027595316521        276.25027595395858     
  0.99999999999971256        276.25027595387917        276.25027595395858     
  0.99999999999997125        276.25027595395062        276.25027595395858     
  0.99999999999999711        276.25027595395778        276.25027595395858     
  0.99999999999999978        276.25027595395852        276.25027595395858     
   1.0000000000000000        276.25027595395858        276.25027595395858     
     
 Collinear #          64
 
 part:           1
 comp:           0
  0.99999999922057847        276.25005431331249        276.25005452862774     
  0.99999999992560495        276.25005450807612        276.25005452862774     
  0.99999999999259426        276.25005452658189        276.25005452862774     
  0.99999999999925981        276.25005452842328        276.25005452862774     
  0.99999999999992595        276.25005452860728        276.25005452862774     
  0.99999999999999256        276.25005452862570        276.25005452862774     
  0.99999999999999933        276.25005452862757        276.25005452862774     
   1.0000000000000002        276.25005452862780        276.25005452862774     
   1.0000000000000002        276.25005452862780        276.25005452862774     
   1.0000000000000000        276.25005452862774        276.25005452862774     
 comp:           1
   0.0000000000000000        0.0000000000000000     
   0.0000000000000000        0.0000000000000000     
   0.0000000000000000        0.0000000000000000     
   0.0000000000000000        0.0000000000000000     
   0.0000000000000000        0.0000000000000000     
   0.0000000000000000        0.0000000000000000     
   0.0000000000000000        0.0000000000000000     
   0.0000000000000000        0.0000000000000000     
   0.0000000000000000        0.0000000000000000     
   0.0000000000000000        0.0000000000000000     
 comp:           2
   0.0000000000000000        0.0000000000000000     
   0.0000000000000000        0.0000000000000000     
   0.0000000000000000        0.0000000000000000     
   0.0000000000000000        0.0000000000000000     
   0.0000000000000000        0.0000000000000000     
   0.0000000000000000        0.0000000000000000     
   0.0000000000000000        0.0000000000000000     
   0.0000000000000000        0.0000000000000000     
   0.0000000000000000        0.0000000000000000     
   0.0000000000000000        0.0000000000000000     
 comp:           3
  0.99999999922057847        276.25005431331249        276.25005452862774     
  0.99999999992560495        276.25005450807612        276.25005452862774     
  0.99999999999259426        276.25005452658189        276.25005452862774     
  0.99999999999925981        276.25005452842328        276.25005452862774     
  0.99999999999992595        276.25005452860728        276.25005452862774     
  0.99999999999999256        276.25005452862570        276.25005452862774     
  0.99999999999999933        276.25005452862757        276.25005452862774     
   1.0000000000000002        276.25005452862780        276.25005452862774     
   1.0000000000000002        276.25005452862780        276.25005452862774     
   1.0000000000000000        276.25005452862774        276.25005452862774     
 
 part:           2
 comp:           0
   1.0000000103478559        276.25000285859517        276.25000000000000     
   1.0000000009915291        276.25000027390990        276.25000000000000     
   1.0000000000987399        276.25000002727688        276.25000000000000     
   1.0000000000098699        276.25000000272655        276.25000000000000     
   1.0000000000009868        276.25000000027262        276.25000000000000     
   1.0000000000000986        276.25000000002723        276.25000000000000     
   1.0000000000000098        276.25000000000273        276.25000000000000     
   1.0000000000000011        276.25000000000028        276.25000000000000     
   1.0000000000000002        276.25000000000006        276.25000000000000     
   1.0000000000000000        276.25000000000000        276.25000000000000     
 comp:           1
   0.0000000000000000        0.0000000000000000     
   0.0000000000000000        0.0000000000000000     
   0.0000000000000000        0.0000000000000000     
   0.0000000000000000        0.0000000000000000     
   0.0000000000000000        0.0000000000000000     
   0.0000000000000000        0.0000000000000000     
   0.0000000000000000        0.0000000000000000     
   0.0000000000000000        0.0000000000000000     
   0.0000000000000000        0.0000000000000000     
   0.0000000000000000        0.0000000000000000     
 comp:           2
   0.0000000000000000        0.0000000000000000     
   0.0000000000000000        0.0000000000000000     
   0.0000000000000000        0.0000000000000000     
   0.0000000000000000        0.0000000000000000     
   0.0000000000000000        0.0000000000000000     
   0.0000000000000000        0.0000000000000000     
   0.0000000000000000        0.0000000000000000     
   0.0000000000000000        0.0000000000000000     
   0.0000000000000000        0.0000000000000000     
   0.0000000000000000        0.0000000000000000     
 comp:           3
   1.0000000103478559       -276.25000285859517       -276.25000000000000     
   1.0000000009915291       -276.25000027390990       -276.25000000000000     
   1.0000000000987399       -276.25000002727688       -276.25000000000000     
   1.0000000000098699       -276.25000000272655       -276.25000000000000     
   1.0000000000009868       -276.25000000027262       -276.25000000000000     
   1.0000000000000986       -276.25000000002723       -276.25000000000000     
   1.0000000000000098       -276.25000000000273       -276.25000000000000     
   1.0000000000000011       -276.25000000000028       -276.25000000000000     
   1.0000000000000002       -276.25000000000006       -276.25000000000000     
   1.0000000000000000       -276.25000000000000       -276.25000000000000     
 
 part:           3
 comp:           0
  0.99999997617761271        244.80157144309692        244.80157727485491     
  0.99999999261262551        244.80157546641399        244.80157727485491     
  0.99999999766838044        244.80157670407075        244.80157727485491     
  0.99999999926281813        244.80157709439163        244.80157727485491     
  0.99999999976688703        244.80157721778849        244.80157727485491     
  0.99999999992628341        244.80157725680897        244.80157727485491     
  0.99999999997668876        244.80157726914828        244.80157727485491     
  0.99999999999262823        244.80157727305030        244.80157727485491     
  0.99999999999766898        244.80157727428426        244.80157727485491     
  0.99999999999926292        244.80157727467446        244.80157727485491     
 comp:           1
   1.0000000026934810       -130.04705741943033       -130.04705706915107     
   1.0000000008352543       -130.04705717777344       -130.04705706915107     
   1.0000000002636249       -130.04705710343470       -130.04705706915107     
   1.0000000000833495       -130.04705707999042       -130.04705706915107     
   1.0000000000263569       -130.04705707257870       -130.04705706915107     
   1.0000000000083349       -130.04705707023498       -130.04705706915107     
   1.0000000000026357       -130.04705706949383       -130.04705706915107     
   1.0000000000008336       -130.04705706925947       -130.04705706915107     
   1.0000000000002636       -130.04705706918534       -130.04705706915107     
   1.0000000000000833       -130.04705706916189       -130.04705706915107     
 comp:           2
  0.99999991732185722        133.48485167711061        133.48486271339115     
  0.99999997436132715        133.48485929101642        133.48486271339115     
  0.99999999190786526        133.48486163321365        133.48486271339115     
  0.99999999744153190        133.48486237187439        133.48486271339115     
  0.99999999919095683        133.48486260539613        133.48486271339115     
  0.99999999974415854        133.48486267924019        133.48486271339115     
  0.99999999991909583        133.48486270259167        133.48486271339115     
  0.99999999997441591        133.48486270997606        133.48486271339115     
  0.99999999999190969        133.48486271231121        133.48486271339115     
  0.99999999999744149        133.48486271304964        133.48486271339115     
 comp:           3
   1.0000000000000000       -97.838472035783752       -97.838472035783752     
   1.0000000000000000       -97.838472035783752       -97.838472035783752     
   1.0000000000000000       -97.838472035783752       -97.838472035783752     
   1.0000000000000000       -97.838472035783752       -97.838472035783752     
   1.0000000000000000       -97.838472035783752       -97.838472035783752     
   1.0000000000000000       -97.838472035783752       -97.838472035783752     
   1.0000000000000000       -97.838472035783752       -97.838472035783752     
   1.0000000000000000       -97.838472035783752       -97.838472035783752     
   1.0000000000000000       -97.838472035783752       -97.838472035783752     
   1.0000000000000000       -97.838472035783752       -97.838472035783752     
 
 part:           4
 comp:           0
  0.99999999316461419        93.828159563870074        93.828160205221749     
  0.99999999788033167        93.828160006337171        93.828160205221749     
  0.99999999933098560        93.828160142449363        93.828160205221749     
  0.99999999978847953        93.828160185375168        93.828160205221749     
  0.99999999993311250        93.828160198945824        93.828160205221749     
  0.99999999997884836        93.828160203237132        93.828160205221749     
  0.99999999999331124        93.828160204594155        93.828160205221749     
  0.99999999999788491        93.828160205023295        93.828160205221749     
  0.99999999999933120        93.828160205158994        93.828160205221749     
  0.99999999999978839        93.828160205201897        93.828160205221749     
 comp:           1
  0.99999999642362203        37.539629933102994        37.539630067358900     
  0.99999999889095736        37.539630025725849        37.539630067358900     
  0.99999999964996156        37.539630054218584        37.539630067358900     
  0.99999999988932931        37.539630063204363        37.539630067358900     
  0.99999999996500344        37.539630066045142        37.539630067358900     
  0.99999999998893307        37.539630066943452        37.539630067358900     
  0.99999999999650047        37.539630067227527        37.539630067358900     
  0.99999999999889333        37.539630067317354        37.539630067358900     
  0.99999999999965006        37.539630067345762        37.539630067358900     
  0.99999999999988931        37.539630067354743        37.539630067358900     
 comp:           2
  0.99999967548050317        13.034692486607502        13.034696716620722     
  0.99999989936579492        13.034695404884379        13.034696716620722     
  0.99999996823760928        13.034696302607593        13.034696716620722     
  0.99999998995777140        13.034696585723317        13.034696716620722     
  0.99999999682442908        13.034696675228119        13.034696716620722     
  0.99999999899579828        13.034696703531257        13.034696716620722     
  0.99999999968244369        13.034696712481471        13.034696716620722     
  0.99999999989957988        13.034696715311776        13.034696716620722     
  0.99999999996824440        13.034696716206797        13.034696716620722     
  0.99999999998995803        13.034696716489828        13.034696716620722     
 comp:           3
   1.0000000000000000       -27.520547760496754       -27.520547760496754     
   1.0000000000000000       -27.520547760496754       -27.520547760496754     
   1.0000000000000000       -27.520547760496754       -27.520547760496754     
   1.0000000000000000       -27.520547760496754       -27.520547760496754     
   1.0000000000000000       -27.520547760496754       -27.520547760496754     
   1.0000000000000000       -27.520547760496754       -27.520547760496754     
   1.0000000000000000       -27.520547760496754       -27.520547760496754     
   1.0000000000000000       -27.520547760496754       -27.520547760496754     
   1.0000000000000000       -27.520547760496754       -27.520547760496754     
   1.0000000000000000       -27.520547760496754       -27.520547760496754     
 
 part:           5
 comp:           0
   1.0484750727133831        5.7171906982338699E-005   5.4528627785476710E-005
   1.0046463337207623        5.4781985987503269E-005   5.4528627785476710E-005
   1.0004627123666183        5.4553858855887780E-005   5.4528627785476710E-005
   1.0000462521132467        5.4531149849744236E-005   5.4528627785476710E-005
   1.0000046250201775        5.4528879981480476E-005   5.4528627785476710E-005
   1.0000004625001062        5.4528653004972852E-005   5.4528627785476710E-005
   1.0000000462499921        5.4528630307425316E-005   5.4528627785476710E-005
   1.0000000046249995        5.4528628037671589E-005   5.4528627785476710E-005
   1.0000000004625000        5.4528627810696202E-005   5.4528627785476710E-005
   1.0000000000462497        5.4528627787998646E-005   5.4528627785476710E-005
 comp:           1
   7.9055573508579305E-007   0.0000000000000000     
   2.4515306061826478E-007   0.0000000000000000     
   7.7375751681488472E-008   0.0000000000000000     
   2.4463680930686722E-008   0.0000000000000000     
   7.7359472145175130E-009   0.0000000000000000     
   2.4463166271294020E-009   0.0000000000000000     
   7.7359309381368346E-010   0.0000000000000000     
   2.4463161179086536E-010   0.0000000000000000     
   7.7359306698139434E-011   0.0000000000000000     
   2.4463162085559461E-011   0.0000000000000000     
 comp:           2
   2.4908111884306713E-005   0.0000000000000000     
   7.7240599133687804E-006   0.0000000000000000     
   2.4378848884142171E-006   0.0000000000000000     
   7.7077943360615544E-007   0.0000000000000000     
   2.4373719675739508E-007   0.0000000000000000     
   7.7076321818557613E-008   0.0000000000000000     
   2.4373668393597973E-008   0.0000000000000000     
   7.7076305774492896E-009   0.0000000000000000     
   2.4373667548190583E-009   0.0000000000000000     
   7.7076308630525433E-010   0.0000000000000000     
 comp:           3
  0.94362758399463464        5.1454717295752091E-005   5.4528627785476710E-005
  0.99459987234604208        5.4234166234639982E-005   5.4528627785476710E-005
  0.99946224985152698        5.4499305007789039E-005   5.4528627785476710E-005
  0.99994624750777317        5.4525696735835534E-005   5.4528627785476710E-005
  0.99999462497590141        5.4528334692788299E-005   5.4528627785476710E-005
  0.99999946249984106        5.4528598476330610E-005   5.4528627785476710E-005
  0.99999994625000732        5.4528624854563366E-005   5.4528627785476710E-005
  0.99999999462500144        5.4528627492385415E-005   5.4528627785476710E-005
  0.99999999946250007        5.4528627756167575E-005   5.4528627785476710E-005
  0.99999999994624966        5.4528627782545780E-005   5.4528627785476710E-005
 
 part:           6
 comp:           0
   1.0000000302665280        213.87026899303365        213.87026251992336     
   1.0000000093857164        213.87026452724899        213.87026251992336     
   1.0000000029623406        213.87026315347990        213.87026251992336     
   1.0000000009365950        213.87026272023320        213.87026251992336     
   1.0000000002961718        213.87026258326568        213.87026251992336     
   1.0000000000936575        213.87026253995393        213.87026251992336     
   1.0000000000296172        213.87026252625759        213.87026251992336     
   1.0000000000093656        213.87026252192641        213.87026251992336     
   1.0000000000029619        213.87026252055679        213.87026251992336     
   1.0000000000009366        213.87026252012367        213.87026251992336     
 comp:           1
  0.99999999669193518        92.507426695771599        92.507427001792166     
  0.99999999897416192        92.507426906894523        92.507427001792166     
  0.99999999967622266        92.507426971840360        92.507427001792166     
  0.99999999989763211        92.507426992322380        92.507427001792166     
  0.99999999996762901        92.507426998797612        92.507427001792166     
  0.99999999998976352        92.507427000845212        92.507427001792166     
  0.99999999999676292        92.507427001492715        92.507427001792166     
  0.99999999999897626        92.507427001697465        92.507427001792166     
  0.99999999999967637        92.507427001762224        92.507427001792166     
  0.99999999999989764        92.507427001782702        92.507427001792166     
 comp:           2
   1.0000000658056725       -146.51956907183001       -146.51955943001187     
   1.0000000204064827       -146.51956241996072       -146.51955943001187     
   1.0000000064407391       -146.51956037370613       -146.51955943001187     
   1.0000000020363511       -146.51955972837712       -146.51955943001187     
   1.0000000006439382       -146.51955952436143       -146.51955943001187     
   1.0000000002036307       -146.51955945984776       -146.51955943001187     
   1.0000000000643936       -146.51955943944679       -146.51955943001187     
   1.0000000000203630       -146.51955943299546       -146.51955943001187     
   1.0000000000064393       -146.51955943095535       -146.51955943001187     
   1.0000000000020364       -146.51955943031024       -146.51955943001187     
 comp:           3
   1.0000000000000000        125.35901979628051        125.35901979628051     
   1.0000000000000000        125.35901979628051        125.35901979628051     
   1.0000000000000000        125.35901979628051        125.35901979628051     
   1.0000000000000000        125.35901979628051        125.35901979628051     
   1.0000000000000000        125.35901979628051        125.35901979628051     
   1.0000000000000000        125.35901979628051        125.35901979628051     
   1.0000000000000000        125.35901979628051        125.35901979628051     
   1.0000000000000000        125.35901979628051        125.35901979628051     
   1.0000000000000000        125.35901979628051        125.35901979628051     
   1.0000000000000000        125.35901979628051        125.35901979628051     
 
 part: i_fks+j_fks
 comp:           0
   1.0000000087890062        276.25011148521946        276.25010905725554     
   1.0000000008427383        276.25010929006208        276.25010905725554     
   1.0000000000839282        276.25010908044072        276.25010905725554     
   1.0000000000083893        276.25010905957311        276.25010905725554     
   1.0000000000008387        276.25010905748724        276.25010905725554     
   1.0000000000000837        276.25010905727868        276.25010905725554     
   1.0000000000000084        276.25010905725787        276.25010905725554     
   1.0000000000000011        276.25010905725583        276.25010905725554     
   1.0000000000000002        276.25010905725560        276.25010905725554     
   1.0000000000000000        276.25010905725554        276.25010905725554     
 comp:           1
   7.9055573508579305E-007   0.0000000000000000     
   2.4515306061826478E-007   0.0000000000000000     
   7.7375751681488472E-008   0.0000000000000000     
   2.4463680930686722E-008   0.0000000000000000     
   7.7359472145175130E-009   0.0000000000000000     
   2.4463166271294020E-009   0.0000000000000000     
   7.7359309381368346E-010   0.0000000000000000     
   2.4463161179086536E-010   0.0000000000000000     
   7.7359306698139434E-011   0.0000000000000000     
   2.4463162085559461E-011   0.0000000000000000     
 comp:           2
   2.4908111884306713E-005   0.0000000000000000     
   7.7240599133687804E-006   0.0000000000000000     
   2.4378848884142171E-006   0.0000000000000000     
   7.7077943360615544E-007   0.0000000000000000     
   2.4373719675739508E-007   0.0000000000000000     
   7.7076321818557613E-008   0.0000000000000000     
   2.4373668393597973E-008   0.0000000000000000     
   7.7076305774492896E-009   0.0000000000000000     
   2.4373667548190583E-009   0.0000000000000000     
   7.7076308630525433E-010   0.0000000000000000     
 comp:           3
  0.99999998809330526        276.25010576802981        276.25010905725554     
  0.99999999885968116        276.25010874224233        276.25010905725554     
  0.99999999988644839        276.25010902588690        276.25010905725554     
  0.99999999998864963        276.25010905412000        276.25010905725554     
  0.99999999999886502        276.25010905694199        276.25010905725554     
  0.99999999999988642        276.25010905722417        276.25010905725554     
  0.99999999999998868        276.25010905725242        276.25010905725554     
  0.99999999999999922        276.25010905725532        276.25010905725554     
   1.0000000000000000        276.25010905725554        276.25010905725554     
   1.0000000000000000        276.25010905725554        276.25010905725554     
