   0.0000000000000000        0.0000000000000000        0.0000000000000000        0.0000000000000000        0.0000000000000000        0.0000000000000000        0.0000000000000000     
   1.8690593138281881E-002   1.5936550961088310E-002   2.1587224520976368E-002  0.14742569451924709        6.3704358393915889E-002   7.4450273907051820E-002   1.5657575934532080E-002
   1.0062495893963308       0.98239361599067654       0.79034568736287192       0.79034568736287192       0.85076227634713308       0.79034568736287192       0.87177764619323583     
   3.7257432152849414E-002   3.1901134130502884E-002   4.1711900505906931E-002  0.24190043751403420       0.11944778302258274       0.13584083041396175        3.1292149902804531E-002
  0.86635093744289815       0.95610765082417659       0.87296307491094960        1.1302319994756624        1.0930399546493061        1.3600835424007509       0.85322973447955286     
   5.4870895545850472E-002   4.8552265540723533E-002   5.7909309376975901E-002  0.28711851593344562       0.16051077780604239       0.17730571174055723        4.7591413518640699E-002
  0.79909194413555973       0.86687132095694497       0.87992539555888283       0.93312813170059383       0.98605841274894879        1.3401252213506829       0.92924315256437751     
   7.2471446707391335E-002   6.5057200452058081E-002   7.3208152470950166E-002  0.32172270762581640       0.19615103937842146       0.21393611680143843        6.3854326180186091E-002
  0.91971019333964588       0.87976983064252712       0.88245863649716905       0.81635762663556144        1.0330781012586869       0.98985979779671518       0.84598920692661350     
   8.9630603820236437E-002   8.0855607435170812E-002   8.5831013662585262E-002  0.34975442319306232       0.22460697433207708       0.24375474829927959        7.9671883286056275E-002
  0.81100383779565943       0.88318944735988603       0.91178062116090497       0.83497605340597181        1.1676522291850377        1.0824761508960510       0.92255941242368633     
  0.10670039809143654        9.6664370273607803E-002   9.8668815746769514E-002  0.37334988167644390       0.25072974260190978       0.27148842101246856        9.5512188614168339E-002
  0.94822065881451378       0.87820856089924726       0.91660759037775941       0.85296196603556917        1.2549274473308394        1.0579506944548247       0.87047983459156686     
  0.12375081984219378       0.11177412231107131       0.11180450003236722       0.39415506476237955       0.27419889021310268       0.29580865198948220       0.11140835059240803     
  0.88650720667905447       0.81121509410395198       0.88999724848508333       0.83837799131633473        1.0516633109517264        1.0261332970232855       0.91999750037741579     
  0.14057738242232731       0.12713128035013524       0.12473673357018508       0.41322780210625326       0.29634374449913126       0.31898853177839920       0.12707083559005444     
  0.80799236906397354       0.87313632822018650       0.90686478754555377       0.92081692482271549        1.1254753376920164        1.0177505656649921       0.88249571059170151     
  0.15665402436503145       0.14180933627578449       0.13695333207729671       0.43153368533815167       0.31689387475510516       0.34026230192898138       0.14295297496484019     
  0.86053915875439480       0.88229090484556050       0.97994737471168303       0.82348588760795460        1.0268312409389109       0.92099684276516913       0.95303235558220789     
  0.17253994426412236       0.15657097674178830       0.14887233086804416       0.44764504551569079       0.33688565902798945       0.36056661848966792       0.15891778680638025     
  0.97769762524128767       0.85132097513580085       0.85866504307092384       0.82746110100178183        1.0040520205669070       0.87749788820746899       0.91654640216213579     
  0.18763865540082991       0.17174240652197359       0.16033501081397730       0.46304068968555295       0.35634838430947158       0.37997149226793819       0.17500151429968408     
  0.90486499771741613       0.84930566504145477       0.94404731357687444       0.79034568736287192       0.89834680895440178       0.81150107816080008       0.93069094687712894     
  0.20275919354324351       0.18669145101078921       0.17172841912449088       0.47712136575518921       0.37537704513796200       0.39833033902652326       0.19101727840180383     
  0.81939862182642853       0.90227311669772459       0.80675205613606682       0.80654020958276140       0.94981205554749992       0.87404491637419301       0.83808499900019495     
  0.21852901655767795       0.20220300610175385       0.18260489426520352       0.49089866671773791       0.39407454698114641       0.41602607446913192       0.20710627863926581     
  0.94177852428260045       0.92928847512836976       0.88324168998629993       0.87817134371737571       0.93832505302829039       0.82504794173703555       0.87462113699061872     
  0.23419433015554086       0.21752276061936152       0.19356407658200062       0.50352020617691950       0.41212931874346209       0.43292361631413179       0.22325698777453867     
  0.80426685254804353       0.90507444916773583       0.93306176357383441       0.80873999956505693       0.99786381919113909       0.80399402398115272       0.97276565882124910     
  0.24990070780918708       0.23299451162048826       0.20462700199969536       0.51585213913441264       0.42978080604668756       0.44914629580437576       0.23989212080915240     
  0.88670133490357350       0.80303757688563560       0.98157180884211581       0.90014558601797123       0.86016152942881730       0.86673267561110756       0.85738040115314074     
  0.26564772781015805       0.24854951594751193       0.21557323888375748       0.52786175414368797       0.44684169974870563       0.46499257104300085       0.25678818968319644     
  0.89587818277816411       0.93396755872723647        1.0959499754846944       0.85064662769683053       0.86841873792785884       0.93879691461418380       0.91996553025518468     
  0.28151341696145898       0.26485488197735751       0.22616361279972771       0.53980880561882738       0.46337623463220573       0.48049408017175727       0.27269824586731417     
  0.98102677313249353       0.85510930606950386       0.84550390083352756       0.87097773869190365       0.85589397229744912       0.86174358897753556        1.0401303560453103     
  0.29725687712674453       0.28124197046205124       0.23670521612402917       0.55063870942488857       0.47927305527003983       0.49517830683874003       0.28848103143344361     
  0.88775476725364988       0.88822731871139227       0.83533761539924256       0.82573209907133294       0.88521187073307395       0.98651664450184606       0.84758074646309456     
  0.31301187715686363       0.29688803169709632       0.24735197910248197       0.56125866948518011       0.49467598723469802       0.50948208923800542       0.30377234491138394     
  0.92386767950355975       0.86485936071248826       0.95027386010476300       0.82488886613796752       0.82089295470224688       0.89073561473159424       0.86763608929704217     
  0.32862818508641106       0.31284796218314403       0.25806290739635757       0.57139722468829590       0.50987746511437604       0.52323046931430595       0.31900910076160904     
  0.90684727346511262       0.98063532196040581       0.82873751783192806       0.82095712971941492       0.87482781367963980       0.89688263705943128        1.0085651523609036     
  0.34400615891108338       0.32866831585662615       0.26897871413961155       0.58145565610620553       0.52493979021262360       0.53659989204704739       0.33437635795122850     
   1.0359241997972759       0.88737672216294317       0.89926211300389935       0.85192361466844380       0.79144129795462514       0.89317868567709569       0.84561234251129580     
  0.35956512362709081       0.34461270521969956       0.27977188612721815       0.59087186852445528       0.53939297606806125       0.54937600793794694       0.34995105018242850     
  0.94349118845283042       0.98516420737562338       0.85931872254854180       0.79505764269399237       0.82995411877240344       0.84687499252425491       0.88716226474490811     
  0.37395208622376763       0.36042764572697250       0.29024857141259691       0.60001318363126310       0.55341985364328428       0.56174859068061700       0.36568456128671234     
  0.83787375024991106       0.87663672469943787       0.87866692342190444       0.87637983273726605       0.85889953237640038       0.88776825944856397       0.84526699311213560     
  0.38858729104455020       0.37621728223159090       0.30083492611765883       0.60887138044059452       0.56738293033686549       0.57379357690190269       0.38134245409010603     
  0.87784561670760231       0.92160771505652017       0.86609891965505714       0.82556279867134719       0.80513916033980737       0.89073501780540343       0.84860016826914464     
  0.40208544811912911       0.39127047344136823       0.31140595229448748       0.61761722005708630       0.58140870642811449       0.58574229596383354       0.39736317424672246     
  0.80780199934703756       0.79539898231329986       0.88428067162087287       0.89863827405112218       0.83664305299949238       0.83277831330311147       0.86626203865817331     
  0.41582007924941344       0.40653337852130883       0.32214448255465827       0.62601360289725327       0.59515137313211808       0.59763934935690111       0.41352256300210927     
  0.93939985882097454       0.90713334327332784       0.81527871962188003       0.81529720460241839       0.81092292022018253       0.92968778946797126       0.90721503065863218     
  0.42973270313644563       0.42215569875898767       0.33290073392712066       0.63425153460952821       0.60859554445997177       0.60928565647400312       0.42944154690742381     
  0.81400672851638411       0.98693487592107965       0.90721548543369346       0.92326105548503545       0.81649355008583058       0.80424108895007618       0.84161281791947617     
  0.44373449402731124       0.43769747438659729       0.34360647951147816       0.64228349298342535       0.62177279154279397       0.62060840765229264       0.44553062202536980     
   1.0299780234882148       0.82767076907857151       0.87117361816619643       0.85048348244193528       0.79034568736287192       0.92481738408907266       0.82300873172644107     
  0.45768759910683460       0.45358763803225516       0.35450416661814865       0.65021148303908360       0.63466738484878338       0.63184774788128839       0.46120147551975538     
  0.92465526352407035       0.95148651690871133       0.85529918896280355       0.85182620013871169       0.80966976614742170       0.92604992413449616       0.94246871948782196     
  0.47169089135260939       0.46958868198190934       0.36548446495169018       0.65792794949139100       0.64729751397328561       0.64304176862438212       0.47675572493475193     
  0.88396628475118733       0.96134847747863483       0.97756493849386961       0.84587034293518304       0.82750027543638560       0.92355954862158973       0.90167531492422492     
  0.48600992916599767       0.48537989947171356       0.37669226030390812       0.66550533463900186       0.65969369399350519       0.65417027234323633       0.49198111692127916     
  0.87898315937774041       0.84203837116849389       0.86329351061483461       0.86152443474395279       0.80753395538161321       0.94473833514202687       0.88981749403426713     
  0.50037495810229327       0.50142136472774246       0.38799434265911825       0.67290682851769623       0.67178319303832124       0.66513468323411917       0.50711370358400820     
  0.90764291648765427        1.0100071624200255        1.0199454061880329       0.92431932743513978       0.80740085872008271       0.93133870991869616       0.92778273809338951     
  0.51415410152806451       0.51637463626005164       0.39944975705127100       0.68023036340886156       0.68351668634000251       0.67586743083341083       0.52226713229353472     
  0.92705176643777865       0.97447190325668853        1.0012364139467822       0.84718820846231380       0.80468122273450582       0.88741923733376238       0.86295064838023361     
  0.52795202968702648       0.53137935308621187       0.41097475372795605       0.68743252753073592       0.69496846311633742       0.68651486851037991       0.53758052588835392     
  0.81511373499637974       0.83120144513408423       0.91863707438256825       0.82493232465117561       0.80479050380259565        1.0464040524999698       0.90363968441900544     
  0.54163971422193902       0.54675466716278698       0.42274805648489389       0.69457022507181476       0.70609473232350073       0.69719587400224070       0.55265050551125317     
   1.0365350648185589       0.86780596036109237       0.87805198572787391       0.86222480566070026       0.80129795278325355       0.98963442034731652       0.84230498307135970     
  0.55518527454301725       0.56200916727402639       0.43459270640479997       0.70161683888570225       0.71697269303707090       0.70806227807717659       0.56760855190190518     
  0.85531663596589780       0.96541129320222696       0.98905150547793541       0.93162116841763642        1.1510170768379469       0.93434663462508949       0.85959771399215246     
  0.56966174218281451       0.57775260600485046       0.44674867605986207       0.70856091362858142       0.72758048573437595       0.71905798282533662       0.58281917237405434     
  0.85863059287933019       0.87221818400504492       0.87300901291017596       0.94508465837667266       0.98236319873373146       0.85844727798753706        1.0283752634583827     
  0.58439940820470360       0.59363091013472025       0.45891507283194943       0.71540690307181931       0.73808877192558608       0.73008212926611371       0.59816317412546671     
  0.91783048203476836       0.91672136449945363       0.89616571066274731       0.95411146836757676       0.93661356822685315       0.88501694037629441       0.93244592714717134     
  0.59936495797959610       0.60941313601826397       0.47156602086022720       0.72219756951879943       0.74853128183247974       0.74107092322717583       0.61362041108291798     
  0.94444543210381893       0.89648420147224939       0.86991118128163858       0.97809006020305245       0.96298305236051107       0.84952431485980651       0.92326269268354388     
  0.61443432136447751       0.62485375363031148       0.48443654493217203       0.72894175425275420       0.75903357754143463       0.75191659147886769       0.62904337657552900     
  0.91974723055204632       0.95873629643824032       0.83607178462465181       0.81320522459735733       0.86590241704638227       0.87328009035050780       0.87338541138229542     
  0.62928485853680061       0.64133129635049990       0.49736953451543986       0.73561943826993514       0.76957621917082408       0.76258449296244069       0.64417884684662252     
  0.91757539900311336       0.91344978904116814       0.99387336693772865       0.91724391221552593       0.86644423016515504        1.0037203165913764        1.0465813659597316     
  0.64407633960415267       0.65750118550586911       0.51039250777226641       0.74233363120896179       0.78012138256883867       0.77326808470761021       0.65934350147563670     
  0.90010155195830799       0.90205889155052410       0.84590275362716927       0.94663573646641630       0.83738793119073773       0.90336646675797017       0.85431976250819730     
  0.65850683630726614       0.67355740459994318       0.52336224149179977       0.74909531102164384       0.79061114531645771       0.78420724137896702       0.67487923849176001     
  0.92063650304341660       0.89285160804281416       0.93290390534525158       0.90617912873556317       0.82430486443962048       0.93598510464717011       0.89558107165296186     
  0.67280789647056671       0.68964556860486204       0.53627172468149076       0.75587320764317423       0.80099551203808839       0.79512101668607060       0.69032724163193482     
  0.87223695455962902       0.90468146771880231       0.86223904213772073       0.83704852882760306       0.80802292977743717       0.86058078104340507       0.83030096851865143     
  0.68709887025055449       0.70583632645544692       0.54964043774191018       0.76266522811098270       0.81132798483857693       0.80574093694977889       0.70564561570152251     
  0.92993623488367794       0.99684865944735501       0.87481503598372223       0.87750760007243567       0.86736111981367658       0.84920888682846885       0.89172201915919846     
  0.70129452810178383       0.72205302620850420       0.56295477566760221       0.76934410886300075       0.82166958705944160       0.81650250160747351       0.72097964824805427     
  0.85531769148467629       0.91513149220351286       0.85716592523503687       0.89588123477895254       0.86002296226607267       0.81264812642615303       0.90688071329871922     
  0.71610000729783863       0.73773190890222784       0.57670431422091384       0.77579649080363655       0.83205472377531775       0.82715646948775745       0.73640544148200626     
  0.93615683214599066       0.83107530210928315       0.83725380841745856       0.84114543163179789       0.85974282901822574       0.81569952486925168       0.90096328199141273     
  0.73091000717369570       0.75337100731946138       0.59062450726752969       0.78235491648655975       0.84236603012314315       0.83787609678734165       0.75162204265839305     
  0.90960578908622702       0.83570178158067354       0.85698486843457145       0.86909528125026092       0.90173954492112285       0.79824679653637198       0.88931108917873036     
  0.74612592248324439       0.76907022321330865       0.60512698745442617       0.78935116898069002       0.85251199387422449       0.84882682898930029       0.76705079907079210     
  0.85337271956577154       0.83733160305785603       0.80697637011250900       0.84617100470437689       0.80152370976937848       0.83300379809195879       0.87338276661497072     
  0.76137109026471217       0.78508199217907326       0.61972702352388909       0.79630329144839918       0.86251702174565381       0.85965583437999937       0.78228734560925772     
  0.91579578440561260       0.84513342586877749       0.91429920307341817        1.0215899442990892       0.84821530479165230       0.84820025377527386       0.88079424119690441     
  0.77712049379881010       0.80056687717878350       0.63513925508480173       0.80345667703319956       0.87229824492824592       0.87019492919473174       0.79766352084379077     
  0.86606608287860742       0.92334733104528921       0.90575648808663989       0.87561943167405354       0.84616042589573215       0.80998898718155687       0.83450843049444678     
  0.79308857434319224       0.81598825173902823       0.65089624790100664       0.81064475289258930       0.88209621370926228       0.88071616006158959       0.81292095539016085     
  0.89236991199416649       0.91161113612702993       0.96999899090272546       0.87665419891184393       0.94303702141133117       0.84455246091772329       0.90987238633238599     
  0.80911955228761012       0.83139333191120213       0.66768311815952597       0.81812808320667696       0.89177401919693144       0.89123324894455846       0.82909835735880966     
  0.86085229020535214       0.86533729764361100       0.88236132584879190       0.94173505289130910       0.79952053552923585       0.82060885851797127       0.92759594292808567     
  0.82492366794712080       0.84691041792955990       0.68511541504393136       0.82563528621160742       0.90150891051645354       0.90169177344914331       0.84509875851070249     
  0.87997357798738707       0.90216565769390311       0.92642851865124420        1.0025810339204118       0.88154779308601205       0.81837051900669910       0.91394818468542405     
  0.84193086773246373       0.86182687489544862       0.70337344745906594       0.83335259114380433       0.91144434790560847       0.91175577005460373       0.86083294251802533     
  0.86082458897989600       0.84150888415707803       0.83874494140379718       0.94579195570275720       0.91238362283731678       0.81466289854857754       0.95304837643096352     
  0.85884129074837312       0.87662103258505997       0.72211434737629709       0.84104136450934852       0.92124091235858452       0.92179887949978079       0.87670248758759017     
  0.93065015949119922       0.88823142275853162       0.81956179008765340       0.94620906565774165       0.87748633473546844       0.85308692240599215       0.91267445186642326     
  0.87603491491453311       0.89188504750091890       0.74301785102649598       0.85041566544350145       0.93098149096060923       0.93151735193858598       0.89200391921598743     
  0.84593466565993136       0.87833418556159915       0.96970039706891764        1.0573812130707785       0.95736518941723903       0.80468122273450582       0.81820344490126229     
  0.89324541716630912       0.90716117750512060       0.76451166414920491       0.86002107488622914       0.94069876489655457       0.94122152203340859       0.90736245905428992     
  0.81517517989373578       0.89351094135924802       0.86114830112125773        1.0262065228604391       0.96729689577938638       0.82479816458653199       0.87296214673194217     
  0.91062816031217197       0.92273922321307711       0.78931867211971940       0.87056394534614912       0.95049141231182466       0.95098959993377330       0.92219793055350008     
  0.89713368683887662       0.86872810493506014       0.84522883786551917        1.1408988595339555       0.88019000273320880       0.82838094913415727       0.83256887849940853     
  0.92830050190697322       0.93849799404319978       0.81457276373028964       0.88149473994300520       0.96029501718562182       0.96070389479603779       0.93702980368734556     
  0.96643022652556276       0.89450778792988062       0.89011508293478780       0.98318144260849227       0.87540964377058006       0.85489956162083403       0.88061596908126405     
  0.94598550450672025       0.95364356257908267       0.84783488133830809       0.89696735036666075       0.97022028041163766       0.97063262490409474       0.95264268984352296     
  0.81424596538331440       0.87926353789826295       0.94472059307968981        1.0499917861227164       0.89205622193364986       0.79722635179255796       0.89074917941712717     
  0.96348459283921506       0.96860050035978529       0.88370108489682908       0.91542490507614360       0.98013060183440148       0.98051899881902482       0.96850611142863963     
  0.84532612087331505       0.84063249417101793       0.87111506572278041        1.0275608798156251       0.91385806498079547       0.81952211600375635       0.88724784960309055     
  0.98185303392814671       0.98424358830102232       0.93780182845235116       0.95119316673188381       0.99007321678392102       0.99027761091257749       0.98425720636460134     
  0.83956308479210651       0.90520993390528026        1.0463114983688475        1.1856620802291560       0.83607922549231783       0.84996747717216015       0.87382203776009282     
   1.0000000000000000        1.0000000000000000        1.0000000000000000        1.0000000000000000        1.0000000000000000        1.0000000000000000        1.0000000000000000     
  0.97341590852111315       0.88059923043983590       0.79746000313363996       0.79034568736287192       0.80354693551829837       0.84279754471136925       0.90423706690554628     
   5.1603739842912235        5.4452292753505125        5.5096848817505597        5.3880144114656616        5.4426637408800058        5.4335192889040025        5.4446830283181047     
   5.4911146575992076        5.4268873372331772        5.5290640270791123        5.4375492469559958        5.4431449231340556        5.4364111174606693        5.4071388104222891     
   5.5228342719731920        5.4384836594428050        5.5092137123416549        5.4739035692078239        5.4452357007688166        5.4491363462306666        5.3955112610242173     
   5.5087669913385930        5.4567465760097571        5.4806677056790809        5.4100760090738422        5.4389950351253935        5.4798997692097720        5.4142819337709120     
   5.5091578561432355        5.4499960779773220        5.3264503502158229        5.4454853780965085        5.4123088491280580        5.4328539998045118        5.4538689515142167     
   5.5241533716563582        5.3566207048702479        5.3349321255901074        5.4256441660797270        5.4120587953774235        5.4592461459726840        5.4374075346866224     
   5.4857002585746821        5.4592126378096237        5.1718322164096948        5.4328532796718045        5.4437940606025883        5.4042699508661807        5.4706786850321736     
   5.1928428403845244        5.4464073768730712        5.3631741126695269        5.4662324515132150        5.4612915075624890        5.4268056607849191        5.4508452842167276     
   1.6457294341598496E-003
           1           1           1           1           1           1           1
  0.19296465798869916       0.17512390084007412        6.1818892693295136E-006   5.4301290532625126        1.6266718314855385E-004   1.2875645636502628E-005
   5.9912678234515498E-004   6.5443784689526703E-004   2.7753442708924760E-005   1.4123418577870132E-002   2.7724276694995804E-005   1.4990806329256323E-006
   5.0000000000000001E-003   5.4515590026433234     
