  0.00000520254971847  0.00000529332038147  0.00000553089177737  0.00000584327966491
  0.00000615885679856  0.00000638972760002  0.00000660236398702  0.00000680587996799
  0.00000699842454278  0.00000724883300712  0.00000749944278999  0.00000776868344328
  0.00000804109635950  0.00000836903150686  0.00000878131633949  0.00000924537559150
  0.00000973992984306  0.00001030433322646  0.00001094024314839  0.00001159065169335
  0.00001222708163790  0.00001289527351612  0.00001351834639518  0.00001426846505533
  0.00001508527426510  0.00001592688576515  0.00001680003644019  0.00001772670064137
  0.00001869017696526  0.00001972442027820  0.00002083420165278  0.00002202081496625
  0.00002332354717470  0.00002486423171095  0.00002658034155624  0.00002833578534652
  0.00003020496851085  0.00003213951064287  0.00003430861878448  0.00003671054025036
  0.00003934819551188  0.00004207807422606  0.00004472756943414  0.00004755461367276
  0.00005075295850993  0.00005450952919510  0.00005803790926387  0.00006240034507373
  0.00006642404227270  0.00007113614605521  0.00007595500415327  0.00008100802258066
  0.00008639413156505  0.00009200973029138  0.00009792609543931  0.00010433782824901
  0.00011093113656991  0.00011776983348882  0.00012572837942227  0.00013315653411698
  0.00014338040386674  0.00015353150459110  0.00016451658140774  0.00017592342502094
  0.00018751254434875  0.00019974954835006  0.00021359891802043  0.00022923628796096
  0.00025108573681935  0.00027117154970679  0.00029487054758672  0.00031873412831575
  0.00034740650016690  0.00037914585367187  0.00041390886932996  0.00044868929363359
  0.00048766867519854  0.00053091219493750  0.00057784759910884  0.00062891188864602
  0.00068936330410889  0.00076233583557451  0.00086549678754489  0.00100482583488250
  0.00118204796894409  0.00142051336905529  0.00178463154051257  0.00239985425130108
  0.00323345807641174  0.00425754028718390  0.00598628713283675  0.00862673815903093
  0.01696180727443543  0.02849221150871266  0.02851401215824881  1.00000000000000000
  0.00024693227701173  0.00025241570862129  0.00025633282254721  0.00025975119143790
  0.00026286896157744  0.00026589442826666  0.00026894511374353  0.00027195961928866
  0.00027577677746338  0.00028072631902525  0.00028589012455062  0.00029084802280871
  0.00029564962158277  0.00030038513742662  0.00030513693417210  0.00030983673854774
  0.00031487212427173  0.00032074890488485  0.00032652612221924  0.00033240156800678
  0.00033834924462700  0.00034410860737932  0.00035003577010613  0.00035626545257547
  0.00036285432513874  0.00037027378486318  0.00037805310610365  0.00038593459787724
  0.00039406721970984  0.00040224089715288  0.00041054290340959  0.00042075206471663
  0.00043064585005306  0.00044067758456283  0.00045071181665569  0.00046088213118239
  0.00047221357226242  0.00048535195110583  0.00049884645436346  0.00051271356574776
  0.00052577858785069  0.00053864532186809  0.00055266663714591  0.00056743314630483
  0.00058252386946063  0.00059756074460733  0.00061283457944629  0.00062973291704914
  0.00064771548022944  0.00066636843563847  0.00068636538021871  0.00070754243145436
  0.00073135028550619  0.00075560706927169  0.00078166115457578  0.00080995415888799
  0.00084120036985158  0.00087402030710523  0.00090753830975216  0.00094355411507906
  0.00097875106431202  0.00101441242578444  0.00105052175882962  0.00109314987818513
  0.00113859224233117  0.00118607138154462  0.00124106285437496  0.00129495011590548
  0.00134401899064317  0.00139353333717374  0.00144899763075247  0.00151633415871065
  0.00160260997761207  0.00169222283138623  0.00177411959215233  0.00184573023854715
  0.00191901460438081  0.00200357882143256  0.00212569226584063  0.00225374196955202
  0.00237036463728841  0.00249769764237374  0.00264292572936155  0.00282937786275054
  0.00304512321713931  0.00328856977524370  0.00356886625979647  0.00386500490590405
  0.00420093787835451  0.00471315961238713  0.00546499725429268  0.00664254645333196
  0.00773938023907235  0.00926338771898335  0.01950034339374953  1.00000000000000000
 -0.00064085837335649  0.00410177820932495  0.00806818206080166  0.01183004144186066
  0.01545155488528671  0.01892370712687250  0.02221714212909223  0.02567608331629617
  0.02944025549854568  0.03359715208519678  0.03794954319724154  0.04254712880629721
  0.04752156260581386  0.05205319610762760  0.05649089821044556  0.06091176968805916
  0.06535925464634273  0.06984617825824660  0.07432121254866661  0.07895186799516607
  0.08403428140411948  0.09016619798094129  0.09651490242512512  0.10250926610870413
  0.10881629534706619  0.11483241200804854  0.12084519521768300  0.12680511750501083
  0.13350424419078083  0.14056400337049890  0.14716003724096327  0.15361170337948712
  0.15997559132058917  0.16672611129089060  0.17376719868650375  0.18103304575607251
  0.18849194540734340  0.19569716971969195  0.20351283008372389  0.21160294135859040
  0.21965671041716167  0.22720945605882992  0.23441986046313296  0.24175508913180288
  0.24975484960518962  0.25778506656051764  0.26518962013027919  0.27208899625423050
  0.27908337363754332  0.28654479191904969  0.29516866411921244  0.30484953512654578
  0.31484751900512259  0.32546408354363399  0.33622665738439689  0.34677464567565980
  0.35801316522831167  0.36875486245274858  0.37923439495690903  0.38942995837145783
  0.40001980268277459  0.41143352853971932  0.42285950474306339  0.43483608741716778
  0.44678662625682619  0.45983478459128768  0.47189710781625471  0.48405320440180916
  0.49681624901112653  0.51075428297301717  0.52530125002327632  0.54012084222203560
  0.55528840454209338  0.57205448813259274  0.58891839897341869  0.60459337821870374
  0.61994859537084435  0.63579573775922749  0.65217684416052779  0.66979852034043730
  0.68866438419905529  0.70584733343736017  0.72154757977801642  0.73619692939045034
  0.75214198164151724  0.76842449395250789  0.78729919170709672  0.80791147071279834
  0.82917874857325158  0.84982795324113769  0.87072358298754471  0.89539733297069313
  0.91901043635179558  0.94380478936823153  0.97124999012222435  1.00000000000000000
 -0.00263690705150259  0.01195017161928110  0.02371868875478845  0.03559817465117773
  0.04678184983990331  0.05784191221256510  0.06806812644879001  0.07915676150487017
  0.09084084957848693  0.10359290560185669  0.11594668607176567  0.12790144940658832
  0.13926954759951107  0.15092395698643699  0.16268601342468697  0.17435967275482686
  0.18491960391875439  0.19475248380844232  0.20475838326649778  0.21500279449672255
  0.22464298533804342  0.23468322594290475  0.24569076556677799  0.25708448833760700
  0.26800225558904839  0.27798999556351522  0.28828486284795213  0.29768170579164688
  0.30747064398353774  0.31724332960560547  0.32743021893469654  0.33785938892054851
  0.34921049795558157  0.36058724372976114  0.37153984240231125  0.38239959331752682
  0.39382807644974971  0.40529928153675676  0.41666008367775970  0.42773426307144824
  0.43905642815640206  0.45027291943196041  0.46104848954122712  0.47075065362243795
  0.48060130254563005  0.49016282630070751  0.50064573276734892  0.51131345711433973
  0.52274601161330247  0.53449653356354887  0.54605958714360092  0.55690367413517095
  0.56651546233593963  0.57517629908528212  0.58416913585904895  0.59330296176352859
  0.60225341403290167  0.61057298108651537  0.61872499910353818  0.62747125907549350
  0.63771745868390961  0.64817226750608636  0.65890544719894917  0.66928858464860685
  0.67956697896083373  0.68982393853704316  0.70041235349047248  0.71221571619739965
  0.72445160007735299  0.73617581235710594  0.74707771039569915  0.75705235627660794
  0.76660274346804680  0.77695936845536129  0.78780303293028853  0.79798084736464892
  0.80734763527344144  0.81657962144073681  0.82609188449264104  0.83503178068489825
  0.84451596083235092  0.85413451718882483  0.86589237491453408  0.87747768178997310
  0.88840120302495684  0.89885745743122547  0.90933932955254904  0.92021520604863127
  0.93123657634435031  0.94160965361918014  0.95180195185979755  0.96114033167375978
  0.97049598916620061  0.97971521564641006  0.98954363918778998  1.00000000000000000
  0.00101095717592546  0.01146354160481846  0.02170757692475767  0.03125627096557303
  0.04141451437777444  0.05238035840942291  0.06299381968971221  0.07262817781315510
  0.08240858292349096  0.09348098839222578  0.10503825299867511  0.11598153527380897
  0.12655625629562736  0.13695148906408838  0.14667252594323635  0.15624328053211717
  0.16586001022591365  0.17610473810227090  0.18692173681794547  0.19795768718460330
  0.20847636762467830  0.21820001025667241  0.22749176199680124  0.23658298446603715
  0.24607244495878061  0.25681155019640528  0.26863317509651552  0.28058077699962108
  0.29221568472797083  0.30380877715917770  0.31457789942622572  0.32490542732736222
  0.33486605920946244  0.34471743524902954  0.35411011435914547  0.36399227976138138
  0.37446088187974758  0.38439956325571012  0.39482365545087733  0.40483757427365979
  0.41476902942220578  0.42528858217586418  0.43564885863478969  0.44595179885073993
  0.45623221681739173  0.46705606287737972  0.47841055137814154  0.48885797580640977
  0.49898104372988433  0.50894046392130599  0.51875758653295467  0.52861322860046700
  0.53960202747810271  0.55271998737538053  0.56512260817688431  0.57609511364432930
  0.58698576734661234  0.59862285840163909  0.61025894140505610  0.62144152664484009
  0.63191991287102611  0.64191823252614466  0.65173757239936236  0.66203761654419935
  0.67335294938381740  0.68467101013513332  0.69535327908508082  0.70589119136097167
  0.71728938765150929  0.72904327045439554  0.74009913764617130  0.75105497910040342
  0.76199764333629394  0.77300860918320702  0.78381153449757535  0.79437943812387246
  0.80486111187768417  0.81508323360604718  0.82522166009783204  0.83557887563848654
  0.84631984281649630  0.85708920662478616  0.86760548438954543  0.87793385967701232
  0.88843851109174610  0.89851526204598753  0.90849207303901069  0.91790720975206452
  0.92803411241988831  0.93790247638720881  0.94796167533510245  0.95819754016055347
  0.96897550014767431  0.97960773382452493  0.98988822338181226  1.00000000000000000
  0.70904151082524403  0.71114484838891523  0.71324818595258654  0.71562643462084952
  0.71830468097347622  0.72182150633107922  0.72561232623905259  0.73009660858125069
  0.73504730672658392  0.73914061305249945  0.74312054022879559  0.74737825579799011
  0.75137384915951333  0.75491522740362138  0.75835420042431700  0.76193995019522487
  0.76571488658066156  0.76948657129566400  0.77302270235862514  0.77640638658833117
  0.77973778490996060  0.78301871163203163  0.78607417770961996  0.78912085310818580
  0.79225504800262092  0.79558969306339355  0.79890262000310974  0.80230519251849963
  0.80545657891764577  0.80833235687706573  0.81098866776613088  0.81371881966376391
  0.81680869240155551  0.82035401406102249  0.82392245519049856  0.82722517529309059
  0.83033982747712842  0.83347867741937254  0.83651541306861399  0.83951543542930640
  0.84241015191890356  0.84554237516162367  0.84886706403050083  0.85200235213676268
  0.85499636781127897  0.85795777154823716  0.86117794037742879  0.86445417228754606
  0.86783219238076248  0.87119943157490720  0.87461841592878486  0.87761123133536956
  0.88039839085650273  0.88303023086934340  0.88569022249086671  0.88856176108410379
  0.89174684737630749  0.89519167093965812  0.89852111473062057  0.90175631354915264
  0.90497171792669262  0.90779854200146493  0.91052387599198747  0.91325909437377895
  0.91619186036005551  0.91905255274300790  0.92167884912211140  0.92418467714919517
  0.92661765693003917  0.92908130444388126  0.93165807066597339  0.93434495144765695
  0.93713171296783893  0.93996425646161064  0.94288150364713730  0.94587294768165464
  0.94876160019569999  0.95142151070041348  0.95384880060705490  0.95615999470187707
  0.95847201599233267  0.96079946365532309  0.96316422607458319  0.96562317099765260
  0.96796457576122408  0.97029494331352639  0.97255784081560914  0.97487732519223647
  0.97745123334100514  0.98011779343673533  0.98273930718076175  0.98527354690141800
  0.98782513862090537  0.99080177110038237  0.99459206975679082  1.00000000000000000
  0.00013472043419106  0.06636232452845293  0.09340010412804307  0.11021332076397831
  0.12402426186622176  0.13590601668770994  0.14596194029827497  0.15499826789277679
  0.16338635967422604  0.17140230687452043  0.17913449627221054  0.18639692117727549
  0.19338965690657470  0.20018814784952824  0.20682156706997790  0.21336944017173709
  0.21922078724413646  0.22444750440166111  0.22931754393024364  0.23407957340923197
  0.23893655786899828  0.24406801646409818  0.24954404989974482  0.25529433480499730
  0.26093308368256268  0.26640792379362432  0.27170374069752307  0.27678271749204997
  0.28215777875003922  0.28793388589537638  0.29346862070154928  0.29834518984426106
  0.30336088565386043  0.30836949344619113  0.31343266022112914  0.31829409152910271
  0.32293571545444016  0.32736131963792192  0.33184342186312932  0.33647056164598960
  0.34102351127613745  0.34553525894054260  0.35009366206533021  0.35518013582018115
  0.36057612911034070  0.36556542268779552  0.37022303382973087  0.37494829687052794
  0.38048947481882145  0.38587656673426263  0.39117266233997761  0.39660471799116465
  0.40231507791101367  0.40801488275044617  0.41365253196434421  0.41949972512165251
  0.42524373372709395  0.43123451165265136  0.43724607860268422  0.44341629712866132
  0.44974643593638619  0.45624530147301207  0.46294398228911310  0.46979299072675917
  0.47695413565050254  0.48457662112876876  0.49246039754984472  0.50037906208265492
  0.50836924930124228  0.51661966072209231  0.52438573509147168  0.53267607728208521
  0.54133271723308440  0.54899562103243571  0.55594955464270479  0.56303008337908855
  0.57083840752222736  0.57956577424993283  0.58775944756615150  0.59614360133379618
  0.60420133431675160  0.61414946705200402  0.62395660841600420  0.63380790829247591
  0.64371476661010529  0.65465955873271231  0.66701228753287833  0.68137381615483106
  0.69837916833507374  0.71731313841033228  0.73822732885754061  0.76034425810920514
  0.78395370252064556  0.81202260548588934  0.85871640970423169  1.00000000000000000
   7.4289003472700000E-006   5.9935333871000002E-002
  <DiscreteSampler_grid>
  Helicity
  1 # 1 for a reference and 2 for a running grid.
  80 # Attribute 'min_bin_probing_points' of the grid.
  1 # Attribute 'grid_mode' of the grid. 1=='default',2=='initialization'
  0.0300000000000000 # Attribute 'small_contrib_threshold' of the grid.
  0.3330000000000000 # Attribute 'damping_power' of the grid.
 # binID   n_entries weight   weight_sqr   abs_weight
    2   695   1.074389965675532E-004   2.854236326536946E-007   1.074389965675532E-004
    4   723   1.126347066934504E-004   7.719684869086656E-007   1.126347066934504E-004
    5   1140   1.754374246448061E-004   7.877240442624405E-007   1.754374246448061E-004
    7   815   1.168165079093285E-004   3.987613559781156E-007   1.168165079093285E-004
    10   827   1.154519991023315E-004   3.739479479991921E-007   1.154519991023315E-004
    12   1326   1.748955750797728E-004   8.875167319223829E-007   1.748955750797728E-004
    13   672   1.162852107258214E-004   1.070184797318258E-006   1.162852107258214E-004
    15   794   1.265298558704939E-004   3.748830117213327E-007   1.265298558704939E-004
  </DiscreteSampler_grid>
  <DiscreteSampler_grid>
  grouped_processes
  1 # 1 for a reference and 2 for a running grid.
  10 # Attribute 'min_bin_probing_points' of the grid.
  1 # Attribute 'grid_mode' of the grid. 1=='default',2=='initialization'
  0.0300000000000000 # Attribute 'small_contrib_threshold' of the grid.
  0.3330000000000000 # Attribute 'damping_power' of the grid.
 # binID   n_entries weight   weight_sqr   abs_weight
    17   10   3.584068215910000E+002   7.931029998940000E+005   3.584068215910000E+002
    14   10   3.538176017150000E+002   7.821724629040000E+005   3.538176017150000E+002
    16   10   3.520124177510000E+002   7.541183277040001E+005   3.520124177510000E+002
    13   10   3.477195571990000E+002   7.475927456490000E+005   3.477195571990000E+002
  </DiscreteSampler_grid>
