   0.0000000000000000        0.0000000000000000        0.0000000000000000        0.0000000000000000        0.0000000000000000        0.0000000000000000        0.0000000000000000        0.0000000000000000        0.0000000000000000        0.0000000000000000     
   3.4144391595988474E-004   7.8725872456931437E-004   1.1518322811464619E-002   1.4136858814691162E-002   7.7116241263025329E-003  0.96506956170976088        8.0844903382711247E-002   8.1715832345756995E-002   5.7472731675361037E-003   1.8295455531208479E-002
  0.93046844477955237        1.1659708950265004       0.44672100112132013       0.58992861640206429       0.48452315680574287       0.38728590757770559       0.39247940049593855       0.49896985070955480       0.55119383268660482       0.61824670351485222     
   6.8966226244655501E-004   1.5865793229001958E-003   2.3657288113076380E-002   2.5550800658589987E-002   1.5156181031161009E-002  0.97876935122270003       0.12011106795047158       0.12342384719214383        1.1422716690365063E-002   3.6919394064013962E-002
  0.77435497880264337       0.72254973619850826       0.50802714609747157       0.65227518333347823       0.54446436550341570       0.38728590757770559       0.57636001799513237       0.54375790044385142       0.57307306976030825       0.71955207119459652     
   1.0507218720263180E-003   2.4228470833163123E-003   3.6682785870564172E-002   3.4977050842873413E-002   2.2667310937991333E-002  0.98148121378134767       0.14437481935317595       0.15540238359874045        1.6888321206568989E-002   5.6214937177770638E-002
  0.75012640071842929       0.81721520118272750       0.56069114362530925       0.51652562496259080       0.53913098325909348       0.42508300094132390       0.57877050073403880       0.46406948779383184       0.54113912429012556       0.70530777952000101     
   1.4784742916316585E-003   3.3810925667364217E-003   4.8898249757831601E-002   4.2782713608013258E-002   3.0844854924787567E-002  0.98331585675199173       0.16269809687668568       0.18339770377603384        2.1736199205844731E-002   7.6740226943793899E-002
  0.74383123750967339       0.78452081221443171       0.47603477364370678       0.61027732789584699       0.53131631311071137       0.45330298786980550       0.51578706128642537       0.63475500839602028       0.68545228896913735       0.76914454925680187     
   1.9412186635786662E-003   4.4356222736475354E-003   6.1450856721094467E-002   5.0478314335851177E-002   3.9829943702627504E-002  0.98465323707561048       0.17648525605634161       0.21052173861483664        2.6387982558631642E-002   9.6994094796774621E-002
  0.71444828410923855       0.64998964389718761       0.43618211613805219       0.57593059112089440       0.65620911142219651       0.52552484187031268       0.56756505883295005       0.67020800470076469       0.63180943021863967       0.60784137815608885     
   2.4464074920549340E-003   5.5694091614418625E-003   7.8756519188942248E-002   5.9037028925085541E-002   4.8607649853291621E-002  0.98560695720316516       0.18478937562045705       0.23314472635413772        3.2160759874062271E-002  0.11529355988104636     
  0.66595174833606363       0.63950568120791773       0.54554880337269462       0.50147322414417184       0.58194114137216524       0.53303826830372225       0.60803130977322306       0.64059250173625137       0.63420064753537408       0.57218758398036806     
   3.1111887046419637E-003   7.0339474038088670E-003   9.6893528490818392E-002   6.7593455567012545E-002   5.7169066048785695E-002  0.98636353961214085       0.19313446585327235       0.24592409403514306        3.8368871388137146E-002  0.13407776682639133     
  0.52364394016924842       0.97926698974629134       0.51877524493539406       0.53491238207270564       0.47791453343973223       0.40637635802542471       0.51805283643826572       0.50101443063036888       0.69323692493022815       0.62649607097213600     
   3.8668390375244748E-003   8.7145890248024310E-003  0.11510404333414746        7.6716655996482475E-002   6.5676788999682267E-002  0.98704967855401626       0.20130879551357961       0.26000351425049145        4.4408452322803077E-002  0.15253874147800323     
  0.61721021320654601       0.74664853046720325       0.73902833270357982       0.64962576349842283       0.54842217221651346       0.47068597422604169       0.56666859640496214       0.55697058500897911       0.76046169881521652       0.52745565248967619     
   4.7144957132717914E-003   1.0614461123014753E-002  0.13305439976201500        8.6729596295853362E-002   7.5335811738983988E-002  0.98764404609804357       0.20862553733785349       0.27299737620210951        5.0498005499117496E-002  0.17070267118670615     
  0.77632466019734236       0.77520758055902617       0.78601347227872675       0.72758938774903781       0.55013029857487095       0.56631454844166318       0.54997420340661085       0.57693414130859300       0.53231992230847280       0.62122161223999162     
   5.6970279399443692E-003   1.2881448053884090E-002  0.14957497869783815        9.5880232353624223E-002   8.5655433473511455E-002  0.98816028835508152       0.21630499633500322       0.28612468164592358        5.7190217761979002E-002  0.18964107767650792     
  0.53071299160615659       0.61961396126103419       0.61510026651424621       0.51199318293709828       0.62933977969699550       0.64005928368347598       0.80328874201392175       0.57175706361141898       0.84663635868874521       0.46019149416095273     
   6.8113239460153401E-003   1.5390780293085007E-002  0.16329411280954101       0.10480566820590267        9.5617740974140969E-002  0.98864115533608743       0.22290486102263629       0.29948470195003257        6.4288812069087861E-002  0.21041815262720806     
  0.65918418990241068       0.71218295459077663       0.64998236127882070       0.67781017790678610       0.68057398560618643       0.57155705310159777       0.63881985972820599       0.54500978397806565       0.60656969243963177       0.69997417290709596     
   8.0435208586939096E-003   1.8806997667099593E-002  0.17575951079709509       0.11404570471444515       0.10492342907830395       0.98908985864043064       0.22954998526598486       0.31257867504257719        7.2003672887492445E-002  0.23358035063226912     
  0.66599373043368781       0.73388788655719916       0.65707871109455196       0.60975434789710781       0.54272287940719510       0.61106966384744321       0.53030507201739219       0.58126699529455994       0.59301267587008233       0.64692328898600571     
   9.4706134116175691E-003   2.2701712250222189E-002  0.18794146466116904       0.12355246138819156       0.11418610317959810       0.98948947172511470       0.23609823801829344       0.32537585637146693        8.1137621824384776E-002  0.25616922220673155     
  0.52196736978966807       0.54202020775520698       0.47252894565660197       0.62252315995168739       0.61865326932097764       0.57479782676704683       0.54899158278310300       0.68062606131722780       0.66982381772763566       0.63609832298716118     
   1.1090385200447512E-002   2.6894088329581744E-002  0.20019686584848964       0.13327642643783627       0.12554943418441777       0.98984416825948496       0.24292762420321221       0.33775048992875395        9.1239761793289548E-002  0.27681304528976786     
  0.63840024086776814       0.71935507090837225       0.50704165494391340       0.70465455498582430       0.58337105224840236       0.48079535797863365       0.54660402686608212       0.65544252813302795       0.57132125899816355       0.61313703438020251     
   1.2876111774148196E-002   3.1435686829649874E-002  0.21270204362126199       0.14335792397275729       0.13935418740139052       0.99017705189143235       0.24835647449353718       0.34838754991825349       0.10132542612765266       0.29698675894598153     
  0.65816580845717398       0.64607578398576426       0.51083271955186982       0.59255948745691467       0.67849460040979515       0.55302146598727964       0.49050947651723942       0.61791482171852985       0.61107976912320028       0.70845812822049559     
   1.5283989816210864E-002   3.6377989295924458E-002  0.22742935971756084       0.15295563230841666       0.15373009287889458       0.99050467490889704       0.25414776503520875       0.35744696003228410       0.11095269212400652       0.31649435916945756     
  0.56304983870783543       0.61998761919612211       0.58885076915568868       0.58888045113134391       0.52553280446872908       0.65930285277428746       0.53254594805146493       0.47835834612768302       0.73335993180257808       0.57577601468642470     
   1.8137539240374069E-002   4.1595925666447986E-002  0.24348996224655020       0.16196501737274824       0.16775864767565873       0.99081843353594190       0.26014858558437193       0.36607452134563423       0.12199691973027237       0.33177222403589285     
  0.66323875842019919       0.55280173497085872       0.52600617144434036       0.59564483391468936       0.64646808930579480       0.53414150381084691       0.64712038815022255       0.64409369025161478       0.71746778267446187       0.57667833393717216     
   2.1097671207222692E-002   4.6869578003662614E-002  0.25965887993059206       0.17073989518349855       0.18197533070871069       0.99111441590357485       0.26606252638315575       0.37483061790234079       0.13387500083697540       0.34454296249645100     
  0.61846612437219262       0.48566279149423791       0.65575749419364993       0.85810753595948830       0.75743899845625384       0.55765239554137325       0.76894151922975906       0.49133865092938006       0.72916027703167663       0.60082153236462232     
   2.4439031095316137E-002   5.2942226831772882E-002  0.27623509513335714       0.17996188446582409       0.19645398489166360       0.99139464517954157       0.27184632044965917       0.38463433794107532       0.14725360754354760       0.35780856488678464     
  0.58478617334981775       0.57817238772707757       0.70216719840017849       0.65168588536155325       0.61254940027662241       0.67132815267455015       0.63268512023118273       0.53046076959527866       0.65398631903333182       0.61177210826570116     
   2.8014076916023034E-002   5.9655542531101148E-002  0.29186095041830129       0.19056092933655891       0.21214247931156552       0.99165412356176030       0.27753256461815812       0.39616596360376916       0.16165553617192865       0.37059042380381374     
  0.54365847117960520       0.70711701693660223       0.52764516783026083       0.68289011360095142       0.74272618656003098       0.56201780339353735       0.54428965764921178       0.46831692101230465       0.76617600627441207       0.50368723768395640     
   3.1768191303846199E-002   6.6808267141553343E-002  0.30603091177481179       0.20235154486017831       0.22814747878182748       0.99189545263709689       0.28345785272692664       0.40850123820217032       0.17612945692541171       0.38376866896886253     
  0.54162813192323633       0.69792514016353679       0.63191417576704956       0.77004911709726942       0.59286177703670095       0.56160876783685587       0.57670528361433782       0.61787060577533992       0.55562025405009119       0.45366095329578071     
   3.5672998925953769E-002   7.4797506243633474E-002  0.31961729214446283       0.21409893324670584       0.24510847323008847       0.99212456198943966       0.28948921625547835       0.42016343759578034       0.19029408057068670       0.40160635831916419     
  0.48575715112558454       0.67028604970639860       0.48483758614681594       0.80146089301710055       0.71281975082009352       0.57999378243225519       0.74032536945139304       0.52435550279099963       0.83363329613711590       0.58749094653455891     
   3.9687800980946923E-002   8.2888546345500941E-002  0.33423386393750465       0.22587190910697535       0.26148809133013629       0.99234275698663776       0.29465772584144978       0.43181169689736881       0.20475608109366222       0.42062878382971403     
  0.51949225049282843       0.63700967982807022       0.64117120878235989       0.63393466719163638       0.72014386488329740       0.61997477423940062       0.61018396120790674       0.51346021561904376       0.55775966527564680       0.62841294448929508     
   4.3856432483735636E-002   9.1299453467381692E-002  0.35123317007314320       0.23817789416207680       0.27723959708591700       0.99255095129813942       0.29979922720764107       0.44446292192738973       0.21700459906878028       0.43549152436652594     
  0.56852048600176308       0.53656232201575804       0.61861598403966522       0.63897772143284337       0.42884899155343142       0.57030962509066918       0.55395602089209439       0.56621754099420007       0.53758468656021718       0.59411323446834641     
   4.7462891588671383E-002   9.9844179130574390E-002  0.36803833213501463       0.25058153525081567       0.29313497849196540       0.99275751190812467       0.30508298235114845       0.45859154107137579       0.23025962109803871       0.44948317788144615     
  0.56183704209602858       0.53624792620923678       0.65470653466915318       0.63418651839146845       0.50223938643292909       0.61464186144970556       0.46299113658717150       0.73320917836793886       0.62169596229935187       0.46164088282635485     
   5.1267955144656735E-002  0.10846710913376449       0.38385742938852357       0.26281949646497160       0.30774939538128337       0.99297793564508008       0.31060335547100515       0.47408940122840049       0.24436060132055287       0.46425469920610241     
  0.60837178611254172       0.60606499663313185       0.58594864762541843       0.62819704669570153       0.54614601227492698       0.55201119022702894       0.48897258222728196       0.90547694447085725       0.65824789391320337       0.59157706890993500     
   5.4680865390875424E-002  0.11702365350351308       0.39961886625450699       0.27429600799593790       0.32213932523045186       0.99319655680567409       0.31609274939567333       0.49011124911553539       0.26001893334071963       0.47893639053524367     
  0.58701566609154310       0.54561504878046363       0.60115871903988705       0.61337077201378754       0.53031923503887834       0.63384623476341562       0.58280137938398957       0.59656425834786520       0.64446185185047955       0.52356565845783498     
   5.8077296687698447E-002  0.12561114947340582       0.41568747060189531       0.28822354409844858       0.34006578558009093       0.99339751872587478       0.32155632998596934       0.50562144009932064       0.27746497921879110       0.49289315163337150     
  0.59437993776455056       0.45778334769083784       0.64796324330919386       0.54829146898781245       0.39708558543126093       0.59684364298000714       0.63995870497134333       0.62149264677153748       0.53702069470343605       0.59508560180260173     
   6.1837635509150071E-002  0.13293937033465617       0.43280852732602987       0.30265278064600309       0.36276854736255604       0.99358806378546816       0.32708253841166751       0.52091623270721876       0.29642092981605822       0.50611248340503867     
  0.56349831978409470       0.54589023885078336       0.57266607284235949       0.64829507700097500       0.56340262266314622       0.61980833208604968       0.64631152411774129       0.71057643602429976       0.50846879215787577       0.58330777097533715     
   6.6038392177910687E-002  0.13928672216943588       0.45114425606911496       0.31716835826739143       0.38535235041678034       0.99377569342192662       0.33236346732495009       0.53583080996062027       0.31615785943498459       0.51950684376455236     
  0.61307121523619690       0.49670390725190000       0.61796775995392261       0.67167754029300064       0.58152391737179387       0.50851243886646014       0.64742644477971190       0.70162708550458242       0.53018283702810831       0.50868159178661110     
   7.0774560337837647E-002  0.14785120263151311       0.46942244118567766       0.33189824572812804       0.40877415502646547       0.99396148382131055       0.33769972267410425       0.55057314485939246       0.33636745210964508       0.53232394792690341     
  0.78845021092142165       0.46705239098483248       0.60643088022736913       0.52115432114105453       0.50633735889997511       0.53055758115787399       0.84413665616371636       0.57579320129102007       0.64201429463976711       0.57220216501450660     
   7.5798275251301658E-002  0.15748465288385230       0.48774275500099173       0.34646146387971899       0.43350137912951281       0.99414870689568202       0.34323301614168361       0.56532514524387167       0.35580606339876858       0.54464429063627895     
  0.61221804865668794       0.58432339476309114       0.51241603215689102       0.58848768931763928       0.49880565816855627       0.61608029752931825       0.63107060678430960       0.56958689952627084       0.56537582596824665       0.62058561370175613     
   8.0983039855626660E-002  0.16697317417294166       0.50640658247637926       0.36176320308687565       0.45869285963605616       0.99432338257662689       0.34835261428994008       0.57994119209048056       0.37335521127504739       0.55701712078487220     
  0.57554585748301745       0.61021709750168307       0.59163399935708783       0.55408505546943732       0.50808723613742712       0.54476595000796435       0.63594373729883158       0.60437930023195285       0.54815730724980427       0.52858127989961023     
   8.6139765534181664E-002  0.17626596589413857       0.52538760816398100       0.37428922320967639       0.48427514629694740       0.99449134219443402       0.35348371996898165       0.59472473773337409       0.39002482384453635       0.56994761898883095     
  0.60696655911683450       0.58628794171823684       0.63546527881736470       0.59672590872721532       0.41688073031288031       0.59906057676682978       0.50180353385317078       0.79149941518551814       0.50382050321797633       0.55768454535229883     
   9.1131663031586416E-002  0.18586026311779444       0.54365020920468321       0.38860866275029438       0.51006215290363388       0.99465789364409796       0.35861948136914096       0.60947389808100438       0.40572253130342406       0.58371637020892064     
  0.50226822093874857       0.54063278196466891       0.50722164790914870       0.56235125310364886       0.72148246118111059       0.69234727199817758       0.55927036876626168       0.61863631497104032       0.49100112951901681       0.67220722780751241     
   9.6379486528020322E-002  0.19678247581838962       0.56078890512603130       0.40407835586344654       0.53411961551451126       0.99481997731807048       0.36382249190803795       0.62401917203117896       0.42145986395064233       0.59880208063057394     
  0.52808469677117187       0.65400958819437538       0.56650131867370224       0.55339819830051717       0.51902411733480858       0.53584292922501320       0.54232256107680898       0.71640645017247651       0.45692467921239605       0.46215552098854135     
  0.10172642678942409       0.20864758765114938       0.57716606340667187       0.41887253832986115       0.55598376005710681       0.99497717840876621       0.36934717204238426       0.64381048007504582       0.43983689626990646       0.61397172385343424     
  0.62691297762521259       0.53938145773335944       0.53061110495883723       0.53009874646067234       0.52242974514230245       0.67192995192246563       0.53764821153959186       0.81364611339082205       0.52327179787119082       0.56858359604925113     
  0.10856447054454983       0.22116292810654575       0.59375116504288461       0.43061255203089077       0.57704515801343459       0.99513350195406547       0.37476125037980584       0.65605176949883182       0.45996559430743755       0.63212039091265915     
  0.53971387664960757       0.54434729120436764       0.51788726183209455       0.45021698959540257       0.54874513256803337       0.62825407161302627       0.51162426286698126       0.49073563587853214       0.58100053774151239       0.60134818016906888     
  0.11652132289267360       0.23523571544926414       0.61164516943865721       0.44252885423303540       0.60430708037347469       0.99528333226242549       0.37941075407782177       0.66614187641091682       0.47956224777437140       0.65079865583132301     
  0.56182678177582823       0.71132702106332835       0.50008127148778481       0.48672192923697344       0.55864779966075218       0.58605699065489336       0.71941890085146110       0.54775785021084100       0.51749660972526934       0.60437100024985357     
  0.12385221272061850       0.24822179126099631       0.63017458334448773       0.45541977555658242       0.62921229309590587       0.99543837346551389       0.38513753307091919       0.67709090379787262       0.49940946048507145       0.66867107252493529     
  0.61470252273091819       0.53525516687975483       0.54792159872795621       0.46598730652438941       0.47526742113308690       0.54940737419249697       0.45069652085254874       0.76761459103981944       0.57423284232573213       0.59235908334381338     
  0.13020896331418477       0.26091060495359597       0.64659106682106116       0.46784821512092067       0.65594801164329763       0.99559807810931933       0.39368039243502984       0.68769135488653954       0.51923254359075233       0.68399824132772447     
  0.48732115683139404       0.58682989368711869       0.71360938215164771       0.51128312672692733       0.75293858068020203       0.54752795305690727       0.58571087448041126       0.51488389843808835       0.47999247576614218       0.50633812660797672     
  0.13650975430244985       0.27322965516745962       0.65894010545660220       0.48182095146465936       0.68013549321049227       0.99575784810411216       0.40068287982751916       0.69804671095973636       0.53827198780820140       0.69811780548927405     
  0.51047178075298261       0.57071326135637979       0.63027043316410991       0.47495229935313416       0.60206590146951433       0.61448586211135736       0.53829913007294306       0.51798144071435903       0.52739966775958680       0.64595674572007389     
  0.14345126674089356       0.28566660156528995       0.67076589621425742       0.49760296731904446       0.70167539238234433       0.99591188471530745       0.40676633027835440       0.70846267304467481       0.55767092567628196       0.71216885294327770     
  0.49808647524079463       0.55554761562981525       0.57321243736974092       0.57005790981119409       0.47231733999150682       0.54946839319148677       0.56287763283896941       0.61952409086230620       0.50582283720895072       0.57782800542702251     
  0.15110876285350083       0.29814434236012494       0.68308432127641228       0.51061829421616378       0.72180483457846334       0.99606599404309093       0.41309238701799589       0.71992086733959260       0.57845665267737001       0.72770231817575937     
  0.54991092625991655       0.62431578723635472       0.47281918179618060       0.54664124972386752       0.46883610552340999       0.59362268515107708       0.67659639354851142       0.57617249427788175       0.68796317231934123       0.55968444874203771     
  0.15863211564683583       0.31431711308434118       0.69599598490834547       0.52078664737519198       0.74086374973144598       0.99621850967768799       0.41973052406175809       0.73241744318021540       0.60012852489988144       0.74647182447324534     
  0.57154803064329152       0.59073911732480966       0.51276830755744651       0.55054854100834127       0.52289552679480766       0.54431186005759513       0.91707379127084077       0.56197922596515604       0.54518953469411380       0.61331076043611121     
  0.16788757987269196       0.32885626907499543       0.71053360359039819       0.53335455777128316       0.75918628200583360       0.99636806906371822       0.42679242491114372       0.74568768913435968       0.62138774199433688       0.76156747521238166     
  0.55565038129137789       0.44136780459727049       0.53630334486184250       0.49245461650125277       0.58866804711008280       0.62743479021955928       0.49459650960526019       0.57851142552240897       0.65469347694626800       0.47373423657760694     
  0.17980364776516131       0.34394671759722828       0.72328878807114316       0.54703680196900539       0.77665384967199957       0.99651550193581939       0.43397987603359905       0.75873698390117383       0.64334606305752651       0.77457491990059457     
  0.61174626544840138       0.44654649223667015       0.45440147379022400       0.45837947562144360       0.57854570171334785       0.67006246662221858       0.49134835262171844       0.47736748899925513       0.57098703118350580       0.46667835597168483     
  0.19240889296793942       0.36063179695454861       0.73391801685376024       0.56182688732974095       0.79423637436442418       0.99666216841192190       0.44098120529198537       0.76782329632530777       0.66441137786085913       0.78765258596291177     
  0.55207906054414291       0.55682101898440173       0.51102681877964240       0.53475014319338343       0.59347256465924103       0.65547666578684838       0.51226038405659913       0.53347024832436907       0.55199855039873114       0.45050192998106503     
  0.20502280082393953       0.37732018848410925       0.74384779540831170       0.57546096214458153       0.81217618582316831       0.99681150354689552       0.44924684003789306       0.77626144487008564       0.68534140363569074       0.80162232645818587     
  0.53689856333668406       0.54690705303527687       0.47680488148150774       0.51787967376979382       0.50228688434468272       0.73198363500963837       0.62308674874304004       0.46667089344473150       0.62326680808289159       0.54757045410819027     
  0.21808370076861056       0.39455060592527924       0.75512728140118202       0.58820642542979795       0.82765834767188295       0.99696052487063791       0.45802788664755684       0.78474494399542383       0.70644473131209584       0.81556868562439988     
  0.50479967750515276       0.44487468494804411       0.57134432735206309       0.46848938413727165       0.61473896903367742       0.68995461597359098       0.64476080500584265       0.45079535491295786       0.49647380080952330       0.56101905283448017     
  0.23142990228323543       0.41444168521471214       0.76544533372331935       0.60190259470470275       0.84006642450068725       0.99710811256302956       0.46690880642434923       0.79393014048704158       0.72692068678669663       0.83028905252007956     
  0.54132477379694688       0.46664101466787766       0.49965022811035709       0.54120893318717567       0.56630190780009682       0.68549570754936617       0.58465110840581147       0.51544174579884505       0.48484198908778325       0.65979838082964892     
  0.24661251612136345       0.43686016966399360       0.77716144992416281       0.61841299470787148       0.85201809649056703       0.99725412802525371       0.47652329783988573       0.80538137806265475       0.74734445785162618       0.84476845602982442     
  0.47909763186116583       0.59211558821234545       0.61308788144312287       0.52610703269538805       0.61537993096176513       0.64559731917414653       0.70611713497244322       0.47726906439143679       0.51204009831991459       0.67500296286697758     
  0.27006093768723799       0.45657755674424327       0.79452057919669306       0.63999848136178450       0.86360140049264467       0.99740039226101529       0.48685100567760309       0.81912469086093642       0.76894689077170841       0.85822960900285650     
  0.69794955055645636       0.43569426077211493       0.54100497024644734       0.51822140518171400       0.56878511783807573       0.71174248667943851       0.55465808096243363       0.65080365127968620       0.60808817520499192       0.56618896792034290     
  0.29726873730268588       0.47626094624772908       0.81423518237978820       0.66172359345396137       0.87437041087716361       0.99754052433938101       0.49766018799807832       0.83458005167318117       0.79231217185332092       0.87003860463256333     
  0.63871658849502233       0.49726239460738758       0.61081095614847136       0.65283875120954449       0.58141416202382401       0.61231769501357813       0.65164295717894360       0.62804591831906054       0.47446507956324685       0.48566486381872337     
  0.32636155278177209       0.49585033223798358       0.83329737627587042       0.68420226246600324       0.88482381550905354       0.99768205021591505       0.50982313435550131       0.85100448323337152       0.81510717459328530       0.88073361537416084     
  0.58919656139504240       0.45205129745329869       0.69046732930608934       0.54452002959688295       0.66968244199430216       0.60555200137123499       0.59020659438571721       0.59597979194693806       0.51429852725126657       0.52528407512974717     
  0.35684420853995574       0.51790850408440448       0.85060808365002361       0.70588180545735080       0.89681821885673685       0.99783013855670510       0.52367726641189960       0.86822353280781062       0.83737911386842645       0.89188829200397601     
  0.47921143713002728       0.49748329011323972       0.79272793416300713       0.52105531201503186       0.54879602014430551       0.87327593510228785       0.57606068081841832       0.54908286780645299       0.45006978771878164       0.52834059716758575     
  0.38789515743962627       0.54185266560704559       0.86764454314851813       0.73099232363577249       0.91063055974209361       0.99798515534635579       0.53912668893938531       0.88514898104514050       0.86082172129938095       0.90715129766982994     
  0.45473756395376580       0.44985524087702616       0.65032405725173104       0.55253980644922029       0.81631438820812396       0.54238229198350107       0.64759244637479096       0.49018424643449965       0.53581457636916985       0.65621934552036321     
  0.42125371466174449       0.56452447414912843       0.88465902493961945       0.75476914988515154       0.92363031968139653       0.99813992235682869       0.55638256247392659       0.90122340434917692       0.88593936004785623       0.92436726736129460     
  0.52128726591877672       0.43097419582553775       0.54770498301236414       0.59620126365390880       0.52813648247460176       0.62702869800955430       0.63682415995531561       0.57368139958139608       0.67047160738896328       0.55911597923631973     
  0.46478505047939650       0.58976469916160235       0.90291755625003967       0.77874318311370305       0.93649704239258991       0.99830503303112328       0.57601589639757700       0.91744392038941924       0.90774583356465843       0.94063217039698099     
  0.49299789577312414       0.44487468494804411       0.58705171240837850       0.56660962557373995       0.48497297681523538       0.58868621394304288       0.60713720687421713       0.41550180134897663       0.48927968753107554       0.57826079318258550     
  0.52679897901683981       0.61619587102377682       0.92212813080040901       0.80636541610781720       0.94963759340710241       0.99847616437036102       0.60032483872571663       0.93349107326822345       0.92584279681236681       0.95540358771770184     
  0.45566265282879348       0.41271926001527098       0.70446614450962408       0.51950389479933035       0.64608025761504140       0.59138016396808424       0.51145253979958993       0.56081136798819764       0.39155098368595398       0.59244526257479857     
  0.61505823224453227       0.64408746233022274       0.94189627137183585       0.83862405290593867       0.96253468460184621       0.99867883797663715       0.62565241114453807       0.94943637294169314       0.94445539303729176       0.96863496234635016     
  0.51434650772959933       0.44059599621826306       0.51334069356312140       0.47130615704688000       0.73847213984738880       0.57463330880042029       0.40513983540661719       0.52670745039045863       0.51814674284195517       0.49460988501880582     
  0.71996682489599739       0.67269457773251462       0.96207910291385268       0.87910428518362527       0.97499911710982179       0.99893563168216137       0.65645279209797147       0.96478689236353998       0.96418876993546188       0.97958339081414880     
  0.46015072672887219       0.42198288195861344       0.80800933187066670       0.53532591768494653       0.59107400921237152       0.52760959416136000       0.45039750159950076       0.51599320903576840       0.49219391971227872       0.52224378735356369     
  0.86247959647879779       0.75109978783926390       0.98192996221115358       0.93102039411004511       0.98738782413133430       0.99931741986866274       0.72508579082271463       0.98036755759801253       0.98298679439717329       0.99031554946352152     
  0.39172271212962168       0.52416833463166246       0.59797570748332252       0.60365786605771543       0.68751822965316289       0.56790962213320151       0.45681476307628549       0.45479463369001338       0.46129886680601812       0.53055072979185613     
   1.0000000000000000        1.0000000000000000        1.0000000000000000        1.0000000000000000        1.0000000000000000        1.0000000000000000        1.0000000000000000        1.0000000000000000        1.0000000000000000        1.0000000000000000     
  0.38728590757770559       0.45362392818055047       0.50826750564761258       0.46518101429321962       0.63414132480362018       0.38728590757770559       0.38728590757770559       0.60220748820674164       0.46560240492365651       0.52554359344088764     
  -66.430199305912879       -54.878591566444975       -32.924911727130315       -62.287069051308528       -54.967910623501645        0.0000000000000000       -26.841885804568644       -45.599539196076975       -57.113745324399375       -43.850739019367424     
  -37.025204363460730       -23.178256132697843       -44.633209719079275       -46.503444696461017       -39.746364542849612        0.0000000000000000       -64.517279176485886       -46.496646924253675       -23.475169151403598       -46.628320741909675     
  -40.840209195135564       -42.522766087852709       -33.002153474128285       -18.935065578868915       -47.371636690848945        0.0000000000000000       -58.552006641402222       -84.089980354255530       -47.679779164438422       -34.397924717415130     
  -18.564644322396930       -67.102694186708177       -50.883957310588634       -32.069003137030414       -65.359892463970795        0.0000000000000000       -50.800721389623497       -45.532574940011934       -36.330684399941475       -35.746843626782876     
  -31.612656224050511       -56.813772538987671       -40.928969683400624       -59.377114305666332       -67.387485202563909        0.0000000000000000       -43.499845086992309       -33.367696668426980       -48.119345470619898       -34.830896724021265     
   3.0589847643662682       -64.189536701296689       -54.594646155879801       -59.457922254437129       -65.824460941522915        0.0000000000000000       -42.059216127763712       -44.805444229095599       -35.873695699358919       -75.912402982653745     
   8.7598494117472416       -27.756567994946128       -52.195163723785598       -67.183266224284566       -35.738221823382517        0.0000000000000000       -47.033278647247997       -50.261942584400778       -41.692101062353984       -44.074484072545708     
  -8.0915426401868888       -44.119633567800825       -36.109363512145627       -55.060466312454793       -31.790163282139400       -60.226573882671836       -60.351022467795744       -51.381588982338791       -75.637258965425204       -63.499241004402968     
   4.3953286922096980E-004
           1           1           1           1           1           1           1           1           1           1
   7.2692841410707738E-005   3.9493810869764281E-005  -9.3016254349594041E-007  -37.747208037185693        5.2226651528916510E-006   7.0588286067499159E-009
   2.0728104260984000E-006   1.8981835785186279E-006   6.2286436270163879E-007  0.74689056115845165        6.2257499471106712E-007   8.0729281871288780E-010
   1.6276316416075676E-002  -51.855762145528651     
