+0.0000045247335746 +0.0000047361409035 +0.0000049695322650 +0.0000052742495881 
+0.0000056420612497 +0.0000060511855713 +0.0000064821853129 +0.0000069078312488 
+0.0000072999536990 +0.0000077001624829 +0.0000081180470610 +0.0000085440732175 
+0.0000089744389276 +0.0000094278991953 +0.0000099025864726 +0.0000103940350910 
+0.0000109010426848 +0.0000114258753360 +0.0000120107842831 +0.0000126378666491 
+0.0000132798231493 +0.0000139209118963 +0.0000145589918917 +0.0000152423749794 
+0.0000159225487951 +0.0000166888363561 +0.0000175539908105 +0.0000184672465074 
+0.0000194095451262 +0.0000204891567273 +0.0000216795974224 +0.0000228911362367 
+0.0000241535079621 +0.0000255478860652 +0.0000270566453524 +0.0000287048247724 
+0.0000303872679265 +0.0000321042045435 +0.0000338991204240 +0.0000357354827631 
+0.0000376019398355 +0.0000394987114806 +0.0000416546853364 +0.0000440389259374 
+0.0000463940378685 +0.0000490104000169 +0.0000518735283056 +0.0000548628443923 
+0.0000581243761932 +0.0000618283855529 +0.0000654535475107 +0.0000692819742794 
+0.0000734408594761 +0.0000779087757744 +0.0000826604754903 +0.0000878244251919 
+0.0000932143923971 +0.0000993011735423 +0.0001067603713931 +0.0001142553988066 
+0.0001230340450903 +0.0001321526326981 +0.0001425515236965 +0.0001532448888889 
+0.0001646506120355 +0.0001773363595328 +0.0001915512289368 +0.0002068695189206 
+0.0002235272504711 +0.0002419416873006 +0.0002621513821367 +0.0002829427518658 
+0.0003057502843412 +0.0003310547608272 +0.0003630177880074 +0.0003992949566272 
+0.0004414531072372 +0.0004900418349636 +0.0005482358263849 +0.0006144355442390 
+0.0006948674696003 +0.0007901738940594 +0.0008973251368217 +0.0010141709047284 
+0.0011463707261265 +0.0013191026375380 +0.0015252708572457 +0.0018123241819475 
+0.0022122940165270 +0.0027304309202151 +0.0034312706321920 +0.0044849290812296 
+0.0068509781418125 +0.0150419469073624 +0.0150419469073724 +0.1006983626841345 
+0.0002383825412770 +0.0002519571938573 +0.0002624950209140 +0.0002716525342849 
+0.0002807052560590 +0.0002895554248572 +0.0002987409384077 +0.0003085010447364 
+0.0003191708466743 +0.0003307656849981 +0.0003428209442766 +0.0003553663113194 
+0.0003689322031333 +0.0003834077163662 +0.0003983902347729 +0.0004138757898618 
+0.0004299757793761 +0.0004463191272353 +0.0004633468343336 +0.0004819956939469 
+0.0005015242130006 +0.0005211788990127 +0.0005419851126047 +0.0005639800288925 
+0.0005863840400253 +0.0006095228766720 +0.0006359691090921 +0.0006643219446123 
+0.0006936215393282 +0.0007256589759528 +0.0007600607561443 +0.0007938724645643 
+0.0008294884288051 +0.0008663761808099 +0.0009039678284219 +0.0009452209805915 
+0.0009893043201489 +0.0010334444704736 +0.0010781147593424 +0.0011242071799867 
+0.0011725406796960 +0.0012229219641846 +0.0012748452333698 +0.0013276835737731 
+0.0013815701916599 +0.0014368334570017 +0.0014916490975121 +0.0015473402926567 
+0.0016057407158521 +0.0016656624033037 +0.0017257627243304 +0.0017940238203661 
+0.0018755896361879 +0.0019581796098038 +0.0020348689213878 +0.0021171909378569 
+0.0022092166363874 +0.0023104838025593 +0.0024242945733276 +0.0025448787399744 
+0.0026646272500860 +0.0027974168237756 +0.0029377893884919 +0.0030833438670626 
+0.0032358118402589 +0.0033950601394896 +0.0035353913074902 +0.0036746290055142 
+0.0038109858266803 +0.0039783548943487 +0.0041367158913580 +0.0043235407523786 
+0.0045137413846824 +0.0047221119892063 +0.0049697657951840 +0.0051955795782787 
+0.0053903003480053 +0.0056224878184206 +0.0058827093563459 +0.0061431499506928 
+0.0064679957936038 +0.0066555497428211 +0.0068814109958046 +0.0071774351768718 
+0.0074865382363573 +0.0078055341699846 +0.0083088416464124 +0.0089626645647764 
+0.0097652217970980 +0.0108843966157603 +0.0129880170967668 +0.0156235480760185 
+0.0170741765845504 +0.0182843593608214 +0.0182843593608314 +0.0533346356924492 
-0.0019259162497956 +0.0089314744457642 +0.0174488389751753 +0.0259788174391217 
+0.0347376455087001 +0.0438973441518478 +0.0534246220503172 +0.0628525593763024 
+0.0721705434798577 +0.0814789501109959 +0.0909765928854667 +0.0998996729122796 
+0.1087373084380112 +0.1174480946841603 +0.1271139606075149 +0.1379441878332862 
+0.1487247586034145 +0.1589342605267699 +0.1691895665999111 +0.1797269767859393 
+0.1899727859890105 +0.1999632017961331 +0.2103674245546674 +0.2218834588577624 
+0.2340509552049382 +0.2457545885550573 +0.2570870720049735 +0.2686477455684551 
+0.2810771076400375 +0.2939614320896730 +0.3065188233933135 +0.3184593297543064 
+0.3299693944814204 +0.3418057815883256 +0.3530212009614853 +0.3641587602555454 
+0.3751516425953498 +0.3868022384227367 +0.3991795029027351 +0.4109583703236275 
+0.4220140639180555 +0.4329577997440077 +0.4441908872697528 +0.4555172859827691 
+0.4662458206955207 +0.4764843326526186 +0.4865701386458240 +0.4970232430504250 
+0.5077840216723184 +0.5183068279462048 +0.5283868527735991 +0.5384518535234352 
+0.5506261294657550 +0.5640212865591904 +0.5765476491386623 +0.5883452462632959 
+0.5992687239716249 +0.6099733055084496 +0.6209663561508489 +0.6321192916215838 
+0.6438341276557116 +0.6551159409294979 +0.6665076819872687 +0.6774345610710121 
+0.6878565662911937 +0.6982865254880186 +0.7094252188185355 +0.7212785855757089 
+0.7322795543831193 +0.7425339511782516 +0.7527809045288785 +0.7635824349128971 
+0.7747533028954620 +0.7859074340991753 +0.7964644279282045 +0.8066095797017878 
+0.8169354633894319 +0.8284357939361618 +0.8397614044064247 +0.8507562206674389 
+0.8610561123161333 +0.8714810184262177 +0.8821706907063728 +0.8929664649364158 
+0.9032731162757334 +0.9136172244307039 +0.9226484353026937 +0.9314481323732376 
+0.9402690392534570 +0.9490087354235254 +0.9576531257495011 +0.9663330935046746 
+0.9745456349629119 +0.9826447703933637 +0.9914001772996436 +1.0000000000000000 
-0.0016944592468257 +0.0097675047483937 +0.0196596008271742 +0.0293111356054337 
+0.0399130496133444 +0.0499054587935756 +0.0606992597357477 +0.0712167384931110 
+0.0811112689399355 +0.0907668989656036 +0.1006705073496183 +0.1111561727294803 
+0.1220992564561803 +0.1333312085502323 +0.1448817090393683 +0.1568978417877940 
+0.1691891578161456 +0.1814043209077481 +0.1931193626457987 +0.2041963915106832 
+0.2150172211797464 +0.2257023235821973 +0.2364438253052730 +0.2473801507929103 
+0.2582751698257426 +0.2692279621753069 +0.2796096487574244 +0.2894007351554448 
+0.2991363685466940 +0.3085776101984641 +0.3183129556557819 +0.3285418997813211 
+0.3387511599988893 +0.3490596680304424 +0.3591845542755233 +0.3694926349588054 
+0.3796215085592928 +0.3894414381428346 +0.3995687635267855 +0.4102447433692453 
+0.4207228086230686 +0.4305227733232802 +0.4405218887122967 +0.4510379608453801 
+0.4618567239987229 +0.4726047517152514 +0.4827115027827013 +0.4923181995978910 
+0.5019129766592729 +0.5119384391122346 +0.5227832670869665 +0.5338930727024720 
+0.5438770153409094 +0.5535826680010351 +0.5630359736711773 +0.5733232634361679 
+0.5844654261618756 +0.5964176306612811 +0.6077725892430884 +0.6193389933461204 
+0.6304342412525908 +0.6408748194682927 +0.6509213803357916 +0.6603183804213349 
+0.6698070076323241 +0.6797258406569682 +0.6907074582799086 +0.7024538454743229 
+0.7135623874130028 +0.7241644930569152 +0.7343284084137864 +0.7444760343996052 
+0.7544581152193930 +0.7643024528035747 +0.7736852398133792 +0.7834012277374672 
+0.7933648477264038 +0.8042027216467651 +0.8150038516178710 +0.8257988123477225 
+0.8368024878298816 +0.8476692824820208 +0.8581789559759141 +0.8685778315885913 
+0.8793639352138307 +0.8905611663645376 +0.9018183541730729 +0.9128838137598153 
+0.9240051176574238 +0.9350944138415528 +0.9463252822464617 +0.9572313309651596 
+0.9680778411558795 +0.9787314525445652 +0.9895000939411270 +1.0000000000000000 
-0.0025347495154460 +0.0097785738267814 +0.0195621695459895 +0.0294110232260274 
+0.0392397685981296 +0.0494843432638621 +0.0595892555385491 +0.0693813334264413 
+0.0789900049227001 +0.0884140917794334 +0.0975206873873272 +0.1066323060935733 
+0.1159510113806264 +0.1256505508983591 +0.1360003501551853 +0.1470627816171318 
+0.1588753862470943 +0.1699840675019598 +0.1797774276744249 +0.1893319819872553 
+0.1993061428629931 +0.2096904341212130 +0.2201814401995267 +0.2306445122314624 
+0.2412713824239396 +0.2520478951493117 +0.2628754301533114 +0.2740998665706466 
+0.2856349626306564 +0.2968074634146944 +0.3075424825862865 +0.3180504920533386 
+0.3285100794370632 +0.3383680777375649 +0.3474375987635683 +0.3566722743455139 
+0.3665824009768457 +0.3772955044011073 +0.3875548543387599 +0.3979428211799613 
+0.4088778069766844 +0.4201591173829601 +0.4311654288590366 +0.4419730621827638 
+0.4525491023847928 +0.4626370718722509 +0.4728824700064483 +0.4831227232036656 
+0.4932206696507612 +0.5032929688358833 +0.5137188693710302 +0.5243073689169209 
+0.5348864146036820 +0.5463082827487692 +0.5585136302941223 +0.5703658015750179 
+0.5815999758508222 +0.5928775828481336 +0.6047335178273808 +0.6174269527851188 
+0.6292539588637619 +0.6398318948651620 +0.6503614018311306 +0.6611507889986525 
+0.6716247883117290 +0.6818766461279755 +0.6921441993049763 +0.7021923182860468 
+0.7123462289554625 +0.7226091528230874 +0.7331042156987578 +0.7434116683494830 
+0.7535600650824464 +0.7643592133872499 +0.7752653034761102 +0.7862612156296550 
+0.7967076371006022 +0.8066458524212022 +0.8166816127824819 +0.8266117773275368 
+0.8365337343710072 +0.8461041062105283 +0.8559798837701845 +0.8663876852722274 
+0.8773833566631236 +0.8889836543760967 +0.9008025076500227 +0.9120502777078784 
+0.9232770798187441 +0.9339381283541011 +0.9445602838298941 +0.9550884991119675 
+0.9661927818973421 +0.9777452900909510 +0.9888363176177165 +1.0000000000000000 
+0.7055151300790226 +0.7066654082379674 +0.7074504241240968 +0.7083952819993897 
+0.7111770323414721 +0.7147845742925802 +0.7182303951853628 +0.7218229609051828 
+0.7255582659908201 +0.7291925990089979 +0.7326083653470882 +0.7360254252788827 
+0.7391290671411451 +0.7422085826751628 +0.7454048573762977 +0.7487151327539777 
+0.7519334865700579 +0.7550704744264590 +0.7582316757927740 +0.7613425111742044 
+0.7642526885936279 +0.7669553964559250 +0.7695793079788932 +0.7722364476639791 
+0.7750692515425823 +0.7780033616131268 +0.7807916648671442 +0.7834736572123738 
+0.7862567205531314 +0.7889437628843250 +0.7915467014150354 +0.7940019719109067 
+0.7965186347484999 +0.7991695131353818 +0.8018460053684673 +0.8045347014610336 
+0.8071759266527326 +0.8098220581223181 +0.8124988476451344 +0.8152034152194195 
+0.8179251636656465 +0.8205834602618622 +0.8231943766056292 +0.8259123724486380 
+0.8286117931593520 +0.8312382732597561 +0.8337597927303226 +0.8363718709468412 
+0.8390437760955641 +0.8415773090600734 +0.8439963679289959 +0.8464668068933202 
+0.8490604760640766 +0.8516694600893397 +0.8542023329865017 +0.8568298498101272 
+0.8594605861641651 +0.8619890641406690 +0.8644255810574561 +0.8668152444733617 
+0.8692328846858870 +0.8717309420881306 +0.8743753289269419 +0.8772547715658490 
+0.8801895877294726 +0.8830816431478539 +0.8859671997961115 +0.8888750358449167 
+0.8918539839484425 +0.8947998754248290 +0.8978002921547238 +0.9009394219821456 
+0.9040673797254836 +0.9071926617563837 +0.9103004445951053 +0.9133718722076528 
+0.9164499924987843 +0.9194960305867026 +0.9224848506260569 +0.9255059192422472 
+0.9285961749956995 +0.9318654252043617 +0.9353380519400025 +0.9389634094321909 
+0.9428236717836831 +0.9466603528207780 +0.9505888651794164 +0.9542106877460671 
+0.9579117169678975 +0.9619720107783213 +0.9664353055004615 +0.9712756371241863 
+0.9764109038417759 +0.9822960666018591 +0.9897917666227662 +1.0000000000000000 
-0.0170970176572108 +0.1166026624417807 +0.1520975460612526 +0.1751084656040877 
+0.1932034548545723 +0.2080623680666995 +0.2209315905272715 +0.2323805133743208 
+0.2430013307867617 +0.2527428810825737 +0.2624489315023528 +0.2716863277754231 
+0.2803747745402856 +0.2883218697240148 +0.2956655312666331 +0.3029640493538204 
+0.3102888197084769 +0.3178704301813001 +0.3253845630344532 +0.3325971281518060 
+0.3396241955940317 +0.3466034585807018 +0.3536668502708454 +0.3608376102772405 
+0.3682707168150484 +0.3750588468690910 +0.3811965758520789 +0.3871973520607486 
+0.3937043024634110 +0.4005854907080553 +0.4072718233871634 +0.4134301070181758 
+0.4192020806454346 +0.4248490202639582 +0.4308041071467398 +0.4364881200154462 
+0.4417075583764316 +0.4466741566828809 +0.4514105847135745 +0.4561126891951477 
+0.4609945116733608 +0.4661306967401548 +0.4713957422861589 +0.4767049255261520 
+0.4822076467793371 +0.4877146998645346 +0.4929770452279384 +0.4981541442488685 
+0.5037705224866846 +0.5095151614752894 +0.5152643021766659 +0.5208840327985901 
+0.5264215227218949 +0.5320568107325635 +0.5377743974156247 +0.5432372670507098 
+0.5483882309340549 +0.5534699561356451 +0.5588349175226848 +0.5648424228389358 
+0.5708002196395832 +0.5766246796481161 +0.5820374931759280 +0.5877913352462957 
+0.5935665439992718 +0.5993252059003213 +0.6050109830330214 +0.6107419478756699 
+0.6164446059026929 +0.6219999320458561 +0.6277874679199406 +0.6338023168683886 
+0.6403108328657472 +0.6470017712217059 +0.6540429946349772 +0.6610164918855338 
+0.6683866877542929 +0.6764385196889594 +0.6848122886959840 +0.6934877680805832 
+0.7022644437049201 +0.7106252943454900 +0.7183316936123451 +0.7260271965088912 
+0.7342757655656915 +0.7427033491367432 +0.7520971967078007 +0.7618293169148213 
+0.7723416806149930 +0.7843133599330047 +0.7974682267749145 +0.8122824478274018 
+0.8299040650283619 +0.8530330952708233 +0.8890611105354235 +1.0000000000000000 
5.35715107202e-07 0.0225750082143 
  <DiscreteSampler_grid>
  Helicity
  1 # grid_type. 1=='ref', 2=='run'
  80 # Attribute 'min_bin_probing_points' of the grid.
  1 # Attribute 'grid_mode' of the grid. 1=='default',2=='initialization'
  0.030 # Attribute 'small_contrib_threshold' of the grid.
  0.333 # Attribute 'damping_power' of the grid.
#  binID   n_entries weight   weight_sqr   abs_weight
    13   2796 1.37203773372e-05 1.08864007207e-08 1.37203773372e-05
    16   2323 1.1862749533e-05 6.14042166582e-09 1.1862749533e-05
    1   2355 1.16745222438e-05 4.50301026662e-09 1.16745222438e-05
    4   2117 1.14411768727e-05 3.1496979337e-09 1.14411768727e-05
    9   1207 5.57059789915e-06 8.01100887136e-10 5.57059789915e-06
    12   1195 5.40741734053e-06 7.43433245861e-10 5.40741734053e-06
    8   1064 5.2116065653e-06 8.62469192436e-10 5.2116065653e-06
    5   935 4.52770913038e-06 4.46161120027e-10 4.52770913038e-06
  </DiscreteSampler_grid>
  <DiscreteSampler_grid>
  grouped_processes
  1 # grid_type. 1=='ref', 2=='run'
  10 # Attribute 'min_bin_probing_points' of the grid.
  1 # Attribute 'grid_mode' of the grid. 1=='default',2=='initialization'
  0.030 # Attribute 'small_contrib_threshold' of the grid.
  0.333 # Attribute 'damping_power' of the grid.
#  binID   n_entries weight   weight_sqr   abs_weight
    10   10 27.1832376569 3097.9615318 27.1832376569
  </DiscreteSampler_grid>
