     
 Soft #          46
 ME*wgt:
   1.0095806659512976        2.1477862149253510E-013   2.1274042653159930E-013
   1.0000762366637508        2.1275664515196297E-013   2.1274042653159930E-013
  0.99999955748359415        2.1274033239047037E-013   2.1274042653159930E-013
  0.99999987573733595        2.1274040009590715E-013   2.1274042653159930E-013
  0.99999998709337223        2.1274042378583780E-013   2.1274042653159930E-013
  0.99999999979441567        2.1274042648786321E-013   2.1274042653159930E-013
   1.0000001394161890        2.1274045619105881E-013   2.1274042653159930E-013
   1.0000011649419238        2.1274067436184106E-013   2.1274042653159930E-013
   1.0000000005049627        2.1274042663902529E-013   2.1274042653159930E-013
   1.0000000000504958        2.1274042654234182E-013   2.1274042653159930E-013
 wgt:
   1.1111111111111112        2.7753646090308771E-002   2.4978281481277894E-002
   1.0101010101010102        2.5230587354826157E-002   2.4978281481277894E-002
   1.0010010010010009        2.5003284766043937E-002   2.4978281481277894E-002
   1.0001000100010000        2.4980779559233817E-002   2.4978281481277894E-002
   1.0000100001000010        2.4978531266590560E-002   2.4978281481277894E-002
   1.0000010000009998        2.4978306459584348E-002   2.4978281481277894E-002
   1.0000001000000101        2.4978283979106293E-002   2.4978281481277894E-002
   1.0000000100000002        2.4978281731060713E-002   2.4978281481277894E-002
   1.0000000010000001        2.4978281506256177E-002   2.4978281481277894E-002
   1.0000000000999998        2.4978281483775719E-002   2.4978281481277894E-002
     
 Soft #          91
 ME*wgt:
   1.0465758678472818        4.6059006654489538E-016   4.4009238192381622E-016
   1.0004180463473935        4.4027636093659517E-016   4.4009238192381622E-016
   1.0000009653748219        4.4009280677792106E-016   4.4009238192381622E-016
  0.99999968942154061        4.4009224524060224E-016   4.4009238192381622E-016
  0.99999996491511123        4.4009236648322395E-016   4.4009238192381622E-016
  0.99999999743058332        4.4009238079303554E-016   4.4009238192381622E-016
   1.0000000100163668        4.4009238633194301E-016   4.4009238192381622E-016
   1.0000001236160432        4.4009243632629510E-016   4.4009238192381622E-016
   1.0000000004337322        4.4009238211469843E-016   4.4009238192381622E-016
   1.0000000000433733        4.4009238194290444E-016   4.4009238192381622E-016
 wgt:
   1.1111111111111114        4.7326324456411141E-002   4.2593692010770019E-002
   1.0101010101010102        4.3023931324010119E-002   4.2593692010770019E-002
   1.0010010010010006        4.2636328339109117E-002   4.2593692010770019E-002
   1.0001000100010002        4.2597951805950621E-002   4.2593692010770019E-002
   1.0000100001000010        4.2594117951949541E-002   4.2593692010770019E-002
   1.0000010000010000        4.2593734604504621E-002   4.2593692010770019E-002
   1.0000001000000101        4.2593696270139647E-002   4.2593692010770019E-002
   1.0000000100000004        4.2593692436706958E-002   4.2593692010770019E-002
   1.0000000010000001        4.2593692053363712E-002   4.2593692010770019E-002
   1.0000000000999998        4.2593692015029383E-002   4.2593692010770019E-002
     
 Collinear #           7
 ME*wgt:
   2.0271879991002271        1.4148059117675582E-018   6.9791549298610866E-019
   1.0902571298027890        7.6090734222793338E-019   6.9791549298610866E-019
   1.0004676389460028        6.9824186545164767E-019   6.9791549298610866E-019
  0.99784717288931779        6.9641300159184303E-019   6.9791549298610866E-019
  0.99910978202487510        6.9729419606913427E-019   6.9791549298610866E-019
  0.99975001483202042        6.9774102446435899E-019   6.9791549298610866E-019
  0.99970384320638561        6.9770880057149210E-019   6.9791549298610866E-019
  0.99477784394063318        6.9427086936548530E-019   6.9791549298610866E-019
  0.99999999999999989        6.9791549298610856E-019   6.9791549298610866E-019
   1.0000000000000000        6.9791549298610866E-019   6.9791549298610866E-019
 wgt:
   1.0000001106331495        1.2190182733219309E-003   1.2190181384581149E-003
   1.0000000106041820        1.2190181513848050E-003   1.2190181384581149E-003
   1.0000000010560339        1.2190181397454393E-003   1.2190181384581149E-003
   1.0000000001055598        1.2190181385867940E-003   1.2190181384581149E-003
   1.0000000000105556        1.2190181384709824E-003   1.2190181384581149E-003
   1.0000000000010556        1.2190181384594016E-003   1.2190181384581149E-003
   1.0000000000001052        1.2190181384582432E-003   1.2190181384581149E-003
   1.0000000000000107        1.2190181384581279E-003   1.2190181384581149E-003
   1.0000000000000011        1.2190181384581162E-003   1.2190181384581149E-003
   1.0000000000000004        1.2190181384581153E-003   1.2190181384581149E-003
