     
 Collinear #          79
 ME*wgt:
   1.1130131133490775        8.1717366032769344E-017   7.3419949012891905E-017
   1.0083345771352892        7.4031873241208850E-017   7.3419949012891905E-017
  0.99912190062086803        7.3355479001247784E-017   7.3419949012891905E-017
  0.99933136783937548        7.3370858073750471E-017   7.3419949012891905E-017
  0.99974815442884712        7.3401458523898737E-017   7.3419949012891905E-017
  0.99991607289346995        7.3413787089009670E-017   7.3419949012891905E-017
  0.99994477961187633        7.3415894734811395E-017   7.3419949012891905E-017
  0.99988713141029906        7.3411662206790906E-017   7.3419949012891905E-017
   1.0000000000000004        7.3419949012891942E-017   7.3419949012891905E-017
   1.0000000000000004        7.3419949012891929E-017   7.3419949012891905E-017
 wgt:
   1.0000060860698716        7.7278436973403095E-003   7.7277966654298504E-003
   1.0000005833463423        7.7278011734117687E-003   7.7277966654298504E-003
   1.0000000580934221        7.7277971143640042E-003   7.7277966654298504E-003
   1.0000000058069412        7.7277967103047103E-003   7.7277966654298504E-003
   1.0000000005806702        7.7277966699171516E-003   7.7277966654298504E-003
   1.0000000000580669        7.7277966658785792E-003   7.7277966654298504E-003
   1.0000000000058069        7.7277966654747251E-003   7.7277966654298504E-003
   1.0000000000005806        7.7277966654343382E-003   7.7277966654298504E-003
   1.0000000000000582        7.7277966654303006E-003   7.7277966654298504E-003
   1.0000000000000058        7.7277966654298955E-003   7.7277966654298504E-003
     
 Collinear #          50
 ME*wgt:
   1.6663538617182172        9.3676347564936792E-015   5.6216359392203091E-015
   1.1354202085981249        6.3829190507722390E-015   5.6216359392203091E-015
   1.0103979031364070        5.6800891651844662E-015   5.6216359392203091E-015
   1.0003238384147306        5.6234564408910585E-015   5.6216359392203091E-015
  0.99982874526026289        5.6206732074206411E-015   5.6216359392203091E-015
  0.99991926815280163        5.6211820941666592E-015   5.6216359392203091E-015
  0.99997175709665054        5.6214771678998122E-015   5.6216359392203091E-015
  0.99998361252136025        5.6215438147814346E-015   5.6216359392203091E-015
   1.0000000000055342        5.6216359392514210E-015   5.6216359392203091E-015
   1.0000000000005533        5.6216359392234196E-015   5.6216359392203091E-015
 wgt:
   1.0005536675956204        5.1569912272885427E-003   5.1541375483446540E-003
   1.0000553460763646        5.1544228096349985E-003   5.1541375483446540E-003
   1.0000055344008805        5.1541660734080392E-003   5.1541375483446540E-003
   1.0000005534380210        5.1541404008403381E-003   5.1541375483446540E-003
   1.0000000553437816        5.1541378335941170E-003   5.1541375483446540E-003
   1.0000000055343783        5.1541375768696012E-003   5.1541375483446540E-003
   1.0000000005534380        5.1541375511971492E-003   5.1541375483446540E-003
   1.0000000000553440        5.1541375486299041E-003   5.1541375483446540E-003
   1.0000000000055345        5.1541375483731798E-003   5.1541375483446540E-003
   1.0000000000005533        5.1541375483475059E-003   5.1541375483446540E-003
     
 Collinear #          43
 ME*wgt:
   1.0093194316767280        5.9699684779583873E-016   5.9148454796325489E-016
   1.0006075200342190        5.9184388667607350E-016   5.9148454796325489E-016
  0.99996877101166892        5.9146607649920850E-016   5.9148454796325489E-016
  0.99996799813972370        5.9146561935739541E-016   5.9148454796325489E-016
  0.99998844485127247        5.9147771327133312E-016   5.9148454796325489E-016
  0.99999749175735386        5.9148306437648714E-016   5.9148454796325489E-016
   1.0000051294160164        5.9148758193356870E-016   5.9148454796325489E-016
  0.99989195560449151        5.9142064137281759E-016   5.9148454796325489E-016
   1.0000000001025535        5.9148454802391366E-016   5.9148454796325489E-016
   1.0000000000096398        5.9148454796895668E-016   5.9148454796325489E-016
 wgt:
   1.0204956582662834        1.9181345060190975E-004   1.8796106484938991E-004
   1.0020216492026826        1.8834105618627803E-004   1.8796106484938991E-004
   1.0002018894791835        1.8799901221087915E-004   1.8796106484938991E-004
   1.0000201861919753        1.8796485906752883E-004   1.8796106484938991E-004
   1.0000020186004881        1.8796144426768717E-004   1.8796106484938991E-004
   1.0000002018607252        1.8796110279134678E-004   1.8796106484938991E-004
   1.0000000201866928        1.8796106864370216E-004   1.8796106484938991E-004
   1.0000000020174185        1.8796106522858604E-004   1.8796106484938991E-004
   1.0000000002030469        1.8796106488755483E-004   1.8796106484938991E-004
   1.0000000000197098        1.8796106485309457E-004   1.8796106484938991E-004
     
 Collinear #          47
 ME*wgt:
   1.7202773753253304        1.3449161355744615E-016   7.8180190873004863E-017
   1.0515916313281843        8.2213634457692007E-017   7.8180190873004863E-017
   1.0029167283708786        7.8408221253764864E-017   7.8180190873004863E-017
  0.99973520989193532        7.8159489531815086E-017   7.8180190873004863E-017
  0.99980226588159771        7.8164731981886063E-017   7.8180190873004863E-017
  0.99992630513704639        7.8174429394552793E-017   7.8180190873004863E-017
  0.99996918166179105        7.8177781489441299E-017   7.8180190873004863E-017
   1.0000369929079913        7.8183082985612575E-017   7.8180190873004863E-017
   1.0000000000000604        7.8180190873009584E-017   7.8180190873004863E-017
   1.0000000000000062        7.8180190873005343E-017   7.8180190873004863E-017
 wgt:
   1.0000060411463210        4.0857680465483954E-003   4.0857433639749034E-003
   1.0000006041121687        4.0857458322221879E-003   4.0857433639749034E-003
   1.0000000604111925        4.0857436107995318E-003   4.0857433639749034E-003
   1.0000000060411189        4.0857433886573652E-003   4.0857433639749034E-003
   1.0000000006041123        4.0857433664431512E-003   4.0857433639749034E-003
   1.0000000000604115        4.0857433642217294E-003   4.0857433639749034E-003
   1.0000000000060414        4.0857433639995867E-003   4.0857433639749034E-003
   1.0000000000006044        4.0857433639773727E-003   4.0857433639749034E-003
   1.0000000000000604        4.0857433639751506E-003   4.0857433639749034E-003
   1.0000000000000062        4.0857433639749285E-003   4.0857433639749034E-003
