     
 Collinear #          79
 
 part:           1
 comp:           0
  0.99999950465723808        276.28454625280301        276.28468310842101     
  0.99999995272027531        276.28467004575725        276.28468310842101     
  0.99999999529345662        276.28468180807516        276.28468310842101     
  0.99999999952955876        276.28468297844529        276.28468310842101     
  0.99999999995295763        276.28468309542393        276.28468310842101     
  0.99999999999529565        276.28468310712128        276.28468310842101     
  0.99999999999952904        276.28468310829089        276.28468310842101     
  0.99999999999995270        276.28468310840793        276.28468310842101     
  0.99999999999999489        276.28468310841959        276.28468310842101     
  0.99999999999999922        276.28468310842078        276.28468310842101     
 comp:           1
   0.0000000000000000        0.0000000000000000     
   0.0000000000000000        0.0000000000000000     
   0.0000000000000000        0.0000000000000000     
   0.0000000000000000        0.0000000000000000     
   0.0000000000000000        0.0000000000000000     
   0.0000000000000000        0.0000000000000000     
   0.0000000000000000        0.0000000000000000     
   0.0000000000000000        0.0000000000000000     
   0.0000000000000000        0.0000000000000000     
   0.0000000000000000        0.0000000000000000     
 comp:           2
   0.0000000000000000        0.0000000000000000     
   0.0000000000000000        0.0000000000000000     
   0.0000000000000000        0.0000000000000000     
   0.0000000000000000        0.0000000000000000     
   0.0000000000000000        0.0000000000000000     
   0.0000000000000000        0.0000000000000000     
   0.0000000000000000        0.0000000000000000     
   0.0000000000000000        0.0000000000000000     
   0.0000000000000000        0.0000000000000000     
   0.0000000000000000        0.0000000000000000     
 comp:           3
  0.99999950465723808        276.28454625280301        276.28468310842101     
  0.99999995272027531        276.28467004575725        276.28468310842101     
  0.99999999529345662        276.28468180807516        276.28468310842101     
  0.99999999952955876        276.28468297844529        276.28468310842101     
  0.99999999995295763        276.28468309542393        276.28468310842101     
  0.99999999999529565        276.28468310712128        276.28468310842101     
  0.99999999999952904        276.28468310829089        276.28468310842101     
  0.99999999999995270        276.28468310840793        276.28468310842101     
  0.99999999999999489        276.28468310841959        276.28468310842101     
  0.99999999999999922        276.28468310842078        276.28468310842101     
 
 part:           2
 comp:           0
   1.0000065814158927        276.25181811614044        276.25000000000006     
   1.0000006306260962        276.25017421045914        276.25000000000006     
   1.0000000627999650        276.25001734849042        276.25000000000006     
   1.0000000062773819        276.25000173412684        276.25000000000006     
   1.0000000006277117        276.25000017340540        276.25000000000006     
   1.0000000000627707        276.25000001734043        276.25000000000006     
   1.0000000000062765        276.25000000173395        276.25000000000006     
   1.0000000000006273        276.25000000017337        276.25000000000006     
   1.0000000000000624        276.25000000001728        276.25000000000006     
   1.0000000000000060        276.25000000000171        276.25000000000006     
 comp:           1
   0.0000000000000000        0.0000000000000000     
   0.0000000000000000        0.0000000000000000     
   0.0000000000000000        0.0000000000000000     
   0.0000000000000000        0.0000000000000000     
   0.0000000000000000        0.0000000000000000     
   0.0000000000000000        0.0000000000000000     
   0.0000000000000000        0.0000000000000000     
   0.0000000000000000        0.0000000000000000     
   0.0000000000000000        0.0000000000000000     
   0.0000000000000000        0.0000000000000000     
 comp:           2
   0.0000000000000000        0.0000000000000000     
   0.0000000000000000        0.0000000000000000     
   0.0000000000000000        0.0000000000000000     
   0.0000000000000000        0.0000000000000000     
   0.0000000000000000        0.0000000000000000     
   0.0000000000000000        0.0000000000000000     
   0.0000000000000000        0.0000000000000000     
   0.0000000000000000        0.0000000000000000     
   0.0000000000000000        0.0000000000000000     
   0.0000000000000000        0.0000000000000000     
 comp:           3
   1.0000065814158927       -276.25181811614044       -276.25000000000006     
   1.0000006306260962       -276.25017421045914       -276.25000000000006     
   1.0000000627999650       -276.25001734849042       -276.25000000000006     
   1.0000000062773819       -276.25000173412684       -276.25000000000006     
   1.0000000006277117       -276.25000017340540       -276.25000000000006     
   1.0000000000627707       -276.25000001734043       -276.25000000000006     
   1.0000000000062765       -276.25000000173395       -276.25000000000006     
   1.0000000000006273       -276.25000000017337       -276.25000000000006     
   1.0000000000000624       -276.25000000001728       -276.25000000000006     
   1.0000000000000060       -276.25000000000171       -276.25000000000006     
 
 part:           3
 comp:           0
  0.99998147599787868        188.20587352820189        188.20935991878429     
  0.99999425559421806        188.20827876784895        188.20935991878429     
  0.99999818692985909        188.20901868201358        188.20935991878429     
  0.99999942676570819        188.20925203072514        188.20935991878429     
  0.99999981873078281        188.20932580222095        188.20935991878429     
  0.99999994267774139        188.20934913019869        188.20935991878429     
  0.99999998187311290        188.20935650713446        188.20935991878429     
  0.99999999426777486        188.20935883992587        188.20935991878429     
  0.99999999818731122        188.20935957761930        188.20935991878429     
  0.99999999942677742        188.20935981089843        188.20935991878429     
 comp:           1
  0.99996697036322668       -68.118571126614810       -68.120821132593520     
  0.99998975740016127       -68.120123398281976       -68.120821132593520     
  0.99999676720245834       -68.120600911770424       -68.120821132593520     
  0.99999897789458825       -68.120751505933583       -68.120821132593520     
  0.99999967678800827       -68.120799115127241       -68.120821132593520     
  0.99999989779158316       -68.120814170072236       -68.120821132593520     
  0.99999996767886612       -68.120818930851343       -68.120821132593520     
  0.99999998977916016       -68.120820436341518       -68.120821132593520     
  0.99999999676788665       -68.120820912419305       -68.120821132593520     
  0.99999999897791603       -68.120821062968318       -68.120821132593520     
 comp:           2
  0.99995210021026382       -102.46050348668747       -102.46541155835635     
  0.99998514611644107       -102.46388954906425       -102.46541155835635     
  0.99999531177640333       -102.46493117759604       -102.46541155835635     
  0.99999851773621828       -102.46525967758792       -102.46541155835635     
  0.99999953127590979       -102.46536353034953       -102.46541155835635     
  0.99999985177670236       -102.46539637059516       -102.46541155835635     
  0.99999995312768575       -102.46540675556538       -102.46541155835635     
  0.99999998517767286       -102.46541003958050       -102.46541155835635     
  0.99999999531276873       -102.46541107807727       -102.46541155835635     
  0.99999999851776733       -102.46541140647876       -102.46541155835635     
 comp:           3
   1.0000000000000000        68.250687347720799        68.250687347720799     
   1.0000000000000000        68.250687347720799        68.250687347720799     
   1.0000000000000000        68.250687347720799        68.250687347720799     
   1.0000000000000000        68.250687347720799        68.250687347720799     
   1.0000000000000000        68.250687347720799        68.250687347720799     
   1.0000000000000000        68.250687347720799        68.250687347720799     
   1.0000000000000000        68.250687347720799        68.250687347720799     
   1.0000000000000000        68.250687347720799        68.250687347720799     
   1.0000000000000000        68.250687347720799        68.250687347720799     
   1.0000000000000000        68.250687347720799        68.250687347720799     
 
 part:           4
 comp:           0
   1.0000172140527650        167.49592696122011        167.49304372712763     
   1.0000053380126734        167.49393780711776        167.49304372712763     
   1.0000016847863875        167.49332591712772        167.49304372712763     
   1.0000005326734631        167.49313294622729        167.49304372712763     
   1.0000001684428321        167.49307194013028        167.49304372712763     
   1.0000000532661901        167.49305264884396        167.49304372712763     
   1.0000000168442442        167.49304654842138        167.49304372712763     
   1.0000000053266176        167.49304461929901        167.49304372712763     
   1.0000000016844244        167.49304400925698        167.49304372712763     
   1.0000000005326617        167.49304381634477        167.49304372712763     
 comp:           1
  0.99996304909094702       -54.188335933837813       -54.190338316100480     
  0.99998854154188932       -54.189717378378880       -54.190338316100480     
  0.99999638346364006       -54.190142334771600       -54.190338316100480     
  0.99999885657022536       -54.190276353254148       -54.190338316100480     
  0.99999963842273887       -54.190318722106369       -54.190338316100480     
  0.99999988565945575       -54.190332119947705       -54.190338316100480     
  0.99999996384235268       -54.190336356705338       -54.190338316100480     
  0.99999998856594829       -54.190337696485351       -54.190338316100480     
  0.99999999638423542       -54.190338120160973       -54.190338316100480     
  0.99999999885659474       -54.190338254138965       -54.190338316100480     
 comp:           2
   1.0000322588925481        135.40626815818942        135.40190024283868     
   1.0000100034661781        135.40325473116820        135.40190024283868     
   1.0000031573095447        135.40232774855068        135.40190024283868     
   1.0000009982373692        135.40203540607536        135.40190024283868     
   1.0000003156642776        135.40194298438172        135.40190024283868     
   1.0000000998216125        135.40191375887471        135.40190024283868     
   1.0000000315663591        135.40190451698368        135.40190024283868     
   1.0000000099821589        135.40190159444197        135.40190024283868     
   1.0000000031566358        135.40190067025316        135.40190024283868     
   1.0000000009982157        135.40190037799900        135.40190024283868     
 comp:           3
   1.0000000000000000        82.362930622898602        82.362930622898602     
   1.0000000000000000        82.362930622898602        82.362930622898602     
   1.0000000000000000        82.362930622898602        82.362930622898602     
   1.0000000000000000        82.362930622898602        82.362930622898602     
   1.0000000000000000        82.362930622898602        82.362930622898602     
   1.0000000000000000        82.362930622898602        82.362930622898602     
   1.0000000000000000        82.362930622898602        82.362930622898602     
   1.0000000000000000        82.362930622898602        82.362930622898602     
   1.0000000000000000        82.362930622898602        82.362930622898602     
   1.0000000000000000        82.362930622898602        82.362930622898602     
 
 part:           5
 comp:           0
   1.0000030660122350        196.79819973792632        196.79759635408809     
   1.0000009506864471        196.79778344689578        196.79759635408809     
   1.0000003000491351        196.79765540303666        196.79759635408809     
   1.0000000948648642        196.79761502326534        196.79759635408809     
   1.0000000299982452        196.79760225767063        196.79759635408809     
   1.0000000094862516        196.79759822095957        196.79759635408809     
   1.0000000029998146        196.79759694444439        196.79759635408809     
   1.0000000009486245        196.79759654077512        196.79759635408809     
   1.0000000002999814        196.79759641312370        196.79759635408809     
   1.0000000000948626        196.79759637275680        196.79759635408809     
 comp:           1
   1.0000192353834976        122.31351215075202        122.31115944869400     
   1.0000059649117536        122.31188902396659        122.31115944869400     
   1.0000018826575459        122.31138971872129        122.31115944869400     
   1.0000005952346385        122.31123225253278        122.31115944869400     
   1.0000001882261136        122.31118247084818        122.31115944869400     
   1.0000000595222089        122.31116672892438        122.31115944869400     
   1.0000000188225715        122.31116175090455        122.31115944869400     
   1.0000000059522196        122.31116017671688        122.31115944869400     
   1.0000000018822570        122.31115967891505        122.31115944869400     
   1.0000000005952221        122.31115952149629        122.31115944869400     
 comp:           2
  0.99984418227531890       -32.931356595756519       -32.936488684482320     
  0.99995168076698437       -32.934897218610857       -32.936488684482320     
  0.99998474938567239       -32.935986382796088       -32.936488684482320     
  0.99999517825537354       -32.936329873144992       -32.936488684482320     
  0.99999847525968344       -32.936438464890138       -32.936488684482320     
  0.99999951783570318       -32.936472803683415       -32.936488684482320     
  0.99999984752629134       -32.936483662533739       -32.936488684482320     
  0.99999995178358048       -32.936487096402765       -32.936488684482320     
  0.99999998475262974       -32.936488182287484       -32.936488684482320     
  0.99999999517835780       -32.936488525674356       -32.936488684482320     
 comp:           3
   1.0000000000000000       -150.61361797061946       -150.61361797061946     
   1.0000000000000000       -150.61361797061946       -150.61361797061946     
   1.0000000000000000       -150.61361797061946       -150.61361797061946     
   1.0000000000000000       -150.61361797061946       -150.61361797061946     
   1.0000000000000000       -150.61361797061946       -150.61361797061946     
   1.0000000000000000       -150.61361797061946       -150.61361797061946     
   1.0000000000000000       -150.61361797061946       -150.61361797061946     
   1.0000000000000000       -150.61361797061946       -150.61361797061946     
   1.0000000000000000       -150.61361797061946       -150.61361797061946     
   1.0000000000000000       -150.61361797061946       -150.61361797061946     
 
 part:           6
 comp:           0
   1.0484683539264179        3.6364141595178610E-002   3.4683108420963046E-002
   1.0046456601010267        3.4844234353933898E-002   3.4683108420963046E-002
   1.0004626450017389        3.4699154387718770E-002   3.4683108420963046E-002
   1.0000462453767427        3.4684712354378582E-002   3.4683108420963046E-002
   1.0000046243465268        3.4683268807675013E-002   3.4683108420963046E-002
   1.0000004624327408        3.4683124459567935E-002   3.4683108420963046E-002
   1.0000000462432550        3.4683110024822876E-002   3.4683108420963046E-002
   1.0000000046243256        3.4683108581349029E-002   3.4683108420963046E-002
   1.0000000004624323        3.4683108437001633E-002   3.4683108420963046E-002
   1.0000000000462430        3.4683108422566895E-002   3.4683108420963046E-002
 comp:           1
  -6.6050902993916843E-003  -0.0000000000000000     
  -2.0482473057268206E-003  -0.0000000000000000     
  -6.4647217927319876E-004  -0.0000000000000000     
  -2.0439334504431382E-004  -0.0000000000000000     
  -6.4633614565858371E-005  -0.0000000000000000     
  -2.0438904449342650E-005  -0.0000000000000000     
  -6.4633478558621449E-006  -0.0000000000000000     
  -2.0438900194231513E-006  -0.0000000000000000     
  -6.4633476316606003E-007  -0.0000000000000000     
  -2.0438900951581154E-007  -0.0000000000000000     
 comp:           2
  -1.4408075745426999E-002  -0.0000000000000000     
  -4.4679634930951256E-003  -0.0000000000000000     
  -1.4101881585384759E-003  -0.0000000000000000     
  -4.4585534243655843E-004  -0.0000000000000000     
  -1.4098914203358991E-004  -0.0000000000000000     
  -4.4584596138949869E-005  -0.0000000000000000     
  -1.4098884535292657E-005  -0.0000000000000000     
  -4.4584586857023255E-006  -0.0000000000000000     
  -1.4098884046228512E-006  -0.0000000000000000     
  -4.4584588509074999E-007  -0.0000000000000000     
 comp:           3
  0.94363331756065527        3.2728136662589259E-002   3.4683108420963046E-002
  0.99460045159070110        3.4495835298059094E-002   3.4683108420963046E-002
  0.99946230781848400        3.4664459584734422E-002   3.4683108420963046E-002
  0.99994625330487874        3.4681244318508886E-002   3.4683108420963046E-002
  0.99999462555561569        3.4682922018525762E-002   3.4683108420963046E-002
  0.99999946255781225        3.4683089780797378E-002   3.4683108420963046E-002
  0.99999994625580391        3.4683106556947264E-002   3.4683108420963046E-002
  0.99999999462558065        3.4683108234561479E-002   3.4683108420963046E-002
  0.99999999946255735        3.4683108402322867E-002   3.4683108420963046E-002
  0.99999999994625544        3.4683108419099017E-002   3.4683108420963046E-002
 
 part: i_fks+j_fks
 comp:           0
   1.0000055883797700        276.32091039439820        276.31936621684196     
   1.0000005358410859        276.31951428011121        276.31936621684196     
   1.0000000533644136        276.31938096246290        276.31936621684196     
   1.0000000053342541        276.31936769079965        276.31936621684196     
   1.0000000005334033        276.31936636423160        276.31936621684196     
   1.0000000000533400        276.31936623158083        276.31936621684196     
   1.0000000000053335        276.31936621831574        276.31936621684196     
   1.0000000000005331        276.31936621698929        276.31936621684196     
   1.0000000000000528        276.31936621685657        276.31936621684196     
   1.0000000000000049        276.31936621684332        276.31936621684196     
 comp:           1
  -6.6050902993916843E-003   0.0000000000000000     
  -2.0482473057268206E-003   0.0000000000000000     
  -6.4647217927319876E-004   0.0000000000000000     
  -2.0439334504431382E-004   0.0000000000000000     
  -6.4633614565858371E-005   0.0000000000000000     
  -2.0438904449342650E-005   0.0000000000000000     
  -6.4633478558621449E-006   0.0000000000000000     
  -2.0438900194231513E-006   0.0000000000000000     
  -6.4633476316606003E-007   0.0000000000000000     
  -2.0438900951581154E-007   0.0000000000000000     
 comp:           2
  -1.4408075745426999E-002   0.0000000000000000     
  -4.4679634930951256E-003   0.0000000000000000     
  -1.4101881585384759E-003   0.0000000000000000     
  -4.4585534243655843E-004   0.0000000000000000     
  -1.4098914203358991E-004   0.0000000000000000     
  -4.4584596138949869E-005   0.0000000000000000     
  -1.4098884535292657E-005   0.0000000000000000     
  -4.4584586857023255E-006   0.0000000000000000     
  -1.4098884046228512E-006   0.0000000000000000     
  -4.4584588509074999E-007   0.0000000000000000     
 comp:           3
  0.99999242967510737        276.31727438946558        276.31936621684196     
  0.99999927498463326        276.31916588105531        276.31936621684196     
  0.99999992780389479        276.31934626765991        276.31936621684196     
  0.99999999278342955        276.31936422276380        276.31936621684196     
  0.99999999927837313        276.31936601744246        276.31936621684196     
  0.99999999992783761        276.31936619690208        276.31936621684196     
  0.99999999999278322        276.31936621484783        276.31936621684196     
  0.99999999999927813        276.31936621664249        276.31936621684196     
  0.99999999999992739        276.31936621682189        276.31936621684196     
  0.99999999999999234        276.31936621683985        276.31936621684196     
     
 Collinear #          50
 
 part:           1
 comp:           0
   1.0000000000000000        325.00000000000000        325.00000000000000     
   1.0000000000000000        325.00000000000000        325.00000000000000     
   1.0000000000000000        325.00000000000000        325.00000000000000     
   1.0000000000000000        325.00000000000000        325.00000000000000     
   1.0000000000000000        325.00000000000000        325.00000000000000     
   1.0000000000000000        325.00000000000000        325.00000000000000     
   1.0000000000000000        325.00000000000000        325.00000000000000     
   1.0000000000000000        325.00000000000000        325.00000000000000     
   1.0000000000000000        325.00000000000000        325.00000000000000     
   1.0000000000000000        325.00000000000000        325.00000000000000     
 comp:           1
   0.0000000000000000        0.0000000000000000     
   0.0000000000000000        0.0000000000000000     
   0.0000000000000000        0.0000000000000000     
   0.0000000000000000        0.0000000000000000     
   0.0000000000000000        0.0000000000000000     
   0.0000000000000000        0.0000000000000000     
   0.0000000000000000        0.0000000000000000     
   0.0000000000000000        0.0000000000000000     
   0.0000000000000000        0.0000000000000000     
   0.0000000000000000        0.0000000000000000     
 comp:           2
   0.0000000000000000        0.0000000000000000     
   0.0000000000000000        0.0000000000000000     
   0.0000000000000000        0.0000000000000000     
   0.0000000000000000        0.0000000000000000     
   0.0000000000000000        0.0000000000000000     
   0.0000000000000000        0.0000000000000000     
   0.0000000000000000        0.0000000000000000     
   0.0000000000000000        0.0000000000000000     
   0.0000000000000000        0.0000000000000000     
   0.0000000000000000        0.0000000000000000     
 comp:           3
   1.0000000000000000        325.00000000000000        325.00000000000000     
   1.0000000000000000        325.00000000000000        325.00000000000000     
   1.0000000000000000        325.00000000000000        325.00000000000000     
   1.0000000000000000        325.00000000000000        325.00000000000000     
   1.0000000000000000        325.00000000000000        325.00000000000000     
   1.0000000000000000        325.00000000000000        325.00000000000000     
   1.0000000000000000        325.00000000000000        325.00000000000000     
   1.0000000000000000        325.00000000000000        325.00000000000000     
   1.0000000000000000        325.00000000000000        325.00000000000000     
   1.0000000000000000        325.00000000000000        325.00000000000000     
 
 part:           2
 comp:           0
   1.0000000000000000        325.00000000000000        325.00000000000000     
   1.0000000000000000        325.00000000000000        325.00000000000000     
   1.0000000000000000        325.00000000000000        325.00000000000000     
   1.0000000000000000        325.00000000000000        325.00000000000000     
   1.0000000000000000        325.00000000000000        325.00000000000000     
   1.0000000000000000        325.00000000000000        325.00000000000000     
   1.0000000000000000        325.00000000000000        325.00000000000000     
   1.0000000000000000        325.00000000000000        325.00000000000000     
   1.0000000000000000        325.00000000000000        325.00000000000000     
   1.0000000000000000        325.00000000000000        325.00000000000000     
 comp:           1
  -0.0000000000000000       -0.0000000000000000     
  -0.0000000000000000       -0.0000000000000000     
  -0.0000000000000000       -0.0000000000000000     
  -0.0000000000000000       -0.0000000000000000     
  -0.0000000000000000       -0.0000000000000000     
  -0.0000000000000000       -0.0000000000000000     
  -0.0000000000000000       -0.0000000000000000     
  -0.0000000000000000       -0.0000000000000000     
  -0.0000000000000000       -0.0000000000000000     
  -0.0000000000000000       -0.0000000000000000     
 comp:           2
  -0.0000000000000000       -0.0000000000000000     
  -0.0000000000000000       -0.0000000000000000     
  -0.0000000000000000       -0.0000000000000000     
  -0.0000000000000000       -0.0000000000000000     
  -0.0000000000000000       -0.0000000000000000     
  -0.0000000000000000       -0.0000000000000000     
  -0.0000000000000000       -0.0000000000000000     
  -0.0000000000000000       -0.0000000000000000     
  -0.0000000000000000       -0.0000000000000000     
  -0.0000000000000000       -0.0000000000000000     
 comp:           3
   1.0000000000000000       -325.00000000000000       -325.00000000000000     
   1.0000000000000000       -325.00000000000000       -325.00000000000000     
   1.0000000000000000       -325.00000000000000       -325.00000000000000     
   1.0000000000000000       -325.00000000000000       -325.00000000000000     
   1.0000000000000000       -325.00000000000000       -325.00000000000000     
   1.0000000000000000       -325.00000000000000       -325.00000000000000     
   1.0000000000000000       -325.00000000000000       -325.00000000000000     
   1.0000000000000000       -325.00000000000000       -325.00000000000000     
   1.0000000000000000       -325.00000000000000       -325.00000000000000     
   1.0000000000000000       -325.00000000000000       -325.00000000000000     
 
 part:           3
 comp:           0
  0.99974801837641925        335.03818279052871        335.12262753431344     
  0.99997481277273159        335.11418672453095        335.12262753431344     
  0.99999748138654843        335.12178348995582        335.12262753431344     
  0.99999974813974735        335.12254313024380        335.12262753431344     
  0.99999997481398573        335.12261909391015        335.12262753431344     
  0.99999999748139867        335.12262669027314        335.12262753431344     
  0.99999999974813980        335.12262744990937        335.12262753431344     
  0.99999999997481404        335.12262752587304        335.12262753431344     
  0.99999999999748146        335.12262753346943        335.12262753431344     
  0.99999999999974776        335.12262753422891        335.12262753431344     
 comp:           1
  0.99969360929653928       -270.49282923244772       -270.57573112104529     
  0.99996937486267390       -270.56744470212260       -270.57573112104529     
  0.99999693762549768       -270.57490251682538       -270.57573112104529     
  0.99999969376394182       -270.57564826099997       -270.57573112104529     
  0.99999996937640812       -270.57572283504453       -270.57573112104529     
  0.99999999693764097       -270.57573029244526       -270.57573112104529     
  0.99999999969376396       -270.57573103818527       -270.57573112104529     
  0.99999999996937639       -270.57573111275929       -270.57573112104529     
  0.99999999999693767       -270.57573112021669       -270.57573112104529     
  0.99999999999969369       -270.57573112096242       -270.57573112104529     
 comp:           2
  0.99964061616878763        77.985807512628583        78.013844426926340     
  0.99996407795974440        78.011042010466340        78.013844426926340     
  0.99999640795928602        78.013564198020902        78.013844426926340     
  0.99999964079756143        78.013816404163180        78.013844426926340     
  0.99999996407977243        78.013841624651292        78.013844426926340     
  0.99999999640797732        78.013844146698844        78.013844426926340     
  0.99999999964079767        78.013844398903586        78.013844426926340     
  0.99999999996407973        78.013844424124059        78.013844426926340     
  0.99999999999640798        78.013844426646116        78.013844426926340     
  0.99999999999964062        78.013844426898302        78.013844426926340     
 comp:           3
  0.99978823490396040       -131.82346941272945       -131.85139093519379     
  0.99997883312034652       -131.84860005266972       -131.85139093519379     
  0.99999788340826523       -131.85111185962953       -131.85139093519379     
  0.99999978834178860       -131.85136302776422       -131.85139093519379     
  0.99999997883418845       -131.85138814445210       -131.85139093519379     
  0.99999999788341898       -131.85139065611963       -131.85139093519379     
  0.99999999978834186       -131.85139090728637       -131.85139093519379     
  0.99999999997883404       -131.85139093240304       -131.85139093519379     
  0.99999999999788347       -131.85139093491472       -131.85139093519379     
  0.99999999999978828       -131.85139093516588       -131.85139093519379     
 
 part:           4
 comp:           0
   1.0002767954899385        179.47724142296801        179.42757667897268     
   1.0000276726552944        179.43254191645241        179.42757667897268     
   1.0000027671966114        179.42807319035487        179.42757667897268     
   1.0000002767189720        179.42762632998725        179.42757667897268     
   1.0000000276718901        179.42758164407289        179.42757667897268     
   1.0000000027671889        179.42757717548270        179.42757667897268     
   1.0000000002767189        179.42757672862368        179.42757667897268     
   1.0000000000276719        179.42757668393779        179.42757667897268     
   1.0000000000027671        179.42757667946918        179.42757667897268     
   1.0000000000002767        179.42757667902234        179.42757667897268     
 comp:           1
  0.99886300140095929        161.74445790818967        161.92857046595412     
  0.99957258209112143        161.85935929497788        161.92857046595412     
  0.99985875486619291        161.90569884335147        161.92857046595412     
  0.99995474746665580        161.92124278791974        161.92857046595412     
  0.99998563187684109        161.92624385631072        161.92857046595412     
  0.99999545062022477        161.92783379139061        161.92857046595412     
  0.99999856078244820        161.92833741551337        161.92857046595412     
  0.99999954482173381        161.92849675958817        161.92857046595412     
  0.99999985605422637        161.92854715702077        161.92857046595412     
  0.99999995447978007        161.92856309492998        161.92857046595412     
 comp:           2
   1.0137781100481458       -55.517791443947743       -54.763257258840525     
   1.0043952871294299       -55.003957498635963       -54.763257258840525     
   1.0013871373119414       -54.839221416307709       -54.763257258840525     
   1.0004381689342623       -54.787252816910360       -54.763257258840525     
   1.0001385064717792       -54.770842324386585       -54.763257258840525     
   1.0000437939164886       -54.765655556355561       -54.763257258840525     
   1.0000138482782710       -54.764015635666070       -54.763257258840525     
   1.0000043791524968       -54.763497075495280       -54.763257258840525     
   1.0000013848038132       -54.763333095208004       -54.763257258840525     
   1.0000004379127647       -54.763281240369913       -54.763257258840525     
 comp:           3
  0.99902560161048337        54.484725914429660        54.537867524713413     
  0.99962515782947203        54.517424432074485        54.537867524713413     
  0.99987541685047965        54.531073025409057        54.537867524713413     
  0.99996001758796571        54.535686969222567        54.537867524713413     
  0.99998729847155088        54.537174810437492        54.537867524713413     
  0.99999597764488724        54.537648154043133        54.537867524713413     
  0.99999872744231522        54.537798122130980        54.537867524713413     
  0.99999959752421252        54.537845574542231        54.537867524713413     
  0.99999987272021307        54.537860583145253        54.537867524713413     
  0.99999995975002720        54.537865329565726        54.537867524713413     
 
 part:           5
 comp:           0
   1.0002602297610184        133.68590296642745        133.65112296663801     
   1.0000260048118239        133.65459853894080        133.65112296663801     
   1.0000026002997031        133.65147049961340        133.65112296663801     
   1.0000002600281557        133.65115771969303        133.65112296663801     
   1.0000000260027975        133.65112644194110        133.65112296663801     
   1.0000000026002795        133.65112331416830        133.65112296663801     
   1.0000000002600280        133.65112300139106        133.65112296663801     
   1.0000000000260028        133.65112297011331        133.65112296663801     
   1.0000000000026001        133.65112296698553        133.65112296663801     
   1.0000000000002598        133.65112296667274        133.65112296663801     
 comp:           1
   1.0003090037208633        107.05697751329848        107.02390672789822     
   1.0000308792014811        107.02721154067737        107.02390672789822     
   1.0000030877086317        107.02423718653883        107.02390672789822     
   1.0000003087687483        107.02393977353594        107.02390672789822     
   1.0000000308768537        107.02391003245974        107.02390672789822     
   1.0000000030876852        107.02390705835435        107.02390672789822     
   1.0000000003087686        107.02390676094385        107.02390672789822     
   1.0000000000308769        107.02390673120279        107.02390672789822     
   1.0000000000030875        107.02390672822867        107.02390672789822     
   1.0000000000003089        107.02390672793128        107.02390672789822     
 comp:           2
   1.0004926671339545       -22.712796905181133       -22.701612566781712     
   1.0000492329595581       -22.702730234355116       -22.701612566781712     
   1.0000049229587196       -22.701724325883248       -22.701612566781712     
   1.0000004922925003       -22.701623742615322       -22.701612566781712     
   1.0000000492292165       -22.701613684364311       -22.701612566781712     
   1.0000000049229212       -22.701612678539963       -22.701612566781712     
   1.0000000004922922       -22.701612577957540       -22.701612566781712     
   1.0000000000492293       -22.701612567899296       -22.701612566781712     
   1.0000000000049230       -22.701612566893470       -22.701612566781712     
   1.0000000000004925       -22.701612566792893       -22.701612566781712     
 comp:           3
   1.0001450927445459        76.777946536815847        76.766808229919747     
   1.0000144993337936        76.767921297496542        76.766808229919747     
   1.0000014498340617        76.766919529053126        76.766808229919747     
   1.0000001449824132        76.766819359756852        76.766808229919747     
   1.0000000144982315        76.766809342902704        76.766808229919747     
   1.0000000014498232        76.766808341218038        76.766808229919747     
   1.0000000001449822        76.766808241049574        76.766808229919747     
   1.0000000000144982        76.766808231032726        76.766808229919747     
   1.0000000000014497        76.766808230031046        76.766808229919747     
   1.0000000000001452        76.766808229930888        76.766808229919747     
 
 part:           6
 comp:           0
   1.0000000000000000        1.7986728200758517        1.7986728200758517     
   1.0000000000000000        1.7986728200758517        1.7986728200758517     
   1.0000000000000000        1.7986728200758517        1.7986728200758517     
   1.0000000000000000        1.7986728200758517        1.7986728200758517     
   1.0000000000000000        1.7986728200758517        1.7986728200758517     
   1.0000000000000000        1.7986728200758517        1.7986728200758517     
   1.0000000000000000        1.7986728200758517        1.7986728200758517     
   1.0000000000000000        1.7986728200758517        1.7986728200758517     
   1.0000000000000000        1.7986728200758517        1.7986728200758517     
   1.0000000000000000        1.7986728200758517        1.7986728200758517     
 comp:           1
   1.0419773410833262        1.6913938109595335        1.6232539271929081     
   1.0354965654535908        1.6808738664673093        1.6232539271929081     
   1.0133759477667019        1.6449664869351341        1.6232539271929081     
   1.0044427875581328        1.6304656995443310        1.6232539271929081     
   1.0014261595443317        1.6255689462740481        1.6232539271929081     
   1.0004531117991289        1.6239894427003014        1.6232539271929081     
   1.0001434985194044        1.6234868617280778        1.6232539271929081     
   1.0000453994129532        1.6233276219682766        1.6232539271929081     
   1.0000143586742214        1.6232772349672271        1.6232539271929081     
   1.0000045408226577        1.6232612981011196        1.6232539271929081     
 comp:           2
 -0.44588736148965247       0.24478083650031457      -0.54897460130408993     
  0.55440502484497134      -0.30435427747525223      -0.54897460130408993     
  0.86091133306941969      -0.47261845582995726      -0.54897460130408993     
  0.95621881848544987      -0.52493984463751775      -0.54897460130408993     
  0.98617607192451906      -0.54138561590039636      -0.54897460130408993     
  0.99563060022252603      -0.54657591180331300      -0.54897460130408993     
  0.99861848613339366      -0.54821618527997362      -0.54897460130408993     
  0.99956314814191671      -0.54873478072946968      -0.54897460130408993     
  0.99986185743514555      -0.54889876454462583      -0.54897460130408993     
  0.99995631570470278      -0.54895061973549586      -0.54897460130408993     
 comp:           3
   1.0257570695382345       0.56079696148393088       0.54671518056062252     
   1.0302518443353172       0.56325432309869738       0.54671518056062252     
   1.0117138225431308       0.55311930516734542       0.54671518056062252     
   1.0039170637661858       0.54885669878482024       0.54671518056062252     
   1.0012599074907331       0.54740399111190841       0.54671518056062252     
   1.0004005381698424       0.54693416085846935       0.54671518056062252     
   1.0001268732745365       0.54678454410581911       0.54671518056062252     
   1.0000401420487885       0.54673712682807407       0.54671518056062252     
   1.0000126961497298       0.54672212173841439       0.54671518056062252     
   1.0000040150863410       0.54671737566927636       0.54671518056062252     
 
 part: i_fks+j_fks
 comp:           0
   1.0002740482911974        181.27591424304387        181.22624949904855     
   1.0000273980038403        181.23121473652827        181.22624949904855     
   1.0000027397321500        181.22674601043073        181.22624949904855     
   1.0000002739725327        181.22629915006311        181.22624949904855     
   1.0000000273972462        181.22625446414875        181.22624949904855     
   1.0000000027397247        181.22624999555856        181.22624949904855     
   1.0000000002739724        181.22624954869954        181.22624949904855     
   1.0000000000273972        181.22624950401365        181.22624949904855     
   1.0000000000027396        181.22624949954505        181.22624949904855     
   1.0000000000002740        181.22624949909820        181.22624949904855     
 comp:           1
  0.99929091176800910        163.43585171914921        163.55182439314703     
  0.99992912808068735        163.54023316144520        163.55182439314703     
  0.99999291317681893        163.55066533028662        163.55182439314703     
  0.99999929132136922        163.55170848746405        163.55182439314703     
  0.99999992913217384        163.55181280258478        163.55182439314703     
  0.99999999291321795        163.55182323409090        163.55182439314703     
  0.99999999929132199        163.55182427724145        163.55182439314703     
  0.99999999992913213        163.55182438155646        163.55182439314703     
  0.99999999999291334        163.55182439198799        163.55182439314703     
  0.99999999999929112        163.55182439303110        163.55182439314703     
 comp:           2
  0.99929091176800910       -55.273010607447432       -55.312231860144614     
  0.99992912808068735       -55.308311776111218       -55.312231860144614     
  0.99999291317681893       -55.311839872137668       -55.312231860144614     
  0.99999929132136922       -55.312192661547876       -55.312231860144614     
  0.99999992913217384       -55.312227940286981       -55.312231860144614     
  0.99999999291321784       -55.312231468158878       -55.312231860144614     
  0.99999999929132188       -55.312231820946046       -55.312231860144614     
  0.99999999992913202       -55.312231856224749       -55.312231860144614     
  0.99999999999291322       -55.312231859752629       -55.312231860144614     
  0.99999999999929112       -55.312231860105406       -55.312231860144614     
 comp:           3
  0.99929091176800899        55.045522875913591        55.084582705274038     
  0.99992912808068746        55.080678755173182        55.084582705274038     
  0.99999291317681893        55.084192330576400        55.084582705274038     
  0.99999929132136911        55.084543668007385        55.084582705274038     
  0.99999992913217373        55.084578801549398        55.084582705274038     
  0.99999999291321795        55.084582314901603        55.084582705274038     
  0.99999999929132188        55.084582666236798        55.084582705274038     
  0.99999999992913213        55.084582701370309        55.084582705274038     
  0.99999999999291322        55.084582704883665        55.084582705274038     
  0.99999999999929134        55.084582705235000        55.084582705274038     
     
 Collinear #          43
 
 part:           1
 comp:           0
   1.0000000000000000        325.00000000000000        325.00000000000000     
   1.0000000000000000        325.00000000000000        325.00000000000000     
   1.0000000000000000        325.00000000000000        325.00000000000000     
   1.0000000000000000        325.00000000000000        325.00000000000000     
   1.0000000000000000        325.00000000000000        325.00000000000000     
   1.0000000000000000        325.00000000000000        325.00000000000000     
   1.0000000000000000        325.00000000000000        325.00000000000000     
   1.0000000000000000        325.00000000000000        325.00000000000000     
   1.0000000000000000        325.00000000000000        325.00000000000000     
   1.0000000000000000        325.00000000000000        325.00000000000000     
 comp:           1
   0.0000000000000000        0.0000000000000000     
   0.0000000000000000        0.0000000000000000     
   0.0000000000000000        0.0000000000000000     
   0.0000000000000000        0.0000000000000000     
   0.0000000000000000        0.0000000000000000     
   0.0000000000000000        0.0000000000000000     
   0.0000000000000000        0.0000000000000000     
   0.0000000000000000        0.0000000000000000     
   0.0000000000000000        0.0000000000000000     
   0.0000000000000000        0.0000000000000000     
 comp:           2
   0.0000000000000000        0.0000000000000000     
   0.0000000000000000        0.0000000000000000     
   0.0000000000000000        0.0000000000000000     
   0.0000000000000000        0.0000000000000000     
   0.0000000000000000        0.0000000000000000     
   0.0000000000000000        0.0000000000000000     
   0.0000000000000000        0.0000000000000000     
   0.0000000000000000        0.0000000000000000     
   0.0000000000000000        0.0000000000000000     
   0.0000000000000000        0.0000000000000000     
 comp:           3
   1.0000000000000000        325.00000000000000        325.00000000000000     
   1.0000000000000000        325.00000000000000        325.00000000000000     
   1.0000000000000000        325.00000000000000        325.00000000000000     
   1.0000000000000000        325.00000000000000        325.00000000000000     
   1.0000000000000000        325.00000000000000        325.00000000000000     
   1.0000000000000000        325.00000000000000        325.00000000000000     
   1.0000000000000000        325.00000000000000        325.00000000000000     
   1.0000000000000000        325.00000000000000        325.00000000000000     
   1.0000000000000000        325.00000000000000        325.00000000000000     
   1.0000000000000000        325.00000000000000        325.00000000000000     
 
 part:           2
 comp:           0
   1.0000000000000000        325.00000000000000        325.00000000000000     
   1.0000000000000000        325.00000000000000        325.00000000000000     
   1.0000000000000000        325.00000000000000        325.00000000000000     
   1.0000000000000000        325.00000000000000        325.00000000000000     
   1.0000000000000000        325.00000000000000        325.00000000000000     
   1.0000000000000000        325.00000000000000        325.00000000000000     
   1.0000000000000000        325.00000000000000        325.00000000000000     
   1.0000000000000000        325.00000000000000        325.00000000000000     
   1.0000000000000000        325.00000000000000        325.00000000000000     
   1.0000000000000000        325.00000000000000        325.00000000000000     
 comp:           1
  -0.0000000000000000       -0.0000000000000000     
  -0.0000000000000000       -0.0000000000000000     
  -0.0000000000000000       -0.0000000000000000     
  -0.0000000000000000       -0.0000000000000000     
  -0.0000000000000000       -0.0000000000000000     
  -0.0000000000000000       -0.0000000000000000     
  -0.0000000000000000       -0.0000000000000000     
  -0.0000000000000000       -0.0000000000000000     
  -0.0000000000000000       -0.0000000000000000     
  -0.0000000000000000       -0.0000000000000000     
 comp:           2
  -0.0000000000000000       -0.0000000000000000     
  -0.0000000000000000       -0.0000000000000000     
  -0.0000000000000000       -0.0000000000000000     
  -0.0000000000000000       -0.0000000000000000     
  -0.0000000000000000       -0.0000000000000000     
  -0.0000000000000000       -0.0000000000000000     
  -0.0000000000000000       -0.0000000000000000     
  -0.0000000000000000       -0.0000000000000000     
  -0.0000000000000000       -0.0000000000000000     
  -0.0000000000000000       -0.0000000000000000     
 comp:           3
   1.0000000000000000       -325.00000000000000       -325.00000000000000     
   1.0000000000000000       -325.00000000000000       -325.00000000000000     
   1.0000000000000000       -325.00000000000000       -325.00000000000000     
   1.0000000000000000       -325.00000000000000       -325.00000000000000     
   1.0000000000000000       -325.00000000000000       -325.00000000000000     
   1.0000000000000000       -325.00000000000000       -325.00000000000000     
   1.0000000000000000       -325.00000000000000       -325.00000000000000     
   1.0000000000000000       -325.00000000000000       -325.00000000000000     
   1.0000000000000000       -325.00000000000000       -325.00000000000000     
   1.0000000000000000       -325.00000000000000       -325.00000000000000     
 
 part:           3
 comp:           0
   1.0000193361062431        287.59424184616785        287.58868100087773     
   1.0000019156008191        287.58923190599063        287.58868100087773     
   1.0000001913818279        287.58873604012518        287.58868100087773     
   1.0000000191364018        287.58868650429031        287.58868100087773     
   1.0000000019136221        287.58868155121382        287.58868100087773     
   1.0000000001913620        287.58868105591125        287.58868100087773     
   1.0000000000191362        287.58868100638108        287.58868100087773     
   1.0000000000019136        287.58868100142803        287.58868100087773     
   1.0000000000001914        287.58868100093275        287.58868100087773     
   1.0000000000000191        287.58868100088324        287.58868100087773     
 comp:           1
   1.0000381156720743        203.08944791013101        203.08170731437073     
   1.0000037762065790        203.08247419284999        203.08170731437073     
   1.0000003772706580        203.08178393114008        203.08170731437073     
   1.0000000377235692        203.08171497533758        203.08170731437073     
   1.0000000037723218        203.08170808046029        203.08170731437073     
   1.0000000003772318        203.08170739097963        203.08170731437073     
   1.0000000000377232        203.08170732203163        203.08170731437073     
   1.0000000000037723        203.08170731513681        203.08170731437073     
   1.0000000000003773        203.08170731444736        203.08170731437073     
   1.0000000000000377        203.08170731437841        203.08170731437073     
 comp:           2
  0.99986805789894606        68.976492504610405        68.985594608905558     
  0.99998692819507173        68.984692842669972        68.985594608905558     
  0.99999869403107500        68.985504515862729        68.985594608905558     
  0.99999986941521113        68.985585600436252        68.985594608905558     
  0.99999998694164249        68.985593708067000        68.985594608905558     
  0.99999999869416545        68.985594518821785        68.985594608905558     
  0.99999999986941634        68.985594599897169        68.985594608905558     
  0.99999999998694167        68.985594608004718        68.985594608905558     
  0.99999999999869416        68.985594608815475        68.985594608905558     
  0.99999999999986899        68.985594608896520        68.985594608905558     
 comp:           3
   1.0000310758007156       -145.19768445946940       -145.19317246537659     
   1.0000030787504648       -145.19361947892381       -145.19317246537659     
   1.0000003075896908       -145.19321712529961       -145.19317246537659     
   1.0000000307561183       -145.19317693095499       -145.19317246537659     
   1.0000000030755831       -145.19317291193028       -145.19317246537659     
   1.0000000003075582       -145.19317251003193       -145.19317246537659     
   1.0000000000307558       -145.19317246984212       -145.19317246537659     
   1.0000000000030755       -145.19317246582315       -145.19317246537659     
   1.0000000000003075       -145.19317246542124       -145.19317246537659     
   1.0000000000000309       -145.19317246538108       -145.19317246537659     
 
 part:           4
 comp:           0
  0.99997137969237582        296.51174266410078        296.52022916427626     
  0.99999716440812136        296.51938835392258        296.52022916427626     
  0.99999971670251597        296.52014516084137        296.52022916427626     
  0.99999997167286614        296.52022076470803        296.52022916427626     
  0.99999999716731280        296.52022832432721        296.52022916427626     
  0.99999999971673126        296.52022908028135        296.52022916427626     
  0.99999999997167321        296.52022915587679        296.52022916427626     
  0.99999999999716704        296.52022916343623        296.52022916427626     
  0.99999999999971667        296.52022916419224        296.52022916427626     
  0.99999999999997158        296.52022916426785        296.52022916427626     
 comp:           1
  0.99996715932271785       -243.00776121667263       -243.01574201823072     
  0.99999674632890068       -243.01495132493423       -243.01574201823072     
  0.99999967493376340       -243.01566302201803       -243.01574201823072     
  0.99999996749638209       -243.01573411933990       -243.01574201823072     
  0.99999999674966833       -243.01574122834896       -243.01574201823072     
  0.99999999967496711       -243.01574193924262       -243.01574201823072     
  0.99999999996749667       -243.01574201033191       -243.01574201823072     
  0.99999999999674960       -243.01574201744083       -243.01574201823072     
  0.99999999999967504       -243.01574201815174       -243.01574201823072     
  0.99999999999996736       -243.01574201822280       -243.01574201823072     
 comp:           2
   1.0004260386792569       -22.036868959510361       -22.027484399149593     
   1.0000422095356312       -22.028414169037205       -22.027484399149593     
   1.0000042170503647       -22.027577290160711       -22.027484399149593     
   1.0000004216660432       -22.027493687391782       -22.027484399149593     
   1.0000000421662132       -22.027485327965195       -22.027484399149593     
   1.0000000042166175       -22.027484492031071       -22.027484399149593     
   1.0000000004216618       -22.027484408437743       -22.027484399149593     
   1.0000000000421663       -22.027484400078411       -22.027484399149593     
   1.0000000000042168       -22.027484399242478       -22.027484399149593     
   1.0000000000004230       -22.027484399158908       -22.027484399149593     
 comp:           3
  0.99997238683419420        168.46607353596121        168.47072554603915     
  0.99999726424157542        168.47026465083243        168.47072554603915     
  0.99999972667713843        168.47067949913836        168.47072554603915     
  0.99999997267024121        168.47072094177486        168.47072554603915     
  0.99999999726704936        168.47072508561698        168.47072554603915     
  0.99999999972670517        168.47072549999697        168.47072554603915     
  0.99999999997267042        168.47072554143492        168.47072554603915     
  0.99999999999726696        168.47072554557872        168.47072554603915     
  0.99999999999972666        168.47072554599310        168.47072554603915     
  0.99999999999997269        168.47072554603454        168.47072554603915     
 
 part:           5
 comp:           0
   1.0101958514346661       0.28987127234175847       0.28694561745634506     
   1.0010103142310449       0.28723552269719715       0.28694561745634506     
   1.0001009396404250       0.28697458164379264       0.28694561745634506     
   1.0000100930471330       0.28694851361198664       0.28694561745634506     
   1.0000010092955451       0.28694590706927847       0.28694561745634506     
   1.0000001009294630       0.28694564641761211       0.28694561745634506     
   1.0000000100929454       0.28694562035247151       0.28694561745634506     
   1.0000000010092946       0.28694561774595773       0.28694561745634506     
   1.0000000001009295       0.28694561748530634       0.28694561745634506     
   1.0000000000100930       0.28694561745924119       0.28694561745634506     
 comp:           1
   1.0299331853356135       0.17911219165238976       0.17390661278092942     
   1.0295281663481988       0.17904175617217649       0.17390661278092942     
   1.0112816964104812       0.17586857439009898       0.17390661278092942     
   1.0037606421427658       0.17456061331785905       0.17390661278092942     
   1.0012084886250523       0.17411677694429653       0.17390661278092942     
   1.0003840835854669       0.17397340745630274       0.17390661278092942     
   1.0001216507754189       0.17392776865522472       0.17390661278092942     
   1.0000384863516971       0.17391330581199135       0.17390661278092942     
   1.0000121795034080       0.17390873087711248       0.17390661278092942     
   1.0000038404106877       0.17390728065374381       0.17390661278092942     
 comp:           2
   1.1077374022363751      -0.22652718898481150      -0.20449538719870169     
   1.0544701951452125      -0.21563429084571076      -0.20449538719870169     
   1.0191794153248348      -0.20841748916179850      -0.20449538719870169     
   1.0062584465685822      -0.20577521065300630      -0.20449538719870169     
   1.0019983743741359      -0.20490404554010855      -0.20449538719870169     
   1.0006338678299909      -0.20462501024602850      -0.20449538719870169     
   1.0002006397202565      -0.20453641709598297      -0.20449538719870169     
   1.0000634633869501      -0.20450836516858900      -0.20449538719870169     
   1.0000200825584897      -0.20449949398927600      -0.20449538719870169     
   1.0000063322579247      -0.20449668211623787      -0.20449538719870169     
 comp:           3
 -0.24752870611745145        2.5092030263084319E-002 -0.10137018310586669     
  0.62000677338372379       -6.2850200144785678E-002 -0.10137018310586669     
  0.88160961250064196       -8.9368927847082252E-002 -0.10137018310586669     
  0.96274936931737232       -9.7594079852759710E-002 -0.10137018310586669     
  0.98823941081345890      -0.10017801002659414      -0.10137018310586669     
  0.99628289387910840      -0.10099337937776798      -0.10137018310586669     
  0.99882473692041873      -0.10125104647229198      -0.10137018310586669     
  0.99962839019022520      -0.10133251295140588      -0.10137018310586669     
  0.99988241980534853      -0.10135826398000525      -0.10137018310586669     
  0.99996292694852085      -0.10136642500384996      -0.10137018310586669     
 
 part:           6
 comp:           0
   1.0000000000000000        65.604144217389731        65.604144217389731     
   1.0000000000000000        65.604144217389731        65.604144217389731     
   1.0000000000000000        65.604144217389731        65.604144217389731     
   1.0000000000000000        65.604144217389731        65.604144217389731     
   1.0000000000000000        65.604144217389731        65.604144217389731     
   1.0000000000000000        65.604144217389731        65.604144217389731     
   1.0000000000000000        65.604144217389731        65.604144217389731     
   1.0000000000000000        65.604144217389731        65.604144217389731     
   1.0000000000000000        65.604144217389731        65.604144217389731     
   1.0000000000000000        65.604144217389731        65.604144217389731     
 comp:           1
  0.99947366929648884        39.739201114889227        39.760128091079096     
  0.99983167269603113        39.753435375912069        39.760128091079096     
  0.99994674125328786        39.758010516487850        39.760128091079096     
  0.99998316000408449        39.759458530684441        39.760128091079096     
  0.99999467506406814        39.759916370944367        39.760128091079096     
  0.99999831614545565        39.760061140806727        39.760128091079096     
  0.99999946752098123        39.760106919645104        39.760128091079096     
  0.99999983162561734        39.760121396492075        39.760128091079096     
  0.99999994672422143        39.760125972827318        39.760128091079096     
  0.99999998320205696        39.760127423190731        39.760128091079096     
 comp:           2
  0.99913336184601265       -46.713096356115251       -46.753614822557310     
  0.99972257888893779       -46.740644382787060       -46.753614822557310     
  0.99991219746253468       -46.749509736540212       -46.753614822557310     
  0.99997223487059150       -46.752316702391447       -46.753614822557310     
  0.99999122018699127       -46.753204334561687       -46.753614822557310     
  0.99999722361547716       -46.753485016544730       -46.753614822557310     
  0.99999912203165542       -46.753573774363502       -46.753614822557310     
  0.99999972237869572       -46.753601842757782       -46.753614822557310     
  0.99999991215709083       -46.753610715583768       -46.753614822557310     
  0.99999997230297955       -46.753613527621482       -46.753614822557310     
 comp:           3
   1.0050611530689360       -23.293481106754950       -23.176182897556760     
   1.0016228761385513       -23.213794971763903       -23.176182897556760     
   1.0005139132913998       -23.188093445991726       -23.176182897556760     
   1.0001625389921640       -23.179949930967140       -23.176182897556760     
   1.0000514004445282       -23.177374163660161       -23.176182897556760     
   1.0000162543172988       -23.176559610587354       -23.176182897556760     
   1.0000051400855936       -23.176302025120584       -23.176182897556760     
   1.0000016253430368       -23.176220566804254       -23.176182897556760     
   1.0000005142794748       -23.176194816591927       -23.176182897556760     
   1.0000001621532313       -23.176186655649708       -23.176182897556760     
 
 part: i_fks+j_fks
 comp:           0
   1.0000444013734293        65.894015489731487        65.891089834846071     
   1.0000043997639376        65.891379740086933        65.891089834846071     
   1.0000004395766942        65.891118799033521        65.891089834846071     
   1.0000000439536765        65.891092731001720        65.891089834846071     
   1.0000000043953279        65.891090124459012        65.891089834846071     
   1.0000000004395324        65.891089863807338        65.891089834846071     
   1.0000000000439533        65.891089837742200        65.891089834846071     
   1.0000000000043954        65.891089835135688        65.891089834846071     
   1.0000000000004396        65.891089834875032        65.891089834846071     
   1.0000000000000440        65.891089834848970        65.891089834846071     
 comp:           1
  0.99960631582971771        39.918313306541613        39.934034703860029     
  0.99996099638347757        39.932477132084244        39.934034703860029     
  0.99999610324919008        39.933879090877952        39.934034703860029     
  0.99999961036099050        39.934019144002299        39.934034703860029     
  0.99999996103645983        39.934033147888663        39.934034703860029     
  0.99999999610364942        39.934034548263028        39.934034703860029     
  0.99999999961036501        39.934034688300329        39.934034703860029     
  0.99999999996103672        39.934034702304068        39.934034703860029     
  0.99999999999610356        39.934034703704427        39.934034703860029     
  0.99999999999961053        39.934034703844475        39.934034703860029     
 comp:           2
  0.99960631582971771       -46.939623545100062       -46.958110209756015     
  0.99996099638347757       -46.956278673632774       -46.958110209756015     
  0.99999610324918975       -46.957927225702008       -46.958110209756015     
  0.99999961036099028       -46.958091913044456       -46.958110209756015     
  0.99999996103645972       -46.958108380101798       -46.958110209756015     
  0.99999999610364942       -46.958110026790756       -46.958110209756015     
  0.99999999961036479       -46.958110191459483       -46.958110209756015     
  0.99999999996103661       -46.958110207926367       -46.958110209756015     
  0.99999999999610356       -46.958110209573043       -46.958110209756015     
  0.99999999999961031       -46.958110209737718       -46.958110209756015     
 comp:           3
  0.99960631582971771       -23.268389076491864       -23.277553080662628     
  0.99996099638347757       -23.276645171908690       -23.277553080662628     
  0.99999610324919008       -23.277462373838809       -23.277553080662628     
  0.99999961036099039       -23.277544010819899       -23.277553080662628     
  0.99999996103645983       -23.277552173686754       -23.277553080662628     
  0.99999999610364954       -23.277552989965123       -23.277553080662628     
  0.99999999961036490       -23.277553071592877       -23.277553080662628     
  0.99999999996103672       -23.277553079755659       -23.277553080662628     
  0.99999999999610378       -23.277553080571934       -23.277553080662628     
  0.99999999999961031       -23.277553080653558       -23.277553080662628     
     
 Collinear #          47
 
 part:           1
 comp:           0
   1.0000000000000000        325.00000000000000        325.00000000000000     
   1.0000000000000000        325.00000000000000        325.00000000000000     
   1.0000000000000000        325.00000000000000        325.00000000000000     
   1.0000000000000000        325.00000000000000        325.00000000000000     
   1.0000000000000000        325.00000000000000        325.00000000000000     
   1.0000000000000000        325.00000000000000        325.00000000000000     
   1.0000000000000000        325.00000000000000        325.00000000000000     
   1.0000000000000000        325.00000000000000        325.00000000000000     
   1.0000000000000000        325.00000000000000        325.00000000000000     
   1.0000000000000000        325.00000000000000        325.00000000000000     
 comp:           1
   0.0000000000000000        0.0000000000000000     
   0.0000000000000000        0.0000000000000000     
   0.0000000000000000        0.0000000000000000     
   0.0000000000000000        0.0000000000000000     
   0.0000000000000000        0.0000000000000000     
   0.0000000000000000        0.0000000000000000     
   0.0000000000000000        0.0000000000000000     
   0.0000000000000000        0.0000000000000000     
   0.0000000000000000        0.0000000000000000     
   0.0000000000000000        0.0000000000000000     
 comp:           2
   0.0000000000000000        0.0000000000000000     
   0.0000000000000000        0.0000000000000000     
   0.0000000000000000        0.0000000000000000     
   0.0000000000000000        0.0000000000000000     
   0.0000000000000000        0.0000000000000000     
   0.0000000000000000        0.0000000000000000     
   0.0000000000000000        0.0000000000000000     
   0.0000000000000000        0.0000000000000000     
   0.0000000000000000        0.0000000000000000     
   0.0000000000000000        0.0000000000000000     
 comp:           3
   1.0000000000000000        325.00000000000000        325.00000000000000     
   1.0000000000000000        325.00000000000000        325.00000000000000     
   1.0000000000000000        325.00000000000000        325.00000000000000     
   1.0000000000000000        325.00000000000000        325.00000000000000     
   1.0000000000000000        325.00000000000000        325.00000000000000     
   1.0000000000000000        325.00000000000000        325.00000000000000     
   1.0000000000000000        325.00000000000000        325.00000000000000     
   1.0000000000000000        325.00000000000000        325.00000000000000     
   1.0000000000000000        325.00000000000000        325.00000000000000     
   1.0000000000000000        325.00000000000000        325.00000000000000     
 
 part:           2
 comp:           0
   1.0000000000000000        325.00000000000000        325.00000000000000     
   1.0000000000000000        325.00000000000000        325.00000000000000     
   1.0000000000000000        325.00000000000000        325.00000000000000     
   1.0000000000000000        325.00000000000000        325.00000000000000     
   1.0000000000000000        325.00000000000000        325.00000000000000     
   1.0000000000000000        325.00000000000000        325.00000000000000     
   1.0000000000000000        325.00000000000000        325.00000000000000     
   1.0000000000000000        325.00000000000000        325.00000000000000     
   1.0000000000000000        325.00000000000000        325.00000000000000     
   1.0000000000000000        325.00000000000000        325.00000000000000     
 comp:           1
  -0.0000000000000000       -0.0000000000000000     
  -0.0000000000000000       -0.0000000000000000     
  -0.0000000000000000       -0.0000000000000000     
  -0.0000000000000000       -0.0000000000000000     
  -0.0000000000000000       -0.0000000000000000     
  -0.0000000000000000       -0.0000000000000000     
  -0.0000000000000000       -0.0000000000000000     
  -0.0000000000000000       -0.0000000000000000     
  -0.0000000000000000       -0.0000000000000000     
  -0.0000000000000000       -0.0000000000000000     
 comp:           2
  -0.0000000000000000       -0.0000000000000000     
  -0.0000000000000000       -0.0000000000000000     
  -0.0000000000000000       -0.0000000000000000     
  -0.0000000000000000       -0.0000000000000000     
  -0.0000000000000000       -0.0000000000000000     
  -0.0000000000000000       -0.0000000000000000     
  -0.0000000000000000       -0.0000000000000000     
  -0.0000000000000000       -0.0000000000000000     
  -0.0000000000000000       -0.0000000000000000     
  -0.0000000000000000       -0.0000000000000000     
 comp:           3
   1.0000000000000000       -325.00000000000000       -325.00000000000000     
   1.0000000000000000       -325.00000000000000       -325.00000000000000     
   1.0000000000000000       -325.00000000000000       -325.00000000000000     
   1.0000000000000000       -325.00000000000000       -325.00000000000000     
   1.0000000000000000       -325.00000000000000       -325.00000000000000     
   1.0000000000000000       -325.00000000000000       -325.00000000000000     
   1.0000000000000000       -325.00000000000000       -325.00000000000000     
   1.0000000000000000       -325.00000000000000       -325.00000000000000     
   1.0000000000000000       -325.00000000000000       -325.00000000000000     
   1.0000000000000000       -325.00000000000000       -325.00000000000000     
 
 part:           3
 comp:           0
  0.99999833198538979        305.10445392509325        305.10496284462891     
  0.99999983319960839        305.10491195300165        305.10496284462891     
  0.99999998331997175        305.10495775546951        305.10496284462891     
  0.99999999833199771        305.10496233571314        305.10496284462891     
  0.99999999983319998        305.10496279373740        305.10496284462891     
  0.99999999998332045        305.10496283953989        305.10496284462891     
  0.99999999999833233        305.10496284412011        305.10496284462891     
  0.99999999999983358        305.10496284457815        305.10496284462891     
  0.99999999999998357        305.10496284462391        305.10496284462891     
  0.99999999999999867        305.10496284462852        305.10496284462891     
 comp:           1
  0.99999665803112858        209.53007856855822        209.53077881389862     
  0.99999966580582689        209.53070878993324        209.53077881389862     
  0.99999996658060997        209.53077181150780        209.53077881389862     
  0.99999999665806161        209.53077811365966        209.53077881389862     
  0.99999999966580622        209.53077874387475        209.53077881389862     
  0.99999999996658095        209.53077880689631        209.53077881389862     
  0.99999999999665845        209.53077881319845        209.53077881389862     
  0.99999999999966604        209.53077881382865        209.53077881389862     
  0.99999999999996680        209.53077881389166        209.53077881389862     
  0.99999999999999678        209.53077881389794        209.53077881389862     
 comp:           2
  0.99999991688314416        182.94269778753622        182.94271299315932     
  0.99999999168838183        182.94271147260935        182.94271299315932     
  0.99999999916883886        182.94271284110445        182.94271299315932     
  0.99999999991688393        182.94271297795385        182.94271299315932     
  0.99999999999168832        182.94271299163876        182.94271299315932     
  0.99999999999916889        182.94271299300726        182.94271299315932     
  0.99999999999991684        182.94271299314411        182.94271299315932     
  0.99999999999999156        182.94271299315778        182.94271299315932     
  0.99999999999999922        182.94271299315918        182.94271299315932     
  0.99999999999999989        182.94271299315929        182.94271299315932     
 comp:           3
  0.99993786579878352        9.6355231410301894        9.6361218737656404     
  0.99999378663033600        9.6360620009783116        9.6361218737656404     
  0.99999937866354127        9.6361158864917993        9.6361218737656404     
  0.99999993786636465        9.6361212750383576        9.6361218737656404     
  0.99999999378663884        9.6361218138929345        9.6361218737656404     
  0.99999999937866935        9.6361218677784226        9.6361218737656404     
  0.99999999993787070        9.6361218731669549        9.6361218737656404     
  0.99999999999378986        9.6361218737057985        9.6361218737656404     
  0.99999999999938205        9.6361218737596861        9.6361218737656404     
  0.99999999999993894        9.6361218737650525        9.6361218737656404     
 
 part:           4
 comp:           0
   1.0000006763813967        227.28587474793733        227.28572101610391     
   1.0000000676371292        227.28573638905760        227.28572101610391     
   1.0000000067637029        227.28572255339702        227.28572101610391     
   1.0000000006763703        227.28572116983321        227.28572101610391     
   1.0000000000676372        227.28572103147687        227.28572101610391     
   1.0000000000067639        227.28572101764124        227.28572101610391     
   1.0000000000006766        227.28572101625767        227.28572101610391     
   1.0000000000000677        227.28572101611931        227.28572101610391     
   1.0000000000000069        227.28572101610547        227.28572101610391     
   1.0000000000000009        227.28572101610411        227.28572101610391     
 comp:           1
   1.0000043414496977       -120.15469054870367       -120.15416890542340     
   1.0000004341409860       -120.15422106927278       -120.15416890542340     
   1.0000000434140586       -120.15417412180352       -120.15416890542340     
   1.0000000043414050       -120.15416942706132       -120.15416890542340     
   1.0000000004341403       -120.15416895758717       -120.15416890542340     
   1.0000000000434135       -120.15416891063973       -120.15416890542340     
   1.0000000000043410       -120.15416890594500       -120.15416890542340     
   1.0000000000004339       -120.15416890547553       -120.15416890542340     
   1.0000000000000431       -120.15416890542859       -120.15416890542340     
   1.0000000000000042       -120.15416890542392       -120.15416890542340     
 comp:           2
   1.0000000625812762       -181.00193733243913       -181.00192600510761     
   1.0000000062580703       -181.00192713783036       -181.00192600510761     
   1.0000000006258065       -181.00192611837977       -181.00192600510761     
   1.0000000000625806       -181.00192601643482       -181.00192600510761     
   1.0000000000062581       -181.00192600624032       -181.00192600510761     
   1.0000000000006257       -181.00192600522087       -181.00192600510761     
   1.0000000000000626       -181.00192600511895       -181.00192600510761     
   1.0000000000000062       -181.00192600510874       -181.00192600510761     
   1.0000000000000007       -181.00192600510772       -181.00192600510761     
   1.0000000000000000       -181.00192600510761       -181.00192600510761     
 comp:           3
  0.99999332140369501        66.783365301428603        66.783811323544143     
  0.99999933214649750        66.783766721741841        66.783811323544143     
  0.99999993321471137        66.783806863368028        66.783811323544143     
  0.99999999332147227        66.783810877526605        66.783811323544143     
  0.99999999933214756        66.783811278942409        66.783811323544143     
  0.99999999993321531        66.783811319084009        66.783811323544143     
  0.99999999999332179        66.783811323098149        66.783811323544143     
  0.99999999999933253        66.783811323499563        66.783811323544143     
  0.99999999999993361        66.783811323539709        66.783811323544143     
  0.99999999999999345        66.783811323543702        66.783811323544143     
 
 part:           5
 comp:           0
   1.0000030205685986        117.59003769038434        117.58968250268185     
   1.0000003020560388        117.58971802135555        117.58968250268185     
   1.0000000302055958        117.58968605454827        117.58968250268185     
   1.0000000030205594        117.58968285786848        117.58968250268185     
   1.0000000003020559        117.58968253820052        117.58968250268185     
   1.0000000000302056        117.58968250623371        117.58968250268185     
   1.0000000000030207        117.58968250303705        117.58968250268185     
   1.0000000000003022        117.58968250271738        117.58968250268185     
   1.0000000000000304        117.58968250268542        117.58968250268185     
   1.0000000000000031        117.58968250268221        117.58968250268185     
 comp:           1
   1.0000126198954096       -89.362817160002734       -89.361689424828569     
   1.0000034092259458       -89.361994079018714       -89.361689424828569     
   1.0000010150569392       -89.361780132031512       -89.361689424828569     
   1.0000003145339775       -89.361717532116174       -89.361689424828569     
   1.0000000988140685       -89.361698255020670       -89.361689424828569     
   1.0000000311825705       -89.361692211355745       -89.361689424828569     
   1.0000000098542712       -89.361690305422897       -89.361689424828569     
   1.0000000031155418       -89.361689703238653       -89.361689424828569     
   1.0000000009851557       -89.361689512863748       -89.361689424828569     
   1.0000000003115270       -89.361689452667150       -89.361689424828569     
 comp:           2
  0.99563441101253247       -1.9319917302281089       -1.9404629941057652     
  0.99858650762429135       -1.9377201644582518       -1.9404629941057652     
  0.99955194003729164       -1.9395935503289892       -1.9404629941057652     
  0.99985827260035121       -1.9401879773314958       -1.9404629941057652     
  0.99995518019955654       -1.9403760229416014       -1.9404629941057652     
  0.99998582663714330       -1.9404354912196398       -1.9404629941057652     
  0.99999551798182762       -1.9404542969153629       -1.9404629941057652     
  0.99999858266072139       -1.9404602438113450       -1.9404629941057652     
  0.99999955179790490       -1.9404621243861857       -1.9404629941057652     
  0.99999985826606186       -1.9404627190763033       -1.9404629941057652     
 comp:           3
  0.99999270162139986       -76.406618045875192       -76.407175694371176     
  0.99999696315745024       -76.406943657808924       -76.407175694371176     
  0.99999897202986321       -76.407097150076325       -76.407175694371176     
  0.99999966832676579       -76.407150352156094       -76.407175694371176     
  0.99999989446080539       -76.407167630419394       -76.407175694371176     
  0.99999996656024770       -76.407173139334148       -76.407175694371176     
  0.99999998941889501       -76.407174885898826       -76.407175694371176     
  0.99999999665330830       -76.407175438659920       -76.407175694371176     
  0.99999999894161817       -76.407175613503213       -76.407175694371176     
  0.99999999966530384       -76.407175668797990       -76.407175694371176     
 
 part:           6
 comp:           0
   1.0000000000000000        1.9633636585179550E-002   1.9633636585179550E-002
   1.0000000000000000        1.9633636585179550E-002   1.9633636585179550E-002
   1.0000000000000000        1.9633636585179550E-002   1.9633636585179550E-002
   1.0000000000000000        1.9633636585179550E-002   1.9633636585179550E-002
   1.0000000000000000        1.9633636585179550E-002   1.9633636585179550E-002
   1.0000000000000000        1.9633636585179550E-002   1.9633636585179550E-002
   1.0000000000000000        1.9633636585179550E-002   1.9633636585179550E-002
   1.0000000000000000        1.9633636585179550E-002   1.9633636585179550E-002
   1.0000000000000000        1.9633636585179550E-002   1.9633636585179550E-002
   1.0000000000000000        1.9633636585179550E-002   1.9633636585179550E-002
 comp:           1
  0.84252361715886059       -1.2570859851797782E-002  -1.4920483646724297E-002
  0.97139221387797725       -1.4493641641721670E-002  -1.4920483646724297E-002
  0.99310169989290187       -1.4817557672786143E-002  -1.4920483646724297E-002
  0.99803430201805987       -1.4891154482130360E-002  -1.4920483646724297E-002
  0.99939999399467028       -1.4911531266933838E-002  -1.4920483646724297E-002
  0.99981242257282421       -1.4917684900789626E-002  -1.4920483646724297E-002
  0.99994089895466920       -1.4919601830543935E-002  -1.4920483646724297E-002
  0.99998133222359886       -1.4920205114471783E-002  -1.4920483646724297E-002
  0.99999409889237723       -1.4920395599344514E-002  -1.4920483646724297E-002
  0.99999813412228233       -1.4920455806926324E-002  -1.4920483646724297E-002
 comp:           2
   27.064471356404866       -8.7687248689401545E-003  -3.2399394591777300E-004
   9.4574925220529433       -3.0641703207077639E-003  -3.2399394591777300E-004
   3.6826996636299607       -1.1931723956495263E-003  -3.2399394591777300E-004
   1.8487511727674228       -5.9898418748502782E-004  -3.2399394591777300E-004
   1.2684263455835021       -4.1096245681165958E-004  -3.2399394591777300E-004
   1.0848862182312458       -3.5149656671655153E-004  -3.2399394591777300E-004
   1.0268435999490770       -3.3269110978791262E-004  -3.2399394591777300E-004
   1.0084887134525684       -3.2674423768503595E-004  -3.2399394591777300E-004
   1.0026843690306593       -3.2486366523231579E-004  -3.2399394591777300E-004
   1.0008488721436106       -3.2426897535316109E-004  -3.2399394591777300E-004
 comp:           3
  0.96181804876540389       -1.2270396583574225E-002  -1.2757502938653093E-002
   1.0099989765367510       -1.2885064911204218E-002  -1.2757502938653093E-002
   1.0053377879030199       -1.2825599783511776E-002  -1.2757502938653093E-002
   1.0019045631658330       -1.2781800408838057E-002  -1.2757502938653093E-002
   1.0006239055827457       -1.2765462415958414E-002  -1.2757502938653093E-002
   1.0001994582804157       -1.2760047528251633E-002  -1.2757502938653093E-002
   1.0000632904129896       -1.2758310366282796E-002  -1.2757502938653093E-002
   1.0000200358019240       -1.2757758545455017E-002  -1.2757502938653093E-002
   1.0000063380383859       -1.2757583796196426E-002  -1.2757502938653093E-002
   1.0000020044796527       -1.2757528510808153E-002  -1.2757502938653093E-002
 
 part: i_fks+j_fks
 comp:           0
   1.0000030200643464        117.60967132696952        117.60931613926704     
   1.0000003020056136        117.60935165794073        117.60931613926704     
   1.0000000302005532        117.60931969113345        117.60931613926704     
   1.0000000030200553        117.60931649445367        117.60931613926704     
   1.0000000003020055        117.60931617478570        117.60931613926704     
   1.0000000000302005        117.60931614281890        117.60931613926704     
   1.0000000000030203        117.60931613962224        117.60931613926704     
   1.0000000000003020        117.60931613930256        117.60931613926704     
   1.0000000000000304        117.60931613927060        117.60931613926704     
   1.0000000000000031        117.60931613926739        117.60931613926704     
 comp:           1
  0.99998632876518800       -89.375388019854526       -89.376609908475288     
  0.99999863288823576       -89.376487720660435       -89.376609908475288     
  0.99999986328894097       -89.376597689704298       -89.376609908475288     
  0.99999998632889542       -89.376608686598303       -89.376609908475288     
  0.99999999863288969       -89.376609786287602       -89.376609908475288     
  0.99999999986328914       -89.376609896256539       -89.376609908475288     
  0.99999999998632916       -89.376609907253439       -89.376609908475288     
  0.99999999999863320       -89.376609908353132       -89.376609908475288     
  0.99999999999986355       -89.376609908463095       -89.376609908475288     
  0.99999999999998646       -89.376609908474080       -89.376609908475288     
 comp:           2
  0.99998632876518778       -1.9407604550970490       -1.9407869880516830     
  0.99999863288823565       -1.9407843347789595       -1.9407869880516830     
  0.99999986328894108       -1.9407867227246387       -1.9407869880516830     
  0.99999998632889520       -1.9407869615189808       -1.9407869880516830     
  0.99999999863288958       -1.9407869853984130       -1.9407869880516830     
  0.99999999986328914       -1.9407869877863564       -1.9407869880516830     
  0.99999999998632905       -1.9407869880251507       -1.9407869880516830     
  0.99999999999863298       -1.9407869880490300       -1.9407869880516830     
  0.99999999999986344       -1.9407869880514179       -1.9407869880516830     
  0.99999999999998623       -1.9407869880516564       -1.9407869880516830     
 comp:           3
  0.99998632876518789       -76.418888442458766       -76.419933197309831     
  0.99999863288823565       -76.419828722720126       -76.419933197309831     
  0.99999986328894097       -76.419922749859836       -76.419933197309831     
  0.99999998632889531       -76.419932152564925       -76.419933197309831     
  0.99999999863288969       -76.419933092835350       -76.419933197309831     
  0.99999999986328914       -76.419933186862394       -76.419933197309831     
  0.99999999998632916       -76.419933196265106       -76.419933197309831     
  0.99999999999863320       -76.419933197205381       -76.419933197309831     
  0.99999999999986366       -76.419933197299414       -76.419933197309831     
  0.99999999999998646       -76.419933197308794       -76.419933197309831     
