   0.0000000000000000        0.0000000000000000        0.0000000000000000        0.0000000000000000        0.0000000000000000        0.0000000000000000        0.0000000000000000        0.0000000000000000        0.0000000000000000        0.0000000000000000     
   5.2264807742877319E-002   1.9666451237471669E-002   1.6315503680209890E-002   3.2516066046919694E-002   1.4132627228966988E-002  0.24305112731750417       0.10888711542403993        6.0251682766659626E-002   1.7341236015704340E-002   1.5779317029077766E-002
  0.60029333645850558       0.66263545495332232       0.73497437670283994       0.86088475040521284       0.80385969687524284       0.64125411476574656       0.61809898262532159       0.64143197216972647       0.84028072786643182       0.72203182449422354     
  0.10078122897963845        3.9354008880303902E-002   3.2472937485133239E-002   6.3373935257422576E-002   2.7729763885402065E-002  0.38415979363926467       0.17184537157592614       0.10998771540646420        3.3994387317094733E-002   3.1677285199901324E-002
  0.70726385788456192       0.69722573499050000       0.79456561800438907       0.73914062228258781       0.62145884364152315        1.1152243060102207       0.85279515930211724       0.75349638757837378       0.93866305042984832       0.66489849748428964     
  0.13666897001096967        5.9899348749018776E-002   4.7294631352488931E-002   9.4040365129251610E-002   4.3309771914505975E-002  0.44345645544449269       0.20084425490219643       0.14571829759824456        5.0640019746260229E-002   4.6349189996279121E-002
  0.61956746739927904       0.77353756298376075       0.84523279190772427       0.65072394618139751       0.68585523329872844       0.95932151529592347       0.78140485115175840       0.67130001914309068        1.0701470813070533       0.72620775536154680     
  0.16919013617381834        8.1120097619076653E-002   6.2240468166648494E-002  0.12422039670393682        5.8969484972776744E-002  0.48155010175753110       0.22323152680755065       0.17346514838130309        6.5705464549035988E-002   6.1257795971529583E-002
  0.72319395662832131       0.66385543387841461       0.93531688517247502       0.75290563582138403       0.97531659719336194       0.85121108712719107       0.78606505922490355       0.76163986679706053        1.2605268392350979       0.72902677136587035     
  0.19526803147242891       0.10139636769816326        7.8045045617471401E-002  0.15209108456291287        7.5132430767423361E-002  0.50708066240425531       0.24010445754553580       0.19521636535789672        7.9401595933669383E-002   7.7524621344437689E-002
  0.71131685954414181       0.68623183701900492       0.68201444206307793       0.66163982619929718       0.78097743190480706       0.86389971784290620       0.77550057554850027       0.78555079271545847       0.81782437310244838       0.87762596366257395     
  0.22033126768480357       0.12094597821354217        9.3388423082116132E-002  0.18180490336309216        9.1230940584449000E-002  0.52830846216177396       0.25515696740126109       0.21255752948909667        9.2964481993714390E-002   9.3629402873675771E-002
  0.82976080339657388       0.69324595781523857       0.79394239552830037       0.63619800193805021       0.73533231631024021       0.84816334585167419       0.68900376035841937       0.72483459473914946        1.0507598004253278       0.77975236008981186     
  0.24363175236477896       0.13932410833635508       0.10844179686404212       0.21403716854536869       0.10723777738658914       0.54652555377581680       0.26779392290068704       0.22745247066753321       0.10644508070961821       0.11031548632007332     
  0.80029417136914394       0.73912615230540812       0.71509490107987306       0.89763991729121684       0.80249590025226580       0.82554544649162254       0.70877175972199791       0.72113029896306102       0.86883502400021251       0.70690164343362305     
  0.26552835744916409       0.15727082406110787       0.12324528317735628       0.24629861216096918       0.12340005914276160       0.56317298267645721       0.27950417532281013       0.24105406353388517       0.12058080677141904       0.12720851586128853     
  0.77383811629073540       0.76598215150711535       0.67126054410471681       0.66269887761771229       0.84457240407348044       0.78340581450651325       0.71190197822019130       0.70087565279625241       0.79801387767553644       0.74857422532611717     
  0.28526787226597888       0.17490712273291362       0.13886088431782420       0.27671809193279079       0.13929215339465909       0.57909465312425079       0.28988224136086227       0.25371026338549979       0.13497983310331518       0.14478469844616482     
  0.71890475946064236       0.87454579239285701       0.76561331883406758       0.74234115224540376       0.69517736799422569       0.76025972033177047       0.73481212032743559       0.83079763237683235        1.0103871559032718       0.73882798163169039     
  0.30447951947144741       0.19265061953919971       0.15521082547031750       0.30710303686488327       0.15509028009040712       0.59230254231091017       0.30002040833408117       0.26628758249082835       0.14846852042446881       0.16297087286511452     
  0.81408290951049034       0.83128917348422360       0.73843715253493647       0.68727914294812964       0.78038045066117190       0.86677582425942112       0.66805069696746888       0.79098903619236671        1.0654371704043017       0.76014961733960751     
  0.32315409125347433       0.21043479065258008       0.17040812140929146       0.33794808808637511       0.17019555241719111       0.60387451830845140       0.30978832421809399       0.27861295129976321       0.16138645608460642       0.18111999733186404     
  0.75052823408617242       0.74144651700207798       0.79301796330332364       0.64722469766718882       0.76328493530207187       0.66275210915036198       0.65585779136503708       0.78014171183613179       0.74908776603957916       0.89547629063587819     
  0.34083233891390236       0.22812102741144369       0.18572468753180854       0.36768388351068559       0.18583800562544722       0.61545233846382530       0.31976788796334854       0.29092173129423043       0.17519831788335591       0.19878648970136928     
  0.71387309624014406       0.76663696832775818       0.89538791559282715       0.67261154832761583       0.79770378772151584       0.77053382778279944       0.81544641278514529       0.90582371241390758       0.78527645359995402       0.81507509266497213     
  0.35737218934380388       0.24512333157837649       0.20027312339203449       0.39565928291788427       0.20131977274859933       0.62693591985385533       0.32999416805021031       0.30269199879783648       0.18977351265283771       0.21615912422241496     
  0.79444555139532069       0.85266339940868663       0.73729222237432446       0.84985028619229785       0.78862291841626431       0.77819348300375202       0.90747863153728925       0.75522312967688154       0.86379509097222884       0.67292923589769260     
  0.37344594903156580       0.26188244957460377       0.21472440089065153       0.42181616204527300       0.21677908179178601       0.63775656892345756       0.34011951554325032       0.31504973616350873       0.20408040302962524       0.23331177369220610     
  0.79706571036515583       0.92658090618080058       0.75089691641194334       0.70013517478814369       0.69149034584091662       0.66496828135906627       0.77149399600108626       0.86230738579168875       0.83603310547735554       0.73455200158448664     
  0.38874981810356907       0.27894443086436244       0.22955800840412810       0.44660681607517250       0.23301437553848131       0.64811389652010154       0.35006420075104483       0.32751666408280589       0.21843749383289163       0.24986876358917084     
  0.77245701486640317       0.81970096616202703       0.63760924015008968       0.65424468009695758       0.80329061790422207       0.69042884471024213       0.86651324998561674       0.71290912645342175       0.76838268568749557       0.76900146861467111     
  0.40387176645224865       0.29637612251284706       0.24399567690801813       0.47133333468360517       0.24966034486409228       0.65791312546718139       0.35941690367213319       0.34029740509145812       0.23272615331460866       0.26669877853507673     
  0.68727914294812964       0.83102546867749905       0.70511014366293778       0.71029069780433118       0.91969145606524805       0.73600322405101948       0.81747033512528622       0.68063255794130406       0.81791907705795919       0.64963946155712760     
  0.41869326451479538       0.31465885400567251       0.25818563196686534       0.49589486967695112       0.26571034394732534       0.66726579942914999       0.36825933815221940       0.35330243258283317       0.24677166352113472       0.28405195749361878     
  0.71842466216710488       0.72563044285713130       0.72273886082775340       0.62428309723817521       0.77080883757721974       0.81066534515536093       0.83070357614347301       0.74199787870355505       0.77416866637740966       0.73368600338319223     
  0.43347130478804891       0.33234115817761190       0.27224798429294750       0.52101953859493144       0.28131817507067419       0.67641200464213236       0.37684556234920719       0.36611162423481414       0.26149254596646521       0.30149650442737369     
  0.67555436008630598       0.82333928396127898       0.86901063404186674       0.65652231815719131       0.85146625013949939       0.72369815552089589       0.83326710452814479       0.77941072441327952       0.70610559327489075       0.72296921584538609     
  0.44776531913829937       0.34884671363661357       0.28676206123967096       0.54584075711894253       0.29706262827367069       0.68534921299596296       0.38502863941487608       0.37893334302751464       0.27633730315315413       0.31907275747865993     
  0.73779548514990811        1.0343985447774897       0.79540146402360112       0.88220467580174644       0.73153769708437599       0.79544231669020493       0.93304359412965077       0.85851578937624462       0.69808238235996189       0.79304268636874164     
  0.46201197500175833       0.36531399003409476       0.30160344951217383       0.56817096273162515       0.31270663936691134       0.69430324163495771       0.39292768838968845       0.39188841445847244       0.29140681754392128       0.33695380609127229     
  0.78677342984286125       0.76575880949793251       0.77772497797966689       0.73162490921189749       0.77979342796629059       0.88779285080110837       0.73167307124666836       0.82059968751225254       0.74428387948587038       0.73678356980897730     
  0.47614858832352464       0.38163439582299891       0.31662589006622405       0.59027463952704606       0.32971867032364149       0.70248937051453053       0.40049792355176589       0.40459499114864350       0.30647039500809853       0.35356220682286316     
  0.79230746974574073       0.82253943086684000       0.70501121315182325       0.81854123588054917       0.82993804008851402       0.87365693868314354       0.70415522167987243       0.68861995032575773       0.72891887390988630       0.94580954809388806     
  0.48971174513989213       0.39712968697834006       0.33164362404626568       0.61234357899677727       0.34691826853842495       0.71039563896702473       0.40808831365342008       0.41734161080822613       0.32275610364538004       0.37033691806943941     
  0.77554344305394829       0.83135618645787046       0.73540210083164759       0.76596941151587628       0.74141705137730940       0.75975144386059534       0.92790949567240744       0.70001689057282879       0.72946322064643010       0.82113923360645880     
  0.50261531701933115       0.41019207261651952       0.34763308233074419       0.63476561034784396       0.36391877849032950       0.71752001421732370       0.41572662413326211       0.43000044065024290       0.33951250305209923       0.38298615665562818     
  0.73525665521839889       0.69000170415498296       0.79683153041033183       0.71058060447609517       0.83808719193070558       0.73996526762877368       0.72009199957087855       0.72782403720006228       0.67856790558909552       0.71465041749156621     
  0.51545528527764861       0.42392804261205852       0.36384343542694070       0.65462334101415864       0.38094682679288727       0.72450504710756725       0.42346761733333577       0.44320476730552444       0.35592299203408628       0.39606568829080213     
  0.67604827590534633       0.74678480115829649       0.79532469200992484       0.71333284662214080       0.75105437831586719       0.67488302288651980       0.91048803494386532       0.71690918822223071       0.73721630017417494       0.64700780943099401     
  0.52824314075345191       0.43823651158971555       0.38062076746633688       0.67416862587862547       0.39567538577073069       0.73137876918431577       0.43084833680409867       0.45718073456388703       0.37208754241677788       0.40962357750285666     
  0.70032734542274311       0.80472241341146844       0.77697856554158684       0.76579898898080401       0.71973656850148116       0.76727588017518622       0.85360034408802610       0.85333871852725041       0.88451721279403472       0.91692518555964353     
  0.54096091429966398       0.45245407038348850       0.39676623964378105       0.69178697067314632       0.41020343633232242       0.73844790540236260       0.43814266526095486       0.47135749050097503       0.38793640182992839       0.42296123240852895     
  0.71018294057792075       0.76149675420535423       0.67594231308726216       0.66122788593034298       0.75245317574713633       0.70974825420051790       0.79774468737820403       0.76637026473549830       0.77570233670868549       0.85285098899508383     
  0.55361473523387450       0.46667936412124361       0.41190618038548643       0.70940959615249277       0.42546891928651842       0.74509594634703447       0.44525397404679795       0.48590094101921272       0.40361610502896433       0.43639024005405286     
  0.85496019416611546       0.68417092675335911       0.81948663047190773       0.69703477573121453       0.85226694109378764       0.78394883849527774       0.78892556994746510       0.87233665950476069       0.83455712194708820       0.89163231436125301     
  0.56516921630631012       0.48108045259569793       0.42694627573877680       0.72700763806242785       0.44038457385192153       0.75168718871582529       0.45209452461758409       0.50051524417171633       0.41941200896116609       0.44956917275669478     
  0.67605930638676126       0.83650673827282118       0.76907570565150152       0.70352193072786184       0.73039716017066880       0.80951839899302891       0.70843503700375809       0.95343282278253683       0.65194118283755231       0.71455954020236989     
  0.57537372458537273       0.49553139544563291       0.44168052046370837       0.74437592961910903       0.45565100707579365       0.75775369551263305       0.45865874024690756       0.51479724946661043       0.43545186159416344       0.46285619888898089     
  0.67353846881830459       0.83793779861108353       0.75535011100552096       0.69928567621830118       0.76213193248516864       0.63921459132415603       0.75809554298539739       0.75752623180675782       0.78547167540608875       0.76664785684079573     
  0.58615964319321812       0.50985266004548280       0.45662560286584042       0.75986839109132909       0.47086421891711183       0.76368027731822730       0.46546590503981577       0.52880054717364000       0.45120986225955584       0.47629614094833667     
  0.78315982206438717       0.84152648751476711       0.75702147527954378       0.74262913448192280       0.66144657801933715       0.70189418202270815       0.78546913963267773       0.71211014500449998       0.82137544588521572        1.0222348890588606     
  0.59759193399892852       0.52403714362230291       0.47140517714779384       0.77555218201885889       0.48615496919687456       0.76975046639188105       0.47256538455809494       0.54244905244148212       0.46676960784187449       0.48968105294987968     
  0.76506143218958311       0.87581263284764121       0.87222541037612822       0.78213932489180971       0.76748093960069796       0.74095131715831064       0.75885918739105185       0.76918333429524732       0.71708406788625700       0.88031219783377057     
  0.60916193830687670       0.53817681951284257       0.48642046484238222       0.79075253720335459       0.50125616839100740       0.77588194413602340       0.47972648229370940       0.55587700210305779       0.48218971603064720       0.50349177791468591     
  0.78675705689267361       0.79383095865836950       0.72049749128459206       0.70001127601943836       0.83871034869371663       0.67070685919576700       0.88656861616732729       0.78946052481254136       0.72596266597390258       0.80558697957595027     
  0.62100645020117584       0.55264065200704771       0.50201461260738700       0.80600702969859106       0.51683543803583309       0.78203640637673788       0.48730324930748276       0.56910396830994814       0.49733644707410429       0.51906569041913297     
  0.74779290434807710       0.96942360900894808       0.78588401297140287       0.79790903306555827       0.72140981598482190       0.76391553743049601       0.82398639977232802       0.73569179145720720       0.78542504733934193       0.89097551709985179     
  0.63272706824283997       0.56713345317109110       0.51773221397887004       0.81945023099214942       0.53225778201144081       0.78825923347818350       0.49477807785661249       0.58262844288018245       0.51274983977168065       0.53465806923154857     
  0.84443060293600902       0.75446368451752466       0.75483505591805622       0.69472633887605895       0.63542952790366136       0.73255225478266817       0.68683727970482777       0.81296829577373020       0.84038274169615501       0.97467065474656756     
  0.64445417959187046       0.58133994860657645       0.53353925211914088       0.83266580129164169       0.54916160758523369       0.79427773823365067       0.50192022770252365       0.59633162024152608       0.52822123152689970       0.54951289982868001     
  0.71179494951751576       0.76471762525636799       0.71619072384958482       0.71645871582955034       0.74037097307682997       0.68211373242215434       0.85728794338374359       0.92090334274870000       0.76700989133101372       0.75824532600744377     
  0.65615234761692254       0.59561016317966498       0.54968186493169147       0.84540995176688549       0.56669595134500284       0.80017120920340645       0.50906012198204809       0.61089669319676410       0.54276983170430382       0.56381812897956951     
  0.77598252695050829       0.75331271811200673       0.79206889116900991       0.79663457556666162       0.75055466223898493       0.74480944582197706       0.81827573426260047       0.76162474733317576       0.67260401834586991       0.77104752647638741     
  0.66782135820244726       0.60993261773175556       0.56623806104972907       0.85833633564494738       0.58399843050469746       0.80579120215421385       0.51601106111786488       0.62639462228257337       0.55657378530760604       0.57697975766607046     
  0.91955098279416481       0.79233457331326917       0.91209593627975583       0.74717813243506714       0.88963794431886078       0.88022597845944195       0.84994157637249623       0.79346036749679305       0.76609926685845131       0.82141952811853569     
  0.67966062965787299       0.62401816509392816       0.58251175286243961       0.86813743984396063       0.60123210406265337       0.81130286219881742       0.52311717667402680       0.64235639351138851       0.57015747971417363       0.59013987601884477     
  0.72991975200390680       0.80472881701553967       0.73395827456735940       0.78447056865713150       0.82832538409658607       0.71878014151767100       0.76196469817623447       0.80292243326002244       0.77137440627569465       0.75592946411542006     
  0.69161991031659509       0.63802109125209505       0.59852750421233847       0.87798218542366968       0.61806272631098380       0.81698864347641775       0.53043848548820893       0.65862499389175333       0.58368858054285611       0.60420626402437994     
  0.74348077023717751       0.74904110212787534       0.80871884759680079       0.70295355193142794       0.91659819892209804       0.73888644122324076       0.87400599660191947       0.83434916444726759       0.76275925149697243       0.84073143995439148     
  0.70340602478460090       0.65226549612334483       0.61473019376162208       0.88674389998361280       0.63524474698915157       0.82277676704981206       0.53782536267985070       0.67414443111080702       0.59768780686389544       0.61868693426268950     
  0.82968425749084929       0.80847524650299363       0.70802196082114710       0.77267522847566061       0.72286638122831903       0.69252819600615911       0.69299796188344231       0.77565074392723654       0.73664282066594888       0.87930730957112369     
  0.71482119874329941       0.66673184498309623       0.63106643071546598       0.89557625753244197       0.65157488012722586       0.82861031725962764       0.54543945019329765       0.68938094620785684       0.61176040864122105       0.63246294687475035     
  0.89913875005954513       0.77281151473699483       0.83939795575754517       0.78986789952283054       0.67878588318943156       0.77877835320389854       0.88791153673780843       0.73373227416605247       0.73634520972406314       0.82745908156229475     
  0.72616672990722297       0.68136046851670173       0.64745153385424736       0.90287448992771080       0.66683649464139605       0.83456581891222104       0.55299941479324721       0.70397595268060054       0.62563555412393212       0.64624220634533469     
  0.78694363989562366       0.74436931983037713       0.66906296512978913       0.70544555104974138       0.89581476976840846       0.76143426856113217       0.73461720859870272       0.71969641942613949       0.73460625285805836       0.68565020351493122     
  0.73752813728986033       0.69612874768851163       0.66377968562479028       0.91013505513049131       0.68110601104516688       0.84048055647976572       0.56107063865565576       0.71767721333386303       0.63873636624210317       0.66016478752218588     
  0.75760062875277512       0.77944575870892074       0.72552295084060658       0.69611046956592315       0.91491040651464584       0.79236667279102402       0.77347466361165818       0.82917446615462531       0.69870252082311224       0.75152746868456244     
  0.74882022580228946       0.71070989518106686       0.67991285754677888       0.91717284297007884       0.69523181634032460       0.84609754674597748       0.56958737485984412       0.73222695946577321       0.65191690727859519       0.67439781749118732     
  0.77534042277812620       0.73269358262852924       0.87998052376810154       0.73852864330543466       0.75391039534200321       0.82808195007481844       0.69308125203528725       0.80730706754829018       0.72234149553722871       0.76998632691773139     
  0.76014408841958736       0.72496398925712124       0.69581899183830853       0.92415024345805963       0.70985198649842940       0.85178444788645391       0.57810969739838469       0.74666043379565517       0.66489897708461809       0.68895957964670640     
  0.81614147272743653       0.75773600580149492       0.70189123847464074       0.64998006371810402       0.69227943098063183       0.71415155634312566       0.96209110394482844       0.67228608456067018       0.64194909398038480       0.78615576177497248     
  0.77125461991974598       0.73885023251484427       0.71174860672202889       0.93063773060868338       0.72490152241045758       0.85774269749152643       0.58655551428787156       0.76134235022019048       0.67803264553572129       0.70332533896621674     
  0.68814465548689396       0.72105504621734895       0.67372704450964604       0.85622528395356379       0.67936121741115818       0.87547184949281853       0.80400769890254575       0.81093122085306102       0.67576725317606079       0.68527834821792799     
  0.78160301860716563       0.75367793262755489       0.72786400841709586       0.93717996644073631       0.73929914119053641       0.86404425856647549       0.59530756021608866       0.77643788146012749       0.69170775336767820       0.71806176393860144     
  0.73273143910671690       0.76330064632006644       0.78077299129315825       0.75537580497402423       0.75603097135791320       0.94054667178893303       0.77242164518459089       0.63658071003001526       0.70247711060382956       0.65044820655759439     
  0.79192400510684391       0.76824207595506266       0.74414999763627010       0.94322025883503979       0.75367576467855146       0.86922752492478639       0.60392375889952588       0.79122901182214422       0.70554420980416821       0.73317466430743639     
  0.71768202199011000       0.76520565586046185       0.76004756683029095       0.78226885070537366       0.80700480040900213       0.66589145383441217       0.80354958555183520       0.64962697738369468       0.66350124356317552       0.76756974108375042     
  0.80251543275570403       0.78207759623086692       0.76016451332866541       0.94923641816106286       0.76752531162328275       0.87450723410631248       0.61268131580021434       0.80564826926768973       0.72218819762387931       0.74914376442234643     
  0.76410233048503562       0.78520218059948854       0.80806374976777517       0.70719209485196866       0.76615363718838680       0.69611349382226417       0.61159334659296738       0.76160995247872654       0.71323017710206649       0.72333705517455771     
  0.81304881641498850       0.79612711560178329       0.77581447760558064       0.95433793954737800       0.78141544676190533       0.87989815484526890       0.62177482800210437       0.81982961844528446       0.73958650337087850       0.76532830839043764     
  0.74321214256785650       0.70848306750804890       0.73646892586015955       0.76917297931843331       0.73155823615652049       0.74937620150208450       0.78566332126159777       0.76132612274471867       0.68164489082395197       0.75951117871630713     
  0.82389386835298817       0.80848281570562119       0.79073635188436531       0.95908953037689304       0.79702482908631045       0.88532344486270997       0.63160362826351801       0.83380886892055817       0.75776659433716886       0.78088286859972522     
  0.79506404082560478       0.71986284570559800       0.68973096184292715       0.81132618575935311       0.67798687563057836       0.65361850259566456       0.67452760706933845       0.76732048959406540       0.80022497836018835       0.70867614065210671     
  0.83470132009931586       0.82125168329091758       0.80560320487484094       0.96373772036893735       0.81214147630892441       0.89092368363021790       0.64148949069101979       0.84805195085065288       0.77586635550620420       0.79668297720304670     
  0.74558323507280355       0.74786403668038726       0.89073696136682579       0.74551196507762107       0.81190139670055028       0.71444439401575721       0.79578546280724627       0.71988125056446550       0.89189779554704718       0.79681054936492079     
  0.84489425946799690       0.83542618226802801       0.82019881430183339       0.96832477534052053       0.82610901690923288       0.89679605950290486       0.65292885391630495       0.86255979424175644       0.79247905235715332       0.81304286838681050     
  0.79166705145698835       0.74532948677364919       0.70298676853728292       0.79829504047539712       0.73837754533513289       0.82765527587111143       0.79421017805557648       0.88649333107097938       0.64722469766718882       0.69110636134207637     
  0.85505023583027440       0.84964687544056305       0.83508393954524229       0.97221951633750581       0.84076693698638649       0.90301258100812520       0.66392812476029539       0.87656993030044261       0.80907423582659221       0.82979020435532602     
  0.75698419971684472       0.65691926612741269       0.74967060930638940       0.85621758279656446       0.65345781298493788       0.78048348018319091       0.73300107674062276       0.80974155577348106       0.77271985039021684       0.78848900809845557     
  0.86587504755790334       0.86436426502426544       0.85097457715542713       0.97575733660141828       0.85565334107552893       0.90936389796385086       0.67535871783025070       0.88978408811459497       0.82887787896080767       0.84685421245456882     
  0.83482069379387103       0.72783433144494236       0.74214324441929902       0.82065633722419984       0.72964197910363560       0.76936724913742949       0.74133136559045532       0.83721641930950874       0.62905978902704374       0.75223415166688012     
  0.87658025819531327       0.87895349336334627       0.86671665982708490       0.97906288672479846       0.87020217539780620       0.91557036224912247       0.68636734082204232       0.90266243754693221       0.84855921020622216       0.86391777762674937     
  0.71498278256709946       0.77756198800540144       0.83974438463310941       0.77858115674092332       0.71835794438744904       0.76040238225414181       0.71523645013200043       0.76781041537862127       0.73453773309864689       0.76414046291725379     
  0.88954371932210829       0.89272006652907676       0.88246048620616213       0.98214754777423674       0.88640981158418097       0.92199404130659279       0.70035442662614777       0.91505164625502466       0.86836858707875320       0.88165256818437454     
  0.83767227866681704       0.65808272426734649       0.72817337047483444       0.92196786464200475       0.77113693667803884       0.76724078526165096       0.71434781733759900       0.82436378722510584       0.68203406979272174       0.77117540497155590     
  0.90225974734328518       0.90704650950601251       0.89795096272839003       0.98507575023464533       0.90244461981239132       0.92851142644147566       0.71425867653370778       0.92701669541203280       0.88864724519024774       0.89968756164827723     
  0.79666527851820301       0.69671263018486540       0.94920555120714822       0.91635341443661578       0.78375599676357877       0.79903974322122462       0.70742515893973734       0.69642662509030917       0.76078473673691960       0.74972193904553153     
  0.91422087059672374       0.92295870902644228       0.91271049887940003       0.98782161048552619       0.91880347100714266       0.93558610884105464       0.73215968031199441       0.93803970755820920       0.90774505837805375       0.91741797729238606     
  0.75206324202513253       0.73756364426428456       0.73465626472693435       0.82871397294611793       0.81643858389798418       0.77037827140233872       0.78598138869171463       0.81809600011631167       0.72132164343511096       0.83957688361197769     
  0.92617659663448315       0.93908807212623935       0.92772376777788212       0.99050038866140477       0.93496074531167728       0.94319536753923527       0.74996365003022103       0.94914422121732045       0.92672120146723047       0.93498398376369563     
  0.93649218979491411       0.85280480001470782       0.78722306276927390       0.92967290588116780       0.80361234217614674       0.78786162200817522       0.72938152225366526       0.75193114659711191       0.78314669310496088       0.75386506853228197     
  0.94089103832842091       0.95451763128287670       0.94585113975266422       0.99292149431296994       0.95069995254101491       0.95214412408024307       0.77778137790888524       0.96117369592307700       0.94453980293698669       0.95253541427862931     
   1.0765354010830797       0.77636870553889226       0.92514850603980925       0.98742289013234319       0.84416583978707183       0.73321676871424368       0.77582649987232022       0.80194313760951486       0.62937031636537810       0.72438032497127114     
  0.95558828410977670       0.96963239520521771       0.96360394427435192       0.99536441157969602       0.96618665176368934       0.96247022615341793       0.81064609291550405       0.97359028707398720       0.96227565729516717       0.97002608156842740     
  0.91827539546712766       0.84635812646808650       0.83961211277710857        1.0477113773337861       0.73511952648310863       0.92752297189111710       0.82851411204516012       0.85288775871065359       0.69364024719929662       0.80751439367766220     
  0.97693963458465349       0.98498502285770795       0.98198506658711382       0.99763808178656377       0.98294671804256772       0.97853617135059601       0.88535353297616726       0.98691238047274454       0.98129672578197058       0.98506692507178428     
   1.0657815881619261       0.75003049687560008       0.85442200963497850        1.3741896002418699       0.79455901291092246        1.0277983166856188       0.74651230232244359       0.87226800888470968       0.67374143955337473       0.67910399038300928     
   1.0000000000000000        1.0000000000000000        1.0000000000000000        1.0000000000000000        1.0000000000000000        1.0000000000000000        1.0000000000000000        1.0000000000000000        1.0000000000000000        1.0000000000000000     
  0.99801346596362617       0.74088417418305352       0.80671465903168849        1.6916041211441777       0.96855569758811177       0.69793975506214478       0.59831124503517175       0.74253698626116083       0.81558649721478926       0.72756752146293013     
   10.131264382210812        19.777912285175898        9.2713091828581753       -12.632425169653976       -3.0478056949221624        5.0031863696219618        9.2354604432021450        16.855516057468702        13.225496600367068        3.3651398104600707     
   8.2406903429489891        15.822202312942830        7.5836046021906629        8.8968656096751282        7.5556794783853993        3.8223649804693478        5.8203547269913702        11.996226259535440        10.694700580873963        12.066360824460444     
   8.5900356045266673        2.8663830176421112        10.736762720810358        15.125869155891440        6.0286164391851758        7.8287771593496682        5.0626459473253194        12.430023666673113       -5.6014831008154164        8.9995107320336949     
   13.481073692522205       -4.5513969255648909        4.3630256601133377        10.755841795210424        8.9120378800721554        8.9046082669441464        8.1564635182332434        9.0548380644366873        8.5719247013425122        9.7690135328277297     
   13.826376324024674        5.2858526114633628        5.1248075506911963        11.319572311883913        5.7403029790031956        8.1196537485559581        6.7291331782783503        9.8772224021814932        4.4290183500130071        9.9366603872429717     
   2.2644296856560988        7.6580303877435965        7.8565608200335690        6.2607701521072512        6.9757442192889725        10.256554282314955        10.965381499793873        8.1747091683488744        11.114899524914758        4.1298442327492104     
   5.3645445178378086        9.0880506576088287        11.305648383832034        10.421886299018407        14.233870111176156        5.4691085873228378        8.5527301118791677        3.9226387526226891        6.7753665203637290       -2.6060214161480637     
   1.2268769515364746        6.6251566463177607        6.2799158927312480        3.9152171381709451        11.434273611542777        6.2881182529738249        7.9686136021889205        3.2852558565403194        14.537113471969901        15.185393876704623     
   6.6064294080769997E-002
           1           1           1           1           1           1           1           1           1           1
   5.6915393169783488E-003   2.6475017743671173E-003   3.3557112835222974E-005   9.0884036790577802        3.6565019468438750E-004   2.1333664243795228E-006
   4.6356146080345155E-005   5.1141519564154745E-005   3.2243075222927269E-005  0.88649961274312850        3.2160494262959734E-005   6.8361047403701816E-008
   5.8691304983514443E-002   10.898309071830095     
