   0.0000000000000000        0.0000000000000000        0.0000000000000000        0.0000000000000000        0.0000000000000000        0.0000000000000000        0.0000000000000000        0.0000000000000000        0.0000000000000000        0.0000000000000000     
   5.8802840863895200E-002   2.0402781271227941E-002   1.6104281242767460E-002   2.6745559385216316E-002   1.4249062231575543E-002  0.25943616242215756        4.9180706538081417E-002   6.2967389251231298E-002   2.1013969917064675E-002   1.7079864326452317E-002
  0.70191639575138376       0.98393013447233391        1.0454210467521468       0.82488235376251018       0.79348459073009270       0.78244884346109878       0.70191639575138376       0.71844127245018563        1.1744539800318028       0.87710655294681150     
  0.10883518332186282        4.0878515222327556E-002   3.2370571744219034E-002   5.4941914144564959E-002   2.8654976823401644E-002  0.40563697298941387        8.0293252029331311E-002  0.11634934509319028        4.0906662478735027E-002   3.3992299607649171E-002
  0.75413544553482792       0.86378346685687413       0.85678579264918986       0.75713874592451025       0.75272496186962889        1.3317472088302844       0.75956865609054347       0.77006398735019521        1.6252102190580180       0.90600641048620345     
  0.14655864803335178        6.1412521470802832E-002   4.9098032095702404E-002   8.4957989638904483E-002   4.4523148873812174E-002  0.45865140757506007        9.5959705938187437E-002  0.15280082887430174        5.6694618367508443E-002   5.2784374260013443E-002
  0.96023851775738600       0.85434289318411105       0.83602631056806653       0.81893901486851584       0.97146637838171734       0.95695755088946699       0.88208495966740974       0.99130716228610338        1.3580175770619194       0.98546518409770556     
  0.17865474574837920        8.1717674903434054E-002   6.5221201941628476E-002  0.11585579194241172        6.0800785172355043E-002  0.49541365782290969       0.10904786244218753       0.18278917295554753        7.2589125717167927E-002   7.2231064682864721E-002
  0.79623080981196781       0.82860790317252675       0.96924478732947716       0.85283166608950156       0.89927098334562050       0.99592639771151548       0.90050966331194471        1.0292151949354060        1.4547852894547630       0.94033835596032134     
  0.20561660682762173       0.10150864358196254        8.2988073208664831E-002  0.14787232479127543        7.7233529282008842E-002  0.52329144385064386       0.12092763580604202       0.20486795369100411        8.8171815956387956E-002   9.0197368787294313E-002
  0.80629020914506233       0.91996617089655675        1.0097391765347561       0.70474796562479003       0.97605287803820617        1.0278466931487233        1.0384201124645720       0.93049639328047073        1.0572480786431548       0.84165304495570725     
  0.23041429285561649       0.12133960568616911       0.10061798542827340       0.18088626235057439        9.3746803204418486E-002  0.54488926576030616       0.13071170649031949       0.22422975993849981       0.10319813728462084       0.10760494999818941     
  0.84352584778079942       0.76906403047236460       0.82442632238386748       0.92664447329458299       0.97883505143416372       0.88266806877063431       0.93604898736069198        1.0014982348268882        1.2947201432027227       0.92941956545784798     
  0.25351694286764143       0.14050351559181154       0.11842499482711513       0.21434475060405964       0.11027305491239756       0.56451647290784024       0.13938604355346348       0.24074400389787806       0.11731120649640672       0.12562693249199569     
  0.81825778827170947       0.92047400536805579       0.86754663701646495       0.91643464431873378       0.82755510076370353        1.0690165886529657       0.83026714631189846        1.0758007422943259       0.95766324430423533       0.94792175266617629     
  0.27459083238976106       0.15944488934250017       0.13612547658640339       0.24710387171677639       0.12640915494775248       0.58109489038914464       0.14786931878613463       0.25475048567501635       0.13144133951750941       0.14410311046822982     
  0.76067546125112839       0.95998448492282040       0.94599559598271110       0.79575380969604714       0.86857531959621292       0.92151846583103281       0.84819114244983307       0.98876077631917236        1.0116699153207074        1.2540222108139762     
  0.29362756460207223       0.17650906982175449       0.15205184592623738       0.28004918612618940       0.14222034750899076       0.59704169401375040       0.15602844458621595       0.26713594800562002       0.14536248959851022       0.16069644590602319     
  0.84267346258306408       0.93676461676131095       0.84531155893490428       0.77029336828407891       0.97552363047342794       0.99737654628787853       0.82812382112116800       0.84180672464364403       0.96611710387926708       0.97394627866418604     
  0.31155582298894180       0.19388774822572930       0.16802757096486767       0.31145013730609461       0.15778930325038487       0.61013256826396556       0.16275965598824765       0.27894150343464064       0.15928401542161288       0.17651228953756193     
  0.79838241021866241       0.87840626316710779       0.82243852911152882       0.95673597204469196       0.89739549231143356       0.76875578338350725       0.93475415363291225       0.90783624324965595        1.0257090783929808       0.89532877108848030     
  0.32899611278645263       0.21256870595711558       0.18373170731929250       0.34145858397771445       0.17225231512301659       0.62300237445326201       0.16899556796440759       0.29027686105686834       0.17361707817452660       0.19199758699353650     
   1.0094098106851750        1.0105823349085303       0.86440308969807655       0.79849474830563127       0.86384141433353634       0.86984238846268369       0.84912096249307467       0.88868673458275638       0.84801907087705930       0.89786873792713451     
  0.34661350578731714       0.23083761664748581       0.19938654596989691       0.37137480560173469       0.18657638280783356       0.63482971284708400       0.17519345543135323       0.30153306995785845       0.18806776814600562       0.20768021316064719     
  0.80567971640625702       0.96232404224513801       0.83565993066800148       0.89139457737693006       0.85723480669131269        1.0355469679583125       0.78422302333412508       0.86962760046591370       0.90958504410531293       0.72067819894988649     
  0.36424052933044748       0.24909437945629731       0.21577384640756780       0.40109896661591837       0.20191267469420052       0.64636852952157153       0.18146027251495642       0.31250349991135190       0.20305685951137328       0.22362837609261274     
  0.92561449752839409       0.95473749211573777        1.0176943637975571       0.89372041774548105       0.85635012738930993       0.92583008389661459        1.0414093737973706       0.85505997872835526        1.0305156959670616       0.80351259059078961     
  0.38162130470052502       0.26693473201251550       0.23219179978560930       0.42937070141649880       0.21772546254186209       0.65574699075743792       0.18775065975147454       0.32359512611475949       0.21837038073877107       0.24032534320106430     
  0.79884115396438782       0.80703925165028290       0.99074610295914223       0.83238483688369413       0.77205461620079130       0.86130102863772906       0.79774445343008016       0.90930797162626598        1.1344044372116471       0.91284349309543134     
  0.39878189682219217       0.28403439372643724       0.24860866724981417       0.45690358625673833       0.23277749783213542       0.66530695385342009       0.19397210179665378       0.33461436467783751       0.23370880211653688       0.25650316110301152     
  0.97152283991005584       0.87802519589015782       0.89932787060469710       0.89930272109028209       0.90451236069353635       0.79324098734977877       0.99288366760259683       0.81342415223837095       0.80127104796676851       0.85589617494717518     
  0.41532523081439454       0.30079498188457449       0.26476860435054600       0.48413593530891386       0.24773290892501090       0.67394844551956667       0.19998756751626467       0.34557495979189062       0.24936213003759139       0.27206228239739522     
  0.80462411243136844       0.95621308793089776       0.92574121736629389       0.80890121935650960       0.89329029814887395       0.88219645440539685       0.73151319761449063       0.87251210731227591       0.92317684787097909       0.86640847572461421     
  0.43132893764282504       0.31524621646160739       0.28003385952674736       0.51174586711683867       0.26269113923111065       0.68268144260732821       0.20587029793711628       0.35654430015578109       0.26544556541212722       0.28683979953650679     
  0.83329862500377183       0.80943396868337292        1.1916928107837379       0.84291479501808431       0.79958522416634958       0.75466039740285784        1.2129265498832473       0.82197647894294790        1.0455171010332778       0.82317842467236235     
  0.44656461566034111       0.33024701420598462       0.29500494919775477       0.53665301492963835       0.27771243144108265       0.69094044402376187       0.21209440239081237       0.36800137922595899       0.28158138082561951       0.30168235624459150     
  0.95076664539425970       0.81780742460608002       0.76808660537127627       0.98939882241981725       0.88529458774594705       0.94156639872358916       0.89868554118722599       0.90078941202669949       0.96367695311279122       0.88117605414096201     
  0.46119818178653016       0.34531806093379058       0.30974877605222634       0.56125761461293600       0.29314169399023232       0.69935078659196559       0.21831538791089758       0.37997218428668317       0.29784438148636605       0.31751075956464836     
   1.0008845907537665       0.87060962917909079       0.92185228519169105       0.88722156055307821       0.86928620970979054       0.89757968815152755        1.0391486574719448       0.88137092435073916       0.83132299855728808       0.91760151413743873     
  0.47537310442237646       0.36040592438107216       0.32447511421949904       0.58379595864987988       0.30850191073622280       0.70754859368671663       0.22451648053402404       0.39227074598061584       0.31472083688974073       0.33327512914572105     
  0.90971781923785744       0.85298363266968125       0.86431543820276913       0.83189042996237961       0.86611622748193495       0.78053751645997904       0.95025184974635346       0.75704950064910936       0.90118390290922146       0.83717788997743547     
  0.48901983614637629       0.37577801146456757       0.33887072406583973       0.60609602323517375       0.32349233492264734       0.71568800050441084       0.23064651405351055       0.40504003097882796       0.33158170682137594       0.34658403574789737     
  0.90498271795916896       0.88351063847997902       0.84025556246803257       0.84074717494026696       0.96513152816898551       0.83005096999297867       0.86824890024441825       0.89639248238452285       0.92065800818906451       0.88322078869428733     
  0.50274371792574291       0.39118036086771785       0.35324138286847534       0.62803265675361275       0.33831158246973153       0.72310971826187753       0.23712781308382130       0.41762833277399919       0.34836315810832130       0.35974475663315642     
  0.74061152645348449       0.92014770415512925       0.80411122612711039       0.88557417362770008       0.95970459478068892       0.81038978500279291        1.0406753350415778        1.0051639867942204       0.85927536810793737       0.79012434765454065     
  0.51679835663280660       0.40608660255897405       0.36760219515601289       0.64972398323740665       0.35227510576702348       0.73052017530070501       0.24368372616462070       0.42972256806963238       0.36499246828184595       0.37348616540006324     
   1.0090778574541193       0.84666625772475501       0.95684463307498124        1.0319002264371961        1.0917594471149776       0.86620732101293074       0.95448510448226942       0.93052469568636043        1.0067859878717296       0.84827858925841315     
  0.53053630392261886       0.42070266877966361       0.38226118286496369       0.66957246834375306       0.36606757087258213       0.73813858832909407       0.25043135176571274       0.44136525595367193       0.38066118290781725       0.38725687316389373     
  0.92935107760848168       0.97408005345135662       0.97346888141570942       0.87813614156953301       0.90133859283429896       0.86474391636236014       0.86880975953808270       0.78523728791533687       0.72104816586358533       0.96375889852051411     
  0.54301488101036666       0.43481199711921675       0.39718463343052329       0.68884519907073982       0.38099612668528698       0.74572814036880208       0.25750255535900507       0.45286384692853615       0.39630242502899909       0.40086912563146770     
  0.86014706197318946       0.79441530553352468       0.80758630252435659       0.83751468501259496       0.88343824151293071       0.85125994920439774       0.96813463157285828       0.78120220101673798       0.79542293176277601       0.85228180275511278     
  0.55551053171863807       0.44914555133532730       0.41176194332101684       0.70487004827612465       0.39632565508377654       0.75265004503120325       0.26442383145456172       0.46505781814412717       0.41164471143416187       0.41424935356668074     
  0.83765336018733638       0.81618839403556553       0.84515558480484476       0.91499499719981792       0.85124217875393193       0.91835975475899700       0.89078251119760132       0.84588899180441179       0.99722541242363050       0.80605571771090012     
  0.56807674723999679       0.46306104494545430       0.42532045072021635       0.72105180158838389       0.41219379138445866       0.75965661789737216       0.27092677350017857       0.47811971627487537       0.42733314180182275       0.42749801005521448     
  0.88089950006160422        1.0514248097631820        1.0075038195121913       0.81191927397434271       0.85385523958472087        1.0076996963712599        1.0411927300765276       0.89952889855957441       0.96033816938483019       0.89043878405526578     
  0.58037166872048374       0.47702775536936159       0.43927879075155829       0.73665076413416009       0.42748915646297525       0.76643029910363281       0.27725773896920081       0.49173105829221303       0.44389218692135118       0.44117613748310186     
  0.79566086244792389        1.1010696684548182        1.0183174454817705       0.82551028429476270       0.87725118903693555       0.89285458859301181       0.84539917794510955        1.0053114394215175       0.81334867313489401       0.98574293477515429     
  0.59190727611262728       0.49100995788682045       0.45427554123678715       0.75196699387040122       0.44286715661053450       0.77310790944885055       0.28365611210510339       0.50641933119197957       0.46052827814460873       0.45533310675785199     
  0.77844056025176822       0.83640242561922440       0.90550661676649846       0.72704574954216572       0.84266083487545884        1.0251876697306286       0.97227130249033300       0.93898478900384064       0.97796666114571318       0.87504835677504267     
  0.60346183972706302       0.50474761169751692       0.46945559570156914       0.76693263556110414       0.45845674792981489       0.77946569456239267       0.29030494238485877       0.52143506581416710       0.47566486187657137       0.46950475066494690     
  0.94903803752962168       0.82360452841174547       0.91811077924789908       0.78950090133041928       0.81319393259603501       0.82628018291282201       0.94754011356728063       0.93523274808449641       0.77977231254953783       0.92442152437331715     
  0.61507954676678400       0.51824257591941814       0.48462591136752148       0.78142341457436315       0.47360330223914859       0.78566326793930974       0.29757169479516826       0.53749880093563462       0.49046200801848755       0.48341205037298618     
  0.96384694148567518       0.76655815071350153       0.84613792821385114       0.86995591161139896       0.90158737352557106       0.84167415302373050       0.98557192333597032       0.97568503622658231       0.86017877718997404       0.93751509925602339     
  0.62740145644912415       0.53149005680629169       0.49990073881810582       0.79535828683818421       0.48875779870687580       0.79212148681625871       0.30467760267554689       0.55383078770859850       0.50283775674932274       0.49701957045741230     
  0.85775734748763055       0.85698339484777952       0.77852958991016730       0.82077381730858345        1.0632258800053187       0.86875404776611220       0.94855441226909598       0.80199449450233040       0.79071719697981591       0.89575059152333747     
  0.64045912450169273       0.54462394846316242       0.51563635907838934       0.80872760206412975       0.50446866385679712       0.79849640128798860       0.31180573446635301       0.56967575025936257       0.51539223654966770       0.51027095476451212     
  0.89324339238038442       0.99713936375038514       0.87118221285070185       0.76451324423915634       0.87984673729749485       0.98297281106175005        1.0840277042076438        1.0771498414889593       0.81916282917927896       0.83487357092823089     
  0.65281545579876965       0.55849126464632581       0.53104313808576675       0.82114872636446312       0.52003544440012173       0.80454897323623353       0.31903296151043764       0.58545568431191242       0.52762937076777050       0.52332357233354965     
  0.89894646162022651       0.87485315504349770       0.86491026925463987       0.86052443156821734       0.76867892733403154       0.86150386643043708       0.85174667744000110       0.89275216043519845       0.84337687398551486       0.84522012554928305     
  0.66447681126575864       0.57353299568622951       0.54564545777088469       0.83297946058933892       0.53534205118183309       0.81055649218127035       0.32579023390515405       0.60117289206811519       0.53976876994568079       0.53661818911629167     
  0.86133759885724370       0.88700452191036239       0.80584488194087844       0.71908891628143112       0.78180760915202485       0.86614255798066087       0.83294799355719817       0.83288522434553125       0.79767309324582392       0.97094853360921130     
  0.67593628270815775       0.58830847419945398       0.56024527225444187       0.84435310559446075       0.55115480529318461       0.81656517319317501       0.33253990146262130       0.61733816373839545       0.55143036579842397       0.55017867023199729     
  0.90517038707596509        1.1393263924317834       0.77619086408678339       0.88403009011235156        1.1163453688323857       0.94382870547364484       0.93559233302096723       0.99552995079584594       0.77226844989228283       0.95461882682877386     
  0.68710962824375321       0.60204573673673212       0.57704841764255255       0.85534930890519445       0.56768336908032513       0.82257507508808114       0.33980288963517985       0.63312591381071703       0.56307337747261943       0.56406225858780257     
   1.0594192487930945       0.82163102230233609       0.93377979154292701       0.76941745322951649       0.90287687376128267       0.91530380062226990       0.89292529232052498        1.0298418392655535       0.77666946092639444        1.1161659684717715     
  0.69852789143195737       0.61546771707339809       0.59384706476499471       0.86595231581645404       0.58469048628986264       0.82840171077145019       0.34688584388157157       0.64905599977922812       0.57460256531691167       0.57810396444521539     
  0.95023438154747919       0.95470727229077001       0.87472537547662121       0.88232861533720630        1.1285227686083423       0.82776726161707004       0.89351728404606423       0.85799368313950475       0.86264428970219309        1.0091419455780886     
  0.70996917148854055       0.62824288079095936       0.61075253725510381       0.87608127952229597       0.60125103759502307       0.83414129041808249       0.35432420812335275       0.66433747158066725       0.58593780233740977       0.59172299447396215     
  0.90977525562726347       0.87514045705021193       0.88812812453301371       0.91539174777664678       0.93582624222296151       0.88415161243956231        1.0233595708664904       0.90231381849023051       0.75809880212412717       0.86326158081445759     
  0.72070638975139267       0.64107869154490604       0.62707222526552775       0.88573830221613747       0.61688486826570677       0.83979600222484496       0.36201678140240845       0.67959697699271970       0.59699678322532901       0.60552714524709561     
   1.0038141700448302       0.89192659486481685        1.0396108360487077       0.85157586727021051       0.83602696718369007       0.84511175901341706       0.91221555571342594       0.83194651773788542       0.75498302431100472       0.94940913768916280     
  0.73064823517576771       0.65415537759063658       0.64436413507239865       0.89520330472910226       0.63203136263185422       0.84555806146828827       0.36964484786109914       0.69347355169471681       0.60921280150212365       0.61995337404501438     
  0.79516990440467239       0.82078182811177436       0.89228873935122066       0.92397343063562198       0.81906145878298975       0.79262794136989145       0.80398074620771653       0.80947895969663231       0.88997808355631125       0.90512931010554853     
  0.74059982195670493       0.66733786143987150       0.66120147274385865       0.90355127940427671       0.64683205589023185       0.85110015048780985       0.37692509464374213       0.70746893837349434       0.62208355207529542       0.63449067276147497     
  0.82790829040157166       0.88739506894116249        1.0294101284911141        1.0565922414756357       0.94931345963001545       0.90339376405303518        1.0469471376559429       0.74148821603931114       0.81983778429364063        1.0401960552950733     
  0.75088722306373012       0.68127475365224877       0.67867996939657016       0.91171365672091509       0.66067791621171934       0.85654135624564476       0.38488865783296788       0.72202735436093068       0.63449094393249794       0.64918279112355370     
  0.95174597099043101       0.99005578331381205       0.88567388770261757       0.89921113436898026       0.86436402394414724       0.86118232859804145       0.86463044447227555       0.75895677745520573       0.87498871190513661       0.96246560092280586     
  0.76124467485077596       0.69517686292842418       0.69622726868579687       0.91932288378357041       0.67468446841424790       0.86185295346498725       0.39283730108150849       0.73683282074445533       0.64671243415094637       0.66427775267168487     
  0.85908964247331299       0.95633146024619797       0.94738838773906742       0.95846242549284089       0.78103944771419653       0.76175524320967658       0.79822701983326105       0.83445208990765019       0.76364930968652378       0.95825357626685170     
  0.77108136672495908       0.70890851039542224       0.71246193740614749       0.92611689917351114       0.68963764653659065       0.86700554877266933       0.40253922320343255       0.75322631569060727       0.66037238565849810       0.68003976567605295     
  0.83733886717020700       0.88333733566997996       0.94025109043141009       0.81195063358710295       0.81039851382867745       0.88592154335844719       0.87633700397575731       0.93518102890747301       0.80939858242971108       0.83417144527270370     
  0.78100931194134049       0.72282830480915894       0.72833722380897303       0.93220105057463498       0.70493890237369083       0.87227873226176267       0.41241373325151587       0.76944118918485183       0.67416071507914521       0.69589694704137428     
  0.90573246449506040       0.86520267082311619       0.79228913340082874       0.80313688366471392       0.89967004885289170       0.83166522179558500       0.97500926049821834       0.93612002894906599       0.87947726827371042       0.84672846800435497     
  0.79096378012429558       0.73653412780657124       0.74372863762895192       0.93807182580369097       0.72086804503095991       0.87764393173533173       0.42288099626548492       0.78556525033538860       0.68856450229461397       0.71337266328450721     
  0.91131481318704755       0.86949664830431761        1.1828588678972642       0.86357701522404939        1.0875119885324926       0.83334629940855476       0.91779014364910227       0.81142211168598311       0.93833779583892563       0.98868372949788208     
  0.80126434454508833       0.74964596532795491       0.75920950786769137       0.94383302244000544       0.73601106019440565       0.88299786263011026       0.43349676014279509       0.80120113792508962       0.70370733394265950       0.73094113408702022     
  0.90256703772106461       0.90868787343028912       0.90174166082852802       0.75857013337010282       0.96464509232200868       0.78252383108573154       0.88304030771756792       0.86598971512267309       0.90016467352160534       0.91519944968767575     
  0.81217933846854085       0.76336587327953365       0.77423338936737396       0.94930643950981497       0.75175198446043834       0.88828998961598726       0.44471982371409369       0.81521544586204431       0.71984896331896731       0.74990860432942896     
  0.89141073674343974       0.84535635054796265        1.0134234551209149       0.93450822387877752       0.83195263465920477       0.91360954307252096       0.86684293502987242       0.82354936961025360       0.88005429317710848       0.92226561945747787     
  0.82281009950693462       0.77752705861979199       0.78908645219814844       0.95394223693572044       0.76758539906092960       0.89348162185902458       0.45608613235489748       0.82900944812387745       0.73701323616146919       0.76827855086138108     
  0.88142372479839226        1.0070457870531571       0.87323668054750425       0.85019519559371137       0.89741359879827554       0.95757431460582854       0.90270452604039608       0.93784469511534030       0.85241798829045501       0.80605296672747229     
  0.83346608167255698       0.79281335113580553       0.80364727341750397       0.95856330083673746       0.78339486063795871       0.89855792916276711       0.46813045515105384       0.84256887342406295       0.75461891242925672       0.78573649745117824     
  0.99914874364448902       0.95049743152912514       0.86619987984988822        1.0275349162705805        1.1133450748732967       0.86393875200516657       0.90338297413619295       0.86655278611208753       0.83491903966164360       0.92646577620121828     
  0.84428813602850172       0.80782489689133186       0.81809931173038009       0.96304077038962144       0.79923777456207290       0.90370734135027020       0.48027832331737319       0.85615495718508550       0.77242489726281460       0.80284851092074672     
   1.0337996568912766       0.80236950398926099       0.94045544309937890       0.92021035110425908        1.1407426340576037       0.92338764489780556       0.88202668528362649        1.0664437317184410       0.81906371548805601       0.80363194638669577     
  0.85536684067472590       0.82375819698411767       0.83339258810914396       0.96725117739965571       0.81485881768057100       0.90898267486061879       0.49429104292641429       0.86996913536843268       0.79067496305029605       0.81911289739847637     
   1.0539409199199621        1.0395518484509449       0.92573123917962996       0.84032314128348840       0.86530440179698320        1.0103103520875951       0.98665506259829205       0.86822560542548155       0.81639417939205283       0.83257686329464498     
  0.86665011411473314       0.83951329362837335       0.84887352540326733       0.97099562630908576       0.83052832859270531       0.91468252526039395       0.50887493351398594       0.88372731008489724       0.80988949888943818       0.83538897990984551     
  0.96243075828266067        1.0046434938161706        1.0040670837991785       0.95607263192067071       0.96489595366398861       0.85702174547031185       0.83048373761765570       0.96503354729343749       0.82559989347668705       0.81977728724310694     
  0.87787664905959162       0.85508483826526405       0.86424401175879517       0.97467299767966487       0.84630615015980781       0.92088049841053343       0.52600820977528639       0.89675653226499508       0.83033592049930360       0.85151103716795695     
  0.87263978726320712       0.90256082539673199       0.78747854292944897       0.88146456587732580       0.84051318587024626       0.98911914183125704       0.78017577332267385        1.0813945113363628       0.91252559170398262       0.80753209128371628     
  0.88916471190055391       0.87120743209457963       0.87931043461111835       0.97810952957822761       0.86232620317349906       0.92728327017999812       0.54518385369382860       0.91006002079401127       0.85127094195530562       0.86712064615560536     
   1.0489522171899657       0.89925585497704152       0.84335141911090050       0.93579276230321551       0.93576993944156428       0.85912798375680810        1.1898724677371593       0.86706929255340925       0.87752294963644017       0.84845727137884852     
  0.90084872361784174       0.88721817968562411       0.89437439163733889       0.98143977529118187       0.87913289651375282       0.93415941797376933       0.56555851984400995       0.92329822656337268       0.87151923368316664       0.88458320605481133     
  0.93168677483176621       0.95539072447854978       0.80645143727300339       0.91387212167672471       0.95607936069474553       0.87698697817614879       0.88485945230325491        1.0627733831210251       0.94975807539017654       0.89185823410763698     
  0.91277142886007445       0.90330444502868212       0.90922511024608765       0.98451184667959668       0.89586582643454571       0.94107851774536799       0.58674669966478998       0.93617328438968517       0.89104702725803386       0.90195294623752864     
  0.86983501970530130       0.83705019903700761       0.87959128966016731        1.2604879726681708       0.85547406156225114        1.1062254688764621       0.87870353913088461       0.98866417480801871       0.78940819571254550       0.99291401846266836     
  0.92482985541317786       0.91987414437632076       0.92492613490947873       0.98750585259739343       0.91271889121502647       0.94808494707990520       0.61024567517000627       0.94722041086118769       0.90991334358414222       0.91894495071519700     
   1.0039811514043508       0.92732204614648017       0.87312880088727329        1.0122995717660856       0.85809384593364735        1.0692832661112384       0.89351280149227341        1.0584715558226871       0.77992306641384912        1.0023845915082030     
  0.93693152730272622       0.93563090548428873       0.94007727929985729       0.99023504097003168       0.92945534209144198       0.95516607701654166       0.63584628393052889       0.95790741206724628       0.92844975292178444       0.93601897176259286     
  0.87014816813929463       0.96789580594080360       0.86383473113715714        1.0238876962652212        1.0525548831939968       0.99034667818218158        1.0208765705014948       0.90521817738084842       0.84557703781659466       0.96260580323800338     
  0.95120722362295418       0.95150353193841719       0.95477521638409779       0.99276508899241334       0.94668491921390774       0.96399353180185465       0.67625371948239721       0.96823716959479744       0.94617441289041659       0.95169815545252967     
   1.2469244132723076        1.1748926273785860       0.91730193426913587        1.2405446088088408       0.83513884139613315       0.99640740938109351       0.89287078629767092       0.98668039936506091       0.85002722528208718       0.87188614728387936     
  0.96520828179341844       0.96747268574701317       0.96951486379208218       0.99522288404685399       0.96388210480607295       0.97261279589976246       0.72536077259811549       0.97843757081121863       0.96377157103312017       0.96747318213619204     
   1.1258099128927344       0.86590270674631353        1.0333936811994289        1.6380325745634352       0.93889751354225071       0.80862803739546507       0.85528991046540548       0.93863994234432557       0.87161097911317409       0.86323624276828637     
  0.98277542813398211       0.98366145967747076       0.98476846738053458       0.99763772656175065       0.98231601329658280       0.98564953018698798       0.83785675180504104       0.98921119048549799       0.98185011122470200       0.98350629652604760     
   1.1970257660008030       0.96337269747014143        1.0278537359515232        1.7486184602303547       0.95846343352112517        1.1954371647615163       0.84204323848782070        1.0070863143130580       0.77842736855240446       0.92377749440461199     
   1.0000000000000000        1.0000000000000000        1.0000000000000000        1.0000000000000000        1.0000000000000000        1.0000000000000000        1.0000000000000000        1.0000000000000000        1.0000000000000000        1.0000000000000000     
   1.1853190356809724       0.82024245265624385       0.83760270917279678        1.7965819630590931        1.0682736403031983       0.92618423689514839       0.70191639575138376       0.98121028242719943       0.89467911944430178        1.1036236227257152     
   9.9525975079384033        25.052283972038708        8.4851306804971571       -58.232361948245298       -18.669423299070250        7.4836842737258369        12.849366501275176        14.845056555040776        6.1793916193559619        5.3615575728668894     
   9.4937927006146321        20.377852035836185        5.8030864898452901        11.841232500767548        17.681769145153730        7.8797633015467134      -0.76966973557745011        11.031158034182939        7.6522155767465314        14.023154663592235     
   9.4746958029858455        10.649127835651662        12.160397794218049        19.015418925176242        8.9133878422556645        8.4943431921453776        11.042753845994058        8.6043480306923783        15.199109986425997        8.8395226808275709     
   12.800279318948304        1.6935631040948611        8.6873287928617948        11.936326638167056        4.3186280765024225        9.9547182690086018        7.9130890972988981        10.351893728438204        11.394550368347071       -21.007445753486387     
   10.939652041236791        9.1164972876532975        10.799997951464816        10.939607642446353        6.7722764939034876        9.4141117740241516        9.6590522188948142        14.433836708537138       -6.8483365608573008        10.407658061864399     
   4.9668710193135466        5.1285827033012605        14.650083701606418        13.828907601537876        8.8732196764455207        12.662692297443142        13.395601478726270        10.273890368132880        7.5530595422220266        10.894371261792294     
   9.3782591016616621        1.1696881236045613       -8.0777767016134288        10.042658241450699        13.550927702928462        7.9377073358703827        6.8405453149877786        1.8570440164870734        9.2357998192565613        6.5816286972800331     
  -8.9400962467784826       -2.3687230463545652        11.875194122694230        5.7879587549884253        14.504136499872370       0.33079513894879037        27.647636806178529        9.0097437966664007        9.7480872305281707        10.710301163684779     
  0.29947458275832256     
           1           1           1           1           1           1           1           1           1           1
   2.8350292578522788E-002   1.3356084199050315E-002   1.1462472194116426E-004   8.4312173755710642        1.6257955064433581E-003   2.3195886660607282E-005
   2.3806563109555193E-004   1.8564425331446850E-004   7.7263658674777002E-005  0.47069757282914676        7.6822159086189850E-005   5.6258917582786696E-007
  0.12568657682243359        9.9741947315500070     
