   0.0000000000000000        0.0000000000000000        0.0000000000000000        0.0000000000000000        0.0000000000000000        0.0000000000000000        0.0000000000000000        0.0000000000000000        0.0000000000000000        0.0000000000000000     
   2.3040856853046815E-004   4.5629460254973037E-004   1.6868964150162716E-002   1.2206807963105092E-002   7.7843587089840962E-003  0.97491475579190234       0.11766682003715824        7.9228730599326516E-002   5.7517412330751949E-003   1.4089075024044185E-002
  0.87238607338649676       0.81768439276485827       0.48413811883596863       0.55967425432064022       0.58424050446360198       0.39942652580726590       0.40488962056170308       0.56756841314586959       0.60996694032621435       0.59622859050539012     
   4.7189239700139835E-004   9.2724902754069488E-004   3.3747223031551254E-002   2.3220222861755877E-002   1.5172945755994901E-002  0.98203801903952415       0.16174774095247885       0.13574420781826077        1.0924373195438571E-002   2.4972228228021830E-002
  0.76292419664679845       0.78026178763439458       0.67699849256985067       0.63846535264598803       0.62373039110445894       0.43016486151696320       0.46224881781735733       0.60176831121009866       0.52704646057522087       0.53705614774580057     
   7.2840664519448401E-004   1.4178300724607636E-003   5.0013973382050360E-002   3.2631289157059720E-002   2.2752184545934452E-002  0.98419571734218947       0.18685452349448495       0.17243564546266224        1.5479064269482670E-002   3.5710794572273837E-002
  0.91068376595932743       0.81180310227632346       0.56621114563562780       0.57746939414494858       0.60437369149167153       0.46688836004391276       0.53830596702750688       0.70054846755688815       0.76064460310624660       0.47823510301276279     
   1.0163952450830971E-003   1.9357568143614830E-003   6.6271824967869500E-002   4.2576074369516666E-002   3.0712083141607432E-002  0.98553604976553977       0.20575596432842894       0.20143905253773367        2.0017785761398038E-002   4.7456231475671989E-002
  0.72790201106383234       0.67670701394214405       0.60898572422500485       0.69125391336358177       0.52848800226070847       0.50793212381915931       0.53759261987970974       0.57418373630346531       0.51403227389714046       0.53302857718131702     
   1.3835093354510081E-003   2.5782843579445335E-003   8.1602824785577038E-002   5.2388782569704591E-002   3.8831779075707590E-002  0.98653381160505904       0.22225325433739870       0.22502709225888892        2.5019188217385017E-002   6.0028415921911320E-002
  0.70224997673874179       0.60622225188689871       0.47374220893892571       0.61119272899310384       0.49175173578938441       0.51200591217169800       0.62590832832771481       0.62374529854198768       0.84097563854251034       0.61728668201425740     
   1.7878788679466318E-003   3.3023848863371103E-003   9.7538523463217536E-002   6.1614027276385583E-002   4.6642671725106860E-002  0.98737532066625566       0.23647813342259538       0.24328536851137680        3.0762037840178186E-002   7.2242179354824299E-002
  0.60580212863095007       0.76401642277261950       0.54966996459725093       0.74598555627374341       0.62394950385840708       0.49246804441919301       0.45029886147246206       0.58969150893129996       0.76752704720223619       0.53285057255602175     
   2.2504403020911059E-003   4.0935206063456367E-003  0.11321406706531054        7.0886405369594008E-002   5.4034708225737360E-002  0.98801608057152501       0.25067508636348618       0.26017611492325521        3.7013969901593280E-002   8.4890110793699958E-002
  0.67681556167614987       0.67719207948673643       0.66179017636507920       0.59031664638344727       0.60582074683583964       0.66580287055709242       0.54411407662283062       0.81734336077548142       0.60815403255149414       0.48662487953144534     
   2.8052808044705057E-003   5.0129975295411695E-003  0.12849496111447253        7.9925512458984063E-002   6.1477106418458369E-002  0.98854199146069122       0.26327853887262787       0.27547037313313855        4.3447269413931074E-002   9.8416752687692496E-002
  0.62355918118605791       0.70617873766407679       0.57498862975921794       0.73342103478221543       0.48341422659975991       0.55987414667659663       0.52837124164087168       0.60693621567780198       0.71174266682811804       0.60590516646263093     
   3.4708008092915201E-003   6.1235706676570356E-003  0.14390622336430256        8.8912743138069628E-002   6.8861735482024747E-002  0.98902758170958449       0.27638120645149150       0.28926312331900755        4.9754418865363186E-002  0.11311492447225252     
  0.77724587392200339       0.71682777077078064       0.50497330254204953       0.73201816459848623       0.52044231482168890       0.49912571603085526       0.57053031846389834       0.52782238780091073       0.77144731764327179       0.53447941416964917     
   4.2394775741049018E-003   7.4115239572029859E-003  0.15832768481984932        9.7876482340811186E-002   7.6988048433199618E-002  0.98945829548812736       0.28930776856714591       0.30134864832300740        5.5872227847213546E-002  0.12913262288891367     
  0.63608555988654658       0.57402607609066958       0.62824466527259037       0.72534980940040028       0.66225830886324644       0.57943350604474564       0.56894688606031851       0.53498388216763326       0.71066314899521643       0.62080712552892003     
   5.1381792123122326E-003   8.9433003133544131E-003  0.17280490850699248       0.10637178812944216        8.5399984379704197E-002  0.98986472651351953       0.30166112179088789       0.31199892914031768        6.1963749631011665E-002  0.14538511437915744     
  0.68606782105375119       0.73825521409797690       0.58823761098878435       0.59792346240766847       0.60658517571817328       0.58784586739189559       0.74503523104509328       0.64638887491445440       0.63395881916084906       0.49798647899472215     
   6.1950629797785416E-003   1.0721663581072067E-002  0.18744077836711531       0.11439224680792898        9.3231913135358585E-002  0.99025588256954444       0.31334272467533419       0.32249557754773622        6.8341196624218573E-002  0.16152243512342387     
  0.61650334186362776       0.54591151564735441       0.66774234900544105       0.58209443891107959       0.41443559622777432       0.53223040636008745       0.60700336322880455       0.53133452812395454       0.57340541897056319       0.57496776586509624     
   7.3404930648090566E-003   1.2761265042711026E-002  0.20152612327361374       0.12249250431680629       0.10329161472852329       0.99063042514496391       0.32535060955468503       0.33280972427657174        7.4837946010727310E-002  0.17812563187229374     
  0.49098071485375189       0.72612222459416842       0.59881536663882007       0.50280502305959751       0.51572801327270623       0.51761128037409210       0.55982221496428197       0.57656318801229633       0.58699061222822435       0.63540683161845324     
   8.7816430796773433E-003   1.5193598268313549E-002  0.21469228671750590       0.13093359764698520       0.11419462358691382       0.99097823183201472       0.33727939690336739       0.34291614519917502        8.1552429020733341E-002  0.19531175247232394     
  0.70845430571791723       0.62061848844192891       0.69562476530860717       0.57274985529714451       0.47805663367019208       0.68754387772331660       0.68300906040684883       0.65148998049615980       0.56531763680133218       0.61732058202389739     
   1.0505044169556457E-002   1.8058704641706964E-002  0.22772709697289675       0.13994337876638707       0.12462367105987306       0.99130236969903163       0.34886889260795928       0.35358619543716580        8.8386666172719550E-002  0.21305317513288877     
  0.67411569848647801       0.67887027419777790       0.52149517021191683       0.52745730460391660       0.53287447314388159       0.57259324539900036       0.59486558277558266       0.56300699773233920       0.59155659300264452       0.62967156723402884     
   1.2510252769600980E-002   2.1405038383079073E-002  0.24179559200129458       0.14911347831267330       0.13469438342352194       0.99160986351969549       0.35921896911670992       0.36344933869770540        9.5520206750806816E-002  0.23128435107930836     
  0.67620824314651407       0.63220188515084563       0.49880549187464801       0.59094553471622757       0.57904785543898174       0.76990786034138659       0.49569154857697867       0.53663579600400313       0.58034799213247845       0.67707023265446842     
   1.4811756925904156E-002   2.5235473690795474E-002  0.25463276002607699       0.15781321644769505       0.14516781446058830       0.99189076660142295       0.36888960988666991       0.37203173060592742       0.10285262633045263       0.25013820036120293     
  0.62243833966939310       0.81659430461001825       0.48512669809663078       0.61999967152060920       0.51440326595743624       0.56559026164250459       0.72524105534320293       0.46779994321320928       0.63950615904775721       0.57009917416893641     
   1.7349388587418552E-002   2.9737249177902873E-002  0.26474966676194750       0.16643998527519704       0.15511639422550574       0.99214902177167585       0.37849612206144262       0.38056806872304283       0.11005308301280660       0.26922176280868537     
  0.68100011743038591       0.52834583296904747       0.46978453507955703       0.67699379561812967       0.54432251618182237       0.66966981235959910       0.69195361000422306       0.60598270848967806       0.52704646057522087       0.62069985166229014     
   2.0014539129564433E-002   3.4691536779958343E-002  0.27460591920772603       0.17504745454868997       0.16496426748641949       0.99239500434801731       0.38779245815815711       0.38919150762026938       0.11759862770752344       0.28728703079177509     
  0.69124457965759589       0.72240232226817980       0.53280966964518262       0.55814188249175656       0.54885415275491534       0.57459890735235064       0.55075827781719067       0.45636444823105599       0.55916263642563468       0.45879315782124619     
   2.2872917362401921E-002   4.0249837230136608E-002  0.28354388303782008       0.18319816922174958       0.17549761649161982       0.99262511984532664       0.39783202494855202       0.39956790520582192       0.12571711928628140       0.30569533493507300     
  0.65266044498538278       0.65267362012824082       0.54494674821478450       0.59215294605076518       0.70698505159943570       0.67629819022279614       0.60822957256530463       0.53440930506320261       0.62335598980524898       0.65229013854044238     
   2.5842166540162179E-002   4.6318958844790467E-002  0.29527582278635395       0.19238246473732556       0.18904393777100004       0.99285013467165406       0.40826196653661612       0.41082602430487036       0.13463036996306826       0.32480536470834626     
  0.54304650249020325       0.58283937426824362       0.53178729309122519       0.51182998461045770       0.53439355799343979       0.69157531597010424       0.69313232768773969       0.54937816925429606       0.67161299041566436       0.70321956709531708     
   2.8835609986264926E-002   5.2876785942672373E-002  0.30994608234798676       0.20143781794966728       0.20580738909697174       0.99307228364719635       0.41858140018191242       0.42209327364098043       0.14480909997509570       0.34337720116393305     
  0.59255231031008360       0.57025557683846828       0.74043173605094881       0.60176036634130781       0.54507479114025947       0.55429428074945697       0.76843554189290730       0.65038274535644969       0.61009851689809835       0.45913911548028874     
   3.1865535899570488E-002   5.9394363306175577E-002  0.32565389035002940       0.21119696059104462       0.22270070501674752       0.99329238179805823       0.42846037525038771       0.43355801864026405       0.15619018555502215       0.36161757053800547     
  0.51914750178421498       0.50277681256454432       0.58023637473761103       0.64274902180790305       0.59939857025657617       0.57542799628743280       0.66416890712993393       0.75129245613123807       0.64437158326320709       0.62948190101164736     
   3.4933578980036413E-002   6.5352887636910162E-002  0.34011918511179845       0.22062934340392862       0.23946817189724673       0.99350501639601285       0.43772365617464171       0.44529785120080356       0.16813662013346975       0.37953683096442759     
  0.51167948474441161       0.47920865848146521       0.52982281948068222       0.73290673316871424       0.67930391837540671       0.56033429109120114       0.65598303381422296       0.48926238735686522       0.60585646605973265       0.55577848121655871     
   3.8127634246848827E-002   7.1138508765752700E-002  0.35435246895414801       0.23002943514866825       0.25680533475414136       0.99369216189675635       0.44637987372285215       0.45706620271629544       0.18031226896911121       0.39712500779381693     
  0.48710193078294839       0.49440403283796891       0.59842065002355960       0.59355954771784569       0.51504938627326213       0.56068628171332524       0.46488307681751412       0.56085597115977071       0.60517905846486253       0.77542406557629995     
   4.1459610757755311E-002   7.7434794952384728E-002  0.36902358233128429       0.23957947199045079       0.27539912868900523       0.99384661971344412       0.45482167592805040       0.46949591495995424       0.19201207466758249       0.41305049954043116     
  0.49806982418052104       0.52552237889559494       0.53279938973807495       0.53481019194511326       0.54056421891313367       0.62730849128326005       0.66753742905308611       0.61386533473899729       0.64877062607522606       0.60289642251519415     
   4.5069680125877115E-002   8.4455898662868248E-002  0.38446249797714216       0.24869152932946056       0.29496389597426004       0.99398837174131227       0.46339998275521826       0.48243991040084189       0.20450824142059548       0.42747902363531809     
  0.50283658925314101       0.49786628904460389       0.57491072623069217       0.58523999915936498       0.50881729464903702       0.50721528467753241       0.54558271775523992       0.69908501669674072       0.50397168265396319       0.52182818879952164     
   4.9270064525241769E-002   9.1790496502472951E-002  0.40115571914986620       0.25735141461340355       0.31442598270372674       0.99412888166504221       0.47211998132454630       0.49489861572157490       0.21797407470787705       0.44226907807567872     
  0.55920506707189810       0.62099460692002284       0.61004924781733672       0.59506269490527564       0.50122286945096250       0.49498967400301619       0.64670476840563229       0.58975306662867666       0.63686272502706498       0.60608661883905357     
   5.3889359933605496E-002   9.9138790277961922E-002  0.41828519004351050       0.26624991371627416       0.33565930791541831       0.99426148534407766       0.48065227101840091       0.50708036284733216       0.23271667911860230       0.45827097459250704     
  0.78212177551317685       0.53413839022564236       0.58786308688757682       0.51582095177132370       0.79220618775118934       0.70121152597920411       0.62420258455467725       0.55294967466023148       0.54958518038416659       0.54717101753911168     
   5.8627486525565049E-002  0.10704778705574962       0.43563203450541738       0.27551008414901329       0.36019203506958275       0.99439443350637891       0.48869319382620674       0.51877661343322012       0.24894316548509882       0.47618114817294649     
  0.52026514896515841       0.55615056832822896       0.55992322821001705       0.59876361912459020       0.59600934863728028       0.51508839256758243       0.58801178965944423       0.50250285814939988       0.55401064151870005       0.63306613202040662     
   6.3406112932150732E-002  0.11549984734472307       0.45275511655295692       0.28456347671491988       0.39152234857181478       0.99454831998233917       0.49659442502462742       0.53040313333501909       0.26618861133815669       0.49466756719319133     
  0.52146620904438179       0.54101531417585880       0.53501536663782379       0.61833751062492293       0.60417501812540964       0.51987509124972830       0.55199871684028090       0.66967789550911105       0.68027265464523667       0.71452009749258250     
   6.8316583829032482E-002  0.12452785804617042       0.47053633605444878       0.29374223794513354       0.42153970508029964       0.99469697329823981       0.50380350505269067       0.54091543242056617       0.28378914796144916       0.51245836167827286     
  0.56087319706194427       0.56509913225396247       0.62633215951436960       0.49825268345950108       0.59563111524598789       0.61390030941428908       0.53213420614165019       0.49810356334889594       0.68534442193121514       0.62044577369925291     
   7.3635015887974428E-002  0.13347130612614383       0.48919257875135752       0.30306817893209609       0.44661438480901927       0.99484726825275205       0.50987833374142799       0.55188963821076131       0.30161734058439971       0.52925517773398312     
  0.63470478734903646       0.55048471834829049       0.67528352538487391       0.52101688141484215       0.61813405214127815       0.64912721900527792       0.46508647776009177       0.58501389883797561       0.62009720130772161       0.87337193214300279     
   7.9469863153411924E-002  0.14200541146173443       0.50812000774675525       0.31236753395449418       0.46986526763774106       0.99498556834488838       0.51604321597601999       0.56190450578830631       0.31958414035832561       0.54375170406062212     
  0.63600551940491501       0.46879380549512872       0.70470706630933821       0.53693359336121171       0.52171104446507699       0.48519506223649889       0.53510360071074548       0.57751191947157565       0.55835993893892211       0.46166354682191291     
   8.5423657842680495E-002  0.15057897481291713       0.52685607705461968       0.32262194230206487       0.49218497717563736       0.99511225883839105       0.52236912320376838       0.57171888990607922       0.33889391431695010       0.55849010624326911     
  0.48995447175474394       0.49621670072005503       0.67973136556843716       0.55866485224251539       0.65714592812883510       0.53214709689503537       0.61495471287211056       0.58402914526457095       0.51639204787841642       0.53711481162855879     
   9.0699677518560867E-002  0.15896082370262679       0.54420726190948066       0.33361814798765443       0.51293455744728511       0.99523675583330773       0.52973664899894579       0.58246081290151241       0.36204411908000739       0.57289963427541546     
  0.51346631361314432       0.52025392460506459       0.61219808699804479       0.54363110865016895       0.54738201921547780       0.57983137050865052       0.52518856440718553       0.62782886726334441       0.57296854710455469       0.71415522206737125     
   9.5600699358318511E-002  0.16703567664306179       0.55912855434446329       0.34467224437382299       0.54109665550919916       0.99535880209265781       0.53708974660808195       0.59374210353277523       0.38679488194212158       0.58637888101617608     
  0.46495818142341194       0.49898886690833699       0.60694117324896080       0.58954597127854724       0.56679267778004261       0.57090480108267883       0.59674354663403206       0.51001079209354416       0.55873689089988654       0.65512960335243497     
  0.10104508487057090       0.17577874692087714       0.57435705259800429       0.35595782034387058       0.56951179507851779       0.99550081831427439       0.54442775062007276       0.60581419350732479       0.41136910080614586       0.60065369131999680     
  0.49823431454189937       0.53433712967486879       0.54437037650093856       0.60960845599671509       0.66180262854612792       0.52141884695555385       0.49136791161221760       0.56697326433259820       0.54767737047436438       0.47922485832859085     
  0.10764806695959860       0.18574519598295947       0.58932351445671449       0.36751743027218037       0.59615419497620825       0.99564337871803998       0.55231126118081431       0.61883500727173713       0.43612662338785979       0.61460713690580249     
  0.58642819561910176       0.70163602940451741       0.50289844922602833       0.60380826725903569       0.56739802262373151       0.51475364144504143       0.51105440436161631       0.64742381412170813       0.51889445819138802       0.61957637393854037     
  0.11457154600294174       0.19599275871663338       0.60552797531506386       0.38015649449959132       0.62195137392261379       0.99578578961414976       0.56019100586107784       0.63208737486627720       0.46161756049384500       0.63066709204981020     
  0.58277288811410233       0.54593190367261579       0.61260983193958740       0.51440937969202327       0.56798778782076798       0.60502686167470077       0.69222505268094103       0.53059265488547480       0.49637755826266161       0.60917683885715135     
  0.12112059258050055       0.20603918573176389       0.62406897148392682       0.39351350995212375       0.64708766226956127       0.99592771762072130       0.56848773885532711       0.64573915171079233       0.48336878418136542       0.64761696664953183     
  0.64393796997821839       0.50536027537265837       0.63960370845155123       0.55138877140359255       0.59055391541668256       0.60027829420714374       0.64036484468673560       0.70775216218468540       0.64720429318272854       0.68236783491454645     
  0.12745940720169299       0.21602691630577608       0.64276004608286397       0.40680695204498080       0.66889946821576884       0.99607008111910611       0.57780590813776367       0.65944186846949249       0.50338550952090699       0.66134734209585311     
  0.54874337773959125       0.53600334751206868       0.67635352581992536       0.53724237031196231       0.59942987555443672       0.53619465967575197       0.58378409018996880       0.56975456357709564       0.49209311958416002       0.49674770237587274     
  0.13452625441583579       0.22657450453106828       0.65878089980403198       0.42078594868304764       0.69073689499277213       0.99621306292264811       0.58692989897200198       0.67356175766100135       0.52235530453969126       0.67636044940340789     
  0.65201900595340467       0.49606554788342855       0.54779719399122340       0.76963066565347471       0.61087363935573358       0.66959032464086532       0.65221432450818151       0.59265547724068113       0.56898459658682965       0.59502825372939117     
  0.14300542305971772       0.23869269408206367       0.67299469765727105       0.43671729800094639       0.71533194687693280       0.99635559911867333       0.59619749127700317       0.68762468434379753       0.54072940860093077       0.69280143928433013     
  0.59899545898563189       0.59202014186752872       0.56114201192629465       0.49167081497372694       0.62542902777413145       0.57142309876651221       0.59209926527733980       0.72133675667261654       0.46327722580214381       0.56603528151729421     
  0.15298200891478342       0.25259948883243283       0.68672086586745407       0.45471251205509050       0.73963152876212179       0.99649604451323692       0.60636441319229661       0.70156089205132854       0.55912527089712916       0.70893783420327150     
  0.61600987265310136       0.80487433974874456       0.57315895563410924       0.60023093847454900       0.50660098046374347       0.65232507536105333       0.76096009870046399       0.67159103762535932       0.48878313596205752       0.57048407103719456     
  0.16495562923610380       0.26703677705931184       0.70000300862299325       0.47359639647674995       0.76048219346260548       0.99663302063907344       0.61688724013096441       0.71471760483778279       0.57557367722718578       0.72180991215791979     
  0.55244007829174047       0.73711000336726373       0.61750130825793370       0.59142796685815402       0.60963316922693256       0.53377666584003292       0.57431164423158010       0.56974442355097898       0.49744424766422263       0.49659106394089253     
  0.17831253547236875       0.28146396359120501       0.71525281694178267       0.49334505330540884       0.77813872616063173       0.99676836802368762       0.62726014682505282       0.72731728699666720       0.59197995074895415       0.73121911381378901     
  0.49567297971896329       0.59551222990268771       0.49653562295266701       0.67802871704926260       0.66105409616065225       0.63497773602729701       0.55322367388906546       0.56001854600126000       0.50134632664179846       0.42663928140598062     
  0.19167527943901708       0.29612818728803203       0.73202096698966301       0.51281984547935744       0.79427279094674152       0.99690381171181441       0.63781632498092544       0.73982388288785739       0.61007193162832396       0.74032234404009156     
  0.55020964780674597       0.50720680941406637       0.63238091594088608       0.59904265619372721       0.79894222304705664       0.61911032438331837       0.60096242403839273       0.57931928083817630       0.45332584727850550       0.44880405918606942     
  0.20500350497511241       0.31127271671151030       0.74753161073019336       0.53175383431871703       0.80955334497990949       0.99703926979289570       0.64891738120467823       0.75311850811342052       0.63280114861624637       0.75289169686887225     
  0.56751729026590003       0.57091850385827470       0.54533624257806190       0.52255306332020668       0.57807688274374802       0.78808972892552731       0.56971544244048133       0.61264280667466597       0.58041635056134588       0.53579337075795774     
  0.21883093118801220       0.32741077222388465       0.76211428346585197       0.55094629326251232       0.82443409803107104       0.99717028713137124       0.66018051819024448       0.76633611526296985       0.65566685822027626       0.77263782597235764     
  0.63287238271329149       0.57242615485837522       0.57850557051475804       0.52675122029406529       0.63814356540720307       0.68669903051169412       0.65349920966232389       0.48312465702758206       0.52596608744768569       0.83756185286777807     
  0.23448895485670601       0.34386932007878762       0.77669112871761192       0.57219772282405568       0.83908890828496985       0.99730545712249197       0.67108118871963207       0.77859176781220907       0.67639089191223278       0.79139157060399268     
  0.56768528656760564       0.53511587896062196       0.50231908883394205       0.52769193905882361       0.59021273540110153       0.66172363136502532       0.56030593383431637       0.55446810461452400       0.50629492549107880       0.66118934068209145     
  0.25218170192626882       0.35866844739504600       0.79316728565355754       0.59432910109914927       0.85391681469722192       0.99744019529229044       0.68139460513256855       0.79018036447623630       0.69770721493696253       0.80874213700122166     
  0.44702110407468082       0.55915314935864002       0.68900731506170854       0.60432429278347921       0.54774517587739557       0.69129342324428988       0.66426734688846800       0.49044001145762134       0.63924499973797844       0.58092963101282447     
  0.27175622452017961       0.37408740212830788       0.80836172762059844       0.61464641550713728       0.86880068181115244       0.99757520109245068       0.69076735509661535       0.80260407801984779       0.72067138733862501       0.82569426640686261     
  0.51086709061153823       0.58416552857758430       0.50217961120727517       0.51048176279473489       0.66339064459569952       0.62515193961071536       0.58833650136455551       0.46826953986735403       0.54377441099028079       0.53684692564276615     
  0.29035970110677667       0.38891121256424571       0.82577521799532871       0.63468436403906914       0.88248706555614720       0.99771148090404616       0.70014438579679805       0.81579552348125994       0.74497733358008134       0.84253483054858935     
  0.47895290939735874       0.53118333357360725       0.61766128387887220       0.52535575009402091       0.62262079437176543       0.63602092857567338       0.45375290401403601       0.55850891444094442       0.48739822667899502       0.51619689657578471     
  0.31272878231134738       0.40679878358210114       0.84458285877104855       0.65851442961322681       0.89445796445770109       0.99785147915661887       0.71085168684448830       0.82984224962185837       0.77151329176057326       0.85943876080412274     
  0.59467458100055759       0.48939754096019716       0.62500564772162548       0.44776728003587685       0.59617856557087046       0.77444555179412666       0.53708604542908456       0.57566383466701943       0.51622404712771341       0.61605598387804938     
  0.33943406700683071       0.42622468459903928       0.86218108554695960       0.68240207107653439       0.90626815357001911       0.99799491580563848       0.72305708400049706       0.84471192451084365       0.80145483595290423       0.87644146300632975     
  0.50646526690501359       0.46896548102351365       0.55210816902314153       0.54610418166436214       0.60741474776044246       0.60330508844759834       0.67317558244295173       0.49934240284946885       0.53645293429253582       0.48825176028034434     
  0.36900518557281059       0.44621001526201337       0.88007989990516666       0.70651257612350327       0.91848795334650890       0.99813988207868243       0.73828083925630716       0.86172431686319140       0.83312960856820006       0.89361768506029360     
  0.53394856607268659       0.46511041721846685       0.63472579040398580       0.61088562800936019       0.59677395345431117       0.53875567869840280       0.50610572166473722       0.47051225941781150       0.51060072410000479       0.57087843589683884     
  0.40213700951680814       0.46723048224599140       0.89826427526792152       0.72697004590666991       0.93066636360700461       0.99828974009029403       0.75410323939510193       0.88172661303771938       0.86246576060980873       0.91070414887676876     
  0.49492662418283706       0.51141996744231322       0.61042672166874634       0.49887732197860352       0.64912065591085233       0.58955217221410328       0.55753422679143971       0.62807315208724968       0.56739486323575461       0.48876078692551561     
  0.44505965402485986       0.49035564660495884       0.91682319793444123       0.74583252615561746       0.94249753251025892       0.99845559662106653       0.76939826733661865       0.90159255629769952       0.88892291794463396       0.92696992061395300     
  0.53325741655689618       0.49768764918088126       0.55743508174135858       0.45882059313698709       0.55284302678813046       0.54926071980524527       0.48959017941829364       0.58658594664087382       0.61400238668590434       0.68114813929500895     
  0.50910402761950846       0.52133133084630501       0.93569569355118021       0.76954688955114203       0.95402033060583136       0.99863762787324339       0.78475480157483302       0.92058061090257459       0.91260004503750325       0.94124355170931195     
  0.45459691884203984       0.52704646057522087       0.61442264855682971       0.55632203063344265       0.51388673587624178       0.75798009862706872       0.62549376398066636       0.69644718136150985       0.50619845286833232       0.54801220333726541     
  0.60485950321468918       0.55612959483155844       0.95350352213687306       0.80253647553667140       0.96528543246070930       0.99883701723933671       0.80225100334720290       0.94090364857238240       0.93393761707605638       0.95509259638860167     
  0.62107590110771149       0.51021285432843633       0.61920334345337191       0.59988650882568384       0.56466399555564362       0.56168241614307324       0.62084464841743026       0.68246730681233259       0.51917734200092014       0.55211800914044618     
  0.70456077105173087       0.60967673295195757       0.96991347249171689       0.84907381414108862       0.97640835651278157       0.99908427129881838       0.82488330195915283       0.96215493258476270       0.95539564372086361       0.96914758915892929     
  0.43746829102114515       0.54273691707973493       0.60128516901758289       0.69475598464494803       0.61946976254624286       0.67893448637771214       0.68763931541152645       0.52230579203964622       0.55339665340442290       0.54346198358037867     
  0.83855057220345786       0.70675250887630603       0.98531117199520968       0.90975261499610416       0.98780449745021925       0.99943371169538342       0.87097887962604625       0.98133568003695260       0.97810247268649619       0.98335195896483329     
  0.45149749477553486       0.49622489736280861       0.49929464928205158       0.59439506132328301       0.55490378447113520       0.52211387119421260       0.57192408225606894       0.64230400039592428       0.72890334866801654       0.58196458165375264     
   1.0000000000000000        1.0000000000000000        1.0000000000000000        1.0000000000000000        1.0000000000000000        1.0000000000000000        1.0000000000000000        1.0000000000000000        1.0000000000000000        1.0000000000000000     
  0.42809475059329544       0.47332596234560492       0.63222248302499029       0.48233262311067210       0.64199234077649614       0.43807137143915426       0.49134598656036838       0.55875460571736701       0.59076264743818152       0.80060958800777271     
  -74.462318764432297       -50.936086386587341       -40.640248875961966       -60.466320497625802       -35.378673254994020        0.0000000000000000       -39.054033883723072       -36.562072599095700       -38.957151922946835       -54.429954628332311     
  -37.557592948634493       -53.488530439387283       -41.169929942832965       -35.028128710754991       -36.541532476078821        0.0000000000000000       -65.344760476780380       -43.720968168000240       -52.556560589262972       -32.984255893667488     
  -37.915883366193860       -59.575072336146235       -33.019005055788419       -27.738204877464359       -54.268952636293754        0.0000000000000000       -41.606186083600086       -38.196623419623947       -41.122026404993150       -52.728277320592255     
  -28.993385246256626       -46.449349336629403       -32.100499863939547       -41.023410294473571       -60.701465984415776        0.0000000000000000       -31.478084904145089       -54.847959919410926       -29.175198679803369       -61.512571382969625     
  -13.538552425465678       -39.692326969492221       -51.727426567642333       -72.761317866744079       -57.935245200738635        0.0000000000000000       -53.153752165026091       -64.391980021748722       -64.478211402855337       -48.408111032186611     
  -43.262063160230788       -55.346040123929960       -37.061473502432065       -49.980216203735004       -82.926390908914115        0.0000000000000000       -84.249480681922833       -36.778248258736049       -46.196497768983150       -58.207566186253899     
  -8.2311746821557108       -30.015261066238470       -47.100606167340068       -67.826026729101173       -48.052294614906636        0.0000000000000000       -42.615678004009617       -74.006388343582785       -41.845193240418332       -55.637578235860495     
   19.696977622994662       -12.030832570244105       -38.183224076981993       -62.979693745055279       -31.260315400335234       -61.447824690356654       -28.877369697478720       -62.199320904813085       -56.474887950912759       -48.863301922997337     
   2.7628983505271945E-004
           1           1           1           1           1           1           1           1           1           1
   8.7349998932421990E-005   4.8653288407210701E-005   2.5742924473740095E-007  -37.260646764108870        7.5373117053930288E-007   3.1922916874018306E-010
   1.9225810485446395E-006   1.7916436289408654E-006   7.6827550328124788E-008   0.0000000000000000        7.6827490461724668E-008   3.4763898466155301E-011
   6.1263055352057030E-003  -51.763533067623165     
