   0.0000000000000000        0.0000000000000000        0.0000000000000000        0.0000000000000000        0.0000000000000000        0.0000000000000000        0.0000000000000000        0.0000000000000000        0.0000000000000000        0.0000000000000000     
  0.12463043154933573        8.0219725237870507E-003   1.5983300491131346E-002   9.0641356795321509E-002   1.2764177566179572E-002  0.76555122343455784        9.3253050776035337E-002  0.11007402003362891        1.0988910652175653E-002   1.7098708726394411E-002
  0.45068172562270797       0.55485428869704334       0.58606033930242185       0.42050091868872586       0.54463049265629604       0.42050091868872586       0.48302871357248134       0.45068172562270797       0.53934565473384088       0.59438776926207848     
  0.16914940315315316        1.4891707921601979E-002   3.0194472952189966E-002  0.14293094148869001        2.4452662200404426E-002  0.83439708639523513       0.12881048579621343       0.15110754834123213        1.9691351033078407E-002   3.3211938485933817E-002
  0.46023628498938762       0.64018043844839578       0.53134501592013439       0.58615177392836082       0.63890217450207221       0.42050091868872586       0.51891349989201929       0.73165808412217670       0.86625046164763853       0.59371197958593636     
  0.24162474747606219        2.1920118130591686E-002   4.5839580898957337E-002  0.17823328171199226        3.4612326575944354E-002  0.88984875946497366       0.15021474860289280       0.17393786366715558        2.7055623831264843E-002   4.9122867165883523E-002
  0.42050091868872586       0.50768090244436337       0.81156091178228595       0.59651926320379389       0.49206038934590063       0.43698529862446067       0.61779378818079245       0.67441224216152229       0.92563082868433022       0.65937465393360517     
  0.28947775227365691        2.9711616146672813E-002   6.1172882130169359E-002  0.20591348475284460        4.2815387842499136E-002  0.90677745267748899       0.16738784349601019       0.19170478635166047        3.3906409526169121E-002   6.4826293636463805E-002
  0.45068172562270797       0.49656910146951916       0.62499667502240897       0.59439992075119175       0.48278963746690245       0.42050091868872586       0.75960196823080728       0.62872565623732679       0.94278703756869620       0.65581965907990536     
  0.30661425379671847        3.9056869063572315E-002   7.7225524187582897E-002  0.22963816867260350        5.0487938412945195E-002  0.91445758730734450       0.18211706154759574       0.20717892845479763        4.0698741673518543E-002   8.0662748491538649E-002
  0.58741223933498499       0.61498940653982648       0.66674688922717462       0.64410817768473427       0.47829211417616568       0.42946311055627145       0.51881589914443205       0.85215694814487186       0.57805907311542348       0.69377054918951231     
  0.31803333393916283        4.9044384577997209E-002   9.2195460434365953E-002  0.24975448882079215        5.9965964948326449E-002  0.92433705165013524       0.19604484895505200       0.22120847942734856        4.7827102934896129E-002   9.6762850826131966E-002
  0.60305117815769316       0.56455154166426857       0.60482679171184950       0.64923589315211561       0.48322654048039926       0.42050091868872586       0.62192073920832325       0.83532778479652270       0.65305814045875754       0.61151891950698811     
  0.32851967078461225        5.8808239203397471E-002  0.10853461974654417       0.26484762594933786        7.2130459250832488E-002  0.94182009997179827       0.20942145712101182       0.23508165523123334        5.5216787695108842E-002  0.11323944790196876     
  0.61677581297723816       0.51734367177866181       0.60640029460949063       0.54169387329220708       0.64022880203761934       0.48302871357248134       0.65950703712221448       0.79301052882679246       0.70297229675551332       0.54323572029237355     
  0.34028870464580202        6.8337100422421859E-002  0.12671243824377565       0.27277644359940767        8.6252086310605020E-002  0.95207904717961966       0.22189656888178091       0.24617089638986939        6.2824998763451184E-002  0.12937170949653762     
  0.75968712155729012       0.63840577345552418       0.68691260286748135       0.50490996980447267       0.47429531453728407       0.52348327610899825       0.58329397445877706       0.68033231018212326       0.62921716591165067       0.62050471838395727     
  0.35395302530842970        7.7529312814411527E-002  0.14581163868009189       0.28123355023138902       0.10130845723820542       0.95815183871232401       0.23222778862328194       0.25153083413820515        7.0717853947815323E-002  0.14524998610390263     
  0.71719065059602261       0.55381548670755010       0.59612285792267383       0.45993159494855057       0.59113655191086079       0.62419851152921646       0.55728829847609551       0.50471161913047902       0.74725459676627426       0.65591292121936229     
  0.36835177597396457        8.6782927263447107E-002  0.16543881293140278       0.29027466396483526       0.11493802516606356       0.96164539438517593       0.24087606704096001       0.25762043655599964        7.8934571742793003E-002  0.16171405321065191     
  0.72670014314981757       0.55072811424326018       0.71264845581406855       0.47435893297207360       0.64186932246882478       0.73278278677672093       0.53239815578268179       0.67555360588582292       0.62825370302594452       0.66584501187685052     
  0.38253489936117058        9.6272920340971124E-002  0.18480269053474530       0.29784259734570007       0.12763208864502351       0.96335939039729057       0.24899894739838990       0.26419561950170534        8.7103828091104660E-002  0.17882413547372542     
  0.58808882475987401       0.55594703485592356       0.68043823958130367       0.50033163420827176       0.53516105697724647       0.65801202098022493       0.60218196589173012       0.43363253285364256       0.65705417207387329       0.54018506366520180     
  0.39716788947453868       0.10580939662639091       0.20335131735354833       0.30476024102630139       0.14059651785479133       0.96439097834963639       0.25596563524733207       0.27083505815552472        9.5631928060313537E-002  0.19694371356834259     
  0.63771850870353608       0.52959299115806113       0.71481665800254546       0.49752615987503224       0.53682757256052349       0.59277648017954643       0.54438217463658389       0.56730640961600076       0.57122016952896271       0.70310463856010608     
  0.41146338747515132       0.11403936235843488       0.21938751352610586       0.31185431237007016       0.15460805215551049       0.96528215551091778       0.26285828723033167       0.27733589417320331       0.10448448591365919       0.21480506569287117     
  0.57547392847199375       0.49203800694544420       0.70495581277334185       0.48717788246940230       0.53221275845638205       0.72342267104526503       0.46317245529967560       0.62054094004199900       0.69332588331660849       0.55213716973659643     
  0.42527466079576148       0.12107098559535327       0.23328155769397099       0.31996654787375861       0.16897983469983130       0.96605178035227157       0.26983516066869778       0.28410398290471245       0.11361369359208828       0.23299238701534025     
  0.66487780264635332       0.49310233146925786       0.53239506738501907       0.64861840237300261       0.57233882557022475       0.76525602866132270       0.63067979741112856       0.56182436952104264       0.68107322681781723       0.52820590501360565     
  0.43889844127411837       0.12852262659257582       0.24716657288442062       0.32793325220755076       0.18238202976073215       0.96673790607661136       0.27794005347891165       0.29109311841022034       0.12288323782322561       0.25090002893160024     
  0.57849236813185267       0.46793303992179985       0.58238413272356249       0.54116162496309039       0.60498443126259382       0.75361003625110079       0.60164203657948978       0.60087896014259756       0.67402279940394072       0.56362984687213979     
  0.45326464901543628       0.13625040527255153       0.26136991444914293       0.33552094979499208       0.19561015473638352       0.96739532579833598       0.28613800639651993       0.29796273336906098       0.13223915832824759       0.26834803284422776     
  0.72098943172009622       0.58040398377352553       0.53709077333433608       0.53444573233278980       0.57102563762261305       0.60257778906544057       0.69296162802147798       0.63806705658139340       0.64649892856746372       0.74040854105040743     
  0.46884736464105098       0.14408566924722588       0.27868193150214060       0.34442515266229956       0.21281310356598160       0.96800917776537543       0.29427162268472040       0.30533817112939499       0.14207342963148437       0.28594072727141218     
  0.61017694654782861       0.51769735685002971       0.74697576875211080       0.55679033385417687       0.64586393027229316       0.72919647026790901       0.68374264652207606       0.54115544730569953       0.63220228561036840       0.66227437367803899     
  0.48516270365230929       0.15169365914169242       0.29539944896123799       0.35386371912158882       0.23203050618287241       0.96857972131171199       0.30250110058016411       0.31107475106211918       0.15293873075445005       0.30385403674110861     
  0.64576968761548770       0.56963953433574810       0.61904318037731776       0.57384383367189717       0.76563195464768552       0.80462493341584174       0.55157695506493865       0.61327020138975119       0.61781459286862883       0.60825265718808297     
  0.50203420143498678       0.15981775524044584       0.31382651349579310       0.36297910758092894       0.24989401441604070       0.96910897845648347       0.31027712094732512       0.31651326167779720       0.16301038273763233       0.31957202585992478     
  0.66106223555377830       0.67585873715042066       0.57167465118333882       0.66368031326475063       0.58935159813145377       0.75704982548391231       0.67562078603912423       0.52451423679725129       0.80030246811786587       0.43208599657416447     
  0.51918149441312533       0.16861704421356938       0.33174825909751182       0.37194437281273990       0.26735210539350734       0.96960155085410427       0.31769279542525475       0.32210210235064468       0.17282435753351816       0.33439927413504322     
  0.75279456270222900       0.63945829575718316       0.58767192783840494       0.73867848656908819       0.65638950374547067       0.74539906013954682       0.70079163376144060       0.62144093714200532       0.56556627133709791       0.51982044315736264     
  0.53601836782966827       0.17719526020607732       0.35032333866370596       0.38035288730925448       0.28471705067871650       0.97008921549431382       0.32522055130431449       0.32794769112796712       0.18348833112368543       0.34878376293480834     
  0.63781054397197467       0.66189602423589278       0.86128508782118618       0.51820065757021316       0.54046263222753221       0.66821594708163490       0.64752370436564344       0.42883125864087496       0.58360744351507876       0.64184506551030940     
  0.55241182429372915       0.18544530403565085       0.36695444842480773       0.38901371043342087       0.30295912847868506       0.97057975447539568       0.33354187655930595       0.33383253473204599       0.19468206194529830       0.36379879287401096     
  0.68498802929080538       0.53776476631535630       0.57286814644255057       0.66256785836769061       0.58271723611843007       0.62334103705188182       0.73938272910207425       0.57084688226570990       0.61474225653632308       0.55709590803205755     
  0.56871695613824536       0.19506843258008869       0.37799147718581722       0.39904924752980481       0.32166585832441613       0.97107069459069151       0.34198211643012627       0.33969944045098860       0.20590304547571345       0.37957012245793142     
  0.69227023096237383       0.53005196612247851       0.51445171286477831       0.80264960436012123       0.70045005128071269       0.68347741109106086       0.83976775056176478       0.59958000442253956       0.58669273709764169       0.69916367599949814     
  0.58482344347515181       0.20346190369135528       0.38592142859649059       0.40894023922938078       0.33983749713427608       0.97155713504433627       0.35036212242766201       0.34747120268045623       0.21702732981455786       0.39349264887742275     
  0.75728386617536725       0.53687022851852362       0.42190594281581151       0.67653727288062626       0.60318966378487160       0.64750601820842490       0.86198131560402358       0.57086342681557967       0.67682104533363108       0.62694185282318748     
  0.60128264540475251       0.21148482036313121       0.39616338028088699       0.41846144325173829       0.35858055029492186       0.97201601832667739       0.35819126792927802       0.35713578695433185       0.22847926920127812       0.40643863466610552     
  0.61240761479634664       0.50287363998523693       0.55139235008168974       0.55016845660929825       0.70933237465952359       0.78971533981116238       0.69083544606716718       0.66780112382981516       0.61035852020928183       0.63140375248393454     
  0.61805410996033772       0.22029386722936004       0.40561352126996486       0.42764983920427702       0.37800422201130229       0.97246575942032509       0.36353739963536064       0.36710292287164115       0.24076993877622516       0.42014965664800025     
  0.59127212890515224       0.60155539436129390       0.49290717984858673       0.67246141416049721       0.83120783374953711       0.81517119823410988       0.55403565174871872       0.49968776744746346       0.54434037191290685       0.62356596040533452     
  0.63491858419059144       0.22883321658533953       0.41537466910218124       0.43615402162146605       0.39669239720847949       0.97288903536483695       0.36865047426082898       0.37644929507039254       0.25444767660205336       0.43418609669335484     
  0.74407888468684202       0.56105548341518341       0.52507908964718675       0.64942007715989725       0.62974509817403934       0.72221464887385634       0.60400536193951249       0.56009687277955245       0.56255624237598079       0.99751830818155984     
  0.65181364196311831       0.24265008232097660       0.42589348364651930       0.44450871604496195       0.41151163013518005       0.97329261616332585       0.37465975345124586       0.38503375134188700       0.26655591209154905       0.44821757205285062     
  0.65237125392819584       0.51723753958117857       0.52485184210089864       0.73116120247096916       0.63311083514618438       0.78132082471772024       0.71204179357194508       0.63736020868934351       0.60662600598767813       0.61503902143243372     
  0.66831428820719174       0.25843998763680431       0.43768671207402515       0.45525171957286170       0.42388394264483653       0.97368466470080006       0.38130289233554782       0.39352221086239092       0.27640735262163368       0.46244442269041752     
  0.55206886496880014       0.66770330569152714       0.57014089061379958       0.74660448250330413       0.54323985689357601       0.54681704592124991       0.54758250430970246       0.47409908601703427       0.49311796803525154       0.59125009929668793     
  0.68465225561489051       0.27341382880888820       0.44861510148125661       0.46556188851763364       0.43369406863898902       0.97403001881289508       0.38835164939739825       0.40233003246352828       0.28672784785223981       0.47714004612665656     
  0.73622564222332076       0.56066577465998124       0.51970875540162975       0.58830908895970246       0.54559634939913393       0.48655056908063349       0.53563272818171792       0.63737177182074289       0.61820486332499214       0.59952296814587769     
  0.70049997336011249       0.28919301499908695       0.45886160841977597       0.47625148146474899       0.44288618838731530       0.97438830213864469       0.39501660722924004       0.41148167601774871       0.29702197260270558       0.49277393276187420     
  0.52728416268812472       0.65020875606125417       0.54303836825510543       0.74138507268672516       0.50321661312749533       0.59501738335750798       0.64052523204729794       0.65525882959528448       0.53989000669381526       0.64905521234735752     
  0.71553703194719054       0.30665016283408586       0.46859364035750090       0.48692309130331118       0.45382907757944396       0.97474473173300558       0.40079844308090712       0.42125770930707407       0.30539813322246573       0.50951615562954033     
  0.55522798248222571       0.72073232605734106       0.43615972703735389       0.70821263994762396       0.47381392597105665       0.49179287143982753       0.55252193053885101       0.55118741483417444       0.52356130137630441       0.70738519634861996     
  0.73092599016868531       0.32612208582257934       0.48462982253064513       0.49727752369821926       0.46610510725880927       0.97509810899239457       0.40652878538957771       0.43130470672373666       0.31321590588473786       0.52304864309152821     
  0.52772698131616924       0.59616300959894841       0.57691740336361508       0.48540844617566520       0.50553137808546800       0.57420448993313267       0.58865538289247821       0.60968425591457254       0.53842070909441553       0.56917451756334336     
  0.74643100326408041       0.34517355892203366       0.50396695737066266       0.50729111156862450       0.47915706534878866       0.97545517283274341       0.41197563818649774       0.44225762731510687       0.32297559536967879       0.53462699986821993     
  0.61730242916759703       0.79893889389686334       0.88206798176025814       0.71742635984788450       0.52523233535892178       0.55988266813069598       0.57667530642662423       0.56306322480811299       0.54103118298727870       0.65806341410113567     
  0.76095323824506800       0.36363557022278437       0.52211009813254439       0.51708739486348609       0.49216592016231514       0.97582877295090897       0.41716999280241918       0.45275814688048011       0.33353897021161955       0.54566748145942201     
  0.58981122218969473       0.57867203017779179       0.54566308538518882       0.67380176858832386       0.56739269311657281       0.54572740943428111       0.56122294991367461       0.72314488858270987       0.48594650118788713       0.54111011622020322     
  0.77507361609752712       0.38199134884221225       0.53932785294876362       0.52673286379586770       0.50491148518175655       0.97622215690330172       0.42195944919338874       0.46277367305296008       0.34315871282551014       0.55549982506921280     
  0.57338139404188371       0.70792716128639543       0.65195273860997127       0.70349148980469989       0.72639723810672829       0.62543876913726693       0.51797537947369254       0.54232579283419513       0.45436315944540734       0.49621083033132907     
  0.78926457743073852       0.40025534403615520       0.55521568259694687       0.53633442024927902       0.51803712806924873       0.97659931306784187       0.42664710591907495       0.47271784172387910       0.35192272115521933       0.56522434413757194     
  0.65818343036127824       0.53179876569928175       0.56688916912295761       0.64250380129010864       0.62598363440893789       0.57709145175636134       0.58517550139356700       0.70358862335025041       0.58772791432563376       0.51772321156172352     
  0.80363465261016043       0.41884170368978019       0.57207707990494772       0.54592728798569590       0.53077409978709478       0.97699029840587626       0.43187069933684336       0.48263775264412279       0.36358300937951271       0.57531338698463030     
  0.52990004588178008       0.56103740490768705       0.64421169828728631       0.63078383000568716       0.57825467984348766       0.52860300783176695       0.50567876531406042       0.55238959685215983       0.51756632185282569       0.50163369494584831     
  0.81766123004155811       0.43846479752970674       0.58914157566602232       0.55533678449539581       0.54197568604696500       0.97740889421371391       0.43775053807888120       0.49312023086077289       0.37830299251969463       0.58557967558051116     
  0.63554666259985382       0.66066044455781525       0.58667433318645890       0.69659033245314084       0.60049220082215948       0.64774438535849066       0.64618935434468749       0.53251784454686868       0.61682420122348769       0.49009245763437553     
  0.83094172857871285       0.45844072160165361       0.60640492649215316       0.56517651866418317       0.55489213605086762       0.97783839251342786       0.44421601762800095       0.50433745573155220       0.39384215619278518       0.59545756533885164     
  0.61759585977702292       0.52663606426503029       0.63300451977006178       0.53527110888604301       0.65542162279175820       0.70263274877715653       0.61915326477210275       0.54891262030663690       0.77696209562730534       0.50559637875052610     
  0.84300150944115904       0.47731898696745528       0.62306734108439865       0.57634269282558315       0.56771318240906865       0.97831725696142890       0.45064940287589811       0.51699306688554292       0.40773005303735926       0.60503459184439135     
  0.67484237556425131       0.66758671276242665       0.66649025016519159       0.79347384268675225       0.51726765859051926       0.77804223030871611       0.51385865453352464       0.78417345848984654       0.57059417439793558       0.54368430560337000     
  0.85438243747553866       0.49474206463394327       0.63900640114165419       0.58724360764100747       0.57992506819411505       0.97880126911444665       0.45715377112796912       0.53035951901268441       0.42149447770673315       0.61490704013457331     
  0.58397123608038970       0.57554792237916552       0.47052390213413214       0.68053525569000095       0.69780631642313162       0.56408909542018504       0.54285659106587802       0.61365607874217454       0.60234856841403217       0.51958203352811583     
  0.86614713427426737       0.51085057365186370       0.65394662738408116       0.59775137938267320       0.59231344038176581       0.97931508925372091       0.46391860191955736       0.54295819176983318       0.43567902190883767       0.62637222787465463     
  0.61215060883530659       0.51769735685002971       0.66035042783685716       0.77560549448694438       0.46119567585992222       0.72340814774665274       0.55898573708418575       0.65066337013382769       0.51367037538936799       0.63238299997968117     
  0.87948734418756980       0.52585736053456966       0.66984423787943026       0.60729676937204502       0.60429059345797065       0.97985732928675329       0.47084831325693721       0.55350044249242603       0.44909547565609270       0.64028641090078042     
  0.56442659311431198       0.73043395777934950       0.63501226002699029       0.58512963740848845       0.48548561623874203       0.65925484518202870       0.54848194049448440       0.57041158184698471       0.54578838996627965       0.57742359693541889     
  0.89237479023230437       0.54064987956262234       0.68651255447174131       0.61666670147415215       0.61669264370043830       0.98041840892488852       0.47786461550725223       0.56252951777567051       0.46273607648125109       0.65320780809982215     
  0.51275789210071121       0.62661018792816436       0.55746492382464374       0.49907777501299166       0.46573287471374714       0.64560112885047294       0.52422877577997162       0.53413972052228831       0.49550328178313607       0.52091065913100854     
  0.90324658537496461       0.56095118057819837       0.70260177464997697       0.62590435716355242       0.63332617615786346       0.98099530645183686       0.48529757541852891       0.57183456998934457       0.47478496432724743       0.66615813673845092     
  0.52237419981025079       0.64755471032154233       0.64000327372669785       0.80253234906819004       0.61285201904124376       0.51294210014008013       0.59822354955946877       0.56412007847816348       0.52067950606532398       0.59789567268815991     
  0.91141278005325954       0.58503358748318801       0.71552704382896182       0.63506640888848087       0.65314719517786490       0.98157933641563011       0.49392990894565209       0.58223686762967908       0.48836165136294751       0.67934618353293486     
  0.58667155277786642       0.84361529432991100       0.58165889273105231       0.51065467036169843       0.72376286016136515       0.75684561962618047       0.72812517712178226       0.53903081024133059       0.63891741437840543       0.55952314946021442     
  0.92033914006112283       0.61114967890940464       0.72880553549640859       0.64695967114613262       0.67372273611123534       0.98217603794965935       0.50355471764291548       0.59508852540399648       0.50728750917990428       0.69215821468828642     
  0.49555426548894155       0.57634056029983016       0.56309475030895217       0.76826082907711712       0.63574960025566674       0.69981513055543065       0.77035907410880278       0.65417447137797313       0.46692077505601165       0.57459267992728535     
  0.92957879872172700       0.63827269846858381       0.74296906403046914       0.66031171775443853       0.69420823140568777       0.98278390432891338       0.51326866170192420       0.60851796032220462       0.52930977869140705       0.70710183915476998     
  0.52063513806639694       0.69328683019287207       0.53434571012611021       0.64632504337760943       0.65223800155937417       0.64974257435139104       0.69191921734380524       0.63823135115255070       0.46431994158504813       0.52316414600998595     
  0.93728700745663307       0.66592024036894415       0.75718336926883256       0.67336055086616253       0.71478021517262380       0.98339991185046205       0.52241109856222923       0.62108925850684105       0.55286438342049316       0.72288701668740651     
  0.46714208111589778       0.62826694351423062       0.60593665757519677       0.80568516496375664       0.61991600217315646       0.75976775518128403       0.70979925608887684       0.52322300141801192       0.56606387511687839       0.51954112843092681     
  0.94440448937366850       0.69376537060104027       0.76986525051444643       0.68705519798875492       0.73441864200289131       0.98402536729918655       0.53114246582336089       0.64008581347897564       0.57954088033574036       0.73780006097941520     
  0.50680080964113028       0.66456201061536502       0.46365209526797219       0.57293564883656822       0.65901838436769045       0.57009434078124777       0.64453617839698174       0.54536406448661379       0.56799658128253616       0.63051232324766582     
  0.95216604276579231       0.72013375810327196       0.78383725502125601       0.70133335262938901       0.75327529943058102       0.98465251751295912       0.54005679376587978       0.66133298404966068       0.60911264066670190       0.75297576269588851     
  0.69916112614894499       0.67865364951276597       0.54257066891719019       0.80873405753397964       0.90176314192763618       0.59061603790762063       0.58467936097144690       0.68088332120208905       0.62620683972721169       0.53319504548204510     
  0.96017102623739758       0.74522663457297178       0.80377649163831100       0.71615215052650161       0.77174517424845357       0.98533247341386487       0.54871036859012612       0.68230051960858840       0.63916781308358583       0.76877679754237438     
  0.70084765953638029       0.57440255152627095       0.70338771216306539       0.74758028591663672       0.65810829926646042       0.58009262229161906       0.51104085463215876       0.70287406634119731       0.65641074187070414       0.57421593671962801     
  0.96785518034924856       0.77044057279159828       0.82299750556089124       0.73267996295680782       0.79099341619379726       0.98602985955716305       0.55778752205932536       0.70239619186673863       0.66708474132507556       0.78498314325383112     
  0.62072407291836285       0.66000455387791757       0.64332816760810863       0.66958905015921544       0.73963959454782213       0.60695196980500044       0.55517576644602218       0.67612376051227907       0.56578363356131611       0.62263602917047189     
  0.97474817453012574       0.79526697878793884       0.84024598153811714       0.74509708147190268       0.81132878065493808       0.98677119638000010       0.56703550481604892       0.72218264196572868       0.69215244651861563       0.80466543542061764     
  0.49840260830826077       0.67860926441647584       0.76729589573582579       0.52455566800795250       0.76238820466638357       0.67910720203457098       0.57049507181871439       0.75666473058027350       0.47240318919260355       0.59467351985415851     
  0.98029949383524506       0.81982613030224927       0.85711840217844393       0.75620584719356987       0.83132844326791000       0.98754979544205146       0.57734589172110673       0.74314029545252713       0.71877525369819817       0.82939549549175329     
  0.72464087094316498       0.65486940676367933       0.66187866423764152       0.58316830861311497       0.59817988853785320       0.53755233553642801       0.67408014818474693       0.61096091593392166       0.61619121883542893       0.85413718358556923     
  0.98439182858200647       0.84440050950039525       0.87366088517523188       0.76865695774426335       0.85171649924463677       0.98823243558851070       0.58920967999676432       0.76550684022049498       0.75100990954721647       0.85160507719942680     
  0.68963325235981476       0.87406471714397738       0.62355664709895309       0.58092523820391406       0.65878832778964225       0.52815627080121874       0.56154869757797687       0.68025075377791533       0.65028664195227481       0.82666839615171872     
  0.98760785598395584       0.86888333406320151       0.88920636400379571       0.78282575345192562       0.87256214518512865       0.98902348012704766       0.60274834771751740       0.78811616892352421       0.78448647325631182       0.87354980216673772     
  0.51839259513643821       0.56621556217482905       0.59982473276893955       0.47637565960149714       0.53413923675812425       0.49976083567733409       0.60041378555801195       0.64238024034232755       0.65287370895072927       0.57988774879479565     
  0.99019660917307450       0.89361684694979282       0.90882381433982218       0.79823958859278565       0.89371967132301544       0.98988175098985087       0.61577215548381448       0.81245465541531425       0.81752581725408158       0.89753010306027270     
  0.83563380511756835       0.78453799866483331       0.67989351630767381       0.58996873665977345       0.86541173940008531       0.66156315971324109       0.60019199345875929       0.55021693314797315       0.51799642166237969       0.84712275348455002     
  0.99239846522352226       0.91587510121504623       0.92878535185076927       0.81070490755058766       0.91518886467175042       0.99081078737515293       0.63645297823434510       0.83794094009571685       0.85062248845405897       0.92118766135798869     
  0.57937749228521229       0.77523271167344265       0.68333602863383347       0.49734094382738148       0.63839294265631119       0.47758834080986062       0.65526348316105176       0.68517453251399951       0.67352332860249153       0.66642266428100827     
  0.99442413177131583       0.93815279225416037       0.94750664662579887       0.82180846268154339       0.93668082332038072       0.99210299051453121       0.67544533337285639       0.86939868188899205       0.88300168120431766       0.94322769267795259     
  0.58733537269494684       0.55282194355947156       0.69709885383213155       0.50176451680160572       0.72311911741365487       0.54562450645260530       0.82882258245854323       0.63121254403436189       0.63321358377558534       0.59536128692950818     
  0.99629893923949542       0.95928712565121010       0.96562643496744849       0.83610487123240751       0.95786431145010698       0.99366558570476793       0.72487997555501815       0.90619162592267233       0.91643032145135417       0.96358001434430440     
  0.61812360165318692       0.57953277145622462       0.59724414955738447       0.47694807177564097       0.65351523697928326       0.60797138121574723       0.68980511733577154       0.56342367894155565       0.54126596818354322       0.69701525080595128     
  0.99815446613864245       0.97857478867432723       0.98335390957450541       0.87648586755296343       0.97911955573298826       0.99606016179700552       0.79619328696725955       0.94590529975875559       0.95564151907055195       0.98249650095156760     
  0.63523537290911669       0.66177187168432805       0.52711565236634372       0.50151821443212097       0.72130066304046769       0.58456061494982270       0.49573668182285913       0.58508594261267144       0.70185182924545331       0.60417363826720627     
   1.0000000000000000        1.0000000000000000        1.0000000000000000        1.0000000000000000        1.0000000000000000        1.0000000000000000        1.0000000000000000        1.0000000000000000        1.0000000000000000        1.0000000000000000     
  0.66531589601480057       0.74207025326528331       0.72520947549611237       0.54145787761601960       0.66789362176199041       0.49529579599895246       0.45068172562270797       0.57173450320926600       0.72280180939338601       0.59467810219994210     
   0.0000000000000000        2.5380685169272477       -13.749573809030766       -23.954762695179426       -35.257261811962273        0.0000000000000000       -2.0070117900244049       -23.056395510550136       -18.396779454462358       -22.781272943267229     
   0.0000000000000000       -28.101126989565991       -14.654361704590048       -24.141560827782413       -25.337693641543094        0.0000000000000000       -25.769248553941896       -21.008371944987235       -20.965174343056766       -37.038684363229486     
  -37.209789418530548       -26.484727464642386       -32.726937919267101       -30.661495518155853       -27.550654611563637        0.0000000000000000       -28.693103083644953       -17.772818840911231       -29.189816859711858       -7.3312505465291070E-002
  -28.841848325482406       -23.860310377039124       -19.742467827127729       -29.656525638917639       -36.407647405131627        0.0000000000000000       -17.014027270285521       -21.480140249183425       -25.565808227124315       -26.627956777366723     
  -29.417587103723800       -25.228553863380935       -32.757222265906769       -28.439845157783076       -21.057022805250089        0.0000000000000000       -28.332916793668396       -21.651570518751321       -21.764487029123135       -21.031768027810237     
  -24.520781259460907       -21.091181869841868       -22.286812157941956       -20.032004289797936       -33.861392442601094        0.0000000000000000       -24.271329016354876       -29.062466713594883       -27.207927277524384       -25.555395634008253     
  -27.887283731746844       -25.231348843731645       -27.224883880255877       -24.013923409047770       -19.513822792336647        0.0000000000000000       -19.536468679630314       -22.869801565906609       -34.435229113109308       -22.585176770026447     
  -18.994100808832076       -20.304064455062868       -22.929363136288210        0.0000000000000000       -29.747248848294962       -23.493282513486239       -29.480523302246123       -27.680334422953720       -24.590068393803524       -27.426601238850079     
   1.6095039641927334E-006
           1           1           1           1           1           1           1           1           1           1
   1.7850558490200297E-004   1.6410470970182586E-004  -8.0534005635883014E-010  -17.455250627854017        6.0686483710613682E-008   2.9754398907946185E-011
   9.1785613493969916E-006   9.1877931983174498E-006   2.1849860850384904E-008   0.0000000000000000        2.1849680720924853E-008   7.3431177616420330E-012
   5.0000000000000001E-003  -24.211524856583800     
