+0.0002445641695011 +0.0002472320055556 +0.0002497900322646 +0.0002525008910658 
+0.0002559433955182 +0.0002600817552783 +0.0002645273457976 +0.0002688274876305 
+0.0002731590041548 +0.0002774934393232 +0.0002820386582512 +0.0002865848074178 
+0.0002913572100629 +0.0002964523042020 +0.0003017953049267 +0.0003073300971185 
+0.0003130810922443 +0.0003190698493571 +0.0003252394961071 +0.0003314706384809 
+0.0003377267601536 +0.0003444399582740 +0.0003514244298646 +0.0003586262832271 
+0.0003660014173494 +0.0003734150562899 +0.0003809937216643 +0.0003885455770325 
+0.0003964669381315 +0.0004051181311560 +0.0004142842963845 +0.0004237557170424 
+0.0004334257607717 +0.0004432743831220 +0.0004532781991880 +0.0004639756866743 
+0.0004753889573955 +0.0004874339400675 +0.0004998422913257 +0.0005125567141853 
+0.0005258116067574 +0.0005399915377923 +0.0005551134177027 +0.0005707638450377 
+0.0005868418690214 +0.0006032368412479 +0.0006203201894060 +0.0006379627135410 
+0.0006572970211874 +0.0006767334957208 +0.0006967115345379 +0.0007174260734007 
+0.0007395065610727 +0.0007629892990236 +0.0007875545797949 +0.0008126750239859 
+0.0008393174862598 +0.0008682466433801 +0.0008987789047302 +0.0009305915224622 
+0.0009642527991357 +0.0010017856951379 +0.0010430542153911 +0.0010847735331188 
+0.0011274557888511 +0.0011732302634206 +0.0012225804231956 +0.0012755423078535 
+0.0013333736035437 +0.0013971018864830 +0.0014658627142575 +0.0015388528141534 
+0.0016162624202233 +0.0016989015918551 +0.0017912316012448 +0.0018977760529435 
+0.0020120538157059 +0.0021346903059550 +0.0022682150311642 +0.0024138839878157 
+0.0025757748520930 +0.0027573915757187 +0.0029735827012440 +0.0032302436093938 
+0.0035293233087811 +0.0038681734515787 +0.0042690394834756 +0.0047283704023130 
+0.0052884805208309 +0.0060140912320088 +0.0070919115917481 +0.0088264105820013 
+0.0121411772407769 +0.0194072287421375 +0.0194072287421475 +0.0297743325845799 
-0.0005743053096655 +0.0097440058866882 +0.0190601660793223 +0.0292530767271882 
+0.0394830607668293 +0.0500786130479337 +0.0605209712966419 +0.0709530074144266 
+0.0813566097890107 +0.0919275859520090 +0.1024073198868741 +0.1128703920567956 
+0.1230801505947353 +0.1332948751003616 +0.1434464710068542 +0.1541905436744184 
+0.1651779389044452 +0.1759570313187352 +0.1864465311318742 +0.1966165080255002 
+0.2070643555460869 +0.2174556308791075 +0.2279925996476197 +0.2384707181988575 
+0.2488444005418085 +0.2593447039361234 +0.2695612021534304 +0.2796921442520594 
+0.2899474593169010 +0.3007613345638959 +0.3114981724048966 +0.3219787482255221 
+0.3322724465245581 +0.3427613107968458 +0.3535656075002762 +0.3642217828286127 
+0.3747273548015715 +0.3851068654707906 +0.3957848291252622 +0.4065055169749808 
+0.4172404692987271 +0.4278160346378251 +0.4383459404803479 +0.4490694964981792 
+0.4596907140137714 +0.4703368993508472 +0.4811017694269815 +0.4919064612574087 
+0.5024660590237611 +0.5128530609374033 +0.5234871364270347 +0.5346952257865324 
+0.5459055639180886 +0.5565581897313533 +0.5668878936088800 +0.5771939908671402 
+0.5878308402226902 +0.5985545438437321 +0.6092397361749544 +0.6199878987953631 
+0.6306371428106710 +0.6411958332247931 +0.6514476306754078 +0.6616923140125324 
+0.6721317955212150 +0.6829865916038116 +0.6939494519237394 +0.7046166548984856 
+0.7153767259258907 +0.7262319128085021 +0.7370528128097930 +0.7473958835585600 
+0.7573072325039851 +0.7672838822022143 +0.7776327179591004 +0.7881861668121410 
+0.7989997942659026 +0.8097382480482336 +0.8205792071483639 +0.8312557050337874 
+0.8416401814404363 +0.8518803132844831 +0.8621793492866316 +0.8725749970434579 
+0.8831820147056146 +0.8937514641536045 +0.9041198794463799 +0.9145958721797740 
+0.9250236631604903 +0.9354404769134028 +0.9462292795054502 +0.9568293885514035 
+0.9673763179382422 +0.9779955999533194 +0.9889203954170076 +1.0000000000000000 
+0.7455206551223462 +0.7480578117090667 +0.7491591198232934 +0.7514510497762635 
+0.7550828966032201 +0.7584520000465500 +0.7615534456367850 +0.7647100200904593 
+0.7681813051637505 +0.7714533431690186 +0.7744272115954099 +0.7772100743249626 
+0.7800615020341706 +0.7830313037773169 +0.7859749462330984 +0.7888224014299634 
+0.7917042681138982 +0.7946209522272681 +0.7975762828051602 +0.8004303052903421 
+0.8033626501135772 +0.8062795246110042 +0.8092314593469130 +0.8121281523204580 
+0.8149510438900208 +0.8177569276836358 +0.8205729467300360 +0.8234361451847466 
+0.8262572314917981 +0.8289831410662292 +0.8316815742096219 +0.8343814537623361 
+0.8371236853882313 +0.8398650308748007 +0.8425642586498363 +0.8452299861229881 
+0.8478557229964102 +0.8504593379127987 +0.8530637076499891 +0.8556585408796968 
+0.8582070840495203 +0.8607032605430328 +0.8631785985117542 +0.8656664692834815 
+0.8681369273475367 +0.8706071976917209 +0.8730437144114468 +0.8754904062486867 
+0.8779409990123609 +0.8804062279665007 +0.8828667228651366 +0.8852947837286456 
+0.8877218426058068 +0.8901918534654432 +0.8926342904927136 +0.8950649279995555 
+0.8974373785567777 +0.8998122370774426 +0.9021954224538630 +0.9045866468049721 
+0.9069650702056732 +0.9093228122244779 +0.9116793007729334 +0.9140178142696840 
+0.9163605978687697 +0.9187465242837880 +0.9212422389706333 +0.9237035595136056 
+0.9261205388825395 +0.9284555893090942 +0.9307788788885387 +0.9331292861171474 
+0.9354802369660340 +0.9378182834266567 +0.9401631023162166 +0.9425170674922790 
+0.9448880032088697 +0.9472697426618212 +0.9496431010524975 +0.9520294222536357 
+0.9543838075395762 +0.9567177049678167 +0.9590479686725911 +0.9615811829794585 
+0.9641042516899436 +0.9666774371120679 +0.9692479331531471 +0.9718911411564883 
+0.9745553735204274 +0.9772456177265072 +0.9800221932214934 +0.9829233525669101 
+0.9860737313494911 +0.9895196015812926 +0.9939469135826372 +1.0000000000000000 
-0.0029159091411501 +0.0688297685034206 +0.0950194599980180 +0.1115693726164911 
+0.1245477788977344 +0.1352151392628734 +0.1449242242777282 +0.1536881095980326 
+0.1620414595465291 +0.1697064590410968 +0.1769222926469771 +0.1837656201704695 
+0.1901820573684196 +0.1962989191745411 +0.2023889516024653 +0.2084443310609858 
+0.2143284358746641 +0.2199793711822211 +0.2254935885323979 +0.2309131409568592 
+0.2362681875647115 +0.2416354118595656 +0.2469178640310691 +0.2521356394680078 
+0.2572755907869732 +0.2624112764969359 +0.2675549762636126 +0.2726320248498153 
+0.2776566882637989 +0.2826180918898190 +0.2875366645525242 +0.2924454173453139 
+0.2973237217951977 +0.3022229847886057 +0.3071914675794671 +0.3122343772846143 
+0.3172181382802587 +0.3220963485271330 +0.3268959153219667 +0.3317573670635757 
+0.3367181090473918 +0.3417506804258432 +0.3468030341149465 +0.3518469184344867 
+0.3569434758507808 +0.3621709761824654 +0.3674437333562849 +0.3726776370540744 
+0.3779417759982405 +0.3833516008312491 +0.3889610908629990 +0.3945518317654215 
+0.4001046681708031 +0.4055163464156367 +0.4109673792921712 +0.4164056347771651 
+0.4220034116743082 +0.4276786475497641 +0.4334762554004571 +0.4393201495043348 
+0.4452394046085056 +0.4512315200856883 +0.4572495455071668 +0.4633382668980398 
+0.4694864201489508 +0.4757128718791327 +0.4821597223443113 +0.4889155123437069 
+0.4958737191680785 +0.5028809858996094 +0.5099063717999733 +0.5170490851982861 
+0.5245039064126812 +0.5322225762608205 +0.5400983180494848 +0.5481642950116309 
+0.5564370156059376 +0.5648693988389273 +0.5736538689721742 +0.5828382345208213 
+0.5924368344019595 +0.6023303238780441 +0.6123921093727335 +0.6227965981337524 
+0.6335432410022334 +0.6448077899566468 +0.6570433391365142 +0.6705203883407649 
+0.6853325503626930 +0.7015324456427606 +0.7192799056227569 +0.7393350132735075 
+0.7633955576252109 +0.7933568452139577 +0.8394478355723359 +1.0000000000000000 
2.92934057365e-06 0.0148029717608 
  <DiscreteSampler_grid>
  Helicity
  1 # grid_type. 1=='ref', 2=='run'
  80 # Attribute 'min_bin_probing_points' of the grid.
  1 # Attribute 'grid_mode' of the grid. 1=='default',2=='initialization'
  0.003 # Attribute 'small_contrib_threshold' of the grid.
  0.500 # Attribute 'damping_power' of the grid.
#  binID   n_entries weight   weight_sqr   abs_weight
    6   4193 0.000226435213901 6.45493580137e-07 0.000226435213901
    3   4351 0.000224608979235 6.76896709354e-07 0.000224608979235
    2   3481 0.000183204465976 4.33743235162e-07 0.000183204465976
    7   3470 0.000177970428527 4.88973072505e-07 0.000177970428527
  </DiscreteSampler_grid>
  <DiscreteSampler_grid>
  grouped_processes
  1 # grid_type. 1=='ref', 2=='run'
  10 # Attribute 'min_bin_probing_points' of the grid.
  1 # Attribute 'grid_mode' of the grid. 1=='default',2=='initialization'
  0.003 # Attribute 'small_contrib_threshold' of the grid.
  0.500 # Attribute 'damping_power' of the grid.
#  binID   n_entries weight   weight_sqr   abs_weight
    16   10 4886184.98895 2.16992148179e+14 4886184.98895
    17   10 4886184.98895 2.16992148179e+14 4886184.98895
    14   10 4886184.98895 2.16992148179e+14 4886184.98895
    13   10 4886184.98895 2.16992148179e+14 4886184.98895
  </DiscreteSampler_grid>
