   0.0000000000000000        0.0000000000000000        0.0000000000000000        0.0000000000000000        0.0000000000000000        0.0000000000000000        0.0000000000000000        0.0000000000000000        0.0000000000000000        0.0000000000000000     
   5.8837342508942167E-004   1.6044368125891462E-003   1.1144996485433913E-002   8.6940641677393810E-003   8.9814322345117478E-003  0.88990883679963817       0.16698193009004331        5.3478062449612257E-002   1.0093655485345139E-002   8.4228837933673587E-003
   1.5904857839614126        2.0587487319940667       0.69746302411163308       0.54549328550291465       0.64201432041147721       0.43078647978034407       0.43078647978034407       0.55865610532573196       0.80131835591679490       0.49486651083621847     
   1.1767468501788433E-003   3.2088736251782925E-003   2.2656336696304524E-002   1.7540521145841682E-002   1.7884591207445528E-002  0.89470788499673959       0.22646125400800235        9.4407006244825314E-002   2.0293860598783443E-002   1.6918907544341853E-002
   1.0634411510835151        1.7449097722121631       0.56624421192635022       0.54773795253960045       0.50398121083133685       0.43078647978034407       0.45887558296961889       0.52536043973265434       0.93067566719262496       0.54702370427242197     
   1.8087561371565935E-003   4.9689628769108846E-003   3.6398949276117962E-002   2.6420279265991702E-002   2.6438132346682974E-002  0.90100298105092902       0.27002234800911795       0.12838800159638181        2.9535304764642549E-002   2.5066405633083641E-002
   1.2383194212000730        1.3226491821552189       0.59997593732419197       0.71681911559728828       0.60701636672505221       0.43078647978034407       0.51629193590094991       0.61184351553470984       0.85424147624525670       0.54624443846552473     
   2.4707339991222625E-003   6.7943576214627892E-003   5.0212007542340828E-002   3.5259710055874312E-002   3.4488636455847786E-002  0.91746302803794699       0.31059673260476606       0.15956211412669735        3.8004833014976210E-002   3.5160531914614893E-002
  0.92259370375243765       0.99826097348011256       0.55109128482237590       0.68932612258175308       0.58723622104664253       0.43078647978034407       0.45316496788319155       0.64962160545820713       0.82073509994926230       0.65210048895459516     
   3.2317903263093754E-003   8.9630201851097178E-003   6.3065626978554709E-002   4.4104617003676801E-002   4.2336802561244995E-002  0.92425359640900773       0.33487742701547729       0.18572317594835733        4.6169537291103430E-002   4.5720971154427220E-002
  0.83893813532532802       0.72927897582218926       0.69455940618055434       0.77433999316438595       0.70053490215573733       0.43078647978034407       0.57200063826695979       0.65606616502977277       0.83418107518072315       0.59165567728315549     
   4.1123231890482330E-003   1.1628796109759948E-002   7.5473826651396014E-002   5.2681223907498569E-002   5.0643869092737444E-002  0.92805994146759618       0.35270893402720466       0.20957291155771016        5.4216456507438768E-002   5.5778575698371143E-002
   1.0214787828814476       0.79395298324161889       0.54447223907606945       0.69828792638810522       0.45085437002059370       0.43078647978034407       0.64529621591594299       0.64799336708822142       0.59758415363426431       0.66425076416684470     
   5.1370471800909374E-003   1.4598882514301347E-002   8.7922966739129443E-002   6.0356035254912857E-002   5.9526417506432706E-002  0.93231348885974386       0.36892450028244095       0.22919523165835029        6.2656473227926154E-002   6.4507874891176903E-002
  0.85543417219158369       0.82286708250563734       0.59669937173127940       0.66617749394234926       0.63001101817158633       0.43078647978034407       0.54375005496599260       0.61203134492882683       0.84492454997678634       0.49484372067864468     
   6.3190718080017860E-003   1.7769951679638400E-002  0.10029259849009654        6.7765405849234656E-002   6.8786257347028770E-002  0.94873753958703977       0.38330194919799554       0.24412709643611424        7.1838976441792254E-002   7.3343533740242384E-002
   1.0705379328223328       0.77165534018333681       0.63468975268825012       0.65542044152089030       0.55034430911074350       0.43078647978034407       0.49214963954127661       0.62868177606568276       0.79119211062107497       0.51518067187330652     
   7.6831665778583930E-003   2.1523167435391320E-002  0.11265848405208295        7.5333193924273165E-002   7.9922741032252553E-002  0.96339071595441084       0.39800292369725077       0.25276097577364642        8.1016991282980025E-002   8.2444287266885061E-002
  0.94973372509517662       0.77158364679350344       0.66826150728480482       0.62336130044458349       0.69335349247552824       0.43078647978034407       0.51426876619623008       0.44431018562974478       0.63778470494671147       0.53652515751081786     
   9.1503018956865696E-003   2.5972494109148207E-002  0.12692344032490818        8.2588850163572383E-002   9.2934543292603547E-002  0.97309271225897631       0.41309823171378168       0.26143804004813820        9.0115372720150355E-002   9.2102853244107941E-002
  0.68309041591674735       0.70952547872026961       0.59245129676229991       0.67391958905651472       0.55109033999530121       0.43078647978034407       0.53331885806208890       0.58482885397335382       0.74177736438712993       0.58955906405622471     
   1.0663829957827534E-002   3.0862118244332895E-002  0.14234361236012538        8.9797195139336650E-002  0.10581056527420399       0.97770125198008351       0.42898917869278619       0.26891740268178532        9.9802366671107021E-002  0.10234218903070781     
  0.59366004625912472       0.70181542143930642       0.77918438456526606       0.52775855205266697       0.65245601501585515       0.46170551704800017       0.72840241014009877       0.58748453624181218       0.74144236536525121       0.56434645532061445     
   1.3136750640750006E-002   3.5924971876698623E-002  0.15843961653523980        9.7646686568496968E-002  0.11833869704181305       0.98046610960209646       0.44530214828607512       0.27599787944291221       0.10983757542209606       0.11232118169011379     
  0.68813881380795727       0.65560586452258884       0.61236250048426644       0.68968987341115573       0.72029525268772410       0.46011272927154656       0.64047792601023334       0.65486665234671937       0.75177605033744177       0.53834188632746049     
   1.5659461624536856E-002   4.1293803473072301E-002  0.17547565921493555       0.10689442867505237       0.13015328649641397       0.98247374181813663       0.46114155257262851       0.28330662154548031       0.11994141120476201       0.12249422447343240     
  0.72454670159838297       0.52159439649821460       0.51236560884028715       0.73171007761254436       0.73538622259647557       0.65590696729964482       0.61035336221255754       0.56621280343249303       0.78144058752602685       0.54204310387916821     
   1.8491373139069362E-002   4.6949881093304946E-002  0.19339837747695054       0.12139600719511784       0.14099533345833004       0.98392190214309816       0.47474876959338663       0.29238580456504165       0.12978204169324747       0.13296558423043248     
  0.55167455429271117       0.71138153266624149       0.62895110851138991       0.94716559846360870       0.56376672252153626       0.60311285484307120       0.61543992846227902       0.62571382528752784       0.71326343408100823       0.67089428261545880     
   2.1326613309040905E-002   5.2851968873519763E-002  0.21196040622676512       0.13484608468381407       0.15120846943081945       0.98501477909309210       0.48727373483315545       0.30284719097462270       0.13959247789892448       0.14595166595073392     
  0.56009279121452449       0.69228082390845980       0.78001753520501937       0.65929561811101944       0.78817500454950240       0.57079151932948813       0.66201044438481260       0.46532575264118115       0.70815866352251189       0.47883860621023644     
   2.4217780371336605E-002   5.8908009379858683E-002  0.23093778230685102       0.14745616024799024       0.16021059367065224       0.98577501668371059       0.49794778431695907       0.31290287391835420       0.15002499213389583       0.15788788425061745     
  0.55473291682113457       0.57395017172521434       0.62211188244732174       0.85562908931325354       0.54939706014170608       0.49484372067864468       0.79314146882444181       0.57159699914110684       0.75641964981659193       0.52205042998959250     
   2.7307152180081166E-002   6.6280774103117390E-002  0.24935313743331830       0.15913147972295774       0.16943712603652711       0.98645394590461322       0.50669131681194435       0.32140923389084186       0.15602502777089658       0.16945383305555098     
  0.57867313539099519       0.51043592586222331       0.49925406966980690       0.57356687255108851       0.63453886661855674       0.55975085178145900       0.60145419287185475       0.61873486138525802       0.53946649892192200       0.57965396112653789     
   3.0697148905115559E-002   7.3501187618888852E-002  0.26835930500542238       0.17019963483930442       0.17912338679518494       0.98701241155028330       0.51564900563649330       0.32937877412245797       0.16303475149088067       0.18053989994467107     
  0.63692372946048470       0.61321928250778912       0.70808886142864369       0.70425906076516143       0.66769436404196592       0.55148096631965338       0.57426180314523279       0.66693425826345487       0.56913380509073486       0.55354245820245718     
   3.4362444705329107E-002   8.1389944321556426E-002  0.28577437560420327       0.18149893656501845       0.19399285864643559       0.98751006612973236       0.52473130497405474       0.33800484193046693       0.17209387744410573       0.19328954508293827     
  0.60669665886909196       0.57000506064363188       0.70590286972417116       0.66042735480894521       0.72048002955623180       0.60815619784900377       0.60993514636309953       0.55121249366261937       0.65937921742828987       0.58437733190190699     
   3.8033995548121223E-002   8.9235874713205696E-002  0.30107929121575111       0.19368831015847085       0.20966010667103616       0.98793335791223214       0.53439965740462314       0.34775023214980955       0.17956764144900775       0.20866924152532595     
  0.53638218607505994       0.53985103120654754       0.63997934454508310       0.78617549563640410       0.62614627792095057       0.60990891506698264       0.66892431469938429       0.62931597815249074       0.58931133472544051       0.58249169989838734     
   4.1991520861589478E-002   9.6175082077138582E-002  0.31540220331608260       0.20641814717687026       0.22568817172813926       0.98837097200204793       0.54323059384940042       0.35940570762587870       0.18698249184300716       0.22496449452613027     
  0.70358340467845282       0.67610737387026265       0.50798639644614829       0.67624690586032032       0.63698044837368739       0.58925552899203038       0.59563370595714826       0.60507884840697257       0.65567326970846107       0.84957065441419755     
   4.6237371314841381E-002  0.10334484780391094       0.32810233472938205       0.21970078926009670       0.24189337137631822       0.98881807110101672       0.55030187327108904       0.37054053647108792       0.19433609728646994       0.23750390951480299     
  0.57097648160556358       0.56552983634032827       0.58104171682671413       0.74939707276284240       0.66260137793373686       0.79056810149192025       0.60092906556213299       0.63726767670204254       0.63989153363195661       0.76857838261996358     
   5.0675893642467898E-002  0.11076393700168242       0.34092260280045128       0.23538571895257840       0.26067509228266111       0.98927687904245476       0.55753621377578022       0.38121359879777555       0.20237984137415360       0.25589128093632030     
  0.58856252264236986       0.62490178653889161       0.61736412985203093       0.81149588803278960       0.62781652711155200       0.84473981852500368       0.60196258248426482       0.64257355991708387       0.47193287552174229       0.71064898931839715     
   5.5022517828854728E-002  0.11838667731248446       0.35350427013501462       0.25124459447143188       0.28379592024695155       0.98972436824440391       0.56515811016913231       0.39028697343805746       0.21234730221600862       0.27424558894575990     
  0.71375820882031371       0.62280456231011505       0.50933052369172682       0.93769974188615823       0.81372925595932954       0.67797368134352431       0.56018531319520015       0.56956209113472722       0.53450194371237392       0.62736189185241853     
   5.9261829962624545E-002  0.12634830078829726       0.36454742804816148       0.26619404926329604       0.30844758720630922       0.99013458988240222       0.57319901023748521       0.39732009917308680       0.22133301645946563       0.29348575020178830     
  0.65440731773544547       0.65705371984539951       0.63596816001052381       0.72551367729884875       0.90673849318257027       0.67179769701264458       0.92150031122732645       0.59582071497549161       0.51731035844710316       0.63667692959575994     
   6.3279974968957403E-002  0.13464381313746859       0.37739971117998122       0.28165000097960968       0.33259295856675813       0.99053063369649519       0.58160116334747125       0.40507241232037638       0.22981911692147777       0.31320076080763454     
  0.54906305258037802       0.59744305257497765       0.48357486327719418       0.64461205647599240       0.63621388230364773       0.94336962451162698       0.70361305836806409       0.50274738812903175       0.55577663295049240       0.63613029408937705     
   6.7313468902526430E-002  0.14246220887730321       0.39627716969647414       0.29738101717238452       0.36304376285502721       0.99091552754274526       0.59044248226285478       0.41298614373938952       0.23836556274504983       0.33456679454012506     
  0.58454631096117193       0.55951095749582513       0.63073328804708140       0.68186448197463245       0.63482324464248940       0.77795027168772490       0.71104036300385054       0.58970864924276167       0.48660150904150412       0.67767136545597562     
   7.1554615072806804E-002  0.15102856272344004       0.41580066713226449       0.30974835696245773       0.39578388354962896       0.99124283964461346       0.59932213300254922       0.42284748050432724       0.24851534741951087       0.35477078021329028     
  0.51684189565365413       0.54553507053408146       0.62575622608238701       0.58044900544186073       0.60059977321029689       0.87947670797958899       0.80886986527399796       0.47170414949449579       0.59441523403667773       0.69508271703372193     
   7.6039504234204011E-002  0.15956503520325868       0.43568081937390668       0.32021462047985244       0.42943954435730841       0.99155029355150537       0.60805519641627515       0.43465285949028459       0.26114697968877559       0.37393751980222734     
  0.62174751033396847       0.60626974819886437       0.79562747329784600       0.57224637851150051       0.69212545841271800       0.95088868903940260       0.78020849539741410       0.65891948746634543       0.74164401517413503       0.78875782562550534     
   8.1181688131425400E-002  0.16814343513681529       0.45698642270192413       0.32983199617248871       0.45993210737439144       0.99181714415607869       0.61550024709606110       0.44635997129880334       0.27399763090086549       0.39364137306745489     
  0.56982665111005570       0.49299437400357721       0.74568913929045177       0.59980511052444252       0.65297601542788353       0.57106366780052586       0.83155202699273811       0.62029132455416414       0.64406544798222598       0.76709951792921816     
   8.7247156475102131E-002  0.17724461144876166       0.48008259841493994       0.33966846681879426       0.48420158424399318       0.99207298556042900       0.62326677942315067       0.45817560105168942       0.28868251401717854       0.41351773206301584     
  0.63948744028928850       0.66191845577042785       0.80763397354963573       0.55256681213133851       0.54048191493244890       0.70007083467754483       0.85236756845340211       0.74213872711711681       0.53641216982129292       0.86473527542499551     
   9.4032062997432692E-002  0.18709111267213838       0.50537963232764138       0.35043948009886472       0.50530816535002443       0.99232487331561958       0.63110347327729077       0.46888487779218402       0.30350326212929135       0.43826564779916377     
  0.56392144324981353       0.70452839048072258       0.78818019277171369       0.60548996178893555       0.56098634296634675       0.72174549714446490       0.74593827255176748       0.52384128388809847       0.49484372067864468       0.99728356601286094     
  0.10135843643881158       0.19679244921623107       0.53203213087639312       0.36223477083735878       0.52570973538381505       0.99257573343610506       0.63907222815838027       0.48071023907579158       0.31821337187220683       0.46052516357479856     
  0.52855202902286214       0.70975432059673904       0.98257589724239314       0.76230981001875164       0.49020359152422638       0.73858235069999700       0.60604120988308841       0.57018060082805877       0.51482166719255706       0.67487987899375113     
  0.10912814476202169       0.20646655152176760       0.55742419797790388       0.37597289620153029       0.54547277474302769       0.99282370510802498       0.64650652554730803       0.49060058113819238       0.33538903291222222       0.48123986568596949     
  0.63003797427396946       0.66125729565340619       0.78841218063645369       0.56865688634994116       0.47920498013986040       0.56854904808778028       0.70745573875161616       0.59527257106886866       0.58979918393403463       0.95222593281143808     
  0.11662388342381494       0.21599594110493958       0.57886130617435960       0.39009681937753310       0.56391638870437188       0.99307077029102109       0.65249956944287879       0.50190784491049345       0.35504828838042402       0.49982377726856164     
  0.61666017001330586       0.63479380212458791       0.72208707008667627       0.46170551704800017       0.65986067119243375       0.66568998587070882       0.54325710785944004       0.74730977811248556       0.67404035556469033       0.68564175324757026     
  0.12258965232721954       0.22538484737051362       0.59611480279846762       0.40345096573569927       0.58221349666616962       0.99330627613635603       0.65875744216324572       0.51356924417802807       0.37438069617666775       0.51573924847512354     
  0.57185801396287050       0.57101649209443273       0.83870020637237108       0.57398963560533356       0.60710188711745872       0.61040221168511222       0.71670047236779566       0.78325166917139144       0.65416200695676985       0.73384122193834711     
  0.12749930991436983       0.23514099608077718       0.60849488203060498       0.41853380713382854       0.60330523694589522       0.99353676505831534       0.66479136991720256       0.52630911445797479       0.39492547131995204       0.52944154854599990     
  0.56842616792417144       0.46814594220220218       0.60902947901155957       0.63202841306759594       0.56081200487744176       0.73343732964763497       0.69325232430463291       0.78597087277074396       0.67954890538638257       0.81174785249052750     
  0.13229207487247457       0.24665784622924919       0.62165724766310160       0.42981287502169857       0.62837093499729602       0.99376548597246173       0.67240683808761037       0.54161835217869048       0.41704156986401308       0.54365814170399196     
  0.62614627792095046       0.62662609802119895       0.80618844593626060       0.60238271007922273       0.77339128282627057       0.76503641293028846       0.73558573250022641       0.65893659643564451       0.60857171719009340       0.58662958584694636     
  0.13687727303545716       0.25992242529209036       0.63718416004243938       0.43971285528121246       0.65609187604558139       0.99399231777057440       0.68018365978755024       0.55905352824578991       0.44095201323279998       0.55639187474761931     
  0.51653606073747782       0.70471379514393018       0.63348666451105395       0.87534650096743416       0.67640351902589135       0.69515993972702284       0.75453259454224109       0.79489336190824089       0.82968835728300327       0.49623842757370912     
  0.14442394508052303       0.27287185492985022       0.65329109790583006       0.44966000948909374       0.68108480608071353       0.99421739963275668       0.68706303330694674       0.57747715931993826       0.46662744349465390       0.56831401389423764     
  0.64306429788878494       0.68142464369013778       0.74305404886046156       0.57992998868941248       0.70730742831813453       0.83382421465839751       0.60465393216626540       0.73005574638887771       0.70240629273720157       0.47886558646061234     
  0.15496374392439480       0.28598610847017347       0.66420741294678398       0.46093955595629238       0.70013249641353037       0.99443660093728803       0.69342919381851365       0.59660728214119230       0.49369874579365952       0.58084850478036054     
  0.78881198473036496       0.71483734571930801       0.62528778654205586       0.55444143042748217       0.65673554649102017       0.68626723918746768       0.63885161269307011       0.68026119495091708       0.68435285162618742       0.64141465189687608     
  0.16593613214128283       0.29827786453981664       0.67497118186275862       0.47429712348666886       0.71787498669234051       0.99465580224181938       0.69951414301046022       0.61363983375502662       0.51613451352349193       0.59571808329503828     
  0.56253274420818300       0.71800088925475192       0.54773268790023322       0.63901187969911299       0.58246851864360571       0.62701318794578398       0.60338777094650131       0.88714388138987599       0.57479369698846461       0.66642267204040329     
  0.18117425123536057       0.31200709387630404       0.68448662533838889       0.48893980042612006       0.73422056653226286       0.99487036568768539       0.70520336461319932       0.62852189093139776       0.53834226506254068       0.60745597511970062     
  0.69904976764382509       0.73646697436194009       0.43163855062344664       0.66570989850364748       0.59949991507140932        1.1057722255732307       0.55108545160568756       0.71004249633319683       0.57441486666362440       0.47178542423099451     
  0.19838178678964560       0.32583123249686063       0.69851493764182737       0.50417722386110153       0.75632886689622114       0.99508439520038927       0.71026758429433956       0.64299366135828473       0.56120090594456618       0.61921298375625300     
  0.69877052045935750       0.78842598851939605       0.61997155898411405       0.53176108038962688       0.63042123634141578       0.69742192799201119       0.57392592576645352       0.66863644468556793       0.57988151022073819       0.58760711468026006     
  0.21559081474938610       0.33921715019941595       0.71212438623957874       0.52306387211990812       0.77672644460309970       0.99529139312127857       0.71540519473119357       0.65746352768533189       0.58532294144350261       0.63076573972809447     
  0.60928205273103042       0.62856619929809632       0.61952903172867635       0.70793548031236853       0.67593579836600337       0.87533204091255434       0.51628053677328667       0.66651853307283127       0.63186417110189341       0.55551229980448324     
  0.23096233596207544       0.35235499420530658       0.72327369716386425       0.54332135913130442       0.79540425847761131       0.99549157607476557       0.72037939247341443       0.67033330541734937       0.60913318085958701       0.64288067707547114     
  0.74464566151468015       0.72871668852887761       0.49328031572056863       0.74128492621793884       0.73501217310143285       0.73490432013659546       0.47084416521046801       0.71071749825768082       0.72503385880265581       0.55241055972970421     
  0.24372247966619254       0.36695802534543825       0.73250757935771860       0.56273097867331112       0.81492490331170242       0.99569175902825269       0.72597070894262683       0.68383411310921871       0.62894726029426162       0.65548619697352950     
  0.68689394979546259       0.53061660391895971       0.63827359396753847       0.70863701097581799       0.74082966081413626       0.67100595569426513       0.69100213709020719       0.67859143904636454       0.62523606824667122       0.50460493219341329     
  0.25645035589374954       0.38244182006494010       0.74397805161174146       0.58148547002859530       0.82935743177862720       0.99589569153575963       0.73298336669377728       0.69733520212159061       0.64642880654271728       0.67115807623811463     
  0.61270981195046370       0.53680263360519143       0.64087338699323992       0.61179438520446383       0.72734948837103786       0.64724655433885581       0.67231083310089002       0.60249377523065839       0.66389134915009329       0.88108201591088309     
  0.26991693111178910       0.39624223142597986       0.75981832200570154       0.60473241899208041       0.84186454400588284       0.99609983728891793       0.74373459865339742       0.70975531558365146       0.66570170694411390       0.69036064652554419     
  0.50592231426672862       0.61675619434563089       0.53311584229189524       0.80152635158536567       0.51449082739507124       0.80115275047622414        1.0229161950584782       0.79734590463489408       0.65212003595933121       0.64657513169548242     
  0.29048728813171371       0.40732150474873374       0.77626639907280237       0.62197760693212156       0.85337055255123873       0.99630284161884264       0.75384585630046252       0.72040956731596029       0.68677729376251884       0.71046354928244526     
  0.79738611648752966       0.56142072584804481       0.57047581336865361       0.55266075362248934       0.64115844114782106       0.69086779358213357       0.77131968936656581       0.64417765408816496       0.51896355803064198       0.63690320171271142     
  0.31933879739814719       0.41868336030284004       0.79082922992585325       0.63704537696574792       0.86475309574856352       0.99650302775950717       0.76424424740076913       0.73088434810866454       0.70691093215122569       0.73014269771344598     
  0.61452227968439177       0.51602796381552873       0.63401275693675996       0.58005654713254162       0.64569898762986699       0.84150678865975570       0.86787384803800771       0.54441117734596511       0.64078795209628769       0.59727099800097549     
  0.35304286589684214       0.43204197913219916       0.80387575212148255       0.65208227259982299       0.87653501322258420       0.99670321390017169       0.77572425503053166       0.74224633727036893       0.72665568284830817       0.75223918963407987     
  0.48336586929354397       0.51877293111527278       0.49642781268884362       0.53341680194120056       0.59645913267072392       0.78483459156841939       0.83356937105184004       0.61465385871369638       0.61450790946023659       0.78188189183965962     
  0.38589567868005997       0.44774239962814966       0.81908053649655421       0.66900233218792726       0.88721372868663018       0.99690734941112735       0.78673379751953210       0.75474249755658773       0.74949667956519284       0.77622684354009841     
  0.51719497674453419       0.59371929820687175       0.65772256419013198       0.43461026953035919       0.63405626013425054       0.83808785922874562       0.90532906360304166       0.62129560596883615       0.59197699627082756       0.70089899301384451     
  0.41672363803750778       0.46242788249877437       0.83585171199494745       0.68949273591148663       0.89714237617639336       0.99711437106998102       0.79667390372925628       0.77127068347890892       0.77515094766862969       0.80045234105131946     
  0.74306587667065582       0.51598863540739048       0.57753741561291416       0.58739660719188491       0.68757905795961261       0.75771931987673724       0.78006028397754612       0.82768095958166110       0.69183034175596558       0.70153991764777046     
  0.44888807323821700       0.47129069227736042       0.85748581972135896       0.71189236371437503       0.90657190114650177       0.99732139272883469       0.80568676402587946       0.78916268114771004       0.80276059768550390       0.82361038219306981     
  0.58054573982412649       0.48583932026827253       0.75685671565915114       0.84480914886600800       0.54921874526231862       0.72425856393627530       0.86403968928174946       0.71919312719333450       0.65253862376184057       0.65991776573790439     
  0.47997466425338320       0.47851449086811709       0.87909946444419207       0.73308016434487233       0.91767629135643602       0.99753563161804515       0.81441702010516681       0.80889073221688645       0.82871411021011088       0.84529233704128459     
  0.56030802809238744       0.47740476127763859       0.69844087517537490       0.63449146661945244       0.63343942069954762       0.94458452605484222       0.54395231829380108       0.67662163103802331       0.56546909796352773       0.80799560970919659     
  0.51798171998900822       0.48618484313240440       0.89733858994295068       0.75370978722678894       0.93069235475608714       0.99775019657770281       0.82312331779956727       0.83101676302612526       0.85248540586226562       0.86555561474397946     
  0.64632657767029844       0.56259863405128296       0.56926751811400556       0.47286538899462566       0.75480421530085051       0.82829753629500158       0.58813833937834037       0.82428006945363153       0.59499404594082816       0.62901784748876999     
  0.56431449283055446       0.50395805391594750       0.91342471599298236       0.77825341398704617       0.94306730154191520       0.99799313404098478       0.83203897865252152       0.85679610824325558       0.87694078496595229       0.88632984404618786     
  0.49484372067864468       0.52848569530351919       0.73612172747371551       0.66698310889776091       0.65855859024545327       0.55420813418597248       0.64858030342743012       0.78133096991188744       0.56548952712177825       0.81439645595754517     
  0.62243311248872746       0.53125247842739953       0.92907036665336895       0.80657090934059417       0.95328867214327973       0.99828246707941326       0.84208610996377653       0.88366590992357164       0.90176299811107696       0.90910268406739414     
  0.49157144227927185       0.49979447578673203       0.70358753726547263       0.53448953397994214       0.73150597475232215       0.77047501590691170       0.56152230836204464       0.70776537826651498       0.70893532355231148       0.80557108396288768     
  0.67040863592619893       0.56112701645448615       0.94574725448059349       0.83675253008040407       0.96255398484943133       0.99857180011784163       0.85346251828775066       0.91041311922519974       0.92220846002885537       0.93109682673973215     
  0.50249846276537302       0.55949365132805329       0.72324065260521220       0.69640188083661447       0.76764744099114834       0.86057117370466774       0.64107739519331652       0.86430974227722857       0.61475996332500171       0.86080643807154855     
  0.73567462303696829       0.59039864522530539       0.96262926468903232       0.87065812555856792       0.97167526371282531       0.99890215247353442       0.86988924809019019       0.93590185087118460       0.94522196348576615       0.95083346637259258     
  0.43078647978034407       0.45057966381310083       0.60342889865523763       0.51930896922490777       0.64976303372955446       0.61358632538101343       0.59272078801369132       0.69419129878136765       0.58086534062017159       0.59262421168992385     
  0.83155755026365918       0.67174411708688075       0.97558008276393149       0.90383396946873917       0.98096447376122242       0.99923508030440877       0.89383237117616854       0.95925643111461645       0.96817662409909577       0.96824680629621618     
  0.46170551704800017       0.50653646691071319       0.88249031541528700       0.50042841233134572       0.63768806974113568       0.58914122021580140       0.78834478265873031       0.62667319501624907       0.54516616411156693       0.58514319224798761     
  0.92676548454903829       0.77139530659843125       0.98802350978986808       0.94080808105627634       0.99044668045412720       0.99961269170315870       0.92888778517176540       0.98061885957165051       0.98535043821629587       0.98379901445766393     
  0.44568086802498530       0.46783027838140007       0.55683140849807389       0.55228226562326688       0.71952734418749720       0.46170551704800017       0.43078647978034407       0.52673370633133465       0.46619294015471008       0.62262180966173886     
   1.0000000000000000        1.0000000000000000        1.0000000000000000        1.0000000000000000        1.0000000000000000        1.0000000000000000        1.0000000000000000        1.0000000000000000        1.0000000000000000        1.0000000000000000     
  0.43078647978034407       0.43080667833343489       0.64201575577541226       0.50733674043322352       0.59367375520972054       0.46170551704800017       0.43078647978034407       0.58830512727291961       0.56842616792417144       0.59546231389711823     
  -75.776759356897401       -60.937255016139126       -66.075899842907958       -60.393200960961174       -63.265922288074883        0.0000000000000000       -25.796398281172486       -11.477485243212312       -29.675698111570927       -56.311644373353325     
  -77.301889750238573       -25.357921927635022       -43.828731306163739       -40.348301830389751       -34.399277534261920        0.0000000000000000       -18.594381237481375       -43.727027240113173       -33.642253516233090       -48.472519193117876     
  -23.036811445976895       -52.972043861049663       -27.580812252130002       -52.405618326546673       -81.166863614449269        0.0000000000000000       -32.544833014017485       -24.781454811090246       -31.074830447043329       -59.149994740578684     
  -17.824370906543180       -42.663214470747498       -38.267300104661693       -29.020409213029609       -64.001591281109185        0.0000000000000000       -40.921325365747485       -53.755676682707737       -36.407630321927442       -7.7913438652895382     
  -42.564178524296572       -75.039241832235462       -66.843529688799705       -76.314250672870529       -66.334898050948269        0.0000000000000000       -78.131207031534601       -4.7758378484276003       -37.455562773010044       -36.038772240264962     
   14.653640740415097       -28.372057407697550       -38.235629316048282       -51.052066829403266       -36.223662757935699        0.0000000000000000       -81.452352985700685       -58.733510427525317       -36.516432151771745       -84.762381060822790     
   24.574632098481445       -10.297633540355093       -43.021900098218332       -65.764776626075900       -16.584710900926673        0.0000000000000000       -30.989397414002593       -40.610022799241086       -85.107701930012666       -34.718750377334878     
   52.185861709196580        16.650970564090535       -70.065212366856287       -52.100612815902771       -50.606721612267336       -73.735700812737932       -36.435457673479782       -72.742930212027588       -65.023106996944165       -22.021720958544336     
   2.8972458834785352E-002
           1           1           1           1           1           1           1           1           1           1
   2.2344060898225030E-004   1.0966832673084272E-004  -4.8535223182790640E-007  -35.235532600847463        2.0414795463995486E-005   1.6052030895933902E-007
   9.4060854925814974E-006   7.7155486237604026E-006   1.8680188696747770E-006  0.26439758749829828        1.8648292714113716E-006   1.2845323494985854E-008
  0.12693959022320056       -45.735987802029072     
