     
 Soft #          57
 ME*wgt:
   1.0055141379708121        1.5503388258245973E-014   1.5418369242955391E-014
  0.99999718073328603        1.5418325774460200E-014   1.5418369242955391E-014
  0.99998914761512903        1.5418201916878283E-014   1.5418369242955391E-014
  0.99999874442105596        1.5418349883975619E-014   1.5418369242955391E-014
  0.99999992962697815        1.5418368157918154E-014   1.5418369242955391E-014
  0.99999968161918595        1.5418364334042440E-014   1.5418369242955391E-014
  0.99999856929175757        1.5418347183767429E-014   1.5418369242955391E-014
   1.0000220335860557        1.5418708964920944E-014   1.5418369242955391E-014
   1.0000000005000380        1.5418369250665162E-014   1.5418369242955391E-014
   1.0000000000500038        1.5418369243726367E-014   1.5418369242955391E-014
 wgt:
   1.1111111111111114        2.2888939351380574E-003   2.0600045416242514E-003
   1.0101010101010102        2.0808126683073249E-003   2.0600045416242514E-003
   1.0010010010010009        2.0620666082324835E-003   2.0600045416242514E-003
   1.0001000100010000        2.0602105626805192E-003   2.0600045416242514E-003
   1.0000100001000010        2.0600251418756701E-003   2.0600045416242514E-003
   1.0000010000010000        2.0600066016308529E-003   2.0600045416242514E-003
   1.0000001000000103        2.0600047476247267E-003   2.0600045416242514E-003
   1.0000000100000002        2.0600045622242969E-003   2.0600045416242514E-003
   1.0000000010000001        2.0600045436842559E-003   2.0600045416242514E-003
   1.0000000001000000        2.0600045418302519E-003   2.0600045416242514E-003
     
 Soft #          86
 ME*wgt:
   1.0055622918962499        2.4439320709117220E-017   2.4304134021404587E-017
   1.0000505775495208        2.4305363264946612E-017   2.4304134021404587E-017
   1.0000004706699717        2.4304145460630656E-017   2.4304134021404587E-017
   1.0000007145238750        2.4304151387288606E-017   2.4304134021404587E-017
  0.99999932483233300        2.4304117612039122E-017   2.4304134021404587E-017
  0.99998767056222138        2.4303834365096408E-017   2.4304134021404587E-017
  0.99979552758217405        2.4299164496358064E-017   2.4304134021404587E-017
   1.0010653282205006        2.4330025901252421E-017   2.4304134021404587E-017
   1.0000000005000005        2.4304134033556666E-017   2.4304134021404587E-017
   1.0000000000500002        2.4304134022619799E-017   2.4304134021404587E-017
 wgt:
   1.1111111111111114        2.5954418958698798E-005   2.3358977062828914E-005
   1.0101010101010104        2.3594926326089820E-005   2.3358977062828914E-005
   1.0010010010010011        2.3382359422251168E-005   2.3358977062828914E-005
   1.0001000100010002        2.3361313194148332E-005   2.3358977062828914E-005
   1.0000100001000012        2.3359210654935469E-005   2.3358977062828914E-005
   1.0000010000010000        2.3359000421829334E-005   2.3358977062828914E-005
   1.0000001000000103        2.3358979398726859E-005   2.3358977062828914E-005
   1.0000000100000004        2.3358977296418694E-005   2.3358977062828914E-005
   1.0000000010000001        2.3358977086187891E-005   2.3358977062828914E-005
   1.0000000001000002        2.3358977065164818E-005   2.3358977062828914E-005
     
 Soft #          76
 ME*wgt:
   1.0192858919190453        4.3119160518403704E-013   4.2303303577784001E-013
   1.0004443089613830        4.2322099314659719E-013   4.2303303577784001E-013
  0.99999836911346029        4.2303234585895610E-013   4.2303303577784001E-013
  0.99999953795340568        4.2303284031686653E-013   4.2303303577784001E-013
  0.99999995096631555        4.2303301503497161E-013   4.2303303577784001E-013
   1.0000000094041308        4.2303303975609802E-013   4.2303303577784001E-013
   1.0000001542786514        4.2303310104280630E-013   4.2303303577784001E-013
   1.0000010453960269        4.2303347801489481E-013   4.2303303577784001E-013
   1.0000000005000640        4.2303303598938362E-013   4.2303303577784001E-013
   1.0000000000500082        4.2303303579899516E-013   4.2303303577784001E-013
 wgt:
   1.1111111111111114        2.1246445189313665E-002   1.9121800670382293E-002
   1.0101010101010102        1.9314950172103329E-002   1.9121800670382293E-002
   1.0010010010010011        1.9140941611994287E-002   1.9121800670382293E-002
   1.0001000100010005        1.9123713041686467E-002   1.9121800670382293E-002
   1.0000100001000012        1.9121991890301199E-002   1.9121800670382293E-002
   1.0000010000010002        1.9121819792202090E-002   1.9121800670382293E-002
   1.0000001000000103        1.9121802582562557E-002   1.9121800670382293E-002
   1.0000000100000004        1.9121800861600306E-002   1.9121800670382293E-002
   1.0000000010000003        1.9121800689504097E-002   1.9121800670382293E-002
   1.0000000001000000        1.9121800672294475E-002   1.9121800670382293E-002
