  0.03948184659271647  0.04835655512323072  0.05662997972869911  0.06777629550338292
  0.07700455114815302  0.08490680305265298  0.09255928541400800  0.10027069797459931
  0.10805631686987340  0.11579540863050138  0.12423122461938670  0.13286335664773521
  0.14111000977453111  0.14840634626665805  0.15505445989070479  0.16158009471891210
  0.16849304711086008  0.17580455575264237  0.18334140408248972  0.19071959834067581
  0.19835020098539921  0.20618492347064238  0.21428688786690861  0.22211470926652560
  0.22992177282246626  0.23764129381011570  0.24550191726303364  0.25370229550843892
  0.26197673909925573  0.27013449690373131  0.27830227187462364  0.28658874577952720
  0.29489755928575578  0.30350076835178502  0.31246815263143823  0.32170430503670644
  0.33098159511447639  0.34022078161489250  0.34937408017856703  0.35861574037980865
  0.36793261220006124  0.37710369187779152  0.38609483085675322  0.39503692194440237
  0.40407868920343126  0.41321969575543727  0.42239249819457353  0.43175314148457689
  0.44130321220882779  0.45100682478931464  0.46073230623197831  0.47048411251414590
  0.48033230726427789  0.49027026302684734  0.50014735024081636  0.50989155533680430
  0.51967782184935751  0.52964679716450125  0.53962588447116144  0.54958452213686604
  0.55974692074667431  0.56978209874454011  0.57944834288790192  0.58914181544392275
  0.59926477062839933  0.60959707523009199  0.62017658651726082  0.63001397996206587
  0.64008771878102588  0.65112720967194782  0.66318816858959073  0.67501556571973620
  0.68632206000974316  0.69751088883155099  0.70911223579319327  0.72172174309992776
  0.73488544401418432  0.74667827492273253  0.75716297091082496  0.76738940020712954
  0.77854676792357458  0.79228358627262085  0.80556809274296326  0.81866113107401217
  0.83140812888265281  0.84310800458163915  0.85419068912629237  0.86531965896758656
  0.87661028253064122  0.88923918708255090  0.90301552611551905  0.91804668407677881
  0.93446293237286782  0.94964046771421740  0.96338785138530880  1.00000000000000000
 -0.00036293559465745  0.00956197143725878  0.01881016462119029  0.02909566341492378
  0.03948256336013149  0.04996726243510160  0.06085754942891518  0.07228066211424773
  0.08391984073326125  0.09446286267928379  0.10501313247580341  0.11586945852038641
  0.12670034960364371  0.13637033091290862  0.14609405482765236  0.15606113679589909
  0.16645886127583773  0.17658609664670169  0.18667990990598274  0.19675331282843225
  0.20659212063441967  0.21633655090968218  0.22643691831175983  0.23684652190223213
  0.24711589836996381  0.25690504404911391  0.26715961941530514  0.27797104777180198
  0.28867505063148291  0.29946135064373736  0.30984851211788156  0.32130594695490500
  0.33313179922755942  0.34450845868187335  0.35544372268996260  0.36608617040607822
  0.37691387310426622  0.38791176015482887  0.39960588088807436  0.41191545892870385
  0.42431803187564487  0.43595932990016351  0.44779576374937785  0.45885587380203635
  0.46937799358355303  0.47968453234153874  0.48999708552181021  0.50071848218493886
  0.51146688760567904  0.52092324521306888  0.53045713515640036  0.53961644282297772
  0.54937119093707276  0.55893475162498685  0.56838343317253837  0.57835513879713407
  0.58896630403601746  0.60009242378111116  0.61086267922248616  0.62128956494796062
  0.63178100090586353  0.64258236052478657  0.65290386975075998  0.66317660526983502
  0.67353144691242406  0.68489699488093403  0.69614988732604610  0.70699923895791084
  0.71708054499625795  0.72740360248966429  0.73815196861624521  0.74938173310913792
  0.76053678248378154  0.77138695435070315  0.78214023679984468  0.79294394544581193
  0.80379945976770362  0.81487296955069188  0.82636519047630475  0.83818155315522369
  0.84952100401415276  0.86068662613384539  0.87172796430385968  0.88226219244477866
  0.89224518896578531  0.90199079709599261  0.91153071573246547  0.92078430494348551
  0.93002880161588164  0.93950295472188228  0.94984790806446928  0.95998357978535509
  0.96988567828781957  0.97938412562492838  0.98949769902174312  1.00000000000000000
  0.74577452616976503  0.74799106781373192  0.74868477728017990  0.74899979230575098
  0.74939897279467760  0.74977424809999038  0.75041314729567443  0.75181519331265223
  0.75332602817854422  0.75475472136218358  0.75610298000415488  0.75740050765025801
  0.75873682363663353  0.76012342565352575  0.76163833240972345  0.76312391842107541
  0.76462680041364572  0.76609673151688162  0.76757674021765432  0.76908754626701781
  0.77061795432817082  0.77218986211031959  0.77377925854850682  0.77534744881490780
  0.77688432975595190  0.77837458495043621  0.77990443589132963  0.78152627577660982
  0.78307304726337523  0.78456593839095601  0.78598789692391902  0.78747461135420904
  0.78899500803696243  0.79056852776819719  0.79227713197211647  0.79418965631846583
  0.79607532698407557  0.79790320276154514  0.79968770387171773  0.80137332529055572
  0.80305501148459213  0.80472232378882713  0.80638440790621257  0.80808312471377264
  0.80982874647232728  0.81167519341980843  0.81362678313038783  0.81565428239648785
  0.81760087074626664  0.81950903493960281  0.82152801763955030  0.82354713767906063
  0.82558888348327697  0.82761346784343337  0.82969219147395146  0.83189847479003520
  0.83415651255304180  0.83641923738114454  0.83869522958696952  0.84094652894547284
  0.84327925108318136  0.84559226941568932  0.84804089528606574  0.85053977489840982
  0.85307793944910681  0.85560880694533270  0.85820035948949558  0.86085789109516830
  0.86358604729006072  0.86638812082967931  0.86904417269601364  0.87163155875388854
  0.87421360258581315  0.87703982713844486  0.88004335306200387  0.88291281145020106
  0.88570678822115290  0.88862463003724368  0.89178791888365083  0.89534101536282662
  0.89908715646194892  0.90276014335915800  0.90636249877901864  0.91011389824137889
  0.91413675810680062  0.91852055579883984  0.92333237429706749  0.92820039577863167
  0.93312200204949336  0.93776138257584296  0.94346535371089602  0.94960031686975810
  0.95693330535805332  0.96564840969328336  0.97764314661767315  1.00000000000000000
 -0.01895807284035006  0.13657474316328974  0.18471753535289609  0.21835396807231888
  0.24358916530900790  0.26497277445879075  0.28477906927814089  0.30273284174484211
  0.31860365725381146  0.33259618858424611  0.34601646947317494  0.35847250875915093
  0.37101299938049509  0.38326105746835110  0.39432274604829942  0.40412790800691467
  0.41383183557818415  0.42358683392671875  0.43366597512355026  0.44329469970577728
  0.45237912373979178  0.46064620237244103  0.46881043086989943  0.47695314707846775
  0.48490377041684685  0.49223418112591100  0.49898892806267031  0.50568675878553582
  0.51231780408892325  0.51897840452970478  0.52540828641131165  0.53169671935859308
  0.53827181745151542  0.54477540751295639  0.55101240533773321  0.55683104291894037
  0.56242672350392420  0.56796321687667428  0.57367048645499930  0.57965835806271793
  0.58574094831404322  0.59173226546769486  0.59742591397350719  0.60316923640562781
  0.60884100020829801  0.61426051240637725  0.61971364279355901  0.62477272640518577
  0.63000646754390921  0.63526020309791409  0.64056735077796101  0.64602870653686673
  0.65153248562657673  0.65705950423447623  0.66261297878895009  0.66788247415666302
  0.67336668748196193  0.67823396220646837  0.68337835213520626  0.68822240818532054
  0.69312123673212245  0.69808202836742228  0.70296814958006915  0.70770125185029087
  0.71220183841466689  0.71675334065500496  0.72133845288012877  0.72607648799821767
  0.73083803404904457  0.73560089737351297  0.74035001893838448  0.74510358994407588
  0.75017080545714188  0.75578742109193697  0.76103925259728356  0.76614852780953757
  0.77111981054343082  0.77678253462365343  0.78238040489965111  0.78800005715079069
  0.79366017403297584  0.79951851688474662  0.80579594766480622  0.81251583643923386
  0.81980038192924909  0.82732907622766894  0.83472536999928126  0.84246715351900792
  0.85088387652869335  0.86004709316948391  0.86997823534561036  0.88068856778323912
  0.89324185611781548  0.90929970296615337  0.93595989354313791  1.00000000000000000
   5.6735086117300003E-007   1.2648384325400000E-003
  <DiscreteSampler_grid>
  Helicity
  1 # 1 for a reference and 2 for a running grid.
  80 # Attribute 'min_bin_probing_points' of the grid.
  1 # Attribute 'grid_mode' of the grid. 1=='default',2=='initialization'
  0.0300000000000000 # Attribute 'small_contrib_threshold' of the grid.
  0.3330000000000000 # Attribute 'damping_power' of the grid.
 # binID   n_entries weight   weight_sqr   abs_weight
    1   2058   1.814136463087785E-005   3.118453398490911E-009   1.814136463087785E-005
    2   1477   1.035290567480327E-005   3.139125361829004E-009   1.035290567480327E-005
    7   1501   1.001198871963682E-005   2.884584543224565E-009   1.001198871963682E-005
    8   1956   1.682118613306382E-005   2.603439372887083E-009   1.682118613306382E-005
  </DiscreteSampler_grid>
  <DiscreteSampler_grid>
  grouped_processes
  1 # 1 for a reference and 2 for a running grid.
  10 # Attribute 'min_bin_probing_points' of the grid.
  1 # Attribute 'grid_mode' of the grid. 1=='default',2=='initialization'
  0.0300000000000000 # Attribute 'small_contrib_threshold' of the grid.
  0.3330000000000000 # Attribute 'damping_power' of the grid.
 # binID   n_entries weight   weight_sqr   abs_weight
    10   10   2.220232168990000E+004   6.048502496619999E+008   2.220232168990000E+004
    11   10   2.220232168990000E+004   6.048502496619999E+008   2.220232168990000E+004
  </DiscreteSampler_grid>
