   0.0000000000000000        0.0000000000000000        0.0000000000000000        0.0000000000000000        0.0000000000000000        0.0000000000000000        0.0000000000000000        0.0000000000000000        0.0000000000000000        0.0000000000000000     
   6.1318623964669632E-002   4.1531855301465024E-003   1.6774190049139295E-002   1.5656152023167835E-002   1.4413893979266585E-002  0.13152132928885435       0.13072935025686128        5.5004386555713158E-002   1.6053241246029065E-002   1.5203356156445011E-002
  0.85287497345629459        1.2413984379646079       0.94442988901605829        1.3911459513230202        1.0957537248122640       0.95777922311610941       0.79074132003016673       0.89218094471571763        1.1322302296806654        1.1044711441540078     
  0.11219913441213532        8.4193441903539987E-003   3.3862266728405595E-002   3.1693010436930236E-002   2.9057666967454383E-002  0.22080828461685251       0.23018689549368282       0.11062894717303404        3.1931882368333088E-002   3.0137895458644808E-002
  0.82315353192487517        1.6472960612156775       0.86982459364325915        1.1323742301819724        1.0372141534252424        1.3588695882614852        1.0601308441937611       0.94292483943740446        1.2453488146482303        1.0196574258237405     
  0.15080052625338569        1.3027206131536533E-002   5.0888378237046616E-002   4.7487729865254499E-002   4.3377299973427166E-002  0.26954928984642990       0.26515011605220745       0.14465126819158833        4.5541205010533152E-002   4.6806025151483903E-002
  0.86066149225518340        1.3887803932715765       0.99590991494905878        1.0824308205511808        1.0728797749344634        1.2376106108539293       0.94916013976413516        1.0096679352583993        1.4034220477997987        1.1419004915726834     
  0.18541667262112665        1.7887651298654370E-002   6.7376106392654941E-002   6.2927063752385146E-002   5.7784905316141111E-002  0.30608635077146656       0.29779916475675466       0.18046393371029315        5.8490781235741411E-002   6.2873918718704680E-002
  0.90880669538760994        1.3611023637661905        1.0614906435212248       0.98419520880485667       0.98443159691644111        1.2803960135068981        1.1408694138524755        1.0148810901647192        1.4470033604871353        1.3143107751426046     
  0.21640663903084362        2.2862274703049273E-002   8.5232443678773126E-002   7.8966190595855523E-002   7.3545346318198521E-002  0.33720104156534914       0.32124097412800584       0.20416325789437662        7.2278781543681003E-002   7.8608284597776287E-002
   1.1974235662556094        1.3671868809368288        1.0264184878087526        1.2184630548809543        1.1371191277193156        1.1596675857554368        1.0893252080598743        1.0341663584848844        1.4308357253335713       0.97880968390877809     
  0.24569323955608846        2.7943474339406818E-002  0.10303888880542708        9.4280934908923933E-002   8.8837398483682037E-002  0.36154756201998145       0.34364959317140592       0.22753768538047806        8.5741651837538249E-002   9.4035825067097414E-002
  0.96429671688135954       0.85767407940890750        1.0120922043569971        1.0788399765593841        1.1279269121108781        1.0671750997787111        1.2640113793318275       0.87343467693064003        1.3056050369281658        1.0381564353266393     
  0.27256497567206134        3.3203605158142288E-002  0.12148301506691228       0.10900819448689135       0.10358695110631894       0.38271361062686271       0.36043969110736956       0.24795365733381095        9.9801964052729508E-002  0.10924556242438339     
  0.97337338252189554        1.4324472979509195        1.1264995648929728       0.97452545916827449        1.0393568031513949        1.1204861294723147       0.98740302789566459        1.1947109983142910        1.2349523428952263        1.0268616121042757     
  0.29746407896411126        3.8692028916921514E-002  0.13936318981621837       0.12349106277980691       0.11803956300742220       0.40149045889472518       0.37657055535988937       0.26844531064934585       0.11334239305942269       0.12523403499976118     
   1.0377019951848023        1.0391574234699301        1.0784147316301922       0.97318451906292225        1.0117586971311860        1.1493919804049366        1.0177342527386344       0.96246716172808333        1.4434491759775008       0.94269597491018264     
  0.31985088731788186        4.4466549627935517E-002  0.15699145554526242       0.13949038122333066       0.13274778239253135       0.41910514859931791       0.39122804680907003       0.28628430704358893       0.12702806621642154       0.14124521329924397     
   1.0413689437856377       0.83992874467282597        1.1099620444926697        1.2483611949760778        1.0334548279044364        1.1591873040202545        1.1224456305643253       0.98372207274380097       0.78594218776274904        1.1560019002889850     
  0.34109406475642534        5.1013430767615768E-002  0.17471158446433582       0.15555795737435285       0.14732914194009722       0.43539965595149960       0.40571871536005688       0.30433020271061245       0.14075978105203146       0.15693498368548706     
  0.89010234280562883        1.0810793532170881        1.0173478855595832        1.1139954038680639       0.95900540351252650       0.88048833349829947        1.1832239679086729        1.0588191750483522        1.0454316959182288        1.0885638007552776     
  0.35993010146473475        5.7650075582444511E-002  0.19095081791597873       0.17128399270171116       0.16446496172619127       0.45048194055862129       0.42012322679624070       0.32148051384281467       0.15489051531139572       0.17291025806058608     
  0.96400442469444370        1.0572469939219655        1.1279622222511430        1.1285058003872768        1.1268514896584700        1.2637439674264419        1.2061322360081723       0.88327568137273960        1.0306728088432155       0.96144201514250294     
  0.37865122745530944        6.5354952919004963E-002  0.20656422365552121       0.18676872098530614       0.18155407936042983       0.46501313235022945       0.43371734971751597       0.33873562862762313       0.16974949736944714       0.18893263976326868     
  0.87962599239086936       0.98534023116141456        1.0895398092137152        1.2060921730587857        1.2054159652382510       0.95310300644325574        1.1202365138957056        1.1367666253911561        1.1370338425378488        1.0060743985498142     
  0.39740067938358781        7.2888289252650645E-002  0.22215829796905401       0.20180140502868468       0.19717790733781210       0.47892932955563244       0.44673826563263652       0.35487409760605698       0.18461858124177782       0.20604055681839742     
   1.0366557951074578        1.0370062260307953        1.1374988873961069       0.98478632721652681       0.98211001039714185        1.1815285879482524       0.87391119541472917        1.2613021476260562       0.86069387522338403        1.0211888712465005     
  0.41729646998492398        8.1674572176428928E-002  0.23778076154338168       0.21691600974436828       0.21255474626023266       0.49167061796597683       0.45854099409133231       0.37073679672661175       0.19956078093306717       0.22317741277581521     
  0.90506774102147536        1.0249637291814870        1.1553488115373207       0.86641718514139154       0.96289144543412475       0.95992908270972743        1.0319483575690742        1.2436365473484547       0.97962618344648444        1.0583684049652040     
  0.43679569592813877        9.0385118568592507E-002  0.25286932025877246       0.23140494439991061       0.22777709374710411       0.50387335036810499       0.46965179279075997       0.38791012911173017       0.21339315203405904       0.24176475834938344     
   1.0274706788877928        1.0304317199643327       0.97960835340292218       0.85730348611393581       0.92839525649427634       0.95662037681578560        1.0080164509953036        1.1903226273778458       0.97570269637670570        1.0344253512269086     
  0.45555010619189423        9.9339235620487173E-002  0.26759708677203836       0.24646341088985982       0.24311755863809315       0.51557818762036967       0.48116236212545155       0.40495032515600754       0.22647864064937387       0.25964316753264943     
  0.87138615007530740       0.96191651278607038        1.0901350896587922        1.1713955219503547       0.87323047740918802       0.96367524180247666        1.1893551859730551        1.1822233998481679       0.87338166867489964        1.0289493402196663     
  0.47380274618918211       0.10818838232494508       0.28194373792840161       0.26192547907053176       0.26104400538461420       0.52693523765823391       0.49284747968153564       0.42111330781493778       0.24240482513394698       0.27900520797474970     
   1.2389798784621286        1.0665500761888902        1.0701775668932028        1.0043665055794861        1.0244278077036131        1.1471073442881514       0.96811309217982866        1.1767094405060046        1.0398645603583425        1.1491059269614499     
  0.49120044099912580       0.11701677740235858       0.29636618929931935       0.27679712814062485       0.27842601938180100       0.53795909965962330       0.50291073534574704       0.43643483627942314       0.25857803458306561       0.29814525849312318     
  0.88921428912375244        1.1129473321995269       0.93585875268462160       0.93171716850513098       0.94750124535544544       0.99243251155808421        1.0668662137912848        1.0644039790293747        1.1914714778161266        1.3288881594124944     
  0.50753946369443104       0.12585354934791684       0.31084687541264172       0.29244273367252249       0.29493103782674979       0.54864915618698396       0.51195545620213123       0.44994067525022846       0.27467643399653047       0.31637330926792739     
   1.0951764524321479       0.97394283310955065        1.0267351229507855       0.99556304074504098        1.0379796058047193       0.96948236878386063       0.89693112890472515       0.86065761930461482       0.91123206988299477        1.0627851294372404     
  0.52408861036685273       0.13544065555826057       0.32441835035510230       0.30716688711633439       0.31100994750055405       0.55910119858447305       0.52103198844934895       0.46338723963319728       0.29107023277206578       0.33457589936419524     
  0.93151762779699721       0.94804346858899535        1.0619484639193966       0.86023094133298716        1.2476929562280039       0.93415988213151258        1.0364786196393372       0.98922629162525400       0.93261538073303418        1.0743046966409040     
  0.54097115958255526       0.14536309286853077       0.33815927769540965       0.32378298027514513       0.32813242175576202       0.56962129069511891       0.53006309483595404       0.47560507877942582       0.30800417116233153       0.35253337741845903     
  0.93626532723214650       0.97820056520965670        1.0818056524621122        1.1723612071603300        1.1017942141947110       0.93805946531024942        1.0586850801504566       0.82779282514992336        1.0417995970306198        1.1133910032214502     
  0.55695734321891655       0.15726432905146720       0.35224777616322417       0.34036566433104026       0.34592768758610060       0.58046182428548310       0.53954983569107284       0.48775994407503803       0.32540431528833491       0.37037480852458243     
   1.0944115823315759        1.0436991566624245        1.0756187449457466       0.94104520424538596        1.0349673617374000        1.1566916342551263        1.0873771811119473       0.87083944279688852       0.96868412878071652        1.1311471062535576     
  0.57178517797503070       0.17014468714284936       0.36583309871557712       0.35716733407843820       0.36487469026286345       0.59117509961809611       0.54909104561925282       0.50065884560530094       0.34300929530869761       0.38693374896556137     
   1.0919434436702495       0.86063944784244018       0.95130786908101939       0.94725201106389767        1.2566375860278798        1.0951645745470655        1.0333120316989308       0.94146033106660010        1.1692045015484918        1.0740467259919730     
  0.58675910425589328       0.18218563446444339       0.37906601388286471       0.37350498378809971       0.38440404857121369       0.60158528759635821       0.55800166615137337       0.51392994403037862       0.36101007284787823       0.40365304158050958     
   1.0039761972090613       0.90577164957102152        1.0286564016103961        1.0693068309104636        1.1859308250438436       0.97755836181510558        1.1389607361283032        1.1259188442667158       0.95811875740115204        1.0387829279724068     
  0.60237454559007730       0.19359454864617379       0.39311864421840587       0.38969840505689524       0.39866329886407548       0.61209891592908761       0.56659979723373266       0.52752739028329299       0.37936479834828435       0.41971041411686039     
  0.96962309194956531        1.0055373059307766        1.1135985873276359       0.91309753548046124        1.1162915842851773       0.83035849615633062        1.1234018402338155        1.1265636495480060        1.0763924816889334        1.0248936867793379     
  0.61745678063172882       0.20653597733377080       0.40759281487105581       0.40571838499434171       0.41185976160153165       0.62241906309419448       0.57506589232585070       0.54135768821078201       0.39804795105180074       0.43500054982081648     
   1.0991783876543193        1.0876985948984732        1.0029767799897165       0.93280876184452732       0.99290075927608035        1.1449034134495042       0.89157885475877408        1.0035632900628169        1.2127163319476906       0.93077835939102604     
  0.63101263881373826       0.22090792588292224       0.42208096942180878       0.42430350503015352       0.42735015732974174       0.63185785132883376       0.58340841988738046       0.55402601271798202       0.41574229881707997       0.45007772170683780     
   1.0059067642133190        1.0209695148249134        1.2186716237493820        1.0182384376396092        1.1637777340901103       0.98352022083500878       0.98908508397219974        1.0639195902707099        1.1495793797257863        1.0984150397619643     
  0.64387320062975095       0.23603540388379307       0.43660970386337078       0.44219777151089079       0.44242781300274486       0.64117361989652233       0.59169537654319204       0.56657967200762527       0.43280423803142476       0.46490219771230307     
   1.0277110316538527        1.0354532292816192        1.0359675090947904        1.1283508558880684        1.0934926275160479       0.96391814598928893        1.0904561069382313        1.0726584315277565        1.0011141307181994        1.0163380208782951     
  0.65661470104472963       0.25194827464316938       0.45109024430920069       0.46044485417973535       0.45958159374041030       0.65055026002108163       0.60005175936691824       0.57871931136226784       0.44884186455438174       0.48028868455829071     
  0.88596976392481186        1.3234147002337313        1.1689139615576496        1.2104305651953946        1.1337585161140096       0.82289790086574521        1.2345602511355984        1.1796174783991893        1.0421419810192349        1.2251863175003235     
  0.66885617435889821       0.26916193612491129       0.46539479514285004       0.47855106393171393       0.47632616580026738       0.65982166319753111       0.60832324964964024       0.59054289862741716       0.46533649802868216       0.49564695791435709     
  0.91165770967307391        1.1255842494364543       0.86272831762493363        1.4501820244046995        1.1461125109414472       0.89781176650465266        1.0465166198959506        1.0292458373299407       0.93677558981220443        1.2487862199637918     
  0.68035772781567461       0.28700028981768311       0.47936111190138408       0.49488803524862135       0.49350603098998636       0.66880647939107352       0.61649853668102161       0.60164181359063518       0.48242571276253621       0.51052637546838331     
  0.97687196817149802        1.0845576116108455       0.98174978497927490       0.96693791217479474        1.0763328540974428        1.0705506356309795       0.87764067686811043       0.99208093423406518        1.0428245515589394        1.0745174608746544     
  0.69189488303179125       0.30516361783356927       0.49337945391750054       0.51067131867117133       0.51065304983318227       0.67779167643942384       0.62446004366115349       0.61290742278016541       0.49947992519706280       0.52517203172390658     
  0.99289626090611616       0.99874732104453856        1.0777417017809552        1.0935279780703433       0.94204918959542183        1.0636405007773679        1.1645870382910628        1.1902601540653115        1.0487707689111083        1.1278216699084722     
  0.70320234315909802       0.32355574292044570       0.50744275805779426       0.52609055962602824       0.52681079985563639       0.68667366318819234       0.63211678808796767       0.62415109269828117       0.51747659128868895       0.53939704043794889     
  0.92863311416840699       0.85838747607905064        1.1744812640614930        1.2256985725287464        1.0642056667497455       0.97975117834242675       0.96009152784946428       0.91260440971470536        1.0685647312576267        1.0503552174509554     
  0.71468200411613403       0.34266811376065881       0.52092011466235322       0.54159259661045878       0.54337042009289527       0.69559582942831599       0.63936789744384748       0.63528078593609172       0.53556481897841479       0.55299994713489309     
  0.96313699248933871        1.0124182847692533        1.1725505052930743        1.0233545967046038        1.0135440698578577        1.1235982846542056       0.89129336725673514        1.0375354481331414       0.90386398313935890       0.96287577326262419     
  0.72628624412672793       0.36260570745929310       0.53470388496996846       0.55678817309296968       0.55824403955270041       0.70410076515240205       0.64622762555527047       0.64654078134643700       0.55204527823723082       0.56660480355162346     
   1.0114123768224044        1.1358245466583905        1.2360989607371571        1.0539305662276137       0.95535053522999247       0.95113896311551960        1.0491736014246806       0.90112271480216377       0.88377211493843499        1.1293792273871552     
  0.73761160718057162       0.38294004896280320       0.54786245305253634       0.57178706809719715       0.57272129966161611       0.71237695017454838       0.65310825938892514       0.65783500522083083       0.56834995032949875       0.58016158347094349     
  0.96190994083850112       0.98071901244270232        1.1747937954589081        1.1617394442018047        1.0572515338658228       0.88193408339096901       0.91709498465310435        1.0755111882261990        1.0402438007914978       0.94139186221183335     
  0.74872666847365321       0.40309857129315929       0.56105283082225521       0.58760820190232199       0.58811079033023939       0.72033848235778586       0.66017537840145768       0.66876401441883448       0.58339179331583535       0.59451635747728726     
  0.96494076308252752        1.0401132133999338        1.0851191405506020       0.97883318655778273        1.0161275293805005       0.84974129351364969        1.3319385552043081       0.96011623749921193       0.92379831649843425       0.87157029168049016     
  0.76028961370965642       0.42437285622616638       0.57390216799832372       0.60388320812616381       0.60358655229833846       0.72858752281186878       0.66794474569671025       0.67941284163384297       0.59802926398728762       0.60963471469753261     
  0.93968937161290655        1.0682545772585041       0.92026476071965291        1.0151522778103468        1.0344065853971576       0.96283201328230528       0.92921524886976181       0.96050597769751178       0.85553540891447322       0.92467015021099297     
  0.77213125811931671       0.44553540042802331       0.58742601268003569       0.61941451917310764       0.61989285045513787       0.73631267518023680       0.67539221548192185       0.68987704988886533       0.61297908817556657       0.62466993104892543     
   1.0664960310089293       0.91034338419192307       0.84141449811781677        1.2500758013342634       0.92852494368874039        1.0550764128176295        1.3288786613570427       0.93359271266346711       0.92710175679345719       0.89205649274179744     
  0.78353837387799541       0.46785156688799778       0.60034943245707661       0.63481163947956876       0.63547867040151085       0.74426293888284578       0.68268545962832916       0.70048433993641479       0.62856619320364948       0.63901647295173269     
  0.94042242824249023        1.2398574632800303       0.90190895535371629       0.90613911355113619       0.91667687373529860       0.93587734769009889        1.2634428265799584        1.0113199346272039        1.1208095769994308        1.0324700753682969     
  0.79470323120310105       0.49013058539234389       0.61326464699105143       0.64902039327338334       0.65136641246440363       0.75194966867383040       0.69011856416797701       0.71137983484258804       0.64406504380732577       0.65401176499129143     
   1.2681275212424330       0.89916709187960364       0.95121876555461060       0.92867532325982372       0.90673088253718193       0.98000052872546684        1.0227929701886462        1.0526206550062465        1.0615530773927002       0.84048964099366963     
  0.80542936887024963       0.51227719205811728       0.62659031952112543       0.66248591511874033       0.66737435015980828       0.75986295069921905       0.69763078800026213       0.72275647673810373       0.66000732234046056       0.66954906140525927     
  0.87822052665677308       0.97806601830032325       0.86250619868628020       0.99643235757082205        1.0097987933650929       0.86564966335636295       0.99039993433267803        1.0249576469291666       0.94252968169904072        1.0700691338945061     
  0.81549800840871245       0.53505249513314934       0.63985389254515346       0.67435834029239750       0.68324471105046158       0.76817987341680349       0.70529632420798560       0.73443364105290210       0.67426747227091133       0.68670275444614681     
   1.1134429657519629       0.86986373509517212        1.2438268415109490        1.1048055740260754        1.1466609635665514       0.96500550173956945        1.0798957995784275        1.1453255669039371        1.0522362252294784       0.97953287792387622     
  0.82553930070276182       0.56090419965107774       0.65300238724605442       0.68593320358479692       0.69935983306604754       0.77632166079830045       0.71251975805170575       0.74608349809896024       0.68798711533127521       0.70450647061337379     
   1.0670105524604154       0.92711057819713871        1.0192362000928346       0.77042376536777180        1.0333053522395343       0.87856829496981592       0.95074195951820384       0.93497453321606172       0.91508396988943930        1.2857659120191118     
  0.83543215300044804       0.58761247297551178       0.66586351322531101       0.69994482999880792       0.71503501899769373       0.78468605786594181       0.72004901134664190       0.75781583750575598       0.70206066952375235       0.72140520251046669     
   1.0965815015908806       0.96291074438285473       0.86092114093668592       0.90139006197875382       0.95643078134330106       0.96742467858984305        1.1261829668097323        1.0356865611335941        1.0001079280998681        1.1980471760434399     
  0.84510242667201285       0.61611128086745781       0.67848011649389406       0.71593881355574496       0.73112288426670713       0.79291740264909816       0.72751287246208507       0.76929494909517115       0.71681293089008313       0.73764578237844713     
   1.0133462477312862       0.89758923504180621       0.95771172005447935        1.0545682765632067        1.0856544379201101       0.91637608224970579        1.0416830950000304        1.1157806749328063       0.99615962436841243        1.1486652723013435     
  0.85452011858678223       0.64453330922055152       0.69186094507797780       0.73283093566228119       0.74588483846545583       0.80178918871051263       0.73535467674024724       0.78072526217748017       0.73351241166694992       0.75315955715741756     
  0.97070399742719526        1.0307816535826908       0.98470233041940580       0.97676733504878810        1.0154034484818975        1.0006748163925008        1.1190981017440178       0.97447891574833201       0.90946377894880304       0.93499952454870361     
  0.86396677963625124       0.67257760517366283       0.70548370653934700       0.75007708481734003       0.75959920054533470       0.81051041886591602       0.74312283089878750       0.79269357606204760       0.74936707637836386       0.76856777587302894     
  0.97932397391409942        1.0274528829700322        1.0882924350373273       0.98289640201126494        1.2155082114134510        1.0806591666567846       0.92358218410268111       0.94030724215819084       0.94568861049489761       0.98873916507107196     
  0.87297670712101494       0.70112209342700238       0.72041112705497090       0.76627859232444684       0.77284850609559452       0.81822802243444148       0.75060235471122616       0.80480424616360002       0.76913088629903781       0.78512736978404174     
   1.0784625406083275       0.83466992109918881       0.97314781990734034        1.0933070519535011       0.93116223450767466       0.92924924811253184       0.92667536342955181        1.0358278579721036        1.1445308855372207       0.91927279809555462     
  0.88226941688857241       0.72947260038954609       0.73602271050326573       0.78247792284920326       0.78619528210223488       0.82608297209749504       0.75801326360572097       0.81846385685997358       0.78780585463180586       0.80259415310081861     
  0.96676084053279809       0.90283891110292702        1.0779641554547785        1.1777227578461500        1.0379875927003979        1.0045389610725739       0.96469352685909426        1.1073489711581956       0.97579949907224062        1.0699618149408450     
  0.89137852539237061       0.75743833369778302       0.75272578958801362       0.79872855377284435       0.80106210272386513       0.83421245971962377       0.76545400961668741       0.83202302711286846       0.80530345311400375       0.81943758278550283     
  0.96647531182367374       0.94261692094534255       0.93834994120924409       0.93253223564419130       0.95490413027716770        1.1190382776482781       0.82821592160610813        1.3153121361070028       0.94288679104084128       0.83042666598708914     
  0.90029536359649009       0.78596475122994824       0.76959620009992602       0.81454546355036717       0.81688918333420546       0.84229334720678595       0.77307198160539914       0.84507215113989143       0.82231951423582728       0.83544878154569047     
   1.2670426854542518        1.1483722785768842        1.2196393994650556       0.91803507472187262       0.86272270918458160       0.93695453452229638       0.95079737569639577        1.1003109213622149        1.0249994677356584        1.0418180742222309     
  0.90911020865683645       0.81246697075953822       0.78769460927576695       0.82947751879332998       0.83162401341773640       0.85022284705008255       0.78065772875452655       0.85796711111151713       0.83931682211592962       0.84963791379519160     
   1.2261164128207527        1.0691971081905574        1.1500733091813249        1.0883355775322781       0.97792928526225664       0.86220170385691508        1.0494498466283289       0.89698472382500016        1.0083308674238807       0.92641837660248483     
  0.91783038331102762       0.83803710778726936       0.80595214832174911       0.84447991412557244       0.84596637809514630       0.85839570856737168       0.78824866406076577       0.87036934867283267       0.85596778642713622       0.86288564888361330     
   1.0281273326372997       0.85639399819722073        1.3366459265533017       0.84702616414457643        1.2504347449478277        1.0572591263055215        1.0326648518859307       0.94124635188797856        1.0991427337064574       0.93323683772749566     
  0.92641803531094358       0.86262106429243968       0.82471336862447320       0.86049138989385665       0.86151619339383734       0.86710318151479882       0.79622421124901166       0.88253567825345181       0.87129918421871300       0.87583290673663816     
   1.2244481087143968       0.91387881989058894        1.0578174186560549        1.1958098619251460        1.0405233963051155        1.0195769856250756        1.1603749957009979        1.1055460422346728       0.92180167684271674        1.1070532729109681     
  0.93486628019941842       0.88742215403289448       0.84345381516541784       0.87595373608788785       0.87750239606952429       0.87576664396167392       0.80441164982323810       0.89469779898155388       0.88715545381900596       0.88822462590648743     
   1.0408089467847839       0.96043629955499321        1.0011400168129005       0.94005867480732219        1.0256570784271493        1.1679241618746088       0.99866158663844418        1.1151654598842911        1.0193538395874286       0.82424906126552200     
  0.94317979685761755       0.90480187750213248       0.86433153487460901       0.89172346925092794       0.89362801259307134       0.88680322139141821       0.81367193302739271       0.90660806924927140       0.90217377525480535       0.90119388778852294     
   1.0226059860376611       0.84343513640812506        1.2349413082980409       0.97894808988446058        1.0635884524241377        1.2538684617851459       0.97678442692602041        1.0918821162342105        1.0125749855586359       0.98432478293164349     
  0.95147610377025360       0.92188010206571536       0.88531905081024820       0.90692038872875458       0.90975225285894001       0.89759061826540210       0.82421552992328562       0.91849770083906601       0.91732044439305671       0.91443877889336211     
   1.2011411998818968       0.93208647811817935        1.0198190013535302        1.2361349436063076        1.0794381729454976        1.0110158279086889        1.0500307482715536       0.97533210147665161        1.0608507372718179       0.99787997909512061     
  0.95950074722081402       0.93770345075469030       0.90499682851099739       0.92196031309000381       0.92335996318453806       0.90752366330978695       0.83627761841546744       0.92946162252732534       0.93111824346577576       0.92816556050002574     
   1.2848231960307659       0.84269481565891180       0.89821214984734643       0.95013633719282020       0.97067473990529229       0.96649782947016971       0.96465009505935440        1.1478068388384071       0.94982587302471999       0.93413798471728049     
  0.96729263580656211       0.95230250948366291       0.92498762774867238       0.93738791714274616       0.93733517785982490       0.91805718371042166       0.85004939024348081       0.94088791273965000       0.94482710705800499       0.94211875692094615     
   1.3851612957058796       0.88246479667435962        1.1463797760839247        1.1235094633719507       0.81163390995446527        1.2996807533691754        1.0345251931049335       0.99654065999448982        1.0038104631633005       0.97802511837177886     
  0.97510375062590771       0.96499871323356634       0.94262740514943566       0.95399877249682852       0.95380280135574924       0.93306269285004761       0.86688625811378361       0.95503035788584667       0.95761990646019057       0.95733571959416408     
   1.1710185710750609        1.1004509151958832       0.83747347449059206        1.0551347043990429       0.99044797308919330        1.1978164125243973       0.87811290917463047       0.92950813220467909        1.0156233088858864        1.1852891412121977     
  0.98284596022153314       0.97745590453645448       0.96118554678306278       0.96992149992752208       0.96965475524879796       0.94897294906216367       0.88654144625141751       0.96922446763836612       0.97052887904048923       0.97278451557891255     
   1.5235115667734349        1.1042590974415809       0.99440227400847003       0.90907534590654970       0.99864494066015930        1.4852443280498866        1.3588979488589579        1.0517857118279492       0.92029260058067752        1.1529572782103699     
  0.99110205505589855       0.98880291290268951       0.98045870694159210       0.98499897279254134       0.98501333888938292       0.97330665874105393       0.93151206024411792       0.98440369512286563       0.98535762529566961       0.98668055586415293     
   1.3628033349387219        1.3032267457690405       0.88423060203329407       0.96902439581626532       0.98191885299441839        1.5336831887879765        1.0394562080115715        1.2255829955092938       0.99721724960246405        1.0270309659813368     
   1.0000000000000000        1.0000000000000000        1.0000000000000000        1.0000000000000000        1.0000000000000000        1.0000000000000000        1.0000000000000000        1.0000000000000000        1.0000000000000000        1.0000000000000000     
   1.6164103773207179        1.7157327284079777       0.86517991559360075       0.95479648449910459        1.0945297990656304       0.98588939203910908       0.82010519993768738        1.1694564275494046        1.1039253159475961       0.82010519993768738     
   12.324440353602686      -0.43208545359033657        9.9773003901876489      -0.18879200075047406      -0.82671146094999348       -3.0708665041908145        7.8411774650714730       0.20335218079224426        6.4571112550840892        4.1693250336540881     
   10.415659272067131        1.4189200470847283       0.39638950319380994        3.1056068714631095        4.0426419922387025       -2.2764686187268786        1.6411260431912684       0.81843648721401252        3.8533753158603083        8.4088088877400047     
   9.3291615541730142        6.0100063603593528        2.1929270693095795        6.4809519637193128E-002   4.8459778013298935      -0.19750097990211912      -0.51072655944691236        1.9384192342094835        2.3289908317470442       0.88702014401010354     
   9.5234367077036204      -0.33553543668415198        3.7004536926531948        5.1934708853494573        4.2024658514505422        2.6178340000059990       0.25503295709859386        5.2391105388176618        1.0046387524312739        4.8165681410720698     
   8.2880868525421327        4.3388720903640694       -7.0601327488454615        3.4021760150570439       -5.0433811767710903        2.0690745004588025       0.17796511064147424        2.0976921281012735        8.0037535596281764       -3.2375477888039592     
   6.0693309617149591        4.3930661126768031       0.94660058153249127        3.1880902968685718        3.9332217251855055        3.8947942748594797        3.5263395979846841        1.2495301542474475       -2.7593096649945297        1.8870165296094088     
   2.0287310363702513        4.0503165601717814        5.2873625215907394       0.63616304861134898       0.86325184741964867        1.4023604184092306        4.2329082997854464        1.5613191415272563        2.3456554597883961        2.2528946482921657     
  -13.774231934343428      -0.26940682187018494        6.6455361086005018        1.1927693155416614        3.4357002044964164      -0.11281031408438974        5.6165038366409084        2.3123338432809497        2.8568058747368772        1.3769705074671241     
  0.11160103248055687     
           1           1           1           1           1           1           1           1           1           1
   6.8511823462812135E-002   3.3325384965154234E-002   6.6545207648461527E-004   6.9595247902137629        2.4535583634936646E-003   6.3973331489817579E-006
   7.9769598661809686E-004   7.6785457771006490E-004   2.4706563893601172E-004  0.30631683120242181        2.4698073097606467E-004   5.3752952802672813E-007
   1.3717864996553307E-002   2.5367949737027358     
