   0.0000000000000000        0.0000000000000000        0.0000000000000000        0.0000000000000000        0.0000000000000000        0.0000000000000000        0.0000000000000000        0.0000000000000000        0.0000000000000000        0.0000000000000000     
   3.2621268361864681E-004   4.3315011898902072E-004   1.0347294247603554E-002   9.5235806709631429E-003   9.4521056668087598E-003  0.93201294668870716       0.14660183450625158        7.1791224109721122E-002   6.4029812127688731E-003   1.4482369663121502E-002
   1.5920086904794859       0.96398643508930004       0.67062367813502510       0.68520270227357227       0.67826655245497669       0.48858053226530079       0.56771176617525498       0.52847607631020788       0.85401184170270328       0.67253196327836418     
   6.5242536723729362E-004   8.7389809430294914E-004   2.0407317309643066E-002   1.7698955002950264E-002   1.9498101401249336E-002  0.97593362733273958       0.20227935455244986       0.12599818461499962        1.2582463421616711E-002   2.8684025118171180E-002
   1.5388200337881364        1.1268045315169009       0.69913311406890966       0.82942811903238256       0.91119612615403589       0.48858053226530079       0.67515499976258764       0.79139015974194438       0.84622230550070066       0.81421294928488086     
   1.0048405573436501E-003   1.3460604417820038E-003   3.0461869942358069E-002   2.4186226300000623E-002   3.0094950945555934E-002  0.98219496640380277       0.23678733940440574       0.16702070343013253        1.8687094883121695E-002   4.4185553352704202E-002
   1.3434209313068235        1.1785361209556067       0.62247797857463028       0.67097250516951668       0.76667465530945589       0.48858053226530079       0.76562678478192503       0.80005871879723212       0.86381084023718901       0.81468589026092830     
   1.3635546941843349E-003   1.8942966465579640E-003   4.2394524519774053E-002   3.0940445201455721E-002   4.1470484856530529E-002  0.98468704148887509       0.26085972158010928       0.20242141630628066        2.5123172770412747E-002   6.0894674199388016E-002
   1.1629095378918466       0.94586854081062521       0.66175787738507563       0.72350450069117311       0.59859826894542267       0.58921961721366134       0.71198607276024706       0.68192311437201869        1.0537743467647585       0.80391649163776435     
   1.8165840860305084E-003   2.5249426343123302E-003   5.5643080526573116E-002   3.7996241400026186E-002   5.2825309443284868E-002  0.98642472587868701       0.28173323617626894       0.23079176373252414        3.1900715672113659E-002   7.7260668841545269E-002
  0.99219862955991389        1.0668709185830045       0.61083103627455027       0.75832413834137646       0.80600397441507721       0.69095721504105390       0.64468587737369565       0.78593743787340364       0.89322965359137452       0.73269945868704556     
   2.3061485388474723E-003   3.2065709018918327E-003   6.8992004690619391E-002   4.5072368908040492E-002   6.2885229073247520E-002  0.98764524598563652       0.29431481678195093       0.25227770624459356        3.8791915505064049E-002   9.1763944835032599E-002
  0.80710247707208760       0.96514325184552430       0.68546749096612980       0.65986761617313539       0.75738243412630946       0.59364651807729774       0.56802221508274597       0.65618685842958058       0.84868532337000135       0.69173242998372841     
   2.8555143532919200E-003   3.9701225916476263E-003   7.9549734802451019E-002   5.0890512583751248E-002   7.2239375313768395E-002  0.98839695438286979       0.30407655376144205       0.27144616909208336        4.5073894573201878E-002  0.10590244096462055     
  0.78528993666579627       0.69368557085185745       0.76128023623517704       0.68883223599870391       0.61312262261692219       0.66541295038345172       0.65713200390287718       0.92883483552989277        1.0266341843832851       0.79736412196154605     
   3.5100629959450881E-003   4.8610837426900826E-003   9.3730447803783201E-002   5.6631812083982346E-002   8.1878487793575941E-002  0.98903446656985949       0.31158284334657094       0.28952051295515424        5.1957866773759014E-002  0.12113243159896574     
  0.83990216091670533       0.66344697914379835       0.62049021716593689       0.66533270850872228       0.71006483733734027       0.68776132999096351       0.57033445189212117       0.89856346564789769        1.0703986840319213       0.62805965281313714     
   4.3797756904426742E-003   5.8994958991526120E-003  0.11413486842675191        6.0903563497541911E-002   9.3568723532166623E-002  0.98968987806759956       0.31819907866830177       0.30708693787522751        5.9040357625143584E-002  0.13606534215925084     
  0.81227202835361434       0.87446136077012282       0.82154961400724791       0.63042969009825078       0.64435008223432921       0.69807442765945527       0.61630428865335118       0.96822889315811322       0.74563105627527992       0.61144521654904316     
   5.2136411926153089E-003   7.0802494414829867E-003  0.13499577823608508        6.5480534307990418E-002  0.10649621469564842       0.99030178563005011       0.32544500415106359       0.32464307912739399        6.5979041026174731E-002  0.15045016876621931     
  0.81690602366823029       0.73671667634916249       0.73173118592300401       0.56404485624035261       0.86281207959645934       0.76135956140913563       0.58584151609259305        1.0632558791003131       0.87422256768362039       0.60354424877977120     
   6.0540162425592164E-003   8.4159471615254181E-003  0.15384858356098374        6.9607928372580730E-002  0.11932705800208683       0.99091919908361215       0.33327210124415757       0.34273932654807426        7.3202095347295160E-002  0.16197265570775096     
  0.71013811777009805       0.77997566843732247       0.74286597215214556       0.62402321171537301       0.70639385709523705       0.68219561499152170       0.78540726025036656       0.83783826343066214       0.88922865172153631       0.57791683049978115     
   7.0920533021108347E-003   9.9189917101102313E-003  0.17140546281712429        7.3059064516355007E-002  0.13190661381015445       0.99136368787296480       0.34213638030112714       0.36265931848436728        8.2372954437932702E-002  0.17114840852725954     
  0.58260066650189835       0.81709734407752055       0.61653052039540868       0.56010112407886625       0.64807600657196462       0.68483557856899113       0.71280707379051222       0.74843880182946843       0.88519698790479751       0.55522860979899236     
   8.2516657322640567E-003   1.1557432348046039E-002  0.18990855132535728        7.7078799279647101E-002  0.14342129248339236       0.99177994919298873       0.35061916154327050       0.38281815769771477        9.3116828849608341E-002  0.17993227807869222     
  0.69838182882309219       0.86844195940870583       0.70093926761206748       0.53212416559673414       0.64703448149146581       0.76468866336186081       0.59719256383487329       0.85099324889885852       0.80130690248609004       0.57171663129338135     
   9.4775052316269683E-003   1.3250060702294161E-002  0.20837220169641552        8.1769891008245527E-002  0.15503942240957164       0.99218972504528424       0.36187067259244310       0.39853047147193327       0.10363326796994993       0.18990912441440005     
  0.67750373037262268       0.91084400874723503       0.72607164703211036       0.60791660296001981       0.85062011259535497       0.65930239532799517       0.64174722407297569       0.79109676683794727       0.97476577637036110       0.66955901484477642     
   1.0853132928056550E-002   1.5323533917483863E-002  0.22621616070906234        8.7167066393601306E-002  0.16791538102396725       0.99251467928510861       0.37283718142072914       0.41452043173554970       0.11605938058957978       0.19984932581179016     
  0.77887403563912272       0.79335640620578785       0.79389044726104530       0.58767951954092990       0.84532788607029619       0.67397379233452803       0.62804066110052170       0.69186056219276637       0.85702268840971974       0.70646091822188928     
   1.2459743398364106E-002   1.8044193981439367E-002  0.24127555730433581        9.2496032657795463E-002  0.18148118706315242       0.99281010397249647       0.38407142292291224       0.42865861638756120       0.13144757871523341       0.21415077247393940     
  0.81167492942902764       0.78949824238552346       0.76671200841918374       0.60726342738539285       0.67332959366064127       0.63454009045405180       0.82529930225601800       0.74087822376164791       0.78729192100356693       0.76298872313503086     
   1.4143409523875045E-002   2.0934568060391193E-002  0.25638690296725797        9.8519832124293175E-002  0.19558793522098056       0.99310879501918459       0.39271751874940714       0.44029489112617104       0.14822516587834186       0.22933086200831548     
  0.71508752814416554       0.95398807873847347       0.78770574824819739       0.67400098558050481       0.76069088164394405       0.68886647527824219       0.64448203637689327       0.60535456610304272        1.0312042233618961       0.64259299384617796     
   1.5697484963763945E-002   2.3854628752300568E-002  0.27148091758143206       0.10765756977808535       0.21105764589267614       0.99340021410667489       0.40111462053755986       0.45118490207917550       0.16475887030168024       0.24517143719114948     
  0.80923203147979750       0.67683743588556367       0.65438518975721927       0.83824087822632276       0.83553277357512090       0.71870313311242096       0.66665709400210560       0.77244894221170046       0.81118158204536062       0.72583058898910846     
   1.7591303797957255E-002   2.7046381238671115E-002  0.28598009692194526       0.11603617541888919       0.22609650403745526       0.99368357328784518       0.41081261326455648       0.46184881686172929       0.18201291980814974       0.26579671595925763     
  0.72090224645324685       0.82521802278697920       0.70005519890844459       0.74512372732656018       0.66923419882242041       0.86899642166693214       0.64147405039646765       0.75427726081220314       0.87236917404385350       0.76918136538424087     
   1.9638141552440772E-002   3.0343840348227614E-002  0.30159443010008269       0.12571094847782155       0.23951244950492789       0.99394570332670296       0.42065378942389564       0.47198305899623211       0.19992207144528154       0.28513369707160868     
  0.71419530067495085       0.74112050025868581       0.64409724775429722       0.81205183232037736       0.78132970222501963       0.61448761535665397       0.62329445071847878       0.60992111174873043       0.87574959931747154       0.77858317834265456     
   2.2164787651313411E-002   3.3951207150441219E-002  0.31914681955155599       0.13404279119795418       0.25498950696599804       0.99418532778823021       0.43096290669898507       0.48237987363652463       0.21838709979575763       0.30379633748491941     
  0.58520687898016355       0.65610171142109297       0.84711979863107478       0.66555985501145865       0.62399154496953790       0.74870709331200824       0.68540550769272557       0.66176151504727410       0.87863505738959480       0.84155772550991970     
   2.4688508302250931E-002   3.8257378527725101E-002  0.33506137822440041       0.14180592634129341       0.26772450245011586       0.99441106834223847       0.44170251220610535       0.49397931249499449       0.23613120595755163       0.32147836038887218     
  0.80768019353015519       0.64810646534111771       0.65585560617036420       0.79287717648747935       0.61161895921220555       0.83019015065632862       0.73095578272188533       0.67980335942988590       0.83940676188261221       0.61391532748803501     
   2.7087821893677512E-002   4.2281697373066016E-002  0.35098628651590114       0.14869444553252076       0.27861916693193034       0.99462708867801530       0.45112302797395137       0.50819949771433381       0.25219036620646246       0.33915874498801063     
  0.84160139139180690       0.77484048569143349       0.62992823361795192       0.77583211110064243       0.56123165369672678       0.70825863589228466       0.87440339978670389       0.79789073436848179       0.87453339934358243       0.67451911950794441     
   2.9600690119517659E-002   4.5706702089614755E-002  0.36888245780670131       0.15400368338911583       0.28881443127082224       0.99483785700194904       0.46052788872602701       0.52101671799126625       0.26923947491948785       0.35646468169471368     
  0.77018444769170014       0.65751065252262053       0.74955164104213856       0.75941605266167422       0.54513365184777651       0.78833814435252814       0.74260463623620254       0.82586469762721415       0.69385813198073543       0.69702368808070825     
   3.2109881193828689E-002   4.9675056329956432E-002  0.38720265439380852       0.16120614324322424       0.29918095442173737       0.99504902473298640       0.46924010918529263       0.53014691186205543       0.28438388435761763       0.37502048849253961     
  0.61608605106931336       0.76582744779277845       0.73360868623851161       0.70785039053983889       0.70163032818664672       0.77324424711619244       0.76482410542902268       0.73773168499666419       0.69300636823127193       0.68813108572839887     
   3.4682929952578545E-002   5.4475279204501841E-002  0.40543856012718427       0.16962509791382099       0.30927326049297260       0.99525681359716012       0.47757791644559361       0.53792165967422667       0.29873257462767899       0.39294974775352448     
  0.66264443782960236       0.57766195518673025       0.79398066644278742       0.80442202067154167       0.59095846011389797       0.74055186789057792       0.66487965777385816       0.61630294166417132       0.65546111354284431       0.73677549587109814     
   3.7173510557996989E-002   6.0589763339753931E-002  0.42411620553453533       0.17748419606681040       0.31883144793334134       0.99546290797943282       0.48566121380740712       0.54518130193120629       0.31574496673658026       0.40978994779962236     
  0.65163913405659912       0.58816093106610401       0.72545746803179312       0.73974718915002635       0.67361329694883154       0.86879063958980884       0.79026443196073470       0.62301260728369845       0.60891630488343906       0.77276817195611403     
   3.9282986470505203E-002   6.6049153831505669E-002  0.44174127270895791       0.18763846702911235       0.32899301374216050       0.99562460225982319       0.49386332095801189       0.55244631820788725       0.33389162910483050       0.42680674681070896     
  0.57664414967722000       0.73872138339966420       0.68960216352486370       0.72857900386455010       0.56898216430280690       0.73709966173281105       0.77352890520649442       0.64967745164247370       0.64074126909477713       0.74017609705368848     
   4.2065799993895023E-002   7.0663273878692048E-002  0.46002993017267363       0.19772095489426492       0.33908456392019115       0.99578390643577452       0.50261752689860550       0.56059829742276823       0.35059743217583289       0.44490859736134852     
  0.64019137875683718       0.64156068043916825       0.75281719124171731       0.95742003176254642       0.59313902567097920       0.71015576299176397       0.74838791325708465       0.68385521382325221       0.57456976186385522       0.82878936182882923     
   4.5095539055309851E-002   7.5356495135460680E-002  0.47923731982458928       0.20857196516094781       0.34996321292219440       0.99592989108186425       0.51197705398282767       0.56753482336923822       0.36536003242509352       0.46359536731746936     
  0.58283618850950669       0.61754613147904469       0.96372748800215935       0.76085558365269468       0.53389291058145960       0.77545624243748001        1.0665249749072352       0.51480564370415760       0.69276023283223409       0.72217213745022313     
   4.8261163796438113E-002   7.9786010745902164E-002  0.49881172486467878       0.21922342238483727       0.36373002483121863       0.99606313136847058       0.52317332155496765       0.57270304209147171       0.38155543630373612       0.48350841923380516     
  0.74349195145847091       0.52226411456867350       0.79338399234219115       0.85561174851476163       0.61972640966913883       0.82256192083814339        1.0054309805024062       0.56005672883802771       0.62708228444859571       0.65570242473925378     
   5.1282898606362266E-002   8.4920105988222541E-002  0.51591308231258604       0.23058600089747908       0.39230182179551881       0.99618722910400836       0.53361574863909389       0.57753311944449648       0.39625955881827435       0.50585928249296785     
  0.73517091045201188       0.60531142689803530       0.78222297058918466       0.74731773499326093       0.59796854008947808       0.57711893486045807        1.0832132220723649       0.61977000284804229       0.54357682372025373       0.99441652935175495     
   5.4321453000952896E-002   8.9740718331088543E-002  0.53337940796357863       0.24391699227416988       0.42195863768331443       0.99629583655269272       0.54377832534036374       0.58326841859219858       0.40960490301349378       0.52960220763760768     
  0.59611494822999744       0.58867207783986497        1.1198393293131801       0.95624352496461418       0.84563372202838949       0.61856481034035016        1.0459741531927458       0.57487478128096869       0.64353514682147839        1.0639141276212976     
   5.7456490167156024E-002   9.4738277417830447E-002  0.54743255768497967       0.25755101740111203       0.44915456549673038       0.99640582541852207       0.55377348870721965       0.59043924244543922       0.42130365560082039       0.54885951281869849     
  0.61138907399777642       0.56599102116915512       0.65955352028550951       0.85062103251511090       0.73354736028027268       0.85766130786784789       0.74916311155773196       0.65136958729186223       0.57264455328742769       0.90279514927355331     
   6.0551573833856634E-002  0.10027099271727452       0.56090220634538346       0.27109826958586541       0.47569654488936741       0.99653022126419843       0.56308408137265731       0.59843372591069877       0.43635878177006510       0.56606224168538410     
  0.72286341964281087       0.54595731857550311       0.77805330806030015       0.67098585630527174       0.67761475312426656       0.77591887908137969       0.71923211866004932       0.74235573268845023       0.55223205186354285       0.61035718913518311     
   6.3714447671551488E-002  0.10633276049934218       0.57030788712914093       0.28632018468066267       0.50357758629887917       0.99665571987208823       0.57297603924484464       0.60746561660957110       0.45307383042606963       0.58534763840809145     
  0.56677181298257073       0.71176291303610140       0.54773479040608963        1.0151482555827338       0.73776226833990288       0.71698296578282938       0.90279196054050603       0.59326196656485009       0.56123165369672678       0.87580039828105183     
   6.6008178674078016E-002  0.11232863927753366       0.57757200124782226       0.30235664708681897       0.53406500662370515       0.99677818277094477       0.58346810327651621       0.61700489312148266       0.46670963132557808       0.60700035446483236     
  0.59985955220036014       0.71611218176993108       0.49507729444203469       0.79189058169097326       0.81865777904368375       0.62844437050847846       0.97614861267558450       0.61613598744317521       0.60294634182353113       0.95448787498363896     
   6.8466686944111232E-002  0.11811193929723351       0.58308593990154167       0.31841136125471292       0.56348673317196984       0.99689941144315097       0.59338139281988778       0.62683041956063423       0.48147622294431591       0.62951667798986977     
  0.76757990451937153       0.64024953584217803       0.49694371917602215       0.87044335491115932       0.81133466964965462       0.71360419476581705       0.94565138812244076       0.69880271235214875       0.70022921788938985       0.94899536963574826     
   7.0983915454048474E-002  0.12387819928580140       0.58973865545655679       0.33375585573170946       0.59137015836134510       0.99701977699242561       0.60204840753018718       0.63715508523923003       0.49698949525520292       0.65308954579758172     
  0.52052873804645017       0.54087954460456145       0.57702707408893394       0.72716839349047480       0.85645073639056546       0.75204420240649672        1.0614377331659299       0.68512355889601673       0.57196705943233472       0.79845733419603504     
   7.3948191157358997E-002  0.12916409752341165       0.59812931652217693       0.34774976811346703       0.61978952541996712       0.99714103794762021       0.61108932859294440       0.64712417866567506       0.51291467471263208       0.67903270848902586     
  0.54455270185441484       0.54823608694524795       0.60071885069733966       0.84687319188088084       0.63016489211217230       0.81861990732113044       0.74459735534425475       0.69131633936279802       0.57375405199845797       0.89667866133536656     
   7.7743638367431867E-002  0.13800712481961933       0.60877022196274588       0.36299154462954558       0.64756624494654691       0.99726049400325401       0.62075320270879863       0.65814234662386051       0.52940252929109310       0.70422202021367653     
  0.73183599327622728       0.73637626365695352       0.58135173137142937       0.73582722743796602       0.74390110279680932       0.76575887160007650       0.80744608525268879       0.75717108432079050       0.65166887832669718       0.77878855378583378     
   8.1745430849136200E-002  0.14661696711921551       0.62038341782773154       0.37653134455000598       0.67308635281886320       0.99737695593997600       0.62870451598066635       0.66942982829849984       0.54245249065924028       0.72548774202958299     
  0.70009603474102244       0.80395682676537783       0.56849949576295289       0.65462132286481067       0.70149261101417937       0.72510781712634609       0.68992526860126602       0.71634418488573248       0.60718881479704767       0.85444766532854632     
   8.4966249692327814E-002  0.15500931577359620       0.63355007849181277       0.39016353627014122       0.69712210480335801       0.99748972661008140       0.63692823745132199       0.67884044700425417       0.55622490576952932       0.74667151130635390     
  0.58027983088614388       0.80903431660927361       0.69340686164551368       0.94026997126282186       0.77109704389177758       0.77863149655983965       0.64686446563192290       0.67053052982929506       0.60666298347656455       0.72171816120272669     
   8.8571041870391984E-002  0.16333524812697683       0.64533580515090194       0.40580164734116292       0.72031114673574237       0.99759793820000608       0.64606288773021547       0.68741663385939389       0.57168457270532325       0.76672848930443482     
  0.63663033288334214       0.61226577705790264       0.80589302599596291       0.65066138580172195       0.58587960672284001       0.73599309355779852       0.79182299019909796       0.64727286741572443       0.68484940410512785       0.84529544415584823     
   9.3462674786393876E-002  0.17319953234851951       0.65624476272293508       0.42222549853471797       0.74222402782041108       0.99770181018567161       0.65564585987094215       0.69635282895967565       0.58736201403537824       0.78219309846419804     
  0.73642433391445095       0.74317253018181884       0.66245830229440483       0.69424011389392770       0.65226239263080144       0.67357603845606173       0.76907784237177168       0.69560211699021524       0.55779644087437907       0.62935215932730004     
   9.8494155259165980E-002  0.18423520377941632       0.66659443626938653       0.43920354871654171       0.76135533320545523       0.99780501000319133       0.66505991719751445       0.70592402605263616       0.60139881097774694       0.79631342830039131     
  0.63224113388267544       0.58283662281428950       0.53002710630470029       0.70733354664952941       0.71843648060036958       0.85157873947206586       0.78457249100960069       0.65146463974748059       0.56953055856403711       0.62352200375619005     
  0.10410113241247895       0.19685210425866775       0.67676815954097658       0.45464037094691334       0.77677985562031038       0.99790669253840170       0.67484048077382075       0.71523696794047387       0.61904029351190371       0.80994085703901086     
  0.56955537477306650       0.76106840412661592       0.73890811185973182       0.66499710901638098       0.63100256149792799       0.78617139115545698       0.55366401146196420       0.62963234435861604       0.65400547054152902       0.64609794929161879     
  0.10985988125378481       0.20906984385587393       0.68964341287262088       0.46976192740906553       0.79077373618429914       0.99800811860118432       0.68557035840698322       0.72279846917569546       0.63752584607946183       0.81894864478018181     
  0.53267213423045034       0.62670929948354115       0.71579746096074437       0.66645950667198262       0.78129360786649027       0.76481273366865898       0.88967898172465720       0.61705036924379386       0.57923480897698432       0.56273472989711038     
  0.11740132189969779       0.22122563927467384       0.70239679981050751       0.48570973361185543       0.80449766979313087       0.99810664371583657       0.69695893395953445       0.73102531541352289       0.65187763630911233       0.82712469611855943     
  0.71982414971292452       0.72393098710525006       0.66424299813242593       0.74841625014121305       0.83214272274832879       0.75860765930624652       0.83664569034258640       0.63951461835480661       0.65418602105747570       0.56325708446769585     
  0.12583858296407799       0.23361015754985043       0.71903050939502533       0.50152545314058006       0.81717832765838516       0.99819879096932818       0.70881452712798643       0.74442591482905796       0.66684062610660955       0.83578150581515043     
  0.56123165369672678       0.58520408787330680       0.73333770172045620       0.73846170383946674       0.75115194726844658       0.64822572016592250       0.82525715434617608       0.65672222023196847       0.55970426577092403       0.49351498722561554     
  0.13558596215278387       0.24845846822711362       0.73478213001967663       0.51887331609711951       0.83022603818876228       0.99828822669162753       0.72142526577760879       0.75901162616315943       0.68503750821317000       0.84560525113992269     
  0.66722565453592375       0.67087765482062089       0.79377291300163899       0.62189212552154427       0.63483523298615219       0.64319163175894523       0.93024998104645440       0.82483215372078278       0.70329818157324142       0.67936776107380681     
  0.14826516913728521       0.26669211618719862       0.74881821134864912       0.53854061341599646       0.84362585980517213       0.99837871104598575       0.73562287851834163       0.77401047523706634       0.70608771054602060       0.85536759017922770     
  0.74529660377143891       0.82906454832874887       0.59930932968319373       0.57613945977020686       0.83247982073863092       0.79797237085825623       0.67009394873424011       0.68218874366914906       0.81249300179339656       0.67862311581167656     
  0.16278704252896656       0.28358624555843898       0.76138333615361176       0.55480843319788209       0.85811737582186087       0.99847064644146866       0.74626737030904022       0.79004423845652938       0.73035685950506701       0.86370078575192444     
  0.78849975888658141       0.74632761797988756       0.71564600381452315       0.57528141184636961       0.61863204445183217       0.70914823612817046       0.60561469566585069       0.69865773541516285       0.62721893071975832       0.57674782456955975     
  0.17668112162560770       0.29921230929553766       0.77427119948870116       0.56711966244943912       0.87126504846272534       0.99856436620523659       0.75399282581811677       0.80746411339533486       0.75656908441772230       0.87566789807250667     
  0.65547966644445821       0.68888305664087757       0.74609429491823709       0.57194819656068063       0.74229183339016869       0.69078781950493207       0.58826588495019283       0.81398331883637720       0.64128320446973686       0.66059456150381390     
  0.19138449957442283       0.31763929566917415       0.79180665552062890       0.58205826707408059       0.88268207104333574       0.99865987150560709       0.76190968760949529       0.82478722087780976       0.78134413466655728       0.89013850225262359     
  0.64123443876592179       0.58882901475055704       0.71724203179909762       0.65447334961306913       0.89270072547167023       0.84174089396533536       0.60878739303997054       0.87066047614584063       0.70627053742685397       0.69014751767553584     
  0.20847684540926656       0.33937724179237932       0.81049404445514261       0.59685995335803121       0.89388727019153280       0.99875628436323693       0.76922193258087490       0.84130516590072257       0.80236708993490324       0.90143431051186729     
  0.62382831034341224       0.69023708285073704       0.76524393045766281       0.64673539188007878       0.76398272999228856       0.65957187206685819       0.58781860598690694       0.69778208560171540       0.65703753869046200       0.63064867357620913     
  0.22893777502766061       0.36230355546140153       0.82874814994808776       0.60942869038449343       0.90393770753332603       0.99885020660091040       0.77691349401194443       0.85906724665554479       0.82002893227822182       0.91220271150150101     
  0.71884476290241828       0.54563564396483000       0.63745297659475730       0.56860759453608223       0.80032223697152804       0.84071533514286734       0.61897391523493317       0.89422854200570057       0.61618050275479097       0.65464902902327238     
  0.26010869787644897       0.38493148606092070       0.85051614691741628       0.63196590237744121       0.91618474433673791       0.99895265417969936       0.78728540636624367       0.87938454199129379       0.83960083079855519       0.92308536141738806     
  0.79535039065226509       0.67809290520294274       0.87445221033917042       0.74032659732632455       0.78752070419647102       0.81609752915641365       0.56627095639383918       0.72800487438656047       0.56181395324195693       0.75349857871642079     
  0.29435858788776181       0.41217983544962866       0.87397969750072535       0.66743154531506377       0.93211037798298424       0.99906178955308167       0.79935340717526371       0.90041969487863160       0.86402338877149409       0.93416877899724216     
  0.73473917296670976       0.66795382283132265       0.76156063962876996       0.72884351273273296       0.79056918941312460       0.70660449882983800       0.50012448701786971       0.76516573850187364       0.55436115855140666       0.56800387696548016     
  0.34058491352265807       0.45103535868426553       0.89949398543602355       0.70027763483898275       0.94585406605325628       0.99917990949680080       0.81277992153124634       0.92033574643736815       0.89172789933176377       0.94842668966891808     
  0.75804041278802536       0.58976925193201146        1.0494230607962183       0.70556672144261212       0.66949518989156076       0.95141049656996746       0.53955210504434648       0.96538647336508210       0.64490406464564687       0.69200741718091663     
  0.39520081692392667       0.49000271992124950       0.92507206707085288       0.74701929367626108       0.95931221104741637       0.99931233782309015       0.82825336859662857       0.93925080709573061       0.91909776978287117       0.96148889755788147     
  0.59907565022542453       0.68951071286516641       0.92732682596899907       0.87895049196277064       0.77327848520550757       0.91638234242931160       0.56601638406206012       0.70188980451897476       0.81176588905747482       0.73722548243122799     
  0.47154825386849164       0.58851309098558846       0.95047924158693153       0.80795758274558571       0.97282477880892915       0.99946336346801190       0.84559584636307483       0.95935985511750599       0.94797236745967706       0.97152575215976422     
  0.64316425892017648       0.66088856913628258       0.93878943111196445       0.92330881476810300       0.94405366136740620       0.72777297217601367       0.62515846551856491       0.69384043624316516       0.64244881881747407       0.54919538169473647     
  0.61448466207782526       0.72844855422611954       0.97556426537537311       0.89151540351362013       0.98641155564912419       0.99968828546213950       0.88945621832291311       0.97964940515482513       0.97431990875873598       0.98538251232297969     
  0.58220469789660223       0.86357575131274988       0.91432612831139870       0.68094437370923133       0.80130315911261485       0.67608545069486559       0.67439806470902697       0.58012370416904124       0.57827021762020248       0.81918565578769642     
   1.0000000000000000        1.0000000000000000        1.0000000000000000        1.0000000000000000        1.0000000000000000        1.0000000000000000        1.0000000000000000        1.0000000000000000        1.0000000000000000        1.0000000000000000     
  0.51699099486380629       0.52329725412848282       0.65571555959161265       0.55202290748082494       0.71269321913042827       0.48858053226530079       0.55889063783302229       0.78100660341675665       0.81471163328752361       0.84175588260709122     
  -66.758235045832947       -68.643887868483674       -56.762651093783376       -64.938629833518760       -58.237462203047272        0.0000000000000000       -35.688685283039916       -42.520628566440685       -52.996141346954367       -45.729697210345833     
  -37.485715922770559       -40.379366863646730       -51.747809654480193       -40.036802861681096       -49.601146496072872        0.0000000000000000       -56.499140340274259       -24.585379492175047       -33.641170569327066       -51.007400616614390     
  -47.702329407398487       -41.551554786082789       -44.965937381444739       -35.208181528811778       -65.362790615357170        0.0000000000000000       -44.725122650219177       -51.543258670019803       -52.685398346398500       -25.609480159009870     
  -51.005350754539641       -55.539706215534935       -21.043880912362770       -42.786747496737902       -59.001621900396614        0.0000000000000000       -40.030910116406034       -51.240971961206149       -49.522518146359829       -32.921632535069058     
  -14.064530408596827       -28.996835217450002       -40.765327932697097       -48.725254126774281       -41.913214272884311        0.0000000000000000       -39.610133576266264       -51.589419474886171       -73.856470377402218       -43.566278605475269     
  -23.817166148341055       -41.727551666915843       -61.188052342030822       -22.180439840980448       -43.399993016832319        0.0000000000000000       -54.115451692994284       -40.101056088340783       -43.425120139772339       -37.327059015730534     
  -37.665991290668060       -13.638005393407015       -29.986626274078603       -41.392410157695892       -40.783077836007436        0.0000000000000000       -68.829254437851077       -39.080802673056183       -45.390879425729835       -57.559920069679826     
  -27.211212283456753      -0.65861365481433320       -40.236513399899223       -58.651472247931579       -17.737904844313562       -63.047466326468175       -36.063437093733278       -46.565808641039972       -29.839653941932024       -55.087062895091684     
   2.0494268074130613E-003
           1           1           1           1           1           1           1           1           1           1
   7.3641234412649833E-004   3.6423008645950492E-004  -7.2044519654594649E-006  -41.220373334472441        3.5600950415280078E-005   1.8505350423244197E-008
   2.4075535001049205E-005   1.5590763703593639E-005   5.7595389912601223E-006   1.0895633417996393        5.7584192822571957E-006   2.8416054244170526E-009
   7.9845496408846462E-003  -49.675561700804494     
