     
 Collinear #          41
 
 part:           1
 comp:           0
   1.0000000082136589        276.25000226902324        276.25000000000000     
   1.0000000007870309        276.25000021741727        276.25000000000000     
   1.0000000000783753        276.25000002165120        276.25000000000000     
   1.0000000000078342        276.25000000216420        276.25000000000000     
   1.0000000000007834        276.25000000021640        276.25000000000000     
   1.0000000000000784        276.25000000002166        276.25000000000000     
   1.0000000000000078        276.25000000000216        276.25000000000000     
   1.0000000000000007        276.25000000000017        276.25000000000000     
   1.0000000000000000        276.25000000000000        276.25000000000000     
   1.0000000000000000        276.25000000000000        276.25000000000000     
 comp:           1
   0.0000000000000000        0.0000000000000000     
   0.0000000000000000        0.0000000000000000     
   0.0000000000000000        0.0000000000000000     
   0.0000000000000000        0.0000000000000000     
   0.0000000000000000        0.0000000000000000     
   0.0000000000000000        0.0000000000000000     
   0.0000000000000000        0.0000000000000000     
   0.0000000000000000        0.0000000000000000     
   0.0000000000000000        0.0000000000000000     
   0.0000000000000000        0.0000000000000000     
 comp:           2
   0.0000000000000000        0.0000000000000000     
   0.0000000000000000        0.0000000000000000     
   0.0000000000000000        0.0000000000000000     
   0.0000000000000000        0.0000000000000000     
   0.0000000000000000        0.0000000000000000     
   0.0000000000000000        0.0000000000000000     
   0.0000000000000000        0.0000000000000000     
   0.0000000000000000        0.0000000000000000     
   0.0000000000000000        0.0000000000000000     
   0.0000000000000000        0.0000000000000000     
 comp:           3
   1.0000000082136589        276.25000226902324        276.25000000000000     
   1.0000000007870309        276.25000021741727        276.25000000000000     
   1.0000000000783753        276.25000002165120        276.25000000000000     
   1.0000000000078342        276.25000000216420        276.25000000000000     
   1.0000000000007834        276.25000000021640        276.25000000000000     
   1.0000000000000784        276.25000000002166        276.25000000000000     
   1.0000000000000078        276.25000000000216        276.25000000000000     
   1.0000000000000007        276.25000000000017        276.25000000000000     
   1.0000000000000000        276.25000000000000        276.25000000000000     
   1.0000000000000000        276.25000000000000        276.25000000000000     
 
 part:           2
 comp:           0
  0.99999999938133033        276.25004311144409        276.25004328235161     
  0.99999999994094868        276.25004326603869        276.25004328235161     
  0.99999999999412159        276.25004328072771        276.25004328235161     
  0.99999999999941236        276.25004328218927        276.25004328235161     
  0.99999999999994116        276.25004328233535        276.25004328235161     
  0.99999999999999400        276.25004328234996        276.25004328235161     
  0.99999999999999933        276.25004328235144        276.25004328235161     
  0.99999999999999978        276.25004328235156        276.25004328235161     
  0.99999999999999978        276.25004328235156        276.25004328235161     
   1.0000000000000000        276.25004328235161        276.25004328235161     
 comp:           1
   0.0000000000000000        0.0000000000000000     
   0.0000000000000000        0.0000000000000000     
   0.0000000000000000        0.0000000000000000     
   0.0000000000000000        0.0000000000000000     
   0.0000000000000000        0.0000000000000000     
   0.0000000000000000        0.0000000000000000     
   0.0000000000000000        0.0000000000000000     
   0.0000000000000000        0.0000000000000000     
   0.0000000000000000        0.0000000000000000     
   0.0000000000000000        0.0000000000000000     
 comp:           2
   0.0000000000000000        0.0000000000000000     
   0.0000000000000000        0.0000000000000000     
   0.0000000000000000        0.0000000000000000     
   0.0000000000000000        0.0000000000000000     
   0.0000000000000000        0.0000000000000000     
   0.0000000000000000        0.0000000000000000     
   0.0000000000000000        0.0000000000000000     
   0.0000000000000000        0.0000000000000000     
   0.0000000000000000        0.0000000000000000     
   0.0000000000000000        0.0000000000000000     
 comp:           3
  0.99999999938133033       -276.25004311144409       -276.25004328235161     
  0.99999999994094868       -276.25004326603869       -276.25004328235161     
  0.99999999999412159       -276.25004328072771       -276.25004328235161     
  0.99999999999941236       -276.25004328218927       -276.25004328235161     
  0.99999999999994116       -276.25004328233535       -276.25004328235161     
  0.99999999999999400       -276.25004328234996       -276.25004328235161     
  0.99999999999999933       -276.25004328235144       -276.25004328235161     
  0.99999999999999978       -276.25004328235156       -276.25004328235161     
  0.99999999999999978       -276.25004328235156       -276.25004328235161     
   1.0000000000000000       -276.25004328235161       -276.25004328235161     
 
 part:           3
 comp:           0
  0.99999997740533564        240.05658124371902        240.05658666771703     
  0.99999999299334519        240.05658498572339        240.05658666771703     
  0.99999999778854409        240.05658613684247        240.05658666771703     
  0.99999999930080996        240.05658649987186        240.05658666771703     
  0.99999999977890086        240.05658661464074        240.05658666771703     
  0.99999999993008248        240.05658665093287        240.05658666771703     
  0.99999999997789002        240.05658666240939        240.05658666771703     
  0.99999999999300826        240.05658666603861        240.05658666771703     
  0.99999999999778899        240.05658666718625        240.05658666771703     
  0.99999999999930089        240.05658666754920        240.05658666771703     
 comp:           1
   1.0000000097732777       -80.277773514261170       -80.277772729684202     
   1.0000000030307148       -80.277772972983229       -80.277772729684202     
   1.0000000009565611       -80.277772806474786       -80.277772729684202     
   1.0000000003024332       -80.277772753962864       -80.277772729684202     
   1.0000000000956359       -80.277772737361644       -80.277772729684202     
   1.0000000000302427       -80.277772732112012       -80.277772729684202     
   1.0000000000095635       -80.277772730451943       -80.277772729684202     
   1.0000000000030242       -80.277772729926980       -80.277772729684202     
   1.0000000000009563       -80.277772729760983       -80.277772729684202     
   1.0000000000003024       -80.277772729708474       -80.277772729684202     
 comp:           2
  0.99999994633747169        159.49195470462726        159.49196326336926     
  0.99999998335913265        159.49196060928466        159.49196326336926     
  0.99999999474777246        159.49196242568118        159.49196326336926     
  0.99999999833941755        159.49196299851971        159.49196326336926     
  0.99999999947488771        159.49196317961807        159.49196326336926     
  0.99999999983394527        159.49196323688486        159.49196326336926     
  0.99999999994748878        159.49196325499415        159.49196326336926     
  0.99999999998339451        159.49196326072081        159.49196326336926     
  0.99999999999474898        159.49196326253175        159.49196326336926     
  0.99999999999833955        159.49196326310442        159.49196326336926     
 comp:           3
   1.0000000000000000        100.59800029082267        100.59800029082267     
   1.0000000000000000        100.59800029082267        100.59800029082267     
   1.0000000000000000        100.59800029082267        100.59800029082267     
   1.0000000000000000        100.59800029082267        100.59800029082267     
   1.0000000000000000        100.59800029082267        100.59800029082267     
   1.0000000000000000        100.59800029082267        100.59800029082267     
   1.0000000000000000        100.59800029082267        100.59800029082267     
   1.0000000000000000        100.59800029082267        100.59800029082267     
   1.0000000000000000        100.59800029082267        100.59800029082267     
   1.0000000000000000        100.59800029082267        100.59800029082267     
 
 part:           4
 comp:           0
   1.0000000288021247        251.64854153561541        251.64853428760293     
   1.0000000089316019        251.64853653522744        251.64853428760293     
   1.0000000028190119        251.64853499700314        251.64853428760293     
   1.0000000008912793        251.64853451189205        251.64853428760293     
   1.0000000002818419        251.64853435852802        251.64853428760293     
   1.0000000000891260        251.64853431003138        251.64853428760293     
   1.0000000000281841        251.64853429469539        251.64853428760293     
   1.0000000000089126        251.64853428984577        251.64853428760293     
   1.0000000000028184        251.64853428831216        251.64853428760293     
   1.0000000000008913        251.64853428782720        251.64853428760293     
 comp:           1
  0.99999999212342072        104.41879911104841        104.41879993351137     
  0.99999999755745561        104.41879967846381        104.41879993351137     
  0.99999999922907867        104.41879985301269        104.41879993351137     
  0.99999999975625997        104.41879990806032        104.41879993351137     
  0.99999999992292410        104.41879992546319        104.41879993351137     
  0.99999999997562650        104.41879993096632        104.41879993351137     
  0.99999999999229239        104.41879993270655        104.41879993351137     
  0.99999999999756273        104.41879993325686        104.41879993351137     
  0.99999999999922928        104.41879993343089        104.41879993351137     
  0.99999999999975631        104.41879993348591        104.41879993351137     
 comp:           2
   1.0000000421488973       -212.86513103322673       -212.86512206119656     
   1.0000000130704652       -212.86512484344271       -212.86512206119656     
   1.0000000041253292       -212.86512293933524       -212.86512206119656     
   1.0000000013042940       -212.86512233883528       -212.86512206119656     
   1.0000000004124461       -212.86512214899196       -212.86512206119656     
   1.0000000001304268       -212.86512208895985       -212.86512206119656     
   1.0000000000412443       -212.86512206997605       -212.86512206119656     
   1.0000000000130427       -212.86512206397288       -212.86512206119656     
   1.0000000000041245       -212.86512206207451       -212.86512206119656     
   1.0000000000013043       -212.86512206147418       -212.86512206119656     
 comp:           3
   1.0000000000000000       -84.333497730238037       -84.333497730238037     
   1.0000000000000000       -84.333497730238037       -84.333497730238037     
   1.0000000000000000       -84.333497730238037       -84.333497730238037     
   1.0000000000000000       -84.333497730238037       -84.333497730238037     
   1.0000000000000000       -84.333497730238037       -84.333497730238037     
   1.0000000000000000       -84.333497730238037       -84.333497730238037     
   1.0000000000000000       -84.333497730238037       -84.333497730238037     
   1.0000000000000000       -84.333497730238037       -84.333497730238037     
   1.0000000000000000       -84.333497730238037       -84.333497730238037     
   1.0000000000000000       -84.333497730238037       -84.333497730238037     
 
 part:           5
 comp:           0
  0.99999996999724117        60.794877220665953        60.794879044680044     
  0.99999999069607892        60.794878479049288        60.794879044680044     
  0.99999999706347575        60.794878866154406        60.794879044680044     
  0.99999999907156711        60.794878988236078        60.794879044680044     
  0.99999999970640940        60.794879026831239        60.794879044680044     
  0.99999999990715871        60.794879039035770        60.794879044680044     
  0.99999999997064093        60.794879042895161        60.794879044680044     
  0.99999999999071587        60.794879044115618        60.794879044680044     
  0.99999999999706413        60.794879044501556        60.794879044680044     
  0.99999999999907152        60.794879044623599        60.794879044680044     
 comp:           1
   1.0000000082306320       -24.141027402523076       -24.141027203827168     
   1.0000000025523370       -24.141027265443203       -24.141027203827168     
   1.0000000008055743       -24.141027223274559       -24.141027203827168     
   1.0000000002546963       -24.141027209975796       -24.141027203827168     
   1.0000000000805405       -24.141027205771497       -24.141027203827168     
   1.0000000000254692       -24.141027204442018       -24.141027203827168     
   1.0000000000080540       -24.141027204021601       -24.141027203827168     
   1.0000000000025469       -24.141027203888651       -24.141027203827168     
   1.0000000000008054       -24.141027203846612       -24.141027203827168     
   1.0000000000002547       -24.141027203833318       -24.141027203827168     
 comp:           2
  0.99999995938930708        53.373156630306340        53.373158797827301     
  0.99999998740653540        53.373158125674315        53.373158797827301     
  0.99999999602522271        53.373158585680883        53.373158797827301     
  0.99999999874330547        53.373158730753545        53.373158797827301     
  0.99999999960260588        53.373158776617124        53.373158797827301     
  0.99999999987433319        53.373158791120069        53.373158797827301     
  0.99999999996026057        53.373158795706281        53.373158797827301     
  0.99999999998743327        53.373158797156577        53.373158797827301     
  0.99999999999602607        53.373158797615197        53.373158797827301     
  0.99999999999874323        53.373158797760226        53.373158797827301     
 comp:           3
   1.0000000000000000       -16.264502560584599       -16.264502560584599     
   1.0000000000000000       -16.264502560584599       -16.264502560584599     
   1.0000000000000000       -16.264502560584599       -16.264502560584599     
   1.0000000000000000       -16.264502560584599       -16.264502560584599     
   1.0000000000000000       -16.264502560584599       -16.264502560584599     
   1.0000000000000000       -16.264502560584599       -16.264502560584599     
   1.0000000000000000       -16.264502560584599       -16.264502560584599     
   1.0000000000000000       -16.264502560584599       -16.264502560584599     
   1.0000000000000000       -16.264502560584599       -16.264502560584599     
   1.0000000000000000       -16.264502560584599       -16.264502560584599     
 
 part:           6
 comp:           0
   1.0484750748958140        4.5380466848035696E-005   4.3282351611978096E-005
   1.0046463339395708        4.3483455871257264E-005   4.3282351611978096E-005
   1.0004627123885002        4.3302378892272374E-005   4.3282351611978096E-005
   1.0000462521154343        4.3284353512301125E-005   4.3282351611978096E-005
   1.0000046250203962        4.3282551793737096E-005   4.3282351611978096E-005
   1.0000004625001278        4.3282371630071250E-005   4.3282351611978096E-005
   1.0000000462499936        4.3282353613786585E-005   4.3282351611978096E-005
   1.0000000046249993        4.3282351812158937E-005   4.3282351611978096E-005
   1.0000000004624994        4.3282351631996154E-005   4.3282351611978096E-005
   1.0000000000462494        4.3282351613979886E-005   4.3282351611978096E-005
 comp:           1
   1.8057358208330824E-006   0.0000000000000000     
   5.5996262362470869E-007   0.0000000000000000     
   1.7673664285862856E-007   0.0000000000000000     
   5.5878343611946675E-008   0.0000000000000000     
   1.7669945820574567E-008   0.0000000000000000     
   5.5877168060597871E-009   0.0000000000000000     
   1.7669908643129576E-009   0.0000000000000000     
   5.5877156429310351E-010   0.0000000000000000     
   1.7669908030243955E-010   0.0000000000000000     
   5.5877158499816666E-011   0.0000000000000000     
 comp:           2
   1.9698293140177459E-005   0.0000000000000000     
   6.1084837441024473E-006   0.0000000000000000     
   1.9279731616743119E-006   0.0000000000000000     
   6.0956203003597314E-007   0.0000000000000000     
   1.9275675241583742E-007   0.0000000000000000     
   6.0954920625809680E-008   0.0000000000000000     
   1.9275634685695041E-008   0.0000000000000000     
   6.0954907937546601E-009   0.0000000000000000     
   1.9275634017114373E-009   0.0000000000000000     
   6.0954910196207030E-010   0.0000000000000000     
 comp:           3
  0.94362758213243780       -4.0842420800616912E-005  -4.3282351611978096E-005
  0.99459987215790846       -4.3048621379967058E-005  -4.3282351611978096E-005
  0.99946224983269949       -4.3259076520157595E-005  -4.3282351611978096E-005
  0.99994624750589012       -4.3280025077628009E-005  -4.3282351611978096E-005
  0.99999462497571290       -4.3282118968286980E-005  -4.3282351611978096E-005
  0.99999946249982208       -4.3282328347706402E-005  -4.3282351611978096E-005
  0.99999994625000477       -4.3282349285551901E-005  -4.3282351611978096E-005
  0.99999999462500067       -4.3282351379335483E-005  -4.3282351611978096E-005
  0.99999999946249962       -4.3282351588713814E-005  -4.3282351611978096E-005
  0.99999999994624966       -4.3282351609651656E-005  -4.3282351611978096E-005
 
 part: i_fks+j_fks
 comp:           0
   1.0000000069763153        276.25008849191096        276.25008656470322     
   1.0000000006689278        276.25008674949459        276.25008656470322     
   1.0000000000666187        276.25008658310662        276.25008656470322     
   1.0000000000066591        276.25008656654279        276.25008656470322     
   1.0000000000006659        276.25008656488717        276.25008656470322     
   1.0000000000000664        276.25008656472158        276.25008656470322     
   1.0000000000000067        276.25008656470504        276.25008656470322     
   1.0000000000000007        276.25008656470339        276.25008656470322     
  0.99999999999999978        276.25008656470317        276.25008656470322     
   1.0000000000000000        276.25008656470322        276.25008656470322     
 comp:           1
   1.8057358208330824E-006   0.0000000000000000     
   5.5996262362470869E-007   0.0000000000000000     
   1.7673664285862856E-007   0.0000000000000000     
   5.5878343611946675E-008   0.0000000000000000     
   1.7669945820574567E-008   0.0000000000000000     
   5.5877168060597871E-009   0.0000000000000000     
   1.7669908643129576E-009   0.0000000000000000     
   5.5877156429310351E-010   0.0000000000000000     
   1.7669908030243955E-010   0.0000000000000000     
   5.5877158499816666E-011   0.0000000000000000     
 comp:           2
   1.9698293140177459E-005   0.0000000000000000     
   6.1084837441024473E-006   0.0000000000000000     
   1.9279731616743119E-006   0.0000000000000000     
   6.0956203003597314E-007   0.0000000000000000     
   1.9275675241583742E-007   0.0000000000000000     
   6.0954920625809680E-008   0.0000000000000000     
   1.9275634685695041E-008   0.0000000000000000     
   6.0954907937546601E-009   0.0000000000000000     
   1.9275634017114373E-009   0.0000000000000000     
   6.0954910196207030E-010   0.0000000000000000     
 comp:           3
  0.99999999054900446       -276.25008395386487       -276.25008656470322     
  0.99999999909486659       -276.25008631466005       -276.25008656470322     
  0.99999999990986788       -276.25008653980422       -276.25008656470322     
  0.99999999999099043       -276.25008656221434       -276.25008656470322     
  0.99999999999909894       -276.25008656445431       -276.25008656470322     
  0.99999999999990985       -276.25008656467833       -276.25008656470322     
  0.99999999999999090       -276.25008656470072       -276.25008656470322     
  0.99999999999999900       -276.25008656470294       -276.25008656470322     
  0.99999999999999978       -276.25008656470317       -276.25008656470322     
   1.0000000000000000       -276.25008656470322       -276.25008656470322     
