  0.00000298918565816  0.00000317046569565  0.00000332179861191  0.00000350144772958
  0.00000375143158824  0.00000404049543569  0.00000434127762179  0.00000464663347147
  0.00000497707639519  0.00000531781407500  0.00000571828039194  0.00000615656790989
  0.00000662796909452  0.00000714671649139  0.00000770328411818  0.00000834351152745
  0.00000902568142431  0.00000973861813966  0.00001050479710290  0.00001127494092106
  0.00001208271435112  0.00001294060378517  0.00001380804471849  0.00001473611225388
  0.00001573275571772  0.00001680134156184  0.00001795003299929  0.00001913224943274
  0.00002031274787388  0.00002154537790278  0.00002283132865589  0.00002418115856298
  0.00002561784172864  0.00002710793102999  0.00002876711265323  0.00003044490066947
  0.00003219511075773  0.00003400468417340  0.00003587117781616  0.00003782291194399
  0.00003980051924735  0.00004192086293750  0.00004425417219312  0.00004677010026802
  0.00004932941220841  0.00005190067729636  0.00005455830656107  0.00005737700549521
  0.00006039756837669  0.00006357474784833  0.00006685609510084  0.00007036423362690
  0.00007386274702883  0.00007755226651036  0.00008132056238729  0.00008562322905617
  0.00009035832161923  0.00009569361584548  0.00010128612389047  0.00010712084078372
  0.00011302478340643  0.00011925408290213  0.00012578219721389  0.00013280667946790
  0.00014001515294511  0.00014771508248373  0.00015560814192920  0.00016457158245171
  0.00017403922797864  0.00018391095350638  0.00019445349059291  0.00020604198059074
  0.00021893000497507  0.00023336400423167  0.00024894924432403  0.00026571917852461
  0.00028452418746447  0.00030643390103429  0.00033144893332935  0.00035888452471328
  0.00038825400032511  0.00042449502948299  0.00046698498541664  0.00051708345621281
  0.00057373781247600  0.00064238231716462  0.00072670273029569  0.00082904326442653
  0.00095643700619828  0.00113717033891961  0.00139503096479978  0.00178860875178169
  0.00262316525646470  0.00715221214065785  0.01096408125266326  1.00000000000000000
  0.00000383132316239  0.00000556593771879  0.00000857111893177  0.00001158424230566
  0.00001523000398124  0.00001866774986849  0.00002181601974977  0.00002484843826210
  0.00002758129548887  0.00003055758019946  0.00003366488204101  0.00003716878543201
  0.00004097657720439  0.00004502837043188  0.00004960809709270  0.00005469757071461
  0.00005992101458474  0.00006507936918910  0.00006991276668184  0.00007486142809323
  0.00008018169430641  0.00008590924596306  0.00009183282150530  0.00009751751077066
  0.00010366921730838  0.00010979839255055  0.00011559905345594  0.00012130195273107
  0.00012707136409300  0.00013318859640014  0.00014037021114215  0.00014771474424410
  0.00015517717647148  0.00016246140108427  0.00016991568526346  0.00017765958141406
  0.00018542827313025  0.00019319502216382  0.00020126616518178  0.00020940107143921
  0.00021771996456713  0.00022624951834968  0.00023490460016772  0.00024385479318851
  0.00025253206807863  0.00026140463201028  0.00027087288367593  0.00028076724741822
  0.00029129904385109  0.00030193134509705  0.00031313513140054  0.00032473077334482
  0.00033712475240982  0.00035003749027848  0.00036348446552570  0.00037684180167745
  0.00039073323789006  0.00040560922276405  0.00042154457253485  0.00043817903419968
  0.00045582003878335  0.00047523726316616  0.00049640980669623  0.00051841113659760
  0.00054131575873620  0.00056616728232519  0.00059303337483316  0.00062219177217915
  0.00065415361688876  0.00068834285975325  0.00072538822969295  0.00076590511762900
  0.00080911613444849  0.00085527413139216  0.00090392930461159  0.00095553491008570
  0.00101077245809444  0.00107002161473850  0.00113563020173241  0.00120737283644716
  0.00128534531315506  0.00137548922225449  0.00148888269914981  0.00164004137360759
  0.00181499248002472  0.00200799381966690  0.00222045036032694  0.00248710179810173
  0.00284452092339050  0.00335602733647129  0.00416997977282332  0.00556916888058061
  0.00804984070668453  0.02058910755303273  0.02976193304721103  1.00000000000000000
 -0.00203289747635387  0.01039484840438123  0.02086696177129798  0.03186393794070139
  0.04311349036929088  0.05350438716564523  0.06384101685799619  0.07379452792127472
  0.08414792519280478  0.09435792468632430  0.10456104914741640  0.11445782119010481
  0.12445697006629525  0.13428388267770555  0.14412321027193553  0.15457502871303030
  0.16516474235280476  0.17571391424891913  0.18616557187723101  0.19685541243148263
  0.20783911478917474  0.21909721406186969  0.23065871731603743  0.24292504135161899
  0.25499076289017875  0.26624752805003582  0.27698399996236467  0.28754818390431985
  0.29805025580765043  0.30864475865241603  0.31977224468699045  0.33149741190120557
  0.34299837164818198  0.35384343299828602  0.36439843033673819  0.37486380645903866
  0.38508276883653431  0.39507896186137709  0.40530307552208766  0.41566950089641214
  0.42578567642716209  0.43597558104062839  0.44594984633249873  0.45594185315423791
  0.46600359555598475  0.47607983961694583  0.48649948219304368  0.49777678817256665
  0.50827689734756176  0.51831244133132581  0.52864172775553753  0.53932678534763112
  0.55034697458424475  0.56030784252372201  0.57046766179661501  0.58085082658985243
  0.59204587582813417  0.60315553419672785  0.61410256537393915  0.62448708058743552
  0.63433010380067212  0.64407373870964046  0.65420420614168984  0.66504423643307964
  0.67630637037663088  0.68714725677853539  0.69719586116086540  0.70690409873980209
  0.71654874255774559  0.72661388092058965  0.73734313786616290  0.74822030494823577
  0.75824718675947844  0.76786935542936752  0.77776916126012496  0.78826059323602615
  0.79831438719240333  0.80787804881885006  0.81749605409811477  0.82875366933572636
  0.84040599967579888  0.85207640260840745  0.86293739291345184  0.87336263313265794
  0.88268787430454509  0.89248147312247639  0.90267470126440175  0.91360868375074522
  0.92452686114197180  0.93561428839764416  0.94708576501567188  0.95831811085377572
  0.96871396717713631  0.97894539743922260  0.98961570502884066  1.00000000000000000
 -0.00002476939552355  0.00048462407811222  0.00091334981079634  0.00131831538538765
  0.00173079394933177  0.00212438771176375  0.00251318630968232  0.00289693015891614
  0.00327404618323931  0.00363326367103754  0.00398863630047734  0.00434161873464725
  0.00469264400344701  0.00503670462411254  0.00537600552881376  0.00571095454247351
  0.00604790933494072  0.00638442273293243  0.00672282454742025  0.00707418341200621
  0.00741110439758685  0.00774105078587356  0.00806547486273853  0.00838559877376753
  0.00871455350799194  0.00905233224983559  0.00939324239836055  0.00972426105188213
  0.01004733542729499  0.01036649308105014  0.01069509488811092  0.01101649575514591
  0.01134146037427394  0.01167333433908439  0.01201257046318612  0.01235701468903721
  0.01271710395985657  0.01307251217582241  0.01342312527991652  0.01379484948744700
  0.01420384411721037  0.01464506462052045  0.01507684424462286  0.01546641239231839
  0.01582656740759251  0.01618721622082510  0.01656666543339539  0.01696575093102975
  0.01732489077857622  0.01766311598326573  0.01798482558160370  0.01826753383489586
  0.01856385191905570  0.01888268445715806  0.01921320235510740  0.01956586492981579
  0.02000556052725918  0.02042019460924072  0.02080521100268314  0.02118932149289055
  0.02160462055097864  0.02205968896905570  0.02256857906091390  0.02305144524948507
  0.02353981985027856  0.02410818078903223  0.02475025598501302  0.02550152183802756
  0.02625560899823725  0.02681109357674907  0.02730624595162397  0.02771707521463829
  0.02816377009214665  0.02885504974846222  0.02956867610457021  0.03023296445356276
  0.03091473642862454  0.03164496856582340  0.03252581648498792  0.03353739672618902
  0.03457548859076816  0.03567886520884692  0.03653535512921476  0.03721595962852990
  0.03787546339422944  0.03858823620401810  0.03957226697487056  0.04095205949005894
  0.04229204137601285  0.04739666210521277  0.05198849615594383  0.05508601293119576
  0.06077171016615187  0.08491085177184675  0.29567508668226528  1.00000000000000000
 -0.00145766070691105  0.00683573473378199  0.01420118188013544  0.02192097334144278
  0.03035407902362715  0.03888174577342174  0.04752545289715909  0.05605632417178549
  0.06406666128385652  0.07212220289549956  0.08042284652628021  0.08939356907156613
  0.09906186801687283  0.10930430759842909  0.12025179123625215  0.13177844071222222
  0.14352417853759122  0.15515502056109770  0.16723796307699165  0.17944389701221991
  0.19262063465771678  0.20635283258468540  0.22163503451144698  0.23646823958797078
  0.25075788113320935  0.26521627533226477  0.27934104309143998  0.29315263293340593
  0.30655288424789934  0.31943231396614730  0.33135856542933750  0.34168281658971233
  0.35207382017714789  0.36261461779912474  0.37282462465680455  0.38221950327359855
  0.39104746290232939  0.40050708882711356  0.41065740821022584  0.42107514950830244
  0.43142164221014007  0.44153521806886326  0.45132729635934365  0.46090083313112112
  0.47015435145235523  0.47897363571917451  0.48746777088501569  0.49584287909304325
  0.50462273872690966  0.51406932986489418  0.52368077660576051  0.53345551869240304
  0.54331107406446844  0.55318156972608745  0.56263888909909909  0.57141243134038622
  0.57995105094916011  0.58889486685092751  0.59776661285245269  0.60726029545863724
  0.61681359396651270  0.62707619768373046  0.63749837842135548  0.64855015241841696
  0.66034914531945210  0.67232580038574508  0.68431532851527421  0.69622466633933455
  0.70882863839328525  0.72245637563951037  0.73694028202577921  0.75176525677216799
  0.76678139476835083  0.78176937882778674  0.79600921130916058  0.80941649024222662
  0.82205691917947343  0.83465804931937448  0.84662050508559028  0.85711332999278145
  0.86678612026115287  0.87625349121809615  0.88659628709764138  0.89655165122618885
  0.90625087945086458  0.91624822350476709  0.92572067119292234  0.93487798638414465
  0.94357740108388377  0.95200135773884431  0.96045442914040358  0.96835433008026461
  0.97613151898339356  0.98362779003562617  0.99189778696590780  1.00000000000000000
  0.74069160945717771  0.74410065283672033  0.74644794206934795  0.74915580596422882
  0.75276451115300336  0.75699389825406427  0.76083265229181507  0.76422451674735492
  0.76755401045038596  0.77105935272622184  0.77464664311943254  0.77818789138143685
  0.78124790517523490  0.78429064874140286  0.78728338706364476  0.79042476632714176
  0.79361298689557369  0.79667648250871881  0.79959477915675037  0.80245033347971617
  0.80531672677666644  0.80813248696435036  0.81102603573471588  0.81389833736920558
  0.81697830700932250  0.81987852085811430  0.82273902494913653  0.82548583194991898
  0.82811729214974883  0.83063193882323227  0.83318723550415241  0.83597166148547319
  0.83895004563769637  0.84186334986123401  0.84465974971619839  0.84748122588797969
  0.85039376135289024  0.85328983780347090  0.85605786449839105  0.85872330342163483
  0.86143160592902335  0.86428734525100570  0.86729496329556699  0.87032012338912301
  0.87325301180070714  0.87612034203848865  0.87897567192130877  0.88173994161584279
  0.88441702771752406  0.88703369162937395  0.88967314421477728  0.89235904723383974
  0.89502068159380122  0.89761270716528485  0.90006537039519474  0.90249405617055800
  0.90494924875967520  0.90741284196218763  0.90993783875848966  0.91242379629303993
  0.91482664096075905  0.91720601389066247  0.91949036204468593  0.92185713394518576
  0.92417633480529826  0.92646975507857821  0.92866886440699425  0.93086764885657514
  0.93316713445298960  0.93563642463080032  0.93808975164019381  0.94042580397767461
  0.94262717755072556  0.94473374952716982  0.94683559060746847  0.94896834199750646
  0.95118881338451544  0.95335994429058313  0.95552856693197885  0.95772773855302573
  0.96006040997751096  0.96237756842854549  0.96464232657660487  0.96679224500041061
  0.96891346975279624  0.97103247191434894  0.97315866451821498  0.97529571248483105
  0.97747218303460037  0.97976137569469590  0.98217442849671677  0.98469058264028286
  0.98740757663917811  0.99049539056854674  0.99449485059099729  1.00000000000000000
 -0.01713945943503756  0.08045219640912862  0.10751579383385063  0.12345847144484401
  0.13556720829587796  0.14550585717021089  0.15453938673174389  0.16291928769341202
  0.17075260423738020  0.17782950147173929  0.18476100379285668  0.19147307954272352
  0.19786773601357713  0.20413088745949487  0.21012330021181250  0.21601984006503380
  0.22167838497220535  0.22700739550980112  0.23211961990983937  0.23715155681419223
  0.24227594115478454  0.24756693339913152  0.25291342948299811  0.25815713722946587
  0.26336651570604930  0.26851701023850555  0.27329787077036261  0.27765863620175035
  0.28191066313303464  0.28640764776847821  0.29091678704464796  0.29544427601418144
  0.29994136781603908  0.30441369797324119  0.30885428874681869  0.31319158388418700
  0.31772485797745792  0.32218919495569637  0.32655294857608153  0.33072146549220000
  0.33500206011594613  0.33964620370833032  0.34454212202481960  0.34969715757936509
  0.35460540308840816  0.35946178000675155  0.36429698834800628  0.36936703246840347
  0.37464032605910835  0.37982226211910214  0.38486634381943435  0.38964775599871421
  0.39436539877043947  0.39935419020832269  0.40485189887145651  0.41059178458000151
  0.41633047207145690  0.42217015281375031  0.42786560033096477  0.43372691732010582
  0.43944107590965859  0.44530350438409227  0.45139124256782648  0.45773559851518320
  0.46436582808709570  0.47092343104452539  0.47724582584374237  0.48359421443095918
  0.48990365160963367  0.49616891040432309  0.50238411838910491  0.50855095086991908
  0.51493817875196246  0.52151679621765434  0.52831288292594236  0.53519445090496720
  0.54236807727297121  0.54991495336185958  0.55784462081496045  0.56626262831584995
  0.57511833036805193  0.58443315233728943  0.59387260622389360  0.60384477265790804
  0.61421343442765342  0.62530306711006056  0.63733499647782421  0.65060340833612540
  0.66497417235623613  0.68085557410789088  0.69744981202335510  0.71660157935747615
  0.73901478905383355  0.76813783836577099  0.81552087334577439  1.00000000000000000
   4.3961201931400002E-006  0.30406470212800002     
  <DiscreteSampler_grid>
  Helicity
  1 # 1 for a reference and 2 for a running grid.
  80 # Attribute 'min_bin_probing_points' of the grid.
  1 # Attribute 'grid_mode' of the grid. 1=='default',2=='initialization'
  0.0300000000000000 # Attribute 'small_contrib_threshold' of the grid.
  0.3330000000000000 # Attribute 'damping_power' of the grid.
 # binID   n_entries weight   weight_sqr   abs_weight
    2   5604   1.209236464605935E-004   4.838683983506013E-007   1.209236464605935E-004
    4   1557   3.333649024906738E-005   1.912194407531919E-007   3.333649024906738E-005
    5   6807   1.500541805812393E-004   5.804738544850757E-007   1.500541805812393E-004
    7   1512   3.305395415514868E-005   5.950580013036157E-008   3.305395415514868E-005
    10   2251   4.688046178924952E-005   4.597878576212443E-007   4.688046178924952E-005
    12   7167   1.611304845386515E-004   1.004304873205287E-006   1.611304845386515E-004
    13   1777   3.737463530906144E-005   2.046527904138829E-007   3.737463530906144E-005
    15   5756   1.205389266546029E-004   7.019753851910974E-007   1.205389266546029E-004
  </DiscreteSampler_grid>
  <DiscreteSampler_grid>
  grouped_processes
  1 # 1 for a reference and 2 for a running grid.
  10 # Attribute 'min_bin_probing_points' of the grid.
  1 # Attribute 'grid_mode' of the grid. 1=='default',2=='initialization'
  0.0300000000000000 # Attribute 'small_contrib_threshold' of the grid.
  0.3330000000000000 # Attribute 'damping_power' of the grid.
 # binID   n_entries weight   weight_sqr   abs_weight
    17   10   1.864199714170000E+003   2.406962904040000E+007   1.864199714170000E+003
    14   10   1.841033437630000E+003   2.342687455010000E+007   1.841033437630000E+003
    16   10   1.832840080070000E+003   2.385628577270000E+007   1.832840080070000E+003
    13   10   1.824900840120000E+003   2.348891756810000E+007   1.824900840120000E+003
  </DiscreteSampler_grid>
