  0.00000312740197374  0.00000319005892509  0.00000329092558563  0.00000344387826404
  0.00000358453153703  0.00000371780620517  0.00000387558787442  0.00000404157339151
  0.00000422263232903  0.00000441497967961  0.00000464924005741  0.00000488219137463
  0.00000513183509820  0.00000541309723518  0.00000570364170493  0.00000601959108183
  0.00000638040935991  0.00000677808678944  0.00000723819508774  0.00000773930509576
  0.00000822353539070  0.00000868899755363  0.00000916259685906  0.00000966327610455
  0.00001019093951544  0.00001072633607725  0.00001133160029390  0.00001195986532921
  0.00001269984284398  0.00001357447367233  0.00001452822895585  0.00001567267816455
  0.00001695334773647  0.00001832066571274  0.00001982526752404  0.00002142783230116
  0.00002318268477261  0.00002515352545743  0.00002734310921361  0.00002981034874150
  0.00003238816422773  0.00003526601736184  0.00003851999833164  0.00004190522417017
  0.00004538080176676  0.00004899706519777  0.00005274451891784  0.00005655826544959
  0.00006071533320368  0.00006526641442505  0.00007044645348923  0.00007632113573082
  0.00008251385897794  0.00008937304617658  0.00009680094063492  0.00010482029130473
  0.00011347070922380  0.00012259493972151  0.00013237171119398  0.00014250031996654
  0.00015277192578988  0.00016366073825257  0.00017504140232806  0.00018702673288630
  0.00019920315288100  0.00021256777977337  0.00022724010884080  0.00024348733802946
  0.00026033607719001  0.00027854975659815  0.00029847932291066  0.00032059275074719
  0.00034431074358883  0.00036983905244105  0.00039610350259141  0.00042479346050035
  0.00045734300083151  0.00049512901434202  0.00053984372533833  0.00058881648508175
  0.00064324416275189  0.00070556777247671  0.00077825446877408  0.00086440923700939
  0.00096545870683490  0.00108195838441854  0.00122538435236722  0.00141603589121471
  0.00167619065612661  0.00204314048982883  0.00262972827884846  0.00356671834634690
  0.00543242671963647  0.01648541006273848  0.08873496001598705  1.00000000000000000
  0.00000292322159095  0.00000323778819541  0.00000342128309669  0.00000356641781009
  0.00000372046783016  0.00000390339563204  0.00000410199045133  0.00000433432276834
  0.00000461324104693  0.00000485484952758  0.00000510236832303  0.00000535155879391
  0.00000562001932224  0.00000593976347646  0.00000629249107177  0.00000672546176352
  0.00000722485834006  0.00000777636028873  0.00000835051701830  0.00000896174827795
  0.00000960406350073  0.00001027015600100  0.00001094861513263  0.00001160870278069
  0.00001226458784905  0.00001295710183291  0.00001371031189388  0.00001454064596520
  0.00001543304595977  0.00001638068241434  0.00001741208889411  0.00001859640868263
  0.00001998073859013  0.00002156686905425  0.00002334654266704  0.00002526241221022
  0.00002727070921235  0.00002930470574306  0.00003139511205356  0.00003349161632571
  0.00003570977061179  0.00003814763028560  0.00004084535255943  0.00004370672221897
  0.00004655989967392  0.00004959170144942  0.00005297844337374  0.00005665567630432
  0.00006062601240567  0.00006484818467826  0.00006949220318696  0.00007434860570163
  0.00007927338415777  0.00008461255221582  0.00009018713204994  0.00009595528264704
  0.00010200188539031  0.00010828095616133  0.00011524373640572  0.00012238426209193
  0.00013046137990922  0.00013927584305209  0.00014922734606196  0.00015978356566078
  0.00017060294485931  0.00018212646604558  0.00019461553596949  0.00020783184124599
  0.00022229375666437  0.00023854457099552  0.00025637473322446  0.00027602831148744
  0.00029816548714029  0.00032312912653234  0.00035057185636025  0.00038115009099343
  0.00041522183969062  0.00045456412388925  0.00049697354414026  0.00054155913590433
  0.00059100931562934  0.00064665575000667  0.00071269520397583  0.00079448720446050
  0.00089888714644833  0.00103241275699902  0.00119818886386305  0.00141865129948639
  0.00171467518378716  0.00213098382137506  0.00272199424020233  0.00360405010660793
  0.00523139972194070  0.01063597893572949  0.03401389611329517  1.00000000000000000
 -0.00261544417276712  0.01128652694311732  0.02210140276798186  0.03282320729397890
  0.04313831468569473  0.05343119440463710  0.06369247285094218  0.07442372641411035
  0.08532215818448705  0.09640767834578620  0.10743482692089419  0.11835837422945222
  0.12970782892165292  0.14135018277448230  0.15282455430387629  0.16315621585201442
  0.17327909334388464  0.18357967237426143  0.19471349534699184  0.20507202637072341
  0.21554540306208636  0.22585544792677970  0.23635383578372884  0.24654406247926122
  0.25698017747869240  0.26789260040855056  0.27866191009862895  0.28943740697634829
  0.30042537985080486  0.31189347858385114  0.32332502988307188  0.33413459417363500
  0.34458616949463766  0.35486344784583351  0.36542565491031387  0.37563565849305430
  0.38577137798948846  0.39559480142533032  0.40518827392803913  0.41484013553655197
  0.42481692318777858  0.43464854446149614  0.44484160668923178  0.45486864442349523
  0.46531149018344820  0.47567627524946665  0.48651089288772215  0.49776591236698403
  0.50916174838044448  0.52043661484844361  0.53151102532839556  0.54236477103728764
  0.55308119124804622  0.56403753027616088  0.57539620149876625  0.58720119501625001
  0.59918101925846012  0.61089954282489878  0.62176073330955361  0.63247873099768481
  0.64303472064803524  0.65378742604734819  0.66472024830984455  0.67510964422929054
  0.68462344331322378  0.69356562468134464  0.70219793359448945  0.71140604343541092
  0.72125575465867098  0.73215869263233235  0.74336643209440822  0.75413594225700142
  0.76412867577516941  0.77413114440034159  0.78453017682436610  0.79512293569646275
  0.80626836229708732  0.81760217678423186  0.82936684095640645  0.84038456444952148
  0.85066534446628128  0.86046933741654608  0.87067848166283091  0.88128449169011225
  0.89241597648289039  0.90308097576908275  0.91258636255995407  0.92131855768192439
  0.92988198671268041  0.93908782852415706  0.94877618760629445  0.95912182922335598
  0.96984917511484470  0.98031837299797764  0.99038750085476068  1.00000000000000000
  0.00002030942050874  0.00021843423012960  0.00039741153668803  0.00055133395974910
  0.00073153014865666  0.00092286911120708  0.00112709172276727  0.00135078894809027
  0.00158936640415334  0.00183277928270335  0.00208133732677878  0.00235294181602556
  0.00266190856533633  0.00298653059504923  0.00330718301755851  0.00363291499920675
  0.00396469239846120  0.00430399843868694  0.00466052394125295  0.00503268894576385
  0.00542069234627838  0.00582277450421382  0.00622749850114571  0.00664834523852570
  0.00707667250199047  0.00751113553815777  0.00795365966104222  0.00840808589604802
  0.00886251838497845  0.00932750796127430  0.00980565128769090  0.01029056095450354
  0.01078759027495301  0.01129728490621086  0.01180335233503564  0.01229938138425288
  0.01279635928923355  0.01330805918713929  0.01381390723511034  0.01431243797810692
  0.01481734335611570  0.01537403201713182  0.01595321041221454  0.01656677110835099
  0.01719083266062121  0.01783297856333520  0.01849152990807658  0.01917102406675655
  0.01983787189809653  0.02045717554134296  0.02112658259099742  0.02178562433585759
  0.02250639623671109  0.02326834020790690  0.02404635161822100  0.02486367450569222
  0.02571674731849563  0.02659131817096083  0.02739522615990425  0.02822554844724195
  0.02901399310539554  0.02987724126718182  0.03072773137029083  0.03158394505151661
  0.03241810510410979  0.03323387906274786  0.03403027263561579  0.03483789376658281
  0.03580273037116868  0.03687882720293122  0.03794325937251387  0.03907908208656571
  0.04027099279792565  0.04148970535076126  0.04293374003397779  0.04463262045200209
  0.04625723603056837  0.04775306858685577  0.04941891016666099  0.05117544295003341
  0.05308180991318313  0.05539539595373217  0.05784226691148243  0.06022236406950972
  0.06222918293775700  0.06429351603084442  0.06639281476692879  0.06865279184952416
  0.07234993562598301  0.08473708372090710  0.08984059798885165  0.10083257813611951
  0.10709333127613838  0.11056510581711020  0.11200066840780383  1.00000000000000000
 -0.00170017280808894  0.00606312805004157  0.01237340310656942  0.01862935399876345
  0.02521477105873830  0.03197015850388794  0.03897732451191581  0.04639334777710614
  0.05350098917707596  0.06068692701271869  0.06787309001352787  0.07534153345439215
  0.08282925732099065  0.09061259754362716  0.09847385992435469  0.10702332936811246
  0.11597180316932967  0.12545848584380787  0.13573799884622018  0.14753725335740672
  0.16145440148875179  0.17782180334519965  0.19754560722337408  0.21947724185846573
  0.24228258200031302  0.26475149286849126  0.28505029901104384  0.30280878989303583
  0.31988992893843160  0.33440243908041162  0.34713323801173307  0.35858301849726093
  0.36915829969288422  0.38016284589513405  0.39012885483867571  0.39982816545543232
  0.40866145147452720  0.41712322996793494  0.42423029291098352  0.43105440748020718
  0.43788015269603642  0.44499946696328707  0.45243285197679267  0.46015161121039910
  0.46752618621328157  0.47484111533827988  0.48275671026067452  0.49118212263221001
  0.49997501354715557  0.50861369647889954  0.51722049004564052  0.52483839446478631
  0.53189188526870634  0.53878020101636237  0.54587233145126957  0.55414344222773393
  0.56249813103735335  0.57104775721640244  0.58075906356144513  0.59096072631498942
  0.60202808022812959  0.61356579503462572  0.62451834076962420  0.63516838423632049
  0.64616716828460696  0.65769983077708327  0.67069842962409321  0.68582364601624035
  0.70490053994295820  0.72620717250555822  0.74961938491333524  0.77417227780108167
  0.79792926149280508  0.81744188745307467  0.83399008323408497  0.84808367417923392
  0.86075592164944348  0.87189867930719644  0.88211832621065855  0.89160776150740673
  0.90003840566152515  0.90772131032486503  0.91514420018603004  0.92240872103438232
  0.92947763434008146  0.93647404247746502  0.94326359710196050  0.94964209646408149
  0.95568284435480799  0.96182683291415150  0.96824801453022724  0.97486551508262465
  0.98134278684167675  0.98769025162544866  0.99380025467169930  1.00000000000000000
  0.73469144814705345  0.74958708791965323  0.75690968587145735  0.76412628584705211
  0.77013581482912108  0.77647243095314666  0.78319128665458404  0.78972111299270509
  0.79563402641473124  0.80081834599781943  0.80566435662145297  0.81086103826649569
  0.81638232470405792  0.82122323582032841  0.82560664250228644  0.82990794752089081
  0.83423626657088612  0.83810639978128398  0.84177177656270163  0.84550183237439180
  0.84969527326870953  0.85393009972693512  0.85755574671937695  0.86086620337581909
  0.86417374805891756  0.86755324793828115  0.87098172087749093  0.87441479763440955
  0.87766163633248029  0.88090742986826853  0.88410699180796970  0.88733755916217671
  0.89055704931641022  0.89362444758238757  0.89647846368502482  0.89915545889695647
  0.90166998588222480  0.90412928250416102  0.90650485176484374  0.90893593115371263
  0.91152142786809198  0.91419324639133415  0.91693208139843441  0.91928269559100362
  0.92159294333866359  0.92377814360816912  0.92590450881601971  0.92809117608794156
  0.93031179135041264  0.93254471570754394  0.93456544322153967  0.93654237968952347
  0.93850685100066289  0.94032078483941473  0.94215448540055924  0.94400617003739862
  0.94582452803768313  0.94763293112009184  0.94941655493294452  0.95112087795649314
  0.95279627249394372  0.95448826991870617  0.95628057925952947  0.95807537118604513
  0.95984148432434790  0.96148626921775193  0.96301591390963059  0.96452124634838410
  0.96595303036151614  0.96740101818622104  0.96883197726565773  0.97026165022040223
  0.97169586660255269  0.97310218929065961  0.97449396884731865  0.97585527672847938
  0.97719689725570291  0.97853224820704798  0.97981315205286490  0.98104926962514505
  0.98221863834839007  0.98332190389328189  0.98438281605671030  0.98542714908338025
  0.98647622503564458  0.98756137424791235  0.98861499111670925  0.98963527766753401
  0.99065248758887681  0.99168136152320718  0.99272079518582501  0.99377183829481996
  0.99487969386464714  0.99608055045255750  0.99777552071083009  1.00000000000000000
 -0.02050292582940199  0.12197799773202056  0.16662418583576502  0.19251093839571806
  0.21273874271551060  0.23110617752482446  0.24623791954877822  0.25956569865116214
  0.27233551051626770  0.28460739799052354  0.29586525192310370  0.30650147913042197
  0.31695271714377443  0.32692224995789837  0.33655495118051487  0.34632275997490364
  0.35609702427913692  0.36543745860652965  0.37406933970026668  0.38177961777808878
  0.38921510018831967  0.39657914992166804  0.40403750757898999  0.41174235741303877
  0.41928221920646797  0.42614322143267019  0.43280728345647318  0.43936343446834619
  0.44619812120078384  0.45313444062684100  0.46007968595955984  0.46656631642241975
  0.47239585871723916  0.47791215004056681  0.48348239289289630  0.48927348317650160
  0.49519662643137280  0.50115238268962825  0.50728178270244251  0.51346066722587513
  0.51947397507834669  0.52537038586910467  0.53124813146306182  0.53714467797058285
  0.54298680521308662  0.54886450492376393  0.55488507247351371  0.56088872464794226
  0.56676163486305731  0.57258719535816882  0.57826803242163549  0.58383166362613859
  0.58899774362818780  0.59382427781819058  0.59860629223085082  0.60332850230636093
  0.60789383382936379  0.61237553245284182  0.61695788938426044  0.62170639963571184
  0.62690998063283199  0.63268444149121117  0.63843246014444754  0.64400987640966767
  0.64949158736840806  0.65496001152280092  0.66056710799887219  0.66650197706474579
  0.67251169835255309  0.67853100078576623  0.68462068831664991  0.69055956822698539
  0.69640526978889572  0.70224045663979295  0.70789149033947307  0.71362791413007365
  0.71953224358347168  0.72570175193495901  0.73226348731581359  0.73921873253407033
  0.74623354701120470  0.75315673994820709  0.76023472361966649  0.76762930643701033
  0.77567891058360972  0.78440538347139910  0.79350375500284753  0.80327464965354889
  0.81370868671886243  0.82463456221923537  0.83649039843343675  0.85023377551182078
  0.86667801967837865  0.88639913763650846  0.91529936119634037  1.00000000000000000
   1.4982723965100000E-006  0.29171070303000002     
  <DiscreteSampler_grid>
  Helicity
  1 # 1 for a reference and 2 for a running grid.
  80 # Attribute 'min_bin_probing_points' of the grid.
  1 # Attribute 'grid_mode' of the grid. 1=='default',2=='initialization'
  0.0300000000000000 # Attribute 'small_contrib_threshold' of the grid.
  0.3330000000000000 # Attribute 'damping_power' of the grid.
 # binID   n_entries weight   weight_sqr   abs_weight
    1   85   8.702095294370000E-009   4.092967371870000E-015   8.702095294370000E-009
    4   4510   5.181227673693531E-005   1.569915181207453E-007   5.181227673693531E-005
    6   648   6.942814213962671E-006   1.337827766275318E-008   6.942814213962671E-006
    7   3374   3.931639552950914E-005   2.664959367070223E-008   3.931639552950914E-005
    10   3818   4.444879861130182E-005   7.013014594601989E-008   4.444879861130182E-005
    11   420   5.968506073812950E-006   6.417112937304641E-009   5.968506073812950E-006
    13   4989   5.520679563635165E-005   3.287151077426783E-007   5.520679563635165E-005
    16   89   8.418119663439101E-009   4.018135900378427E-015   8.418119663439101E-009
  </DiscreteSampler_grid>
  <DiscreteSampler_grid>
  grouped_processes
  1 # 1 for a reference and 2 for a running grid.
  10 # Attribute 'min_bin_probing_points' of the grid.
  1 # Attribute 'grid_mode' of the grid. 1=='default',2=='initialization'
  0.0300000000000000 # Attribute 'small_contrib_threshold' of the grid.
  0.3330000000000000 # Attribute 'damping_power' of the grid.
 # binID   n_entries weight   weight_sqr   abs_weight
    31   10   2.382617517460000E+004   4.539242879490000E+009   2.382617517460000E+004
    32   10   2.382617517460000E+004   4.539242879490000E+009   2.382617517460000E+004
    44   10   2.382561684020000E+004   4.539214080290000E+009   2.382561684020000E+004
    47   10   2.382561684020000E+004   4.539214080290000E+009   2.382561684020000E+004
    43   10   2.382561684020000E+004   4.539214080290000E+009   2.382561684020000E+004
    37   10   2.382561684020000E+004   4.539214080290000E+009   2.382561684020000E+004
    46   10   2.382561684020000E+004   4.539214080290000E+009   2.382561684020000E+004
    38   10   2.382561684020000E+004   4.539214080290000E+009   2.382561684020000E+004
    28   10   1.188378779290000E+004   1.134785585240000E+009   1.188378779290000E+004
    34   10   1.098715363670000E+004   1.120367701990000E+009   1.098715363670000E+004
    52   10   8.923498762210000E+003   6.377329633800000E+008   8.923498762210000E+003
    58   10   8.923358634490000E+003   6.377198355750000E+008   8.923358634490000E+003
  </DiscreteSampler_grid>
