  0.00000451006469127  0.00000471196252701  0.00000527981355691  0.00000546937441179
  0.00000566545277266  0.00000586173291348  0.00000607815055142  0.00000628816793815
  0.00000648746842373  0.00000668790959253  0.00000689575267510  0.00000715516689942
  0.00000744885000836  0.00000773717594145  0.00000799189029240  0.00000827925552354
  0.00000863521812470  0.00000905452568780  0.00000950891572934  0.00001000195447544
  0.00001059598797111  0.00001128802735798  0.00001198600059511  0.00001271410607619
  0.00001343824968451  0.00001421766253821  0.00001506068484856  0.00001591403981184
  0.00001677922551764  0.00001775200898133  0.00001876752927983  0.00001993368900917
  0.00002109814110632  0.00002229790758219  0.00002354427213021  0.00002496064468199
  0.00002649567223680  0.00002806243446846  0.00002972605073061  0.00003146452669640
  0.00003323518325088  0.00003519364541928  0.00003725411933287  0.00003943868717977
  0.00004183187515905  0.00004422029243597  0.00004687572912632  0.00004965102523843
  0.00005277800542467  0.00005623339928400  0.00006044734729780  0.00006501260780010
  0.00006971615661759  0.00007437897540288  0.00007882104447382  0.00008341383821051
  0.00008815605549630  0.00009316085058659  0.00009853147555731  0.00010427174195095
  0.00011033488269890  0.00011696498510199  0.00012498619159915  0.00013273058269016
  0.00014339570612051  0.00015456137845502  0.00016593178215134  0.00017726595336731
  0.00018907094783097  0.00020260330061357  0.00021939957486340  0.00023930035041533
  0.00026178720932630  0.00028670308069253  0.00031200311106102  0.00033742414054827
  0.00036450811479363  0.00039448707412063  0.00043093715650769  0.00047641143680010
  0.00052985607916675  0.00059061063822455  0.00065997163277284  0.00074308699804260
  0.00084316067771813  0.00096318186212405  0.00111364816995971  0.00131593324792756
  0.00159812750808955  0.00197822070851429  0.00254231932777994  0.00350412866006772
  0.00535172277244696  0.01007054209915137  0.02849221150871952  1.00000000000000000
  0.00024875963587490  0.00025198665213790  0.00025549859678123  0.00025895047701192
  0.00026212407875614  0.00026508888601875  0.00026792864102274  0.00027066055796490
  0.00027331455047361  0.00027733413228349  0.00028198150082258  0.00028695925108628
  0.00029167715208435  0.00029603193228328  0.00030031677652499  0.00030463841669211
  0.00030905651155131  0.00031384120107901  0.00031962092727006  0.00032593514264215
  0.00033284742767738  0.00033904253274251  0.00034493527429923  0.00035041987406399
  0.00035612223746681  0.00036250836990294  0.00036963991382460  0.00037770820551254
  0.00038642388235552  0.00039567163246531  0.00040484148538144  0.00041468468731239
  0.00042486475137794  0.00043437701600784  0.00044417830803275  0.00045366499076254
  0.00046365385779230  0.00047538932116006  0.00048834562704260  0.00050200929588736
  0.00051666352794345  0.00053212894162082  0.00054840567041971  0.00056487409439168
  0.00058120984858240  0.00059749203504475  0.00061520030019350  0.00063556161391025
  0.00065668430892284  0.00067717397676740  0.00069876365100570  0.00072208709410307
  0.00074708117987703  0.00077354007738824  0.00080037853305636  0.00082676583566240
  0.00085506714129923  0.00088496096576958  0.00092057654688614  0.00096006334779749
  0.00099823299405250  0.00103532504404440  0.00107472705585918  0.00111753215882942
  0.00116188582233720  0.00120905081256566  0.00126737178986173  0.00133163731622680
  0.00139859407287311  0.00146190884691928  0.00152447847298995  0.00159573259263540
  0.00167778092410546  0.00176049833468373  0.00183830101997660  0.00191700567661067
  0.00200374977072139  0.00211156869343451  0.00223958820817660  0.00239285344004175
  0.00256198784679007  0.00273178908912083  0.00291173962856159  0.00309640769364851
  0.00330338845275118  0.00355603106986512  0.00387678072176158  0.00428047188443003
  0.00472165948720368  0.00507353401260233  0.00551890036176484  0.00605470452863728
  0.00707320349132778  0.00837537433074144  0.00908578745239492  1.00000000000000000
 -0.00119856995889978  0.00341250024259846  0.00717302860617923  0.01081369408901235
  0.01481769344575880  0.01881175646252645  0.02286625183732046  0.02696361338720762
  0.03124911900331825  0.03566485255523635  0.04020612361063115  0.04495407100507021
  0.04989347573652185  0.05482476539330453  0.05950334306691195  0.06438911274946514
  0.06924035264044985  0.07428236099386243  0.07954324090140413  0.08506061898366411
  0.09092744897689478  0.09695532123147943  0.10283764062743700  0.10848153293773800
  0.11407840676405337  0.11962362425310309  0.12526828223155395  0.13116725071514651
  0.13729624926553194  0.14407915773215776  0.15136343881070485  0.15843615094526120
  0.16549873057076184  0.17266606992378203  0.18029285646498491  0.18820138961971211
  0.19581322957952041  0.20330455857072849  0.21072689229203256  0.21804455879239426
  0.22515321294385260  0.23191989588077086  0.23895648194305935  0.24613739180891836
  0.25356339965447638  0.26075474030967005  0.26834839941704625  0.27662897622360744
  0.28484372259900176  0.29346545222652393  0.30267639014313275  0.31209150640812516
  0.32211148164788311  0.33226727625796504  0.34228770706079675  0.35233513114758835
  0.36252022739549439  0.37330282967119943  0.38489777190086732  0.39734993875680819
  0.41031375259094005  0.42190532160506244  0.43255709881948140  0.44324565357168128
  0.45497148249964825  0.46772641976475343  0.48013700005057264  0.49249381850605006
  0.50453106024485805  0.51715842291869263  0.53070289904540491  0.54471929086337378
  0.55939282703873083  0.57488539629022739  0.59009230959279235  0.60389430740418337
  0.61904916823504164  0.63533781088351737  0.65222763171131437  0.66831632018650333
  0.68434335527104639  0.70060978952041641  0.71586606859703794  0.73137936459621367
  0.74779539561689123  0.76792232149930417  0.78864911356586853  0.80961709810442239
  0.83058126567208657  0.85230822102994763  0.87262535387512952  0.89386098607537667
  0.91362457003932296  0.93552541099385100  0.96403327377780357  1.00000000000000000
 -0.00283739207078787  0.01029920810304679  0.02169318210000316  0.03452381887756517
  0.04714397417396433  0.05961882514081280  0.07171148039640195  0.08531473221208945
  0.09997664975886746  0.11408999520718124  0.12554033508154791  0.13616328711449396
  0.14708588029405187  0.15944867642888216  0.17188539260990857  0.18367873308212071
  0.19430356472677224  0.20572122647954399  0.21637256988361539  0.22707020128185026
  0.23781790650218107  0.24837501385025446  0.25797247743723833  0.26723214466485151
  0.27606892989203474  0.28626116227460147  0.29685110337223808  0.30772964152280496
  0.31814329460521912  0.32939958072937714  0.34083645083903286  0.35201966842727428
  0.36319194489326417  0.37479421916977557  0.38682407786656858  0.39806849262561655
  0.40899205161976399  0.41889550858627933  0.42821242209841515  0.43745462302074350
  0.44654522380144790  0.45645206767472901  0.46604818079086735  0.47591124200509199
  0.48571531753243474  0.49563112238771451  0.50460040317710764  0.51375780430056706
  0.52357026679166108  0.53457828569209964  0.54602324927416135  0.55701920794190452
  0.56723511599938126  0.57683785184181546  0.58643904899231325  0.59595208797904420
  0.60537147670571978  0.61481080522582432  0.62479799352612908  0.63535612492743709
  0.64602886885537414  0.65716991634738775  0.66860280787656223  0.67894907333926457
  0.68907313633038014  0.69903890426405169  0.70944073292022958  0.71902705824116253
  0.72828288190598434  0.73786180098639209  0.74778519868922577  0.75785033781897782
  0.76799513452246060  0.77806961163084964  0.78804466908417647  0.79802296212229473
  0.80772608364078768  0.81699116687049322  0.82659064570906393  0.83615105607717388
  0.84586567322023209  0.85463040778490551  0.86390560958928397  0.87385987884650163
  0.88479691344408395  0.89549429752975129  0.90545189430918649  0.91634775418158110
  0.92732529434969135  0.93781046405704227  0.94762066045373472  0.95791436423904097
  0.96858247668525255  0.97909913820889993  0.98930206964429235  1.00000000000000000
 -0.00276374844004191  0.01125649000052109  0.02177314209879794  0.03206371760011524
  0.04174363708851130  0.05136239356442773  0.06105908774907307  0.07031034870912345
  0.07912456303959345  0.08826155173709681  0.09721506331688276  0.10603572733374644
  0.11482557652262265  0.12461305099365080  0.13561802778499518  0.14637085833619409
  0.15764425685960334  0.16915645612492536  0.18122230379649309  0.19275721056093159
  0.20426515450432869  0.21528125070229162  0.22571317893011150  0.23644384782216341
  0.24718768612997663  0.25796293424286826  0.26872552736925465  0.27866583311247389
  0.28856583264631447  0.29790795597778863  0.30756393258466563  0.31709650535181394
  0.32667999440890994  0.33678942822481883  0.34709722171499791  0.35791373072083582
  0.37026745849962228  0.38144611035881165  0.39132393712689473  0.40081158760668617
  0.41027490481693002  0.42009649006935212  0.42985512005026788  0.43977748373583325
  0.45021401102042213  0.46161444457055179  0.47298197247699081  0.48457451387134354
  0.49567058739135833  0.50703013206810565  0.51788827680734373  0.52848173916651386
  0.53934088359696863  0.55063315773090016  0.56177990181513848  0.57247183146293701
  0.58356061453948338  0.59442613486630080  0.60548285588804229  0.61587366310530078
  0.62665088343951825  0.63683576678919840  0.64700190479635289  0.65685196434777571
  0.66714484210519542  0.67773693789232259  0.68829340711277520  0.69875783229252886
  0.70976937248725169  0.72139419041870312  0.73249113524559284  0.74283981853749836
  0.75363949199425140  0.76504744777749434  0.77716563280401729  0.78906736501685082
  0.80059476619355718  0.81123793634309183  0.82188387670585539  0.83342282010055646
  0.84455990923822954  0.85505080971638514  0.86500992488298323  0.87555100112390338
  0.88640625370670034  0.89730938201057331  0.90776540022058438  0.91794773898868287
  0.92897529420833214  0.93987986508999510  0.94988055107062519  0.95991560965301514
  0.96904814394751704  0.97922025108830268  0.98899642889081651  1.00000000000000000
  0.71284141237393550  0.71769320632460309  0.72160534371449159  0.72525721793687381
  0.72892880635335566  0.73227291612866763  0.73599842509967661  0.73937972684515962
  0.74391127256219536  0.74820610913542240  0.75257202700700898  0.75690976867901805
  0.76113151381739486  0.76508382917585793  0.76857752566176762  0.77173277241063865
  0.77469194551808884  0.77774091535500212  0.78089398835394941  0.78410527486401493
  0.78694400147922616  0.78958083112634236  0.79221595684567658  0.79497602694500791
  0.79780808150577420  0.80078394610069958  0.80401202458284149  0.80757618076391691
  0.81074162285675699  0.81373138989385396  0.81677267588787306  0.81974809172951579
  0.82264323563494035  0.82555240139526265  0.82864653195442117  0.83202233356225441
  0.83555031769355359  0.83885727214567507  0.84172946351296596  0.84449804270464979
  0.84721665678570335  0.84997112846923628  0.85274397068407137  0.85557397382987532
  0.85858673375057548  0.86161658513499462  0.86462415836085538  0.86772892891350173
  0.87096035804926175  0.87418812610946794  0.87722496604982403  0.88001689650437209
  0.88268460444154773  0.88527953455236341  0.88777512640830880  0.89028279190234616
  0.89268789680635641  0.89520986750937903  0.89794398814236109  0.90087541570917462
  0.90379291758513625  0.90659915564995963  0.90933479108430360  0.91206315474507393
  0.91508678377603614  0.91797872233040423  0.92077778376323571  0.92346871696600397
  0.92619791267456808  0.92901146049568983  0.93176865773832873  0.93435968524484214
  0.93674737386231843  0.93905120531401765  0.94139964662117748  0.94383902097642303
  0.94627056606087856  0.94870038901914933  0.95112750104267463  0.95361524530252217
  0.95606629555506084  0.95838162132739568  0.96077908665317679  0.96335262463653504
  0.96623234794096746  0.96910151366700703  0.97190501674922758  0.97465589452258083
  0.97744561295285803  0.98010693596419896  0.98281282468245845  0.98532121186837363
  0.98798168078723736  0.99090907331042333  0.99474395808866323  1.00000000000000000
 -0.01140978517440906  0.06330868152643486  0.09048954491449684  0.10822479203182066
  0.12221170693804224  0.13442432395569459  0.14512135671712961  0.15462776663491437
  0.16339239766807637  0.17161479310327643  0.17933842095986710  0.18630510431071931
  0.19287645541612397  0.19938144362451110  0.20616899345420489  0.21357882140984458
  0.22077280051555359  0.22735856018030107  0.23315844715504552  0.23876683717341457
  0.24443328293335714  0.25015240954292961  0.25598156981972814  0.26179914542984678
  0.26789036246835923  0.27393215316286035  0.27934389030263940  0.28441166666818862
  0.28942408330584579  0.29440305875989081  0.29937126718747353  0.30467520336388082
  0.31012690788053537  0.31578633093910319  0.32096197471334448  0.32561117965729053
  0.32998784930511427  0.33432556503671679  0.33868614535646097  0.34302931898228944
  0.34745239590731802  0.35211692337868394  0.35684732014131404  0.36142797295546603
  0.36586979170881023  0.37009949074579995  0.37415890166993054  0.37926948000366922
  0.38484112361201378  0.39072983386459009  0.39665336406686796  0.40227143838793206
  0.40753218356549759  0.41256214234509858  0.41775124777663930  0.42339052515673009
  0.42981860948402134  0.43720208440442299  0.44442094200385307  0.45124739026666261
  0.45763372106264366  0.46397275314064057  0.47016505997932123  0.47634612466294174
  0.48279588525706202  0.48978527890846629  0.49765115395021653  0.50542654580287172
  0.51286728083088295  0.51985097069369257  0.52720591502441971  0.53480087459288461
  0.54316769881064342  0.55064522455401610  0.55795099598810105  0.56552706663583596
  0.57370667099676220  0.58257836040075017  0.59153219117251443  0.60029148175568592
  0.60940603682883232  0.61880510767451258  0.62787430213495987  0.63734432668536622
  0.64742529488283929  0.65930183511236773  0.67165800857092983  0.68454124604297206
  0.69895772307510340  0.71506852498059637  0.73291636664070103  0.75280398804042725
  0.77521045524313559  0.80350211705491470  0.84647405699300238  1.00000000000000000
   7.4289003472700000E-006   5.9935333871000002E-002
  <DiscreteSampler_grid>
  Helicity
  1 # 1 for a reference and 2 for a running grid.
  80 # Attribute 'min_bin_probing_points' of the grid.
  1 # Attribute 'grid_mode' of the grid. 1=='default',2=='initialization'
  0.0300000000000000 # Attribute 'small_contrib_threshold' of the grid.
  0.3330000000000000 # Attribute 'damping_power' of the grid.
 # binID   n_entries weight   weight_sqr   abs_weight
    2   701   1.067277004775727E-004   2.829692239978065E-007   1.067277004775727E-004
    4   726   1.122330464409092E-004   7.687847933719751E-007   1.122330464409092E-004
    5   1159   1.722088117441695E-004   7.747775364352616E-007   1.722088117441695E-004
    7   796   1.194870172388748E-004   4.082928629406797E-007   1.194870172388748E-004
    10   825   1.160358624194975E-004   3.748665112990409E-007   1.160358624194975E-004
    12   1328   1.743747457510968E-004   8.861576596280820E-007   1.743747457510968E-004
    13   676   1.159751930201256E-004   1.063866275458579E-006   1.159751930201256E-004
    15   781   1.287139015804318E-004   3.811364044667295E-007   1.287139015804318E-004
  </DiscreteSampler_grid>
  <DiscreteSampler_grid>
  grouped_processes
  1 # 1 for a reference and 2 for a running grid.
  10 # Attribute 'min_bin_probing_points' of the grid.
  1 # Attribute 'grid_mode' of the grid. 1=='default',2=='initialization'
  0.0300000000000000 # Attribute 'small_contrib_threshold' of the grid.
  0.3330000000000000 # Attribute 'damping_power' of the grid.
 # binID   n_entries weight   weight_sqr   abs_weight
    17   10   3.584068215910000E+002   7.931029998940000E+005   3.584068215910000E+002
    14   10   3.538176017150000E+002   7.821724629040000E+005   3.538176017150000E+002
    16   10   3.520124177510000E+002   7.541183277040001E+005   3.520124177510000E+002
    13   10   3.477195571990000E+002   7.475927456490000E+005   3.477195571990000E+002
  </DiscreteSampler_grid>
