  0.00000501918868488  0.00000522117981144  0.00000540532469151  0.00000558942574596
  0.00000579176927136  0.00000598540882752  0.00000616435281492  0.00000636782244050
  0.00000657322737900  0.00000676943652797  0.00000696610122410  0.00000718024473672
  0.00000743680398619  0.00000770493101962  0.00000795651847418  0.00000816762198824
  0.00000838757989305  0.00000868010484327  0.00000903526573594  0.00000941564310966
  0.00000978839838643  0.00001020759776920  0.00001067804539595  0.00001125119086730
  0.00001179563456718  0.00001241644236468  0.00001307545085138  0.00001377687376573
  0.00001454064847709  0.00001536729377353  0.00001625893552101  0.00001721818405465
  0.00001824265366386  0.00001931893323075  0.00002050481742694  0.00002186819090742
  0.00002322079883117  0.00002464344463247  0.00002616732357852  0.00002770046745829
  0.00002932836274018  0.00003118114282434  0.00003309891870926  0.00003522310627136
  0.00003733821576709  0.00003953471576705  0.00004212495707973  0.00004487588175585
  0.00004788873943649  0.00005092954597123  0.00005385523197818  0.00005674978569116
  0.00005978428587539  0.00006314177734823  0.00006709094649799  0.00007193675927078
  0.00007714312874888  0.00008190954871510  0.00008654563578096  0.00009120675235771
  0.00009618590739287  0.00010197872138133  0.00010881221657031  0.00011650735338002
  0.00012396353968699  0.00013185863903888  0.00014056147816847  0.00015024208264948
  0.00016203058470322  0.00017441133013633  0.00018914429477457  0.00020623978730723
  0.00022554438058053  0.00024790694051996  0.00027342131224829  0.00030076325263105
  0.00032919873541815  0.00036091882998480  0.00039576514360810  0.00043784335017314
  0.00048881089346939  0.00054832197364922  0.00061286537442345  0.00068169015174795
  0.00075844357157627  0.00085196811166474  0.00099095228565136  0.00119775710963328
  0.00150975781263685  0.00188320922878588  0.00235269042919589  0.00310844501483618
  0.00465294774983131  0.00758391192961681  0.01432807194180732  1.00000000000000000
  0.00024770851092938  0.00025259916311672  0.00025878040554197  0.00026559770322086
  0.00027306551467414  0.00028170093974754  0.00029174969651100  0.00030136340466735
  0.00031110526093504  0.00032142933024404  0.00033237716179392  0.00034342155635605
  0.00035515076934516  0.00036762391211414  0.00038074395467169  0.00039430398251228
  0.00040819766339672  0.00042422451055188  0.00044022360043791  0.00045627254500332
  0.00047349160426470  0.00049259485547401  0.00051292832628577  0.00053365116512759
  0.00055525042569059  0.00057777592671763  0.00060093263186729  0.00062683899907510
  0.00065443909833684  0.00068128950214056  0.00070772217719390  0.00073609859388618
  0.00076379769072325  0.00079390752978637  0.00082648299580095  0.00086143661428745
  0.00089642847726109  0.00093074505792293  0.00096550413321282  0.00100022870035445
  0.00103521299164685  0.00107651874930317  0.00112266902665153  0.00116765753069889
  0.00120513094789357  0.00124468033980830  0.00128529013704643  0.00133445447424641
  0.00139254384466155  0.00144985485982490  0.00150257946275404  0.00155901762115824
  0.00161594181463805  0.00167500986888596  0.00173098209642079  0.00178507223128033
  0.00183982687737552  0.00189412366242736  0.00193598485678449  0.00197720312590802
  0.00201902594217520  0.00207138748642532  0.00213050039135626  0.00219801605907915
  0.00227044466688060  0.00234421223337840  0.00241876787996792  0.00251681125752595
  0.00261641196345894  0.00272476830155695  0.00287010543416015  0.00303645505304974
  0.00323466453695541  0.00347612002661748  0.00378455893915135  0.00404389704853115
  0.00428527329740881  0.00451615245538481  0.00471613893347314  0.00492996527894547
  0.00515478119506778  0.00534428355775243  0.00559325026322505  0.00588900138889644
  0.00621432008746111  0.00666637287315911  0.00702315627507793  0.00737943935111540
  0.00774914087386697  0.00850609471091292  0.00908605644228996  0.00970724029311026
  0.01222146836057257  0.01548180125353788  0.01622732107488723  1.00000000000000000
 -0.00013328100995162  0.00713511579781619  0.01437205776624557  0.02292136773272961
  0.03272167779282940  0.04286872703591548  0.05279693511169875  0.06193676050639762
  0.07111200573105106  0.08048538636765219  0.09037683478577718  0.10102788304290228
  0.11199405008490443  0.12272768459345042  0.13304764824503218  0.14312337697577832
  0.15336537905450917  0.16410087353920152  0.17521537442577040  0.18629696283383101
  0.19729002029181944  0.20853725870688547  0.21910405676902198  0.22907038601548477
  0.23887450964326223  0.24940727829098755  0.26127152305658657  0.27201425237196625
  0.28251349958586019  0.29174687259092225  0.30063037831145584  0.30975098041804605
  0.31909984931231011  0.32808759215936317  0.33722404503292608  0.34693162315066417
  0.35792435567210923  0.36963471000264936  0.38082646732464515  0.39253059067620499
  0.40431679581424701  0.41577629911765673  0.42658219293265293  0.43684154849845092
  0.44760908043411823  0.45863070959109276  0.47061102851558179  0.48306802506276331
  0.49531672462346227  0.50746706778651129  0.51962895034776613  0.53226190782117888
  0.54461339626737959  0.55563944091285733  0.56622449557019872  0.57674361843749644
  0.58784403163072996  0.59904535885013876  0.60929535486434527  0.61887403840444688
  0.62883475374627051  0.63941061195199977  0.65063898437023993  0.66205290917035386
  0.67299643110790808  0.68411334170928373  0.69542275410237708  0.70689236152496782
  0.71866684157779392  0.72980913181122720  0.74076742163473930  0.75247383158257963
  0.76567237314336367  0.77864918317943610  0.78965065700852799  0.80011082169904191
  0.81029177747804149  0.82044210163465758  0.83102808519570981  0.84189458063143108
  0.85204857529930189  0.86177527535388143  0.87100710966374584  0.88067692126299635
  0.89053893525488270  0.90072589047516616  0.91349805132270245  0.92474027974461626
  0.93434175612839732  0.94379287343973817  0.95327339925259524  0.96275838291287175
  0.97187419044264722  0.98092249312336099  0.99063513784495993  1.00000000000000000
 -0.00108292717696086  0.01123220340452536  0.02088177198596025  0.03086303410198291
  0.04027038488625866  0.05026921718837240  0.06064583526334791  0.07221728237403072
  0.08410301863638636  0.09630493102816659  0.10880513341699570  0.12000036195836071
  0.13083741713365443  0.14173082873732928  0.15389071780744443  0.16529090762157231
  0.17630444112639765  0.18617599951943503  0.19499644370088615  0.20325165956183375
  0.21202168056048848  0.22072389116002650  0.22901544470710566  0.23802837034090590
  0.24733986487532270  0.25794604496484669  0.26901683741754434  0.27971442792195611
  0.29000493807140409  0.30031058526244486  0.30973811604408730  0.31895371513959997
  0.32838409967503174  0.33781312793734480  0.34843264717667938  0.35901787034304011
  0.37028092206916746  0.38100965497153488  0.39135171196972468  0.40159389558634478
  0.41199073452864504  0.42278887280902749  0.43403673918970809  0.44445505783334371
  0.45469142383208777  0.46431004788902930  0.47362177485291979  0.48272484724467546
  0.49193258297016579  0.50186883950598027  0.51271420931926315  0.52374500185067363
  0.53503941704033275  0.54668282148956515  0.55871776379132099  0.56954077188729646
  0.57891589503690133  0.58834157179718438  0.59859704310230766  0.61168666788371806
  0.62452523129676585  0.63460909030270962  0.64418874071816490  0.65362262502924651
  0.66290481254647482  0.67266216824784675  0.68274931445074072  0.69523108749804985
  0.70688830972899241  0.71772195391001326  0.72727606667057476  0.73638559456141461
  0.74515516419827776  0.75364041246504709  0.76361858224347445  0.77361500611813605
  0.78569216942580811  0.79804556548772176  0.81050179374708220  0.82276182887244964
  0.83441270516660793  0.84446773168909850  0.85387216558774992  0.86378372281142635
  0.87473907881659363  0.88745719003679158  0.90102725891315805  0.91472407564558167
  0.92761656106439938  0.93984341328103438  0.95092220624244539  0.96096011067560871
  0.97059213586229254  0.98023916920466880  0.98994950696490480  1.00000000000000000
 -0.00274426310103691  0.00844329155122545  0.01850543154175033  0.02915614680411887
  0.04107330164730311  0.05303605643567888  0.06386335408453707  0.07329812274454650
  0.08163594375286008  0.08918220488023682  0.09680556786944836  0.10525652401888716
  0.11511680027727970  0.12536540163896623  0.13608743297973777  0.14731021076321854
  0.15788171802703738  0.16802076034958086  0.17640761867406021  0.18445297564807200
  0.19216468031436792  0.19983063614696214  0.20810055087846910  0.21702704716738247
  0.22573942611851977  0.23510931756146466  0.24533243929085682  0.25744767572827015
  0.27035385337862056  0.28261211412628723  0.29504085870731050  0.30717058690141885
  0.31806247610061600  0.32738565004376191  0.33639235043449489  0.34519344900733095
  0.35412325614025941  0.36323132205974074  0.37225427238661868  0.38201146393637503
  0.39268430782858171  0.40455720171925957  0.41711619226509666  0.42908555961251599
  0.43963583587329935  0.44955678276644939  0.45965431160086651  0.47012846107509532
  0.48156219233866715  0.49226599199340959  0.50321631310839954  0.51390118415765307
  0.52457809162979796  0.53568482251327765  0.54674267729655146  0.55801293031832444
  0.56906016204881027  0.57949298307889974  0.59068449890432562  0.60137860905952534
  0.61372439350894636  0.62672226852308155  0.64202262380652164  0.65709319894779683
  0.67036644732589745  0.68176862585832232  0.69270876061600151  0.70349686268854705
  0.71383382871013468  0.72462102821865459  0.73653828883365280  0.74812497856278126
  0.75892438778189675  0.76767159937671958  0.77611246267094125  0.78465716810475927
  0.79364484823515336  0.80383971881988203  0.81529933567385271  0.82622512874256315
  0.83731777515652894  0.84933936006929489  0.86145327292428531  0.87316130761319299
  0.88422326399989282  0.89463477602887131  0.90480819337912133  0.91477610790219577
  0.92471175941819439  0.93462923844238321  0.94465752418404281  0.95509420069591233
  0.96602672799487721  0.97707705008638068  0.98883405932842372  1.00000000000000000
  0.71126318289414858  0.71730119596670783  0.72251056387473001  0.72594317940700648
  0.72914846206812378  0.73231143115461927  0.73582247836553649  0.73862499823534367
  0.74145108107727531  0.74471038534773026  0.74743428495301145  0.74992128075031439
  0.75216454770049712  0.75454314712763570  0.75686613405978731  0.75934571609577695
  0.76182651260616818  0.76420065416719962  0.76644523951954280  0.76892706984275760
  0.77137683325512363  0.77368135701768570  0.77586831263812051  0.77795992094036714
  0.77993934184299130  0.78186003616738309  0.78387708650690135  0.78602653748714923
  0.78852370009969097  0.79108195745481225  0.79382623110914885  0.79645721844696282
  0.79898136834123057  0.80130681889625988  0.80363498759432139  0.80599049163817293
  0.80845980088532088  0.81100005439236333  0.81371059009219338  0.81659706931914222
  0.81917773285214179  0.82145113899830369  0.82382309507673634  0.82647227999570450
  0.82952017895450869  0.83252177121007720  0.83516448082219696  0.83781967681615932
  0.84045153737850598  0.84316231653956297  0.84591407699056786  0.84843236945175993
  0.85073162144493963  0.85296082558104258  0.85514686947596119  0.85785396473118936
  0.86057079412065374  0.86313370906852649  0.86557132543996507  0.86787438205507395
  0.87001674170534371  0.87201657878011574  0.87414621412128568  0.87642726160734341
  0.87887284971733870  0.88160215131440900  0.88430793611328606  0.88727130692259915
  0.89041455188101104  0.89318934556961960  0.89593451880881336  0.89891124566794289
  0.90222399113162211  0.90567496299991923  0.90896320406029041  0.91217868171873695
  0.91539635702474231  0.91886019823194898  0.92237721695841579  0.92595374623749627
  0.92941425667267463  0.93291675915090144  0.93636068178087628  0.93988167095030384
  0.94371951858222047  0.94774837436568693  0.95175308718374496  0.95563911037091509
  0.95955836809362505  0.96366238158748663  0.96796277416782994  0.97267618441320747
  0.97787801348501147  0.98360334268548943  0.99075438620119149  1.00000000000000000
 -0.01914391923684712  0.11844191912082452  0.15421618165299800  0.17530693856172194
  0.19205017347478359  0.20716429881599288  0.22029337720253964  0.23079330095302189
  0.24032096501526432  0.24951029964160448  0.25922288738340382  0.26825257968403310
  0.27604741987192832  0.28339027221075647  0.29105480137697815  0.29905241606914323
  0.30658640901500156  0.31395292670727881  0.32160820193790191  0.32992112916505095
  0.33790970968461953  0.34482450693072675  0.35117333283758517  0.35676493606254572
  0.36216873246968240  0.36796529750055657  0.37405685376144182  0.38039341162376433
  0.38699878898242279  0.39303414248098634  0.39946094550960354  0.40580637063253056
  0.41223849434081350  0.41881661235107620  0.42505303867419464  0.43090375012070731
  0.43660961495137407  0.44221691423739140  0.44822230911992855  0.45456991574902900
  0.46084625966274856  0.46718669454164535  0.47319118614316158  0.47933710498200954
  0.48528625983099216  0.49078708253729381  0.49614816224490466  0.50106267215772582
  0.50574883663342241  0.51086136072770483  0.51620051548865220  0.52121842471197766
  0.52596952628700833  0.53098332715864716  0.53622276888289466  0.54195921019977467
  0.54719361522632792  0.55199054089370425  0.55642915490964850  0.56072778653056976
  0.56515064513655855  0.56992077847787836  0.57495724864206288  0.58054914102051036
  0.58630372592231195  0.59191003461901504  0.59744070838236740  0.60320370218242259
  0.60858413972179959  0.61459190480583070  0.62090643477829044  0.62732721231658117
  0.63348243141676452  0.64001590001486008  0.64680949284396705  0.65393309991530468
  0.66088753464629946  0.66771465490622461  0.67437266087819037  0.68080690665942689
  0.68740088767955554  0.69482617534551239  0.70428511795569437  0.71423096056197954
  0.72419787045811446  0.73397982959241703  0.74380093198552844  0.75437098967064131
  0.76623222879133757  0.77846016364323822  0.79100288124830809  0.80669392890011760
  0.82486402925579649  0.84738280731824012  0.88637122654872513  1.00000000000000000
   1.0919148674000000E-006   1.7812946896599999E-002
  <DiscreteSampler_grid>
  Helicity
  1 # 1 for a reference and 2 for a running grid.
  80 # Attribute 'min_bin_probing_points' of the grid.
  1 # Attribute 'grid_mode' of the grid. 1=='default',2=='initialization'
  0.0300000000000000 # Attribute 'small_contrib_threshold' of the grid.
  0.3330000000000000 # Attribute 'damping_power' of the grid.
 # binID   n_entries weight   weight_sqr   abs_weight
    1   1230   2.827449919450710E-005   1.581377355032344E-008   2.827449919450710E-005
    4   1361   2.691566175182918E-005   3.602188251441966E-008   2.691566175182918E-005
    5   532   1.256817593417725E-005   2.576714489336965E-009   1.256817593417725E-005
    8   419   9.795199106793551E-006   1.386662078359223E-009   9.795199106793551E-006
    9   456   1.088089660815852E-005   1.663611673509911E-009   1.088089660815852E-005
    12   562   1.321829492060316E-005   2.785283176056460E-009   1.321829492060316E-005
    13   1156   2.598262827993283E-005   1.316588576092795E-008   2.598262827993283E-005
    16   1276   2.674263105582540E-005   2.039053795395225E-008   2.674263105582540E-005
  </DiscreteSampler_grid>
  <DiscreteSampler_grid>
  grouped_processes
  1 # 1 for a reference and 2 for a running grid.
  10 # Attribute 'min_bin_probing_points' of the grid.
  1 # Attribute 'grid_mode' of the grid. 1=='default',2=='initialization'
  0.0300000000000000 # Attribute 'small_contrib_threshold' of the grid.
  0.3330000000000000 # Attribute 'damping_power' of the grid.
 # binID   n_entries weight   weight_sqr   abs_weight
    10   10   6.967613357940000E+000   1.194288321000000E+002   6.967613357940000E+000
  </DiscreteSampler_grid>
