  0.00028526229030489  0.00028668084428300  0.00028755427208995  0.00028845474719143
  0.00028965329889097  0.00029068349680894  0.00029170652144137  0.00029254327419470
  0.00029430772964204  0.00029676358795536  0.00029960650244189  0.00030281765113974
  0.00030644773482973  0.00031008878302380  0.00031355417469096  0.00031762772164343
  0.00032155435310304  0.00032555128395838  0.00032934840759796  0.00033333589738184
  0.00033740190937327  0.00034278542111746  0.00034855185526355  0.00035427056896879
  0.00035981088015809  0.00036560961031273  0.00037151674085041  0.00037782392761497
  0.00038480309865028  0.00039257537099606  0.00040091420678454  0.00041151226226434
  0.00042178071918388  0.00043235294750540  0.00044296950542212  0.00045382117077750
  0.00046546999847013  0.00047861768135549  0.00049409048660574  0.00050982911657669
  0.00052645976283208  0.00054315557368164  0.00056048588871180  0.00057808204705038
  0.00059630850862721  0.00061737944913233  0.00064479415860749  0.00067380010272355
  0.00070319140503148  0.00073524603116510  0.00076918905944749  0.00080287625623454
  0.00083815491883460  0.00087894981960849  0.00092472911315552  0.00096930893497648
  0.00101769367056477  0.00106933764555240  0.00112487179634432  0.00118789847725420
  0.00125486110594081  0.00132537350771735  0.00140234955915992  0.00148737756450367
  0.00157748988350943  0.00167942704394039  0.00178821380372272  0.00191868705862306
  0.00205700048051334  0.00219521765507068  0.00233209741864919  0.00247852970481279
  0.00264644682942082  0.00283445954613339  0.00305349558978018  0.00330249123238989
  0.00359590384713987  0.00392998315455999  0.00433517231140824  0.00486106686769165
  0.00536041621673198  0.00583972238889364  0.00638318696790812  0.00696867594015163
  0.00772494516154824  0.00864026103042378  0.00975642117754474  0.01132848454170984
  0.01355668719628446  0.01701032006687333  0.01946687159227794  0.02226210872083611
  0.02543511693285537  0.04606800569614417  0.05301883799607720  1.00000000000000000
  0.00000300258916433  0.00000314963792032  0.00000337192575782  0.00000357028965722
  0.00000377379785323  0.00000400807284048  0.00000427019769589  0.00000455777750175
  0.00000486167028782  0.00000518462590668  0.00000555003167497  0.00000590069133702
  0.00000627620636843  0.00000665219732932  0.00000707183591464  0.00000752441437483
  0.00000802142881019  0.00000851070402626  0.00000903265322089  0.00000962234221408
  0.00001030674117054  0.00001112204376784  0.00001196688252087  0.00001283103228977
  0.00001375315378098  0.00001470567765550  0.00001571413467245  0.00001679674838000
  0.00001794449395578  0.00001917522828171  0.00002042699269343  0.00002181426512892
  0.00002342401511241  0.00002510232161903  0.00002682527367325  0.00002862121406393
  0.00003060593634410  0.00003280872013547  0.00003519073949253  0.00003774289675806
  0.00004043895617133  0.00004353416057422  0.00004687979007159  0.00005060525220718
  0.00005453295358994  0.00005856548656126  0.00006292019648425  0.00006777490737048
  0.00007324006395802  0.00007891421098823  0.00008430398196538  0.00008944767632607
  0.00009492372828572  0.00010079940816513  0.00010788139403774  0.00011568436470276
  0.00012358724944856  0.00013251336679749  0.00014276164959736  0.00015420359504502
  0.00016637798302108  0.00017807112435203  0.00018930680103420  0.00020233338430213
  0.00021616890043520  0.00023232235298031  0.00024914791555106  0.00026671737828217
  0.00028614613523756  0.00030909759223359  0.00033352289612351  0.00035784618144475
  0.00038392526641992  0.00041256486079169  0.00044984362172454  0.00049113889326265
  0.00053606186668257  0.00058599661156143  0.00064221464562768  0.00070183435832068
  0.00076566774927643  0.00083426685133492  0.00091150631872199  0.00102062643978508
  0.00118992003016073  0.00142396492458067  0.00169443423106081  0.00202286903173073
  0.00247787718584852  0.00322725998284373  0.00456460307978666  0.00608133787546159
  0.00842515034717915  0.01422225321095008  0.01889120178876271  1.00000000000000000
 -0.00279244243601292  0.01272114451367463  0.02442626902556596  0.03509832124173068
  0.04524462627839681  0.05442355411488061  0.06297915837792978  0.07289518622833999
  0.08249614366594239  0.09190650437638326  0.10116960366939498  0.11028043897554164
  0.12070451327340789  0.13196945118061482  0.14260019484646025  0.15303742744822876
  0.16242390705329790  0.17297711091421383  0.18360072341986308  0.19589945163664646
  0.20630443273341934  0.21552183909801109  0.22435021921217699  0.23358137403240306
  0.24358995830262670  0.25401640010430310  0.26478370749086921  0.27605384281318035
  0.28643375439432639  0.29638713652601029  0.30614277679157875  0.31696314953783750
  0.32931162271716080  0.34076236315400921  0.35165321638069530  0.36158841367629979
  0.37312764303116658  0.38547041792592029  0.39721168563385917  0.40830796419925897
  0.41919278154016093  0.43098898506326938  0.44277470175553219  0.45418684979559071
  0.46531714964972370  0.47682138714189476  0.48748121671132638  0.49764558808358250
  0.50711945285141802  0.51736258005260505  0.52826296036045495  0.53934122439849375
  0.55067842232089859  0.56217537786423677  0.57356023897509179  0.58446356341782546
  0.59505393352146718  0.60595528446632885  0.61609390235083061  0.62553301359384661
  0.63497966495993263  0.64491400181370795  0.65478559384886548  0.66481374701933149
  0.67479180046219389  0.68551188689903975  0.69675914890922308  0.70763112253054894
  0.71742619210870562  0.72708620827229431  0.73724204502796020  0.74789056906011619
  0.75833684366985254  0.76795911073360168  0.77725626086249033  0.78658349199702027
  0.79646946873942381  0.80695826132473980  0.81781857916372735  0.82947350848753199
  0.84118561435518990  0.85284262720369741  0.86401886933444494  0.87454295953543748
  0.88433007733378055  0.89388591768997416  0.90368286956505584  0.91358764628474343
  0.92353096876943985  0.93356728264840583  0.94338808529497431  0.95439108998894318
  0.96614444599696103  0.97793830783739366  0.98916000729677589  1.00000000000000000
 -0.00025266164523848  0.00010991852788846  0.00043320434279222  0.00065868870687322
  0.00092577775249290  0.00120453954078855  0.00146890065826627  0.00174020627735656
  0.00201519796020668  0.00229901582963401  0.00258674589277126  0.00287809626955768
  0.00318801256076689  0.00350805792718760  0.00384168959061391  0.00416544297765064
  0.00447734419963020  0.00477550304342304  0.00506823560741550  0.00536036562312026
  0.00565330339559491  0.00594892631547286  0.00624579471088820  0.00653185670434722
  0.00682494248949624  0.00713027291749031  0.00743884597031074  0.00775479403842212
  0.00810379445757116  0.00846610809505376  0.00882115258307517  0.00916191904609026
  0.00948607683139298  0.00979435453518618  0.01009473883839567  0.01042627479251901
  0.01076920064735736  0.01112593006800716  0.01153124560043940  0.01193525834414047
  0.01231422294076648  0.01265981136491252  0.01299320290734032  0.01333310666439219
  0.01372177982604902  0.01413177330815319  0.01456419520300315  0.01501885834390772
  0.01539086801197752  0.01581568512068473  0.01617978443969532  0.01646457658559448
  0.01674752675020070  0.01702977089710064  0.01731275430135066  0.01759582135028087
  0.01799973120551159  0.01843816449814016  0.01891089186256366  0.01945854948912932
  0.02004111613924799  0.02066606976130181  0.02135661506341013  0.02213159685813962
  0.02307107330449703  0.02412509909334380  0.02494667908578790  0.02569435056306185
  0.02665373480626531  0.03043915700324588  0.03139109237734026  0.03196900789786497
  0.03255830187370740  0.03311273253983622  0.03365218061381401  0.03439527673490127
  0.03498161646725136  0.03593340420809680  0.03672155843227374  0.03738170934251337
  0.03886910536599053  0.04023630783424991  0.04115435576379341  0.04195709253404232
  0.04286902484658346  0.04383799579650393  0.05890858657384430  0.06088087961875467
  0.06193544018951690  0.06313044763982766  0.06436055098990898  0.06571666470399405
  0.07907689088993972  0.08312240154139493  0.08527948942327898  1.00000000000000000
 -0.00198626316289964  0.01363648152006268  0.02695035449573026  0.03932751269085608
  0.05073428558696466  0.06195482566243914  0.07463384262855918  0.08878109139186710
  0.10120575093652143  0.11130743682848673  0.12058026056781143  0.13023822853603087
  0.14190677655698558  0.15587472333952215  0.17129022184503778  0.18572801027379993
  0.19908034907485772  0.21135892041286858  0.22368964716026560  0.23778557794345617
  0.25140040824314652  0.26470596488842357  0.27820590081487229  0.29161721969476329
  0.30364305653817342  0.31482513163902059  0.32545046177605425  0.33617034285651304
  0.34680380501674152  0.35737300259947047  0.36679645859558080  0.37551636585573017
  0.38386745428388286  0.39246086724766466  0.40078036603394052  0.40845197472629868
  0.41578368839699792  0.42314876231745402  0.43094212641511209  0.43945834026349001
  0.44733243331729022  0.45485591704798423  0.46223907781801221  0.46960973887681928
  0.47717243664915360  0.48443350087455805  0.49146600467837026  0.49892476673597053
  0.50666286624271228  0.51500824800427591  0.52330281556348024  0.53177592544601127
  0.53966915160119311  0.54685781752655316  0.55351067873973225  0.56037132458013683
  0.56720554665819289  0.57415609058685835  0.58068544642469011  0.58757782146205340
  0.59431897344960150  0.60139082315963177  0.60953797552897571  0.61910769401823451
  0.62923266246918286  0.63857066430635201  0.64775461522394295  0.65732879905324881
  0.66791448827997013  0.67780876000065859  0.68750011568095137  0.69679475126654900
  0.70700033804431139  0.71881455886583590  0.73259625011889218  0.74607693488481031
  0.75916048878268616  0.77178974314285331  0.78427818717461029  0.79641681378739460
  0.80772526713746129  0.81843697071472510  0.82850253658791595  0.83877608376978041
  0.85060138137863517  0.86514956750734628  0.87961340890484596  0.89176754392112800
  0.90431948611271629  0.91781037221628325  0.93349998571117798  0.94902646278099834
  0.96390236952862296  0.97633097673748126  0.98813159530439731  1.00000000000000000
  0.76532087870481891  0.77160628092624184  0.77629397238568987  0.78058436834767064
  0.78496378645259246  0.78905373994832462  0.79349946933289461  0.79700837776675471
  0.80038654401670062  0.80348647317196686  0.80625443381036177  0.80889983675835875
  0.81164477959163173  0.81399833303787184  0.81676145580307113  0.81951897303542509
  0.82256367544073739  0.82599345179216743  0.83026036231531108  0.83379474537840303
  0.83682109140739158  0.83991727071878608  0.84351045847464479  0.84710608941566334
  0.85015082018054300  0.85326698873690077  0.85625070022459326  0.85903411298833510
  0.86129425086979872  0.86342190594230084  0.86541397553572597  0.86724662015655063
  0.86907604492342583  0.87096866505273529  0.87326682501715536  0.87540839929168535
  0.87747814230848764  0.87960559906677460  0.88197833889230293  0.88415210717044956
  0.88639335410920328  0.88871828088030436  0.89122779676763808  0.89368534827083379
  0.89608921969834698  0.89854720175063651  0.90105370843038579  0.90319957293277242
  0.90532850780060581  0.90734017409635204  0.90977631717045682  0.91238330900323128
  0.91458098790108067  0.91665772680956525  0.91847551961431373  0.92037078664176342
  0.92244444274733994  0.92457331707381984  0.92689359461312115  0.92907086808194084
  0.93122189521557386  0.93334552577168983  0.93537401456430791  0.93731756296810498
  0.93921927507083747  0.94111270491343135  0.94297245115681994  0.94488800856812571
  0.94668931071140250  0.94848143490852643  0.95036737882332689  0.95225341084441495
  0.95415270979723432  0.95590804449606648  0.95763082582586412  0.95938760404054169
  0.96125255279399080  0.96326247841656787  0.96515941710302156  0.96694491952507111
  0.96867701120709326  0.97043152425109769  0.97223626874295699  0.97401330518341112
  0.97582088234749842  0.97759076510256770  0.97937806073500855  0.98121284459534319
  0.98312108385408847  0.98509951974674259  0.98710302954031792  0.98910597594330896
  0.99115500672963053  0.99336888485038033  0.99622840771593135  1.00000000000000000
 -0.00923051938372000  0.06288183380301444  0.09137287117022265  0.10759968672555541
  0.11985021716810844  0.13091152221059299  0.14143155943107164  0.14952519002486672
  0.15628211534172218  0.16273528074045079  0.16931197646515506  0.17719875157514720
  0.18463161817343318  0.19156431244129116  0.19859872793066352  0.20586788806743850
  0.21329022912383253  0.21996488389171800  0.22612132491186082  0.23203576346341304
  0.23816773064924732  0.24409938581516802  0.24985355623575367  0.25552598921390968
  0.26114515881375994  0.26702863408709920  0.27322582908246240  0.27923447903476140
  0.28463421176938530  0.28948314251397878  0.29402602366509500  0.29862818124377888
  0.30369101336432963  0.30944407126625889  0.31493341587371521  0.31989138418727903
  0.32449563888502136  0.32905305916749611  0.33364919955345401  0.33852316448113801
  0.34359819717217566  0.34914657015659306  0.35449683868691317  0.35971443785717411
  0.36457641613546776  0.36927805373491673  0.37404251411029837  0.37892090484134144
  0.38394338504338260  0.38892874346790690  0.39394467820368850  0.39928858213704088
  0.40501142736199297  0.41102013272259774  0.41761443472809784  0.42399672728874122
  0.42981436931797301  0.43537117594753094  0.44092229381384362  0.44683827801687681
  0.45337929714314867  0.46007839605801659  0.46687948553046021  0.47278782973976330
  0.47869262203248725  0.48471327722465568  0.49088466472612463  0.49729458521196157
  0.50409545772335695  0.51116692670371577  0.51900736900244537  0.52760919138646578
  0.53602579500433623  0.54427981259548663  0.55275002260365069  0.56159801206740001
  0.57089142947096994  0.58015887245028452  0.58957007206402468  0.59892720505341457
  0.60854039239418767  0.61894356053635158  0.63003266536784719  0.64107236736894846
  0.65169548251396980  0.66280661451094536  0.67573848307442841  0.69122404035114116
  0.70726125536373641  0.72454250095192152  0.74236059133101484  0.75989817352632227
  0.78006348616169763  0.80936826424892583  0.85905838221478481  1.00000000000000000
   5.7585304915200001E-006  0.38884621052599999     
  <DiscreteSampler_grid>
  Helicity
  1 # 1 for a reference and 2 for a running grid.
  80 # Attribute 'min_bin_probing_points' of the grid.
  1 # Attribute 'grid_mode' of the grid. 1=='default',2=='initialization'
  0.0300000000000000 # Attribute 'small_contrib_threshold' of the grid.
  0.3330000000000000 # Attribute 'damping_power' of the grid.
 # binID   n_entries weight   weight_sqr   abs_weight
    2   1266   1.707394525560916E-004   1.138679059892628E-006   1.707394525560916E-004
    4   290   3.352548950766736E-005   3.232482109820555E-008   3.352548950766736E-005
    5   1631   2.168587878292236E-004   5.331118884325128E-007   2.168587878292236E-004
    7   230   2.551198456123664E-005   4.558047480486508E-008   2.551198456123664E-005
    10   266   3.280315777517819E-005   1.242537091617134E-007   3.280315777517819E-005
    12   1931   2.374302497049687E-004   9.354889301985085E-007   2.374302497049687E-004
    13   237   3.857874051399026E-005   3.598309219677589E-008   3.857874051399026E-005
    15   1161   1.623838022998806E-004   3.327172889859471E-007   1.623838022998806E-004
  </DiscreteSampler_grid>
  <DiscreteSampler_grid>
  grouped_processes
  1 # 1 for a reference and 2 for a running grid.
  10 # Attribute 'min_bin_probing_points' of the grid.
  1 # Attribute 'grid_mode' of the grid. 1=='default',2=='initialization'
  0.0300000000000000 # Attribute 'small_contrib_threshold' of the grid.
  0.3330000000000000 # Attribute 'damping_power' of the grid.
 # binID   n_entries weight   weight_sqr   abs_weight
    16   10   1.393684726080000E+002   5.442912457460000E+004   1.393684726080000E+002
    13   10   1.390836995970000E+002   5.405683328859999E+004   1.390836995970000E+002
    14   10   1.382404228860000E+002   5.500720076369999E+004   1.382404228860000E+002
    17   10   1.375700060270000E+002   5.466647828430000E+004   1.375700060270000E+002
  </DiscreteSampler_grid>
