+0.0785747049480453 +0.0968435676715722 +0.1149385071469436 +0.1316848464815227 
+0.1464061451385864 +0.1591049922638725 +0.1703762094803021 +0.1823078805534044 
+0.1934861996861597 +0.2042515597367606 +0.2146001730524797 +0.2246360697790641 
+0.2340560197854828 +0.2427942333139094 +0.2512619790158114 +0.2597610152207369 
+0.2683982178201568 +0.2769385536399669 +0.2849530572278172 +0.2928781751202328 
+0.3004752273004283 +0.3079859893360647 +0.3152091840802396 +0.3223963780195465 
+0.3293250143630398 +0.3359591244151775 +0.3425946663357497 +0.3491371271148382 
+0.3558090591568453 +0.3625304856318872 +0.3691523531984197 +0.3753834861207340 
+0.3815827421676571 +0.3877509192458874 +0.3943157208209893 +0.4009747010964066 
+0.4075314433900538 +0.4139487326787847 +0.4202793114852849 +0.4266029761473985 
+0.4329737933602158 +0.4394602683074786 +0.4459605738505250 +0.4522644723426749 
+0.4584826101393054 +0.4646571503956680 +0.4707963967392066 +0.4769935396515495 
+0.4832869033293173 +0.4896217804459747 +0.4960060281189217 +0.5024506305252940 
+0.5088729065102674 +0.5154478344436358 +0.5218881415378722 +0.5283026034663780 
+0.5348510442463745 +0.5414809986583031 +0.5479719055760194 +0.5542327498712027 
+0.5603020756567377 +0.5664077273428335 +0.5727705559978756 +0.5793026467089479 
+0.5859845270948645 +0.5931200998911034 +0.6003966254128111 +0.6075713195830380 
+0.6147348791213554 +0.6219284794795973 +0.6292642788544331 +0.6367277442383280 
+0.6444314498061633 +0.6524239185056053 +0.6606949260493287 +0.6691502413309048 
+0.6776507939319361 +0.6861830481408303 +0.6947594413686109 +0.7034077710569453 
+0.7122630793198617 +0.7209634562358290 +0.7320396795873221 +0.7428713666987695 
+0.7532166495136132 +0.7638460798909982 +0.7749940790306417 +0.7863366544139004 
+0.7983028932047110 +0.8117227431604662 +0.8269177799195874 +0.8431282369936337 
+0.8626628298624155 +0.8862962318779695 +0.9286175416513264 +1.0000000000000000 
-0.0008220526916675 +0.0095560721993707 +0.0181377600359323 +0.0276458850785432 
+0.0374105020505156 +0.0473545183285577 +0.0579982786984607 +0.0686048033452367 
+0.0790913699890594 +0.0895841743515902 +0.0999625241252047 +0.1108605762188343 
+0.1218627048426021 +0.1330610903771116 +0.1436012031600646 +0.1539589278903042 
+0.1641082394113070 +0.1749972877486745 +0.1858109381293935 +0.1966701052595203 
+0.2075766082823831 +0.2183460680263768 +0.2293863663373594 +0.2397890711684619 
+0.2496938137405418 +0.2596810575912623 +0.2691368989465744 +0.2792045686804100 
+0.2893615165454688 +0.3004592300138134 +0.3118193920690324 +0.3231185233522199 
+0.3340961561490925 +0.3449309461462077 +0.3555898764268487 +0.3660654052156729 
+0.3764937892764287 +0.3872328880030694 +0.3980556058737835 +0.4086928477712587 
+0.4192739912986338 +0.4296160315995762 +0.4392296682611844 +0.4485246926654238 
+0.4580943556802371 +0.4678140804929499 +0.4777154551326503 +0.4877731394868881 
+0.4982671594121185 +0.5090031435603084 +0.5198578797907649 +0.5305673637126977 
+0.5407984862409999 +0.5509608352123966 +0.5612479817418783 +0.5717782296662525 
+0.5824646179507403 +0.5932010541107485 +0.6038171299123043 +0.6144057574530333 
+0.6250669618685262 +0.6361936834738697 +0.6473351768491531 +0.6584475308350189 
+0.6693979577774849 +0.6804655028661809 +0.6913159933731770 +0.7019081004559443 
+0.7124362801340687 +0.7230527665902295 +0.7332690857666782 +0.7434194878450291 
+0.7535272259924828 +0.7641408594058858 +0.7751316732582449 +0.7865303315358474 
+0.7978288852982589 +0.8086776252138960 +0.8197227217852836 +0.8311816452159559 
+0.8427988202392213 +0.8542907284924698 +0.8652557222537589 +0.8762081129747156 
+0.8874303280358978 +0.8983953280615297 +0.9091995040842883 +0.9200525229398195 
+0.9305601855535021 +0.9409881081855813 +0.9515897761884227 +0.9630945849661594 
+0.9725944480529378 +0.9818779594474166 +0.9909811601055452 +1.0000000000000000 
+0.7466798849914473 +0.7473844047447298 +0.7479645244846976 +0.7485809074524493 
+0.7491637871804110 +0.7496911951352847 +0.7504197027030987 +0.7516651535238819 
+0.7529656247918739 +0.7542479406697071 +0.7555126928211254 +0.7567336455261129 
+0.7579394342558889 +0.7591439935480608 +0.7603635974940756 +0.7615881113761995 
+0.7628245637295011 +0.7640592758492749 +0.7653033375232693 +0.7665450414024043 
+0.7677884864467359 +0.7690438199402356 +0.7703112456456271 +0.7715946178318501 
+0.7728669029594244 +0.7740732937760566 +0.7752832575346564 +0.7764877385217950 
+0.7777732460015111 +0.7790829351222490 +0.7803984255769332 +0.7817222952661708 
+0.7830463491781667 +0.7843761316584700 +0.7857371777004726 +0.7871303964202587 
+0.7885326225597070 +0.7899236743384370 +0.7913317035893854 +0.7927823363329981 
+0.7942102076904712 +0.7956477859502559 +0.7970141006354723 +0.7984596352294433 
+0.7999157251264104 +0.8014343673612772 +0.8030030993331964 +0.8046119767876876 
+0.8061982517131335 +0.8077628318434142 +0.8093477696791247 +0.8109684996484966 
+0.8125838326056603 +0.8141187171202242 +0.8156123689613460 +0.8170979943926910 
+0.8186155441179817 +0.8202444247135574 +0.8219947585816235 +0.8238660372397052 
+0.8257385799450753 +0.8276599232812046 +0.8296331446731574 +0.8315931758139463 
+0.8336034045498530 +0.8357680919695178 +0.8379841859580085 +0.8401706181833302 
+0.8423616078555645 +0.8445695184123951 +0.8468031667896763 +0.8491120014261510 
+0.8514686700846059 +0.8540088989289855 +0.8567347572044097 +0.8595703016546520 
+0.8624677107941381 +0.8654664024073025 +0.8685239159262458 +0.8716439063597191 
+0.8749435696188017 +0.8784983873394558 +0.8820725072219948 +0.8856813921933140 
+0.8894953611876195 +0.8935437400902502 +0.8977094393947814 +0.9020889192804248 
+0.9069177829308747 +0.9124363165238754 +0.9186619271980989 +0.9259806985815160 
+0.9342957731478296 +0.9448668781784980 +0.9617347643313097 +1.0000000000000000 
-0.0117544261188300 +0.1265421501815957 +0.1651923821594724 +0.1868766099735320 
+0.2040523933342680 +0.2192013962742585 +0.2325588426025282 +0.2443643143616676 
+0.2545865486886249 +0.2640628017793922 +0.2730972113768182 +0.2822727384444017 
+0.2911702242014707 +0.2993727954438893 +0.3069501553050357 +0.3142021213583326 
+0.3213272538831787 +0.3287869015316892 +0.3358937055921314 +0.3426435468137954 
+0.3491032058525696 +0.3554354721218770 +0.3617752901157100 +0.3680204178803000 
+0.3742764829045203 +0.3803152967581721 +0.3863406848669101 +0.3922039007108402 
+0.3979528818213591 +0.4036549526690990 +0.4094265091241845 +0.4152475777263980 
+0.4210089299216974 +0.4266967595066662 +0.4323025355425129 +0.4378166473510159 
+0.4432518834677682 +0.4487175044644615 +0.4542363614365107 +0.4597520670995691 
+0.4651868493426854 +0.4705049587681738 +0.4757179100716507 +0.4807963340868169 
+0.4857963681570795 +0.4908806747744787 +0.4961126731147912 +0.5015223289774050 
+0.5069807169123612 +0.5124009805025602 +0.5176179139038380 +0.5228111136541758 
+0.5279668702767318 +0.5332101478222537 +0.5386112215821648 +0.5442521643774569 
+0.5498221831240843 +0.5554139808101829 +0.5610516461060223 +0.5664843895190079 
+0.5720493036847247 +0.5774661574813688 +0.5827140408964679 +0.5879488850074274 
+0.5931711198867027 +0.5985944646508247 +0.6044030796737699 +0.6104535441983093 
+0.6165292599261122 +0.6226369319869091 +0.6287811840521711 +0.6350794537117035 
+0.6414914638241139 +0.6478149366206502 +0.6542703515046583 +0.6602250930508058 
+0.6657923855008279 +0.6714631230347154 +0.6772984422308662 +0.6837005815658269 
+0.6909431171565650 +0.6982657947843435 +0.7061061655637686 +0.7141711076073965 
+0.7222825639828286 +0.7303978525711480 +0.7388337715064546 +0.7475913182509527 
+0.7575223370082839 +0.7686268356256430 +0.7817140749518643 +0.7965182995683940 
+0.8135284639870820 +0.8344490161917205 +0.8705012707297202 +1.0000000000000000 
4.51406258824e-07 0.0100802690141 
  <DiscreteSampler_grid>
  Helicity
  1 # grid_type. 1=='ref', 2=='run'
  80 # Attribute 'min_bin_probing_points' of the grid.
  1 # Attribute 'grid_mode' of the grid. 1=='default',2=='initialization'
  0.003 # Attribute 'small_contrib_threshold' of the grid.
  0.500 # Attribute 'damping_power' of the grid.
#  binID   n_entries weight   weight_sqr   abs_weight
    8   7953 4.29148698791e-05 5.36596859382e-08 4.29148698791e-05
    1   7496 3.95995099802e-05 4.39371212531e-08 3.95995099802e-05
    3   117 2.99739115302e-07 8.78860428918e-12 2.99739115302e-07
    6   130 2.54778248007e-07 7.47031364577e-12 2.54778248007e-07
    2   104 1.27418533276e-07 1.18369708227e-13 1.27418533276e-07
    7   100 1.23641088617e-07 7.87324724274e-14 1.23641088617e-07
  </DiscreteSampler_grid>
  <DiscreteSampler_grid>
  grouped_processes
  1 # grid_type. 1=='ref', 2=='run'
  10 # Attribute 'min_bin_probing_points' of the grid.
  1 # Attribute 'grid_mode' of the grid. 1=='default',2=='initialization'
  0.003 # Attribute 'small_contrib_threshold' of the grid.
  0.500 # Attribute 'damping_power' of the grid.
#  binID   n_entries weight   weight_sqr   abs_weight
    10   10 12749.7993242 271783629.193 12749.7993242
  </DiscreteSampler_grid>
