  0.00010060913550989  0.00013749000140783  0.00016799051730230  0.00019273969793965
  0.00021386938984701  0.00023377372153812  0.00024968514177380  0.00026434588738534
  0.00027914210950684  0.00029606320370124  0.00031423181733590  0.00033318664600685
  0.00035206042077514  0.00037202352929978  0.00039159981083808  0.00040996622093173
  0.00042767441387453  0.00044576930995539  0.00046401496797031  0.00048085271756548
  0.00049760852032915  0.00051523438194543  0.00053349046473974  0.00055011741732722
  0.00056555782916320  0.00058055185614074  0.00059634534840657  0.00061133036926641
  0.00062550788656748  0.00063920916686664  0.00065131079922758  0.00066341054109327
  0.00067585709719637  0.00068750682844679  0.00070055500022339  0.00071262626875693
  0.00072394868639418  0.00073553918840166  0.00074708644992396  0.00075865506635601
  0.00077033157518522  0.00078271272188425  0.00079517643798950  0.00080701667332567
  0.00081622894545552  0.00082552471512503  0.00083490748050870  0.00084387220044750
  0.00085273096624599  0.00086526256950706  0.00087817563669981  0.00089218722176033
  0.00091081785598964  0.00092877748470824  0.00094714523236472  0.00096242519409635
  0.00097787386268848  0.00099329766587672  0.00101046793843684  0.00102895232260132
  0.00104733587141259  0.00106633930876212  0.00108727046268580  0.00110944598841252
  0.00113567439648617  0.00116316402471609  0.00119106243047263  0.00122266650406908
  0.00126089955406663  0.00130994805316367  0.00135281388265232  0.00139438614633690
  0.00143978176182375  0.00149089861549074  0.00155080262124175  0.00162654016554528
  0.00171537047637054  0.00182281325361308  0.00194333365017777  0.00207474773570419
  0.00223547469426954  0.00242940429624362  0.00262555901981535  0.00283770332173250
  0.00313199134855143  0.00353359304966136  0.00417474792430523  0.00484113770047095
  0.00521964107523931  0.00567379342189670  0.00618879989429779  0.00681844345720324
  0.00820118970301283  0.01155134042272941  0.01705670736680300  1.00000000000000000
 -0.00001845302691751  0.00045412713653627  0.00141721299408773  0.00329489103789558
  0.00568882080681860  0.00905821502462305  0.01342216420894229  0.01863935962110737
  0.02371361175039834  0.02814631563741204  0.03285555038266820  0.03831443370397038
  0.04444038898503404  0.05214247541619541  0.05902771170419231  0.06610336518043712
  0.07422295898661141  0.08238459667713693  0.09087331302365904  0.10017850897290374
  0.10993584923128578  0.11901160000296608  0.12793477652385585  0.13658722483303759
  0.14455855639146417  0.15181092689928602  0.15876168836856563  0.16620644889082953
  0.17407546561535467  0.18197040493632000  0.18969260388922768  0.19733623137777925
  0.20612222544742065  0.21571387754390925  0.22613664185441484  0.23727440351661427
  0.24862676499688099  0.25995943679088501  0.27111244141334939  0.28142205881097149
  0.29161763830859494  0.30207927703185705  0.31266677449165375  0.32381448527105033
  0.33558352485766313  0.34809684491550658  0.36135259259232644  0.37414528954162246
  0.38566214333004978  0.39588435557539148  0.40528677800442769  0.41439627099791571
  0.42449796078057839  0.43734685777994248  0.45066375714418427  0.46360342128394566
  0.47616784981703497  0.48898749542145431  0.50043200669264387  0.51310992968276059
  0.52634769877711551  0.54061530535413660  0.55674053372763410  0.57276759608787131
  0.58917062736524861  0.60252913264578356  0.61565721188179767  0.62824910149790258
  0.64215327294641167  0.65684489868514284  0.67180302441699846  0.68637916729024939
  0.69975120337529995  0.71169522361386395  0.72356185750341451  0.73518866909912739
  0.74590324794684004  0.75704660127985357  0.76854295786787852  0.77996963064571212
  0.79181448624042716  0.80404074003368853  0.81733283146851565  0.83032678404706506
  0.84301748334728333  0.85537727535176777  0.86690778032086613  0.87854889231194611
  0.89085098735487700  0.90673134478940431  0.92498218886063099  0.93963603470293644
  0.95379932647192556  0.96772241493794064  0.98141293113071815  1.00000000000000000
 -0.00236395188117565  0.01099852617367769  0.02196282573460876  0.03345695740158302
  0.04435232655174463  0.05486927423048452  0.06561851175245197  0.07768299554624647
  0.09109069976088505  0.10413574158426675  0.11723394706299724  0.12793697526541309
  0.13707646678969221  0.14643025728696854  0.15714354959208426  0.16828887719110483
  0.17641038362326436  0.18391221600906951  0.19204944077116073  0.20108930235608050
  0.21069449789344022  0.22020251319118078  0.22945590649808176  0.23896306122048194
  0.24859901520887143  0.25961895038538135  0.27163480606639795  0.28448808225566691
  0.29797407509181106  0.31019443393804402  0.32285152132719325  0.33319503832593528
  0.34372786858939425  0.35426935989782254  0.36425654964381299  0.37552821993259122
  0.38611956884860171  0.39645219625596334  0.40705921581300752  0.41928612367678630
  0.43101476040772801  0.44296118838898957  0.45542523442349003  0.46797667752528838
  0.47908090110196161  0.48911295990660897  0.49884082190904544  0.50906614619057433
  0.52100421806926267  0.53310193512028292  0.54652348338546863  0.55762082793258239
  0.56780111653356469  0.57679187354566497  0.58552057000626712  0.59282292476808240
  0.59982984205082968  0.60666597111779830  0.61383276310224300  0.62338238539101143
  0.63505656069853667  0.64549884322563400  0.65517638761936392  0.66469560147446449
  0.67446988591794443  0.68456341838447343  0.69409708929777947  0.70389243518254097
  0.71434686254938096  0.72516050906619611  0.73513207243076206  0.74453777036315727
  0.75414865356453720  0.76406381935526479  0.77564111846849859  0.79016999355603768
  0.80443531056769646  0.81789890007852073  0.83271255291057089  0.84642394431011103
  0.85832521838453457  0.86989229866564466  0.88008438801818656  0.88855932405116544
  0.89668516724394742  0.90487896828963954  0.91345400949575561  0.92239922766661409
  0.93120821971759038  0.94021939206576088  0.95021202776775981  0.96035565783533383
  0.97023910985473749  0.98026073356176913  0.99013576167936479  1.00000000000000000
  0.00624971388740843  0.00809095047014310  0.01078814879306274  0.01406233950823648
  0.01784618602451424  0.02288985318441964  0.02823411321877323  0.03377872343463836
  0.03949338586749714  0.04573682040480961  0.05265463588023343  0.05940773728929401
  0.06760188226423591  0.07568297937360184  0.08352127742442006  0.09050293324988391
  0.09700429775068740  0.10380556547923390  0.11048077335898095  0.11852246745212583
  0.12765568915869910  0.13707288632680592  0.14714115407401443  0.15825131958935071
  0.17074548609135262  0.18318478424057341  0.19575703324376889  0.20870313395390991
  0.21965050583693738  0.23067904926537464  0.24317629821444967  0.25579035989501714
  0.26656600119614399  0.27555736296783545  0.28451567646429021  0.29454299471651074
  0.30606568935060652  0.31965309926872126  0.33415772856453485  0.34801708602812487
  0.36153751654614080  0.37611880856603347  0.39138283311201699  0.40763379182449744
  0.42538226086588860  0.44263820312217206  0.46060559001584528  0.47760660525180826
  0.49298052961622296  0.50703682067596101  0.52217959430395777  0.53705304442443280
  0.55391133191157471  0.57029296734985646  0.58633359752066350  0.60217524394813804
  0.61720386203824718  0.63091022279256559  0.64329431106051682  0.65496900571128691
  0.66766415671549939  0.68087989447931685  0.69349201454759579  0.70517244909399901
  0.71783543541845451  0.73028303862190069  0.74231168829379834  0.75472575407842502
  0.76852032040185991  0.78432728305092336  0.79839932261135127  0.81065906972303814
  0.82204510566677436  0.83104466402325317  0.83853331662821318  0.84569562109073271
  0.85333070284451173  0.86170475223676413  0.87054404666610641  0.87763787855418252
  0.88427381113886805  0.89123779065458564  0.89947320946854281  0.90901565059936074
  0.91969545933422847  0.92899304686550288  0.93550073298551073  0.94457969600080660
  0.95345894918771235  0.95976607986696338  0.96719103585928656  0.97428823397987074
  0.98063196351346915  0.98669074078927654  0.99355691729396278  1.00000000000000000
 -0.00111395612659042  0.01239082298706286  0.02249827643494486  0.03256529305065622
  0.04229644523904595  0.05315807685408509  0.06496419091310524  0.07418062255110246
  0.08226119608006827  0.09049399006088428  0.09956373195443055  0.10816700547478963
  0.11691484017030591  0.12687833720365149  0.14008318682943272  0.15303008449020181
  0.16411287690625925  0.17388917863278539  0.18321089000404464  0.19212743228341644
  0.19940736704381348  0.20661296850363997  0.21409757909689561  0.22473531446179917
  0.23698381010168015  0.24947858673102116  0.26090445669017381  0.27139618713942915
  0.28224112581754057  0.29279613170889790  0.30474185717412156  0.31677106211817080
  0.32784518113858591  0.33878465693286430  0.35003104770812515  0.36291153444290974
  0.37793471450214927  0.39425703446278032  0.41046304854785243  0.42422959799983562
  0.43675696753396426  0.44729876907958571  0.45738469973586038  0.46766572230099823
  0.47743943806656747  0.48690059290989790  0.49529031054240003  0.50257445729942618
  0.51002509073348934  0.51857696699485734  0.52787808660919655  0.53605185355976170
  0.54295104235540403  0.55003073314246897  0.55707917231044413  0.56384125762548321
  0.57231239820953861  0.58323318266781721  0.59458040694050895  0.60512280862068479
  0.61621040182414177  0.62763418851947683  0.63947873438989522  0.65037151159917361
  0.66160545539400828  0.67284892879701852  0.68451631202945773  0.69481863065025806
  0.70492940099246248  0.71426987516712304  0.72365444572589310  0.73417309506082218
  0.74510287945341769  0.75544668172447615  0.76562142860450377  0.77555510031712926
  0.78543597256439701  0.79536013263942718  0.80580273027599558  0.81801294580188155
  0.83113001021629207  0.84302603229384365  0.85367142155877196  0.86439696256508392
  0.87556468962725287  0.88697954982425731  0.89906191563059035  0.91152260847553035
  0.92419574472380894  0.93682435738571523  0.94846632251035889  0.95990293717883324
  0.96959906201944335  0.97885720555886691  0.98828713797760948  1.00000000000000000
  0.72434142758006570  0.72883284697382245  0.73313788327717000  0.73685398656818435
  0.74143923077527030  0.74915691375781290  0.75370609710727010  0.75771388678618579
  0.76211352390075393  0.76826466374094227  0.77356800786110702  0.77890333820845470
  0.78230823656134085  0.78529157891647350  0.78826565082671129  0.79178189240103747
  0.79548252537836339  0.79867076548810012  0.80183801465960669  0.80479059187530022
  0.80785190448190325  0.81123058959768002  0.81478197110592077  0.81757940743125002
  0.82041837205165280  0.82325090488162467  0.82697374952574210  0.83020124057078892
  0.83305539880987078  0.83591430109701970  0.83875558427453067  0.84133176322534020
  0.84353844081403706  0.84565495154937487  0.84784275098981998  0.85039983853324286
  0.85315725428984257  0.85588435773866112  0.85844477175667244  0.86081771156650955
  0.86293445723488105  0.86500968679126111  0.86708267636431324  0.86921210476765942
  0.87147011601384783  0.87386395665056826  0.87630392613333585  0.87842789983944725
  0.88064141646614502  0.88288746675958607  0.88530153273801970  0.88782849851870105
  0.89035775711491694  0.89284615921416211  0.89527422318472438  0.89760374594735026
  0.89974821145025941  0.90187174653751945  0.90392216900904976  0.90588359445090894
  0.90800469347917201  0.91013289925964724  0.91227299685084051  0.91442684226285620
  0.91644611729459913  0.91834995351027415  0.92027755118711352  0.92216645042449497
  0.92396756658916923  0.92588701385563577  0.92764907729932755  0.92954687389645518
  0.93158508344282864  0.93359196620953400  0.93550427453917440  0.93743677558507099
  0.93939101594182606  0.94154477930816816  0.94376765869382828  0.94595853157205256
  0.94816351473848171  0.95035427668694183  0.95268114215292055  0.95522161147463780
  0.95772988619195187  0.96057002501722222  0.96337449195585778  0.96587239862291663
  0.96832027408031585  0.97074580315107051  0.97345088637984523  0.97642337215046227
  0.97966512083126933  0.98442830927023639  0.99048679215353463  1.00000000000000000
 -0.01660064212599851  0.14681188541071158  0.19594910640723773  0.22582417983218470
  0.25147900090894748  0.27308308108614254  0.29002962797466214  0.30440618296986044
  0.31843480949768860  0.33284734821135403  0.34703630250014966  0.36070971438743327
  0.37382245883386184  0.38672933175904195  0.39911933311747849  0.40906850234017256
  0.41824568715593813  0.42674205151469335  0.43417191345218847  0.44145637528297921
  0.44932544295615046  0.45780348731597004  0.46669289551452725  0.47469163971594341
  0.48093762876072077  0.48621636519127925  0.49157599060260271  0.49662052390369332
  0.50114873372639657  0.50597671697074476  0.51063714475712518  0.51541159418672644
  0.52130468009162045  0.52697870416262038  0.53304846119978999  0.53842143180763513
  0.54405272933771454  0.54968002586878606  0.55538761357051525  0.56135058803231552
  0.56762540970096109  0.57416486408842082  0.58045349650061584  0.58571770097779829
  0.59062752142455122  0.59553046897381312  0.60096086491806044  0.60555078328999612
  0.60984274884841305  0.61394666083354299  0.61808471755124883  0.62258216845229364
  0.62694298498390411  0.63222808101809147  0.63754221566007796  0.64265068733083985
  0.64759004408100207  0.65309258965980665  0.65861737322149128  0.66448792887170427
  0.67007944102086303  0.67489535878039231  0.67956632567959441  0.68433165528320439
  0.68884993124234484  0.69355412808244943  0.69787016296411652  0.70225899198073216
  0.70672923256743247  0.71095465248048584  0.71598642119038247  0.72120192346657352
  0.72616594395839706  0.73098544339628402  0.73561168550747180  0.74018392894866203
  0.74496392468775874  0.75000450215883074  0.75622353380222773  0.76289997491465011
  0.77076222226886582  0.77837362018896938  0.78578893267316463  0.79262616088265703
  0.79892476967938963  0.80529740761687674  0.81175992055596302  0.81930882618293377
  0.82870242664968030  0.84062997204470924  0.85249004265053918  0.86526811444333163
  0.88028187059600660  0.89958069157217035  0.93130282816898802  1.00000000000000000
   6.7980015729999997E-009   2.4655686956500002E-004
  <DiscreteSampler_grid>
  Helicity
  1 # 1 for a reference and 2 for a running grid.
  80 # Attribute 'min_bin_probing_points' of the grid.
  1 # Attribute 'grid_mode' of the grid. 1=='default',2=='initialization'
  0.0300000000000000 # Attribute 'small_contrib_threshold' of the grid.
  0.3330000000000000 # Attribute 'damping_power' of the grid.
 # binID   n_entries weight   weight_sqr   abs_weight
    1   1050   8.436539660114654E-008   4.502214782166951E-013   8.436539660114654E-008
    2   632   5.963655395760829E-008   1.097129003787664E-013   5.963655395760829E-008
    3   1096   7.678155807549160E-008   4.737576916774705E-013   7.678155807549160E-008
    4   394   3.930774183736965E-008   2.726538091313569E-014   3.930774183736965E-008
    13   812   5.200906422509985E-008   1.280522566256408E-013   5.200906422509985E-008
    14   827   7.077300587705992E-008   1.661124966654489E-013   7.077300587705992E-008
    15   1022   7.099071855997303E-008   3.419517313386620E-013   7.099071855997303E-008
    16   1199   9.107846170719425E-008   1.184078715823291E-012   9.107846170719425E-008
  </DiscreteSampler_grid>
  <DiscreteSampler_grid>
  grouped_processes
  1 # 1 for a reference and 2 for a running grid.
  10 # Attribute 'min_bin_probing_points' of the grid.
  1 # Attribute 'grid_mode' of the grid. 1=='default',2=='initialization'
  0.0300000000000000 # Attribute 'small_contrib_threshold' of the grid.
  0.3330000000000000 # Attribute 'damping_power' of the grid.
 # binID   n_entries weight   weight_sqr   abs_weight
    10   10   4.060383304860000E-001   3.511953426240000E-001   4.060383304860000E-001
    11   10   4.060383304820000E-001   3.511953426250000E-001   4.060383304820000E-001
    16   10   2.312453721010000E-001   1.100565070380000E-001   2.312453721010000E-001
    17   10   2.312453720960000E-001   1.100565070380000E-001   2.312453720960000E-001
  </DiscreteSampler_grid>
