  0.00000329359852847  0.00000340581342954  0.00000358064321068  0.00000389837078052
  0.00000418049308620  0.00000446491488037  0.00000481005335098  0.00000517348486970
  0.00000556556329654  0.00000598907944722  0.00000644725394859  0.00000686768364782
  0.00000732555002647  0.00000782633092370  0.00000835084463663  0.00000887307394237
  0.00000941786288176  0.00001004586490824  0.00001079736725566  0.00001165914258779
  0.00001260706709584  0.00001355133581038  0.00001448892226877  0.00001545991468527
  0.00001649749879553  0.00001757684229581  0.00001863295824499  0.00001967183086064
  0.00002075022502318  0.00002186532946597  0.00002316807096492  0.00002464890424985
  0.00002612882537778  0.00002759282824234  0.00002908887835697  0.00003068077953084
  0.00003261385309671  0.00003476047551027  0.00003693948005905  0.00003907864374770
  0.00004135097648256  0.00004364614217268  0.00004632515625912  0.00004937213416217
  0.00005261599974834  0.00005592602824945  0.00005921928936553  0.00006263927067857
  0.00006633281742475  0.00007064691268050  0.00007541895904383  0.00008041557951854
  0.00008531348178940  0.00009012141935781  0.00009552884727126  0.00010083130583799
  0.00010663753254454  0.00011280164693803  0.00011936746642759  0.00012667850355598
  0.00013517505162822  0.00014379260290819  0.00015363929349262  0.00016368974463471
  0.00017543112753512  0.00018655960914194  0.00019980642146933  0.00021463307904056
  0.00023139448033106  0.00025005171018137  0.00026967661850691  0.00029035648150278
  0.00031271281898024  0.00033846508788687  0.00036810933746365  0.00040115190056770
  0.00043662190619785  0.00047782956780751  0.00052245105526020  0.00057367856409322
  0.00063367196910713  0.00071367092285703  0.00080831645428411  0.00092226510608468
  0.00105608472182274  0.00122202698545849  0.00143053381872556  0.00167504589816075
  0.00191999070996319  0.00221910094960394  0.00266035447569377  0.00342398452218710
  0.00476345655459272  0.00730339763901071  0.01003490681738146  1.00000000000000000
  0.00024806227957101  0.00025113447188642  0.00025581401765515  0.00026354127159711
  0.00026957461976214  0.00027491680037764  0.00028015473358834  0.00028550675387036
  0.00029107964774599  0.00029732135237781  0.00030480605222415  0.00031201762001740
  0.00031894791118554  0.00032558342006170  0.00033233422387909  0.00033958947461140
  0.00034747646426610  0.00035611613174765  0.00036502357679175  0.00037404822987556
  0.00038312565633818  0.00039244201364689  0.00040283903632785  0.00041539627419698
  0.00042792389258768  0.00044041541595835  0.00045337327929158  0.00046831234735043
  0.00048395003799714  0.00049885423926728  0.00051330260591145  0.00052809247051634
  0.00054368284626209  0.00055992604547666  0.00057648135221951  0.00059323144383629
  0.00061094788787850  0.00063103770107636  0.00065355792739009  0.00067625735932903
  0.00069709964065073  0.00071808997864384  0.00074034981856585  0.00076414742037775
  0.00078971631603251  0.00081557287883336  0.00084483088175014  0.00087589855280689
  0.00090917851256896  0.00094501670158570  0.00098118627855939  0.00101488708921474
  0.00104881158685057  0.00108306731851882  0.00112230570978208  0.00116783362282051
  0.00121655911886817  0.00126607053465649  0.00131654891054919  0.00137154635484195
  0.00142940579784310  0.00148730701380726  0.00154297657118290  0.00159977811503350
  0.00166005737218579  0.00172323126297548  0.00179401037978425  0.00186276104225450
  0.00193654895195416  0.00201099199911408  0.00209812996063833  0.00219802704906516
  0.00230692718699235  0.00242249880095399  0.00254112192787020  0.00264907306934218
  0.00274967510717279  0.00286134639087118  0.00299620411976672  0.00315140515920944
  0.00333141455467008  0.00352945629671688  0.00375293351324035  0.00400464872278618
  0.00425519590569809  0.00451687759136190  0.00479982225907047  0.00511401918165274
  0.00553005070648469  0.00594793149889604  0.00639250215878015  0.00682813059479542
  0.00745358325950139  0.00942798543636999  0.03283848264382829  1.00000000000000000
 -0.00160432998273412  0.00878791910511638  0.01782070662889438  0.02778678271752956
  0.03827815664957780  0.04973288978195779  0.06204146491589384  0.07528349200831037
  0.08720137672549341  0.09882584577115183  0.11008962779487530  0.12248230329091619
  0.13444032811442458  0.14494097496901928  0.15451833513957833  0.16420508991469829
  0.17471971900266595  0.18565863983864259  0.19675417041030044  0.20745733690706727
  0.21802465491759787  0.22831904258016666  0.23843213817804171  0.24936873561851899
  0.25869049801458999  0.26806422183964274  0.27656493013618760  0.28600638980401621
  0.29562375273175762  0.30494971540161181  0.31379266576267562  0.32335401197979913
  0.33291543885994745  0.34300330839971060  0.35350715032602559  0.36570209828122768
  0.37665348275073790  0.38732210002769119  0.39776505066782519  0.40957535776902243
  0.42101395118371521  0.43181411100088829  0.44402374420938800  0.45651942830786174
  0.46851914143522611  0.47931699649411186  0.48976613264078511  0.50085939386946055
  0.51178051420007298  0.52273947001599419  0.53333626495659137  0.54440754557360527
  0.55509711685221075  0.56573670080559857  0.57710105985891458  0.58919902121474799
  0.60135768045465798  0.61288527441646512  0.62379389813466968  0.63434160707437182
  0.64516974690749929  0.65595770853337165  0.66667733355346381  0.67758694201401592
  0.68833970702792213  0.69899579931464106  0.70982820821181769  0.72142269501127410
  0.73330632549464814  0.74487867481443615  0.75551754426384476  0.76615073855783233
  0.77678552952840363  0.78756313061594874  0.79727504594893384  0.80673666485982110
  0.81620042489930800  0.82540269723465876  0.83512620920854619  0.84470186331455488
  0.85423390150373768  0.86408354605753257  0.87445753310832219  0.88568103025209621
  0.89647043134927018  0.90621611522281154  0.91577516451433305  0.92544468895628096
  0.93542672840220531  0.94466754361906569  0.95240353697942493  0.96059240366625864
  0.96865974999522675  0.97823193960600019  0.98839661763071551  1.00000000000000000
 -0.00013931592050318  0.00025971659333621  0.00052847857725732  0.00073183872963069
  0.00093896061622145  0.00115046527153942  0.00134889238461975  0.00154081294738046
  0.00177602541259297  0.00200821346376185  0.00223402554786229  0.00245447928764786
  0.00267084699145632  0.00288958260407280  0.00310893754352400  0.00332904397658016
  0.00354775345817527  0.00376445119650513  0.00398914563704311  0.00421511302373481
  0.00442384204432721  0.00463645258796454  0.00485708273350445  0.00507894743720344
  0.00530156118015576  0.00555873635198889  0.00581395285080439  0.00606482255579129
  0.00631028738654675  0.00654804623088234  0.00677929946765067  0.00700977823659838
  0.00724548459411618  0.00748964864810252  0.00775261073291426  0.00803315018525462
  0.00833647216198055  0.00862349418525238  0.00892226064921082  0.00923839808796590
  0.00951259687087372  0.00979180156904880  0.01010356225109567  0.01038907801602370
  0.01065606944263932  0.01091973463846344  0.01118175858039372  0.01143144276643413
  0.01167701287501491  0.01192350151972310  0.01217029272158546  0.01243437364876457
  0.01270581575733101  0.01298957342626863  0.01334541399021019  0.01368736165529080
  0.01399735142952204  0.01431107918130066  0.01462274723299893  0.01493289926320123
  0.01524629568966604  0.01557163562593596  0.01591548145154964  0.01630881916882834
  0.01683412938425568  0.01741318471608904  0.01832178473324992  0.01895568270613397
  0.01943107271862555  0.01987134246168797  0.02024268043174070  0.02062513744938995
  0.02106582139703205  0.02159163202059484  0.02264272280142012  0.02353431547803470
  0.02462179792679580  0.02578376331635375  0.02752825419469247  0.02811658139427945
  0.02880546155482643  0.02955691630515853  0.03030197861956444  0.03111562563518197
  0.03192701872741808  0.03286080104347277  0.03442140093683720  0.03546406233512993
  0.03737267690010801  0.03940278349223882  0.04063375397352863  0.04238394264468276
  0.05279096869625673  0.05797180534583699  0.05944871713621545  1.00000000000000000
 -0.00212611999146242  0.00951009660884561  0.01920217228693107  0.02922508411190702
  0.03986095705528069  0.05204163409716087  0.06386436093232921  0.07536959514604574
  0.08623218135932499  0.09704617240912043  0.10646634018391277  0.11504361988998206
  0.12342501835818058  0.13211754785523458  0.14161367709215739  0.15256770665234906
  0.16440143411426780  0.17481459341974004  0.18421363650042261  0.19343306803564739
  0.20249929101616285  0.21176255356181758  0.22107525193797620  0.23242983238033876
  0.24549450337790366  0.25839208458096702  0.27001031022780275  0.28045625073321456
  0.29091562902737167  0.30158709283857943  0.31295798534413416  0.32394995724183706
  0.33455077980669690  0.34527338976630001  0.35609233945766977  0.36663523003386894
  0.37679659903490709  0.38680146961571221  0.39696924312701382  0.40701013632884503
  0.41690325509182607  0.42686095018226716  0.43692785827630259  0.44708557373104746
  0.45750092857109387  0.46824869542737135  0.47941190985590371  0.49056877490114403
  0.50129254156591652  0.51077478843485635  0.51995298152514913  0.52966311405555566
  0.54000869497417170  0.55030716968080429  0.55985921527449056  0.56903546871765154
  0.57845770528225127  0.58793983083364765  0.59764632831854747  0.60764120561646817
  0.61754713322803845  0.62762566223187077  0.63758087469631930  0.64707661110232095
  0.65720220098456250  0.66756980126216436  0.67772648785750689  0.68782106646100494
  0.69832321785970086  0.70982698927911714  0.72171851870248849  0.73195494763145075
  0.74225014289384617  0.75219443350697879  0.76323986604019711  0.77382039040396133
  0.78466245304418714  0.79659282136846821  0.80832414973943045  0.81927577824183317
  0.82981715615593654  0.84037226366578366  0.85208158003393819  0.86389490266862068
  0.87690429097278311  0.89018737394982095  0.90347425272441573  0.91602780214315283
  0.92637655957671017  0.93604241099559615  0.94640904458509212  0.95761332843900193
  0.96799759356845327  0.97742569656174560  0.98849056482419151  1.00000000000000000
  0.71895314159218238  0.72202672722452821  0.72591115295979780  0.73538210067559306
  0.74094645305813012  0.74820977095608010  0.75453479347185348  0.75850398638493632
  0.76181529726339436  0.76466047879342625  0.76775109204506231  0.77097867073260828
  0.77448666151221845  0.77788157717327877  0.78128653487922861  0.78480473893705827
  0.78867486700048794  0.79197877007122686  0.79482781992890439  0.79744559532177939
  0.80017786031833460  0.80321421657550707  0.80626910177092281  0.80910446394304403
  0.81195593149964496  0.81476082785280401  0.81714886087409755  0.81926335918521065
  0.82129291348496203  0.82319749124925989  0.82545613632719705  0.82793815038250751
  0.83071711374215396  0.83361835847453092  0.83636661125790079  0.83903149911077657
  0.84167293145400157  0.84429130833698540  0.84709116909181992  0.85036456674369076
  0.85344342617411173  0.85618067697160005  0.85859293158193850  0.86101419587005545
  0.86343757049476400  0.86605508381566099  0.86858137565306881  0.87090714450108653
  0.87318381606701101  0.87547092580459762  0.87776376219114227  0.87986912079040080
  0.88188886726327420  0.88398006157198161  0.88621735250344225  0.88860629230126043
  0.89102598134277466  0.89315536556623731  0.89527693843148692  0.89746983786157819
  0.89973351770652121  0.90226680759410394  0.90498768758649628  0.90750355035887620
  0.90990714228196146  0.91204214293771591  0.91414712658035957  0.91643103177989027
  0.91888625752730757  0.92150940084517974  0.92411967375739945  0.92663702227029088
  0.92903770484698289  0.93129741433290603  0.93348930584635281  0.93576078243384042
  0.93809872341287681  0.94053153512289511  0.94295474167728965  0.94541326996453401
  0.94802172622739744  0.95067577138621495  0.95317813434705057  0.95562871752469625
  0.95814841331020473  0.96112199724061687  0.96422967721301645  0.96729819934960137
  0.97025574911778822  0.97320124282635223  0.97616996466588724  0.97931525703999855
  0.98285193562085604  0.98702384829704903  0.99248419203898153  1.00000000000000000
 -0.00372695019324523  0.11406562475622388  0.15354796135403678  0.17792965871512895
  0.19611133821623841  0.21142562964714795  0.22430075322855689  0.23578190577521441
  0.24593882666237349  0.25538420404872086  0.26385552523676664  0.27209685473948708
  0.27992895944376528  0.28853224736847011  0.29682982400866359  0.30468069563515654
  0.31219984622292407  0.31892225236542204  0.32548586100848237  0.33200491213849137
  0.33812047431110231  0.34442399166157683  0.35083257808394724  0.35706952009178194
  0.36291466648947135  0.36845866410761985  0.37413737345538245  0.38083651922795425
  0.38763951173063621  0.39455365590696473  0.40076204832054646  0.40704985544623973
  0.41322155451096904  0.41933954020319664  0.42512075019182333  0.43107899409391626
  0.43708117341994207  0.44263086759379733  0.44785933659458604  0.45305825751395812
  0.45835741686751325  0.46377686320014688  0.46926930989619897  0.47453788515483886
  0.48007731945403570  0.48547846868986277  0.49114644103050559  0.49659366658767901
  0.50251648430887996  0.50862564084959605  0.51446433200882991  0.52012110504607223
  0.52563953971924327  0.53160372925977395  0.53798063752508840  0.54399814920976730
  0.54939287815434767  0.55438678421296150  0.55928645925616383  0.56442795087150854
  0.56967574810623089  0.57460620706597298  0.57931855632131390  0.58430178291110357
  0.58970936154886811  0.59567983061608465  0.60171467391320288  0.60777494245090757
  0.61420152700587693  0.62056331958068633  0.62729357441724665  0.63461916840342825
  0.64223074693840598  0.64938063982416372  0.65535774806775104  0.66138836760545272
  0.66751748542439604  0.67410157092051048  0.68155178822537943  0.68945213402031280
  0.69796800813150173  0.70716751548599066  0.71549222346693553  0.72304088409603084
  0.73043107009950969  0.73812174033922839  0.74681837585388655  0.75718333084622325
  0.76849525374275973  0.78076280277120047  0.79423461185200184  0.80882107657115010
  0.82579372653271399  0.84736930652737874  0.88703071023491931  1.00000000000000000
   9.6965290859899992E-006  0.18141469729699999     
  <DiscreteSampler_grid>
  Helicity
  1 # 1 for a reference and 2 for a running grid.
  80 # Attribute 'min_bin_probing_points' of the grid.
  1 # Attribute 'grid_mode' of the grid. 1=='default',2=='initialization'
  0.0300000000000000 # Attribute 'small_contrib_threshold' of the grid.
  0.3330000000000000 # Attribute 'damping_power' of the grid.
 # binID   n_entries weight   weight_sqr   abs_weight
    1   1895   3.156460759191246E-004   1.288821230901296E-006   3.156460759191246E-004
    2   219   3.893428766065990E-005   1.845260595557443E-008   3.893428766065990E-005
    3   362   5.675029071664233E-005   1.749499241676623E-007   5.675029071664233E-005
    4   82   2.316539561930000E-008   2.943278581150000E-015   2.316539561930000E-008
    5   538   1.100999242603840E-004   1.644951473916224E-007   1.100999242603840E-004
    6   278   4.758240367539130E-005   7.228705382482121E-008   4.758240367539130E-005
    7   215   4.249285407069830E-005   2.444497366943385E-008   4.249285407069830E-005
    8   88   4.282879935613320E-007   1.260966283736966E-012   4.282879935613320E-007
    9   84   4.862984808912181E-007   1.757411575933966E-012   4.862984808912181E-007
    10   271   4.787992558335058E-005   9.661769523745194E-008   4.787992558335058E-005
    11   171   3.869520282348144E-005   2.640296975001673E-008   3.869520282348144E-005
    12   632   1.212837226690943E-004   3.059193616362280E-007   1.212837226690943E-004
    13   82   2.315343371620000E-008   2.913937237380000E-015   2.315343371620000E-008
    14   199   3.903842236544416E-005   2.362697921048929E-008   3.903842236544416E-005
    15   257   5.302175275709596E-005   6.177744889503155E-008   5.302175275709596E-005
    16   1937   3.036049838773016E-004   1.270922812888184E-006   3.036049838773016E-004
  </DiscreteSampler_grid>
  <DiscreteSampler_grid>
  grouped_processes
  1 # 1 for a reference and 2 for a running grid.
  10 # Attribute 'min_bin_probing_points' of the grid.
  1 # Attribute 'grid_mode' of the grid. 1=='default',2=='initialization'
  0.0300000000000000 # Attribute 'small_contrib_threshold' of the grid.
  0.3330000000000000 # Attribute 'damping_power' of the grid.
 # binID   n_entries weight   weight_sqr   abs_weight
    10   10   1.524508347090000E+005   2.315539210550000E+011   1.524508347090000E+005
    16   10   1.524508347080000E+005   2.315539210550000E+011   1.524508347080000E+005
  </DiscreteSampler_grid>
