   0.0000000000000000        0.0000000000000000        0.0000000000000000        0.0000000000000000        0.0000000000000000        0.0000000000000000        0.0000000000000000        0.0000000000000000        0.0000000000000000        0.0000000000000000     
   3.2615580439478903E-002   1.3092198962122690E-003   2.2410939813718011E-002   1.7284204888930434E-002   1.5615076221119637E-002  0.14273809506656074       0.10765947965375418        6.1937732188785857E-002   1.7740206078720760E-002   1.3016745154718758E-002
  0.84192006205980097        1.1222912636991753       0.85761863214580936        1.0642947133123015       0.98456443063758359       0.86620916808661130       0.69603035661491941       0.78898610474074837        1.0425251540449896        1.0292627926865696     
   6.4129731426689582E-002   2.6396462767586549E-003   4.4835167572716335E-002   3.4119492839758750E-002   3.0836521791973211E-002  0.24775109773979201       0.18956325474177246       0.10094407449916296        3.5226543889921955E-002   2.5961692021767020E-002
  0.99268861714889745        1.4309705596529774       0.90954586681597860        1.1097357110322768       0.93702337531539182        1.0981012777394248       0.85623826728084074       0.83913217422616693        1.1311343610358688       0.97920010828321025     
   8.7034049045390610E-002   4.1121501704953194E-003   6.5193217191230945E-002   4.8989340519449330E-002   4.7804773247635046E-002  0.29503550006120882       0.22201150301717001       0.12859931540607969        4.9967410513337362E-002   3.8594537268400203E-002
  0.87836085836860500        1.2337315547998176       0.85726058153359042        1.0303940916306960       0.98625151696272062        1.0190767286825559       0.97678320803807062       0.80821099532596163        1.7610078352594323       0.85700825235911182     
  0.11033163584716499        5.9321448399363968E-003   8.6075115214077805E-002   6.4161497320958549E-002   6.4739961251440437E-002  0.33380507476921706       0.25123803839992531       0.15254705680637148        6.4379715382306621E-002   5.1304225190926422E-002
  0.98940547626204944        1.2018500393167280       0.89169949468808030       0.83834221523667551       0.90464772926100823        1.0413902481158757       0.77612529651705719       0.83626702876682180        1.4304403768309284        1.1451327675015601     
  0.13105447078178520        8.1621107226264623E-003  0.10739335364978012        8.2345539738787527E-002   8.0338171474323372E-002  0.36324764655439851       0.26978921212402557       0.17670380765318275        7.8477077361873052E-002   6.4397471917005747E-002
  0.78667080933743005        1.3807914414224247        1.0377951351626724        1.0467438259771822       0.84754739274332824        1.0466050354757355        1.0029990802538318        1.0223226208469123        1.4531501560547739       0.94212675102921806     
  0.15179031971835777        1.0467994313853521E-002  0.12738920049483388       0.10009652001944498        9.6010510537018590E-002  0.38835081559607149       0.28819092115163142       0.20091271925333026        9.2989531356656094E-002   7.7862740672843808E-002
  0.92292548909210881        1.2223134367081516        1.0314729752940626       0.94466173083124372       0.98463736042637640        1.0801759157058444       0.88459585347714909        1.2136276653567886        1.2827618259667324       0.94844697831332114     
  0.17373440422128350        1.3046419890363217E-002  0.14490555139184960       0.11536195255823882       0.11318990644238171       0.40944996031713721       0.30158048513955682       0.22473214007068484       0.10706911991640021        8.9967465985201681E-002
  0.93358680318963683        1.0499127899533744       0.90089125777168633       0.94042817872174156        1.0233183512083415        1.0167842639196505       0.80313695763406312        1.0584758734390030        1.0682284849395678       0.93285051458235335     
  0.19427892125216190        1.5624672008502424E-002  0.16215564799525525       0.12623409468888228       0.13026404390510946       0.42921798651583887       0.31471921275922005       0.24249315921756887       0.12121904059318041       0.10314030641554442     
  0.98991176703780193        1.2004843286698106       0.88039629747442272       0.81694503112397310        1.1700177443761948       0.93768991699520443       0.90427296262235735        1.0039785424685470        1.2099423419126467       0.89403702471599189     
  0.21194764617964687        1.8502019327487400E-002  0.17973249249977141       0.13538963555567776       0.14618867391206911       0.44820355962567782       0.32633777557849702       0.25920239129056871       0.13505233526774932       0.11796334397054474     
   1.1521421314771882        1.0477650715438140        1.0304986813975259       0.76821684996527084       0.95041395752706614       0.94294845767133384       0.95511087399265493        1.0101440901236465       0.95840451044637520       0.84768117211042582     
  0.22963917737560030        2.1432856540031856E-002  0.19736662447917741       0.14402736465418536       0.16179322421336378       0.46425293189409356       0.33822042857112472       0.27360646350497630       0.14904971093369160       0.13307094269397837     
  0.88117420097127164       0.97415240775920486        1.0307697443420245       0.83440421844471646       0.92523128052845149       0.97476435979313347       0.90531349409806572        1.2548565479054719        1.3845979639600461       0.90151121781064569     
  0.24693470838411838        2.4588162838748748E-002  0.21315535174305350       0.15275534348923350       0.17663120637308086       0.47711251778517877       0.35051421557316120       0.28711545107803227       0.16244356595168777       0.14862008309013849     
  0.82249245551273242       0.93436854940192138       0.85341725843723615       0.80230310481540446       0.84900623386790319        1.0642613492571571       0.97666741291288250       0.87979490467791222       0.93638494876410994       0.92258293697441074     
  0.26455522757494049        2.7777061528493741E-002  0.22914547661005963       0.16674776313827264       0.19185655368960855       0.49084285099285496       0.36208618334251835       0.29971168149471350       0.17450206682714736       0.16469717489413865     
  0.92491464115845479       0.82734911564710767       0.86410905506282609       0.83433957357738298        1.0797898982529910       0.89035621077321503       0.99482977072914192       0.85519780834498726       0.95993563534489523       0.86475756299730910     
  0.28117942517840350        3.1742172069503589E-002  0.24582256206463757       0.18110855609476206       0.20780539457996122       0.50510525454024546       0.37246839442425062       0.31171589488764923       0.18327763422927840       0.18110995378175063     
   1.0039652203913993        1.0616213400835768       0.91095993682474963       0.72130968210379576        1.0090164007452498        1.0518024941020270        1.0634346714222478       0.95598539321749387       0.78454892999808157        1.1307183337553015     
  0.29802247884590921        3.6232944441966730E-002  0.26297858018251824       0.19626750234334184       0.22395267524403428       0.51817721761556801       0.38191976394838739       0.32367343070611837       0.19183868179242078       0.19855072603693177     
  0.92367709232169015        1.0060650638663657       0.97423643315544872       0.95682741609568289       0.80352701088145095       0.97996076194826787       0.99642209211434751       0.86489998629474074       0.72280313845846755       0.88050874456873374     
  0.31403336016543554        4.0921700974294102E-002  0.28192491915163714       0.21131478698648051       0.24043270035349892       0.53058433061027632       0.39102369589324215       0.33567167189875141       0.20037555709173371       0.21660888777804518     
   1.0659040455284183       0.79787897028059529       0.96997215025109840       0.87042427180831072       0.90626591973813408        1.0276531704013847       0.95525617541709540       0.94441686158055516       0.82431693941526829       0.88487324410482893     
  0.33053686464012449        4.5737932053283234E-002  0.30006352756497234       0.22610765362797686       0.25740539820242231       0.54148610019960663       0.40028443229513438       0.34880205434191491       0.20895535925809058       0.23509298591937677     
   1.0632271827371884        1.0713735986653523        1.0636712633754257       0.88971072284528618       0.78264214880190264       0.87152944742909322       0.90768855663585202       0.98801049113148598       0.76754636578179625       0.98667841633610587     
  0.34633044668030871        5.1001621963786811E-002  0.31675253953549037       0.23992927336291131       0.27534189339666304       0.55172396188845030       0.40965341829097879       0.36226425720800198       0.22134156194990384       0.25359349115821439     
  0.92055034256150303       0.86197839259577658       0.98289290030241372       0.94992225164719468        1.0426547464559466       0.87919098186158151        1.0778839406025238       0.84297244337599875       0.82241658617755209        1.0952223339262321     
  0.36176524240799002        5.6509018117175916E-002  0.33353757220905556       0.25300174270606068       0.29323676062228698       0.56176969442111402       0.41874416088723826       0.37566268285680166       0.23608043337488180       0.27128674788402046     
  0.87471023981976515        1.0475999734467361       0.92080309783655234       0.97732973641553256       0.95222075103810988       0.98943934406034162       0.86509533316806864       0.94075998032236396       0.80179354832239080       0.99226775152730851     
  0.37645780257012879        6.2308030478904729E-002  0.35063717529257848       0.26655372043158554       0.31033108020765515       0.57197845232101441       0.42754871980180709       0.38925476415651633       0.25108551850255090       0.28900799178141207     
  0.86809777691342771       0.80275464976189637       0.87817903953961052        1.1141053811780368       0.86911515310379639       0.91583102339777744       0.87352943803872618       0.99084322530876789       0.92800825554957622       0.93301620153734088     
  0.39111401227599779        6.8448182910140987E-002  0.36760472484936663       0.28043549306857596       0.32696418771741120       0.58178353560523266       0.43600619670069723       0.40276221704459914       0.26616232620636654       0.30604778364529484     
  0.80996405346821887       0.92466755069452411       0.97242798587209323       0.90017396267001437       0.98154906700447586       0.89777034868613304       0.81022853086709801       0.97537952396539296       0.96386830322354111       0.95083905016070591     
  0.40528064959414017        7.5003713903957631E-002  0.38406939161799436       0.29482966536467448       0.34315772810818307       0.59133645884875041       0.44440055129391015       0.41630216698011224       0.28087074446768501       0.32281688994361252     
   1.0040297818802144       0.91592279137858734       0.89415305849482329       0.85902416541582449       0.88867450880227605       0.88320887156593619       0.94944011607335654       0.84506136386397435       0.97345813696825967        1.1557714083540493     
  0.41925650226579303        8.1700085926485685E-002  0.40043350454411175       0.30968930421438523       0.35966401457221636       0.60083431173789381       0.45285436859019240       0.43034463021653713       0.29600439342104001       0.33833247097522023     
  0.92143707419154441       0.79569259842724738        1.0690852337141534       0.79086552161895995       0.91384299846786976        1.0489413877056277       0.98662177183597588       0.81187465713827722       0.96143203162528246        1.1756545059143177     
  0.43331242939274506        8.8387465025328682E-002  0.41474254776361458       0.32513957659503639       0.37678328788692506       0.61025744116040248       0.46122861401152582       0.44464030567575230       0.31158115984625695       0.35405669223287384     
  0.86522710927561264       0.92302057677013905       0.84267869657740380       0.86717548377778775       0.99227845397292058       0.89287221454335786       0.87990320014245549       0.97038100227202517       0.85260882974094887       0.94016839968061738     
  0.44733739447409643        9.5052232504517012E-002  0.42529897067350980       0.34056370273435516       0.39208578697432978       0.61981423875531694       0.46937903455753555       0.45934855395264906       0.32775033107936741       0.36959483391538794     
  0.84498914682388615       0.78427771146755176       0.85806866715827357       0.83665778134414470       0.86834449688955540       0.96901290144417529       0.93145708700714724       0.95437918951966205       0.83727405050181813       0.84485928697148482     
  0.46254418327990970       0.10296119113910805       0.43557025412324740       0.35644816843391874       0.40653216506885564       0.62926930462596886       0.47732100550119788       0.47432152504100678       0.34358083336181039       0.38534322073690819     
  0.97277535351433220       0.87091787324346193       0.75177484264528793       0.81915933789309769       0.92110706087323269       0.91290604156643429        1.0804901088245120       0.93365664920630975       0.86193673934662518       0.81664049275596950     
  0.47735311949497466       0.11113433326096142       0.44571873919916088       0.37224507586778705       0.42140247897582289       0.63824331972059489       0.48512875803106364       0.48808847601254013       0.35955253245831537       0.40160059224666322     
   1.1451086117405662       0.91188195653263726       0.77852375339948010       0.78530229028749776       0.90747751418058820       0.81816514676428898        1.0492146958247999        1.0352227252697570        1.1628898546118398       0.95376851567491805     
  0.49207142646019453       0.12019470477191167       0.45579124151018408       0.38805371173546943       0.43630599141848753       0.64718808469483036       0.49277338426561612       0.50115717526508452       0.37550896020969143       0.41830500542948273     
  0.90845983842817768       0.85900792865982001       0.92638280461923206       0.86287876760895987        1.0336441540119659        1.0150039226092591       0.90471213484223045       0.83867670892452539       0.90334172982330097        1.0337370669311519     
  0.50705221548873225       0.12950294455450673       0.46938765865185295       0.40376218121148150       0.45290793545145752       0.65615229779208240       0.50049100550793735       0.51410752658223191       0.39117530558259456       0.43505198692573199     
  0.84150564361365399       0.87634673364597326        1.0589184013429125       0.88693070714973754        1.0989751184415526       0.91234605152066428       0.92293471059595922       0.91726447783402365       0.93037253231059680       0.97575357532897555     
  0.52168650032278574       0.13987855805324825       0.48398515337015108       0.41870828171256785       0.46962902856393479       0.66530062381303356       0.50811469983749025       0.52720499242655172       0.40694373511341930       0.45159091699137183     
  0.87067942982279489       0.92821267182290623       0.84159953140792509       0.80893198131525257       0.92541706361596587       0.86134647032591871       0.80349407999598399       0.91986970412010372       0.87653999967522622       0.93411194438930512     
  0.53622656715323869       0.15047657955202623       0.49825147427091560       0.43378883876612212       0.48593832868664200       0.67480043563628800       0.51561009355121135       0.54001137018112388       0.42284790106610087       0.46701869239151628     
  0.88865890120276003        1.0173111980593614       0.92252555599711183       0.92357308162269247       0.94210391348745726       0.90912395609052332       0.99815621146438505       0.93228725938229162       0.88843753942383896       0.82124144524633047     
  0.55097835164124498       0.16038544176154954       0.51210454654738546       0.44993192039298024       0.50255725131137996       0.68414501863121469       0.52328762845485610       0.55288069530246986       0.43812083025999105       0.48246224183181075     
  0.86707058095585809       0.78337716669955482       0.86200596565671439        1.1038411825543433        1.0401659323621957       0.98522661876461481       0.96023778419596040       0.87319135747779808       0.86065501735658601       0.87009277534782559     
  0.56616776841968575       0.17034011318915404       0.52678294737104348       0.46574786367143306       0.51778734419498063       0.69218664108659855       0.53163562622008842       0.56600507576013870       0.45299932526438863       0.49858011667225055     
  0.96322857653058780       0.74028568752387436       0.99105061259275840        1.0415711494969306       0.99940702268167048       0.91298338718203031        1.0309042859620958       0.90432550349621388       0.82778943817247697        1.0001816394701215     
  0.58003112493082243       0.18487260823988602       0.54187082407105902       0.48095526312858128       0.53279090030703402       0.70004474924509141       0.54005875870073694       0.57898788479611496       0.46823270001505096       0.51451703790058778     
  0.91133826098244830       0.79863691036487805        1.0363595827889227       0.99059150641448934       0.90968025830269861       0.77638130994390875       0.84563572589756553       0.87924608858075304       0.80473831941723439       0.80175477639407966     
  0.59365842275244041       0.19930912061724948       0.55703792383896733       0.49586642271877590       0.54857724603672531       0.70859421493861086       0.54784675548796613       0.59227756372297502       0.48367344458121908       0.53119785597204261     
  0.85778771388682029        1.0892164634170729       0.93554344195821137       0.82376137869448796       0.88215445046278018        1.0626862568324573       0.95750179892510490       0.83152166949697559       0.77074578712232122       0.76831261675122731     
  0.60632240579029273       0.21430539975033777       0.57221689967787492       0.51207231226059091       0.56444273078509832       0.71709741050437525       0.55533365859701245       0.60585099544453036       0.49931415756760417       0.54793624672205110     
  0.85865469339850664       0.87942139204027836        1.1057476020475725       0.88438699297862566       0.84599072996146318       0.80123085238201353        1.1293056122758909       0.86575796121283533       0.88192327193984699       0.95316527276073693     
  0.61924429816525006       0.22903083361394494       0.58563401756879696       0.52795868649912103       0.58069224502135874       0.72580805385634029       0.56312651940068736       0.61949677789684832       0.51544702622372440       0.56540058086104827     
   1.0598377284657829       0.86769624330407302       0.86743931259704621       0.76159414775899192       0.82568269478496148       0.77558725685963614        1.0493059211044180        1.0034298184486468       0.83239413481244307       0.96483999217313043     
  0.63234066514592691       0.24423893457284240       0.59885172390870456       0.54528226370800270       0.59656065831383875       0.73462699188738778       0.57093859331416086       0.63304318724206343       0.53163117652370318       0.58278632245334283     
   1.1440226092142445       0.95455233518035887       0.95359176084856301       0.96270436880263910       0.88959244565960527       0.96874251091487762       0.81230708095410986       0.78706760261252318       0.84430701308886713       0.78810928179547735     
  0.64522534571542434       0.25956545626070626       0.61164239816530031       0.56246851520119845       0.61165647352680241       0.74395313400267538       0.57888400904667447       0.64682465575005721       0.54785379856466809       0.59960744196175453     
   1.0219603213387376       0.87584475693570507        1.0583286708884607       0.89219734950722740       0.93853475924532337       0.91358093024354348       0.96635625408555303       0.89392888730557130       0.82035142222989887       0.81526432903789292     
  0.65764248818325421       0.27576724967064631       0.62412654538671575       0.57944122580887736       0.62807513536896287       0.75345218273034809       0.58696407712982990       0.66090651450279836       0.56391017982145664       0.61701830079699638     
  0.88772701106612717       0.77859712999095176       0.91614770028661086       0.81435559270071511       0.97203829042220768        1.0272825787377149       0.94810028325723072       0.77875895658459870       0.82368609483600941        1.0271103779522226     
  0.67044908805447101       0.29249459470424655       0.63564540351769172       0.59614798189008211       0.64212738151769622       0.76229840122830994       0.59522455474462177       0.67516035812721453       0.57948039381971128       0.63446593152153230     
  0.94285038266799770       0.82870958546641926       0.90393114189875123       0.88684675785978506       0.77628504573940482       0.77064885171621744        1.0270810192638493       0.79264307662944666       0.89554381447305442        1.0029180562649120     
  0.68381083856672609       0.31198188548461869       0.65004797861502217       0.61300924192735373       0.65637188553850523       0.77117995498058001       0.60370328126983008       0.68922783208008553       0.59433469946965478       0.65152040832462255     
  0.95972212429376913       0.87904963327004360        1.0432791102656094       0.92480474413527070       0.77848964423024780       0.94527298329000720       0.77323805429354220       0.82682761542551808        1.0147002315806362       0.82534187581871210     
  0.69664891926325778       0.33197314261403288       0.66626581121577633       0.62952946923909958       0.67132788001407617       0.77965370530962064       0.61213602076649187       0.70256271428364658       0.60868060078436659       0.66939569896867379     
  0.86327673833299268       0.77123991479352416        1.0264269749610622       0.87996137629023907       0.87369328996401330       0.80691568448221185        1.0363327548397543       0.86750240113202592       0.88150486185433841       0.90961775639582754     
  0.70939894897786315       0.35449880453469768       0.68099482985634940       0.64513980613777511       0.68664277004428553       0.78833184648094534       0.61937782652281004       0.71698859207163401       0.62298763717962480       0.68735493324207275     
  0.86027621306965596        1.0660858454904953       0.97366998565050344       0.88957663910594165       0.88864537338373750       0.92424757953796555       0.91549259706351316       0.80775466282745634       0.94338457253156360       0.78070925470790353     
  0.72208368586515093       0.37692857651647860       0.69471035875919307       0.66154251126899177       0.70047869856659983       0.79658895661280527       0.62506834658866361       0.73189717439795010       0.63702443898980476       0.70551710008843971     
  0.95976316888529800       0.83392323214377628       0.80898159846351003       0.98579947991403349       0.86478103914129223       0.82050968790324341       0.82516365398263603       0.86228033953210459       0.84059201148449303       0.80109823495677002     
  0.73451009134938894       0.39940324778394259       0.70965636341144622       0.67820361734258583       0.71441668813784487       0.80474574792558073       0.63050235423415157       0.74828202669166155       0.65095716313607344       0.72344442837726708     
  0.82213292008783623       0.96590315875593979       0.86221043347029080       0.92232362079447672       0.87849659207939190       0.99778211282440910       0.79297265141998075       0.88334308310162335        1.0365003425042012       0.89947678606182491     
  0.74400220265219008       0.42214120153262513       0.72519208014949599       0.69363939264864616       0.72881864197067869       0.81262877465522088       0.63594961407895712       0.76472708914462240       0.66495538611129978       0.74080282481199666     
  0.88940139589317002       0.94020297401540109       0.98119145191597723       0.86180053612177610        1.1445064332086579       0.87377912254567947       0.99064287960428532       0.81771142793925344       0.85354349752370717       0.81117901176767082     
  0.75235237019092482       0.44418913430148238       0.74127655988058661       0.70935845045116419       0.74356480972619021       0.82041770102740885       0.64149789913756528       0.78110340021427371       0.67837744084894136       0.75832544959812720     
  0.78780928215228874       0.82330280926700683       0.88493392170354479       0.98629158697264063       0.80010824086143562       0.97379055206698450       0.74648302574738501       0.93399838777395938       0.89129540650823280       0.87641956251736575     
  0.76083958229934889       0.46981822246253185       0.75713933017888713       0.72524300485181836       0.75892669060315809       0.82779472618389438       0.64899391377868143       0.79730455411821033       0.69153221771171636       0.77493508883924389     
  0.83657168421098138       0.91817504134067940       0.83706014621188318       0.88881165742933399       0.79383367261268711       0.92535597264896019       0.97512170913069596       0.91747551779776337       0.86249716971932511       0.93647869613175250     
  0.76917525917317475       0.49754821888032186       0.77349647033499425       0.74178207315634481       0.77366207859808644       0.83546547604303212       0.65690384337085816       0.81257407640676782       0.70728133731172393       0.79281285257610090     
  0.77803816087949695       0.82090932670013295       0.97905175188120541       0.77963665262055615       0.93520329945311553       0.85537554976014907       0.83106673347917681        1.1266264817541922        1.0809870409994440       0.99810841497931113     
  0.77844821806444253       0.52641975743560954       0.78954959729447838       0.75852954893351121       0.78785657232055495       0.84333602051789358       0.66605778596542786       0.82760503687358400       0.72350551820212328       0.80710676350879096     
  0.75697423560166410       0.87112351887331585        1.0001881168874949        1.1459760658992402       0.90134219609552091       0.78630359876756051        1.0607094863209714       0.84627632832868693       0.84861129110248457       0.89044720774865427     
  0.79080319995975956       0.55620313317922498       0.80473722274061499       0.77523195868268291       0.80328892234333416       0.85126899393280242       0.67565964351742247       0.84181147452528637       0.74128457753205734       0.81839878412719802     
  0.88385697712261790       0.84088830020054905       0.94337622307237967       0.93191516022192766       0.93311651680305308       0.86148760149248915       0.90068573019237430       0.96004549502529213       0.85842069005735577       0.77636765310056421     
  0.80246133342147052       0.58499540348982537       0.81972129364441637       0.79261162329100265       0.81966494910640419       0.85970152814751166       0.68468067983504022       0.85580076131310345       0.75913797607958622       0.82900573338792849     
  0.89068045651387362       0.96629599367042052       0.91928225497059923       0.88644859784305940       0.75168906882423270       0.88521039098871368       0.82054170606521060       0.96687456809230332       0.84829902987212713       0.81209365138614709     
  0.81506491417293025       0.61436639141591542       0.83492870124611906       0.81140580636422521       0.83323738735084585       0.86814597951173389       0.69388608617876857       0.86925522544894374       0.77873008517577869       0.83949198741274178     
  0.84133178057762315       0.97491371096044432        1.0249108521716399        1.0283102405526046       0.98338390946950860       0.90080572255949909       0.92931621126397357        1.0647011819822578       0.90164032356600643       0.82650365174750984     
  0.82894679337019805       0.64475298371745271       0.84999349222780829       0.83044262558466753       0.84437099152051942       0.87709320382403466       0.70357595876107071       0.88253492183678861       0.79892152085525248       0.84987306475471980     
  0.98577885952132815       0.77490806082554076       0.88036322177727400        1.1551203007183779       0.78578156612240946       0.82684648881114120       0.93522442878825651       0.98846980514770422       0.92181831371154699       0.91544920503217808     
  0.84160041271122910       0.67575983405523699       0.86429053889500396       0.84837731173906938       0.85594006027273184       0.88671646486059919       0.71341566584717198       0.89504077460572795       0.82016436561939943       0.86611278864149843     
  0.86802468976676728       0.80571699627392968       0.84280768672112583        1.0869099793034320       0.75313275738124152       0.95862384589029492        1.0228482730926824       0.91280927672037404       0.78540547130230054       0.82448129296855333     
  0.85325339801057587       0.70917795357332070       0.87819689921735544       0.86588095625539485       0.86754635352096710       0.89690446620243935       0.72310466351385483       0.90787943774022140       0.84149060827276212       0.88270603038415918     
  0.83975637544859660       0.83324015256571704       0.88763018760606027        1.0295747632702836       0.90535574488818049       0.87320500800131118       0.97489873856222320       0.93793629377332632       0.78870385754348815       0.90138631648190992     
  0.86658194201603600       0.74231400714010076       0.89278851267995629       0.88207729094373788       0.87938287303900420       0.90804812941912516       0.73409776195824539       0.91952634049999005       0.86268666865140398       0.89807281784090753     
  0.91693364353139284       0.89911161126304295       0.95948444333547167       0.95962034725553336       0.87971192745917060       0.95131788200435474       0.84264862079956837       0.95575420653230359       0.83466382886183466       0.84086146725074240     
  0.88129794591968247       0.77551897059043295       0.90765646666807454       0.89857325467004645       0.89757741123770274       0.91970497317056177       0.74689426626678956       0.93091376119069236       0.88395488010733214       0.91341909953741240     
  0.97489059022175450       0.89854662040363353       0.86039350814445326       0.85847740923729188        1.0845159490961407        1.1105941659296394       0.88633020887306813        1.0571892010369852       0.88213457899144332       0.93474879126312815     
  0.89736056378259077       0.81117756074570013       0.92256835249971492       0.91514884766943871       0.91579718297313351       0.93439928131237282       0.76107820187762665       0.94196394043385645       0.90486907848159381       0.92868931195399484     
  0.97029878389534518       0.82371504433608111       0.83330945184399141        1.0441165452985324        1.0186538845659106        1.1867764724974930       0.86313254225744929       0.96281359857384996       0.93081813567193428       0.93585037229960799     
  0.91456484479201416       0.84843551158540398       0.93763758588354562       0.93123021138762041       0.93342170986099460       0.94820861395984557       0.77698158251758054       0.95292092957141328       0.92613209263676688       0.94471967249668187     
   1.0178732429524815        1.0993111605744805       0.88645968759089588       0.89082344371025957       0.98167814011987320       0.87521420653218496       0.83904582143122874       0.99829432529249984       0.94571803147064382        1.0621846215647668     
  0.93326453915616103       0.88506350193628081       0.95316463169524190       0.94875003445630435       0.94907392187389750       0.95982330173215979       0.79894042932726705       0.96384532695288971       0.94476612979779040       0.95914535530779121     
   1.0503614653099829       0.73533912587222106       0.91999864696186362        1.0575761912708568       0.86213347412452390       0.85544448214170277        1.0295292223957888       0.85013188066547418       0.85959874402844427        1.0052769445278296     
  0.95380398733538363       0.92117541778282708       0.96839220985080987       0.96626338879263629       0.96476373375417557       0.97394492013026424       0.82930704713497150       0.97552389671026707       0.96403177307349075       0.97295281253728805     
   1.2173714932243762       0.85555583105325361       0.96478867402612112        1.0049014518135109        1.0158184713551985       0.94551317172375526        1.2082059150164552        1.1281304234665548       0.79241764158634687        1.0179526215503674     
  0.97606943221039244       0.95999585534901632       0.98428559703279872       0.98323757083890051       0.98263856134906258       0.98723786201270269       0.89371524554977533       0.98768001058096311       0.98206087341856219       0.98657307643464909     
   1.0923275575654996       0.80184654754309015       0.74451180212503776        1.0065109204144740       0.95694166411913428       0.74023996560653227        1.0155882431750587       0.89663241285391126       0.74872961767969770        1.0383737084615201     
   1.0000000000000000        1.0000000000000000        1.0000000000000000        1.0000000000000000        1.0000000000000000        1.0000000000000000        1.0000000000000000        1.0000000000000000        1.0000000000000000        1.0000000000000000     
  0.88220400431798152       0.85688239521874943       0.83210488480704614        1.2403698008621364        1.0217042210568514       0.69603035661491941       0.69603035661491941       0.96466573933010302       0.81051072097738741       0.99212837351660432     
   7.8133715263674617        2.1048101122529044        7.5290547463955262        7.9777047402376127        7.9417542031979051        8.1936309045629692        10.434838924148680        7.9524561771467353        9.3451478280301519        8.3911506377924425     
   9.4354460054781129        10.438252585047854        6.4298739503279236        6.0135095018340605        9.1465532740075322        8.7984120831625052        5.1976107323101992        7.0159566087249541        6.5168175935701882        7.4336520896347693     
   8.8809142304470665        9.0348576323254228        5.5618212742994722        4.6783807005710987        11.696383748380581        8.3686832030880112        3.9670282242830814        8.9106870506550191        9.6483458166453921        11.406025146650808     
   8.8817683847548459        12.432799395145395        5.4946927363710456        10.115899015375906        6.2285864539939286        7.2131790777253295        8.4743947342088912        9.0673443711127124        7.9536042075205851        11.020222261188355     
   9.4154111183882918        11.135671774655112        5.6825281717862781        9.8860644569025489        7.4440610312992588        7.2014708262975917        10.703835618860811        7.0280764539135889        6.5368235130078913        4.7819701968778059     
   8.8201245507523947        12.013547525431120        6.5053823817385776        10.282467688160882        5.7833985939892427        7.2422604669279051        8.4984295734952884        7.9704775696530845        9.0002267933871671        4.4873890972507402     
   4.8269853411454218        12.154328510401049        8.2107215141553684        7.2102575429173488        12.717648239652791        10.853657616644353        8.4072917379788397        12.099261474752847        7.1970248723612080        7.9910833817947404     
   5.3418293762631546        11.955781858169789        14.984970168723056        8.5025996421414174        3.6406293303253139        8.6155900272115815        7.2313013370977020        5.4503001591138247        10.000376358431128        9.4885766427400515     
   1.2768878750837338E-002
           1           1           1           1           1           1           1           1           1           1
   2.6200683635991276E-002   1.1004624737247247E-002  -9.4816005125945317E-006   8.0898108038002512        3.8065834778154014E-004   5.9040834482655156E-007
   2.7460453672839352E-004   2.1841234443416071E-004   5.5094007849813618E-005  0.34305363498301450        5.5068850639740513E-005   7.2925795570167045E-008
   5.0000000000000001E-003   7.2398126485029142     
