  0.00000615356309716  0.00000645992649453  0.00000684861861195  0.00000733766814102
  0.00000797580527116  0.00000874292905240  0.00000958127892536  0.00001047734246330
  0.00001146497514652  0.00001261239409350  0.00001374546430406  0.00001484941976603
  0.00001587373097606  0.00001702687404626  0.00001829052869547  0.00001956317514163
  0.00002080790087823  0.00002201607499710  0.00002328326557209  0.00002462881631019
  0.00002610666721326  0.00002760399082437  0.00002926888942232  0.00003111108172300
  0.00003290905207168  0.00003472823250048  0.00003669076501674  0.00003878382967170
  0.00004088944736974  0.00004319187222029  0.00004549489896846  0.00004799751847923
  0.00005075125866972  0.00005356912685156  0.00005669807266769  0.00006027271765264
  0.00006389410651604  0.00006740430714707  0.00007080919983547  0.00007434281660034
  0.00007788030556004  0.00008162488957307  0.00008565687171269  0.00009014683851765
  0.00009460144764592  0.00009961585528657  0.00010461974926371  0.00010963345093747
  0.00011459407754449  0.00012039190533263  0.00012701929105743  0.00013344965700018
  0.00014037514375198  0.00014751927179146  0.00015436927802890  0.00016202599599488
  0.00017038392032876  0.00017889752123168  0.00018760339485901  0.00019666993927460
  0.00020641692004499  0.00021736405209486  0.00023003056306448  0.00024395321486440
  0.00025719168383611  0.00027030388972986  0.00028490811272005  0.00030034877132162
  0.00031626343816354  0.00033206689391948  0.00035045177504320  0.00036974537846951
  0.00038851230270768  0.00040982853469220  0.00043231756240118  0.00045384700364793
  0.00047694380534401  0.00050245201780220  0.00052956045637467  0.00055832165350462
  0.00058855894876002  0.00062127237878643  0.00066183883517807  0.00070905930107872
  0.00075980053945764  0.00081978196893970  0.00089440744257186  0.00099100155101064
  0.00112777047880978  0.00130263994505005  0.00152509441309121  0.00184616987059282
  0.00241048092269804  0.00338356751111102  0.00511410745897381  1.00000000000000000
 -0.00003731849724744  0.00150833061103976  0.00602216937556040  0.01266101862739456
  0.01979173260914546  0.02836545442270807  0.03687273302872223  0.04511033840850757
  0.05345252422550646  0.06174196781024685  0.07041764634855020  0.07933593406726894
  0.08794180103697781  0.09627038992969295  0.10519093982709071  0.11389534084907371
  0.12248117079092001  0.13132205839678673  0.14058491859303079  0.15011731238746318
  0.15939106950782381  0.16872505800982113  0.17818153363197409  0.18798609217176568
  0.19760636174903035  0.20658773871967101  0.21509675388375343  0.22366444733573593
  0.23231319514449769  0.24113679779971914  0.24985026705109470  0.25832792299954616
  0.26678114584133916  0.27550749654313533  0.28491635577355590  0.29577404975958677
  0.30677987162330478  0.31910530846312579  0.33068163992398553  0.34147097555592620
  0.35191546218790998  0.36267012448195313  0.37397367590675867  0.38532868233756085
  0.39634351242868471  0.40732825481265222  0.41938813399322600  0.42931745055484072
  0.43838636434670653  0.44710690852068646  0.45587456304612683  0.46482706499830589
  0.47355330394959411  0.48183286561534650  0.49040968148323388  0.49939073776964332
  0.50894142538487797  0.51795606876006772  0.52713724724358002  0.53637327405287938
  0.54530398621507969  0.55381477967342030  0.56203104691493833  0.57028043537070638
  0.57924093250451969  0.58976064947342421  0.60041725245826938  0.61106467847971047
  0.62182200775493635  0.63281420325288751  0.64417591041835820  0.65598086974688619
  0.67017831567464770  0.68532711812131020  0.70050881800764186  0.71468729197619008
  0.72753023485594170  0.73941749942678259  0.75152361606905227  0.76352650049800397
  0.77619445138556997  0.78840706204054756  0.79883982545636745  0.80945128600614669
  0.82023051680889414  0.83126069281721382  0.84407775772807481  0.85811071083098034
  0.87186074183566087  0.88573881995749459  0.90011638333055455  0.91476102012027949
  0.93105696685998740  0.94903071854045118  0.97144007257031928  1.00000000000000000
 -0.00291130164832440  0.01277574478423920  0.02380908860796714  0.03406662201548422
  0.04408597818500981  0.05414420576595158  0.06399933924571424  0.07397850109412520
  0.08417152181951135  0.09566112873818923  0.10680660750133227  0.11604043467929008
  0.12496889986382761  0.13430859826436306  0.14434789628074407  0.15487051898461615
  0.16485367833982720  0.17450071165325851  0.18410065421357541  0.19400382640188962
  0.20402398989060000  0.21432317285716823  0.22540948389454296  0.23683805926663723
  0.24767093877925628  0.25768853028583832  0.26714932461361907  0.27756977095217961
  0.28878914683402895  0.29903042568845756  0.30804576794774180  0.31672657047999075
  0.32538362212574623  0.33446102670065819  0.34448599373592831  0.35534566589050848
  0.36584378725819111  0.37678519095867224  0.38703144778901610  0.39682196213406223
  0.40701506846065244  0.41778169231911061  0.42966831905208414  0.44020624885812204
  0.44960995882815313  0.45913339305837725  0.46889764784223281  0.47862182601265041
  0.48820781468607549  0.49782876949450972  0.50752433122665142  0.51735041240013580
  0.52741188386152138  0.53736686100159303  0.54647187756399662  0.55466492015282776
  0.56319515422418287  0.57296542610668255  0.58282257631707257  0.59324274796618814
  0.60417701769257270  0.61519302454381819  0.62617623032198255  0.63703143207231760
  0.64740955399798994  0.65713106262517484  0.66705829557785790  0.67883823187577219
  0.69357961013230518  0.71062473942919013  0.72475504478359221  0.73738811372827240
  0.74870977883235479  0.75961416195142695  0.76996012238607126  0.77929573999385005
  0.78843048270064564  0.79837939597306939  0.80879909487610635  0.81851253056055218
  0.82826214993240288  0.83949411480532365  0.85451277405541803  0.86642234596280709
  0.87727090418146381  0.88745087753270369  0.89763420258144644  0.90790263841690411
  0.91854244257685158  0.92995164050312751  0.94294100549136961  0.95524285225530436
  0.96668873856179705  0.97723645345371257  0.98804284574704171  1.00000000000000000
  0.02067002563495282  0.06725479208094495  0.10230117705299978  0.12672139120017922
  0.14705289652363593  0.16414689065286689  0.17925873374014087  0.19219556265021429
  0.20441325873083249  0.21612103203194072  0.22736383105089139  0.23598092334037249
  0.24302902202960375  0.24990877775691683  0.25623026530653087  0.26249632957446639
  0.26820380910921943  0.27481438510466821  0.28154523281596827  0.28946742550238186
  0.29804984779196009  0.30769556675312004  0.31661343186575142  0.32578316414053293
  0.33448174807982728  0.34247078083484556  0.34973320696201082  0.35679727084174490
  0.36384123989124800  0.37111316784646514  0.37853685885376176  0.38620170787547231
  0.39417600629543320  0.40283738360079918  0.41109409586407297  0.41819520922616443
  0.42529830373358568  0.43263512485844957  0.43989199654995376  0.44636763391412737
  0.45311757117887286  0.45912200846676304  0.46497397141405616  0.47054941916633569
  0.47643861944775689  0.48246381733246857  0.48845320335530279  0.49421958041428626
  0.50020328330303832  0.50730674567140366  0.51483390873847701  0.52241191234637152
  0.52983336965320771  0.53747709612316763  0.54467850019592345  0.55136507442401261
  0.55802549470949825  0.56453583390336315  0.57124720204544621  0.57813695223406325
  0.58497143547652575  0.59178543462054001  0.59877101395128285  0.60590438103872912
  0.61379941215979594  0.62117538204935208  0.62877925876700291  0.63682102127195572
  0.64408912604139201  0.65202163609276897  0.66007454521784048  0.66813749601273509
  0.67620673760647465  0.68394570234714225  0.69130497129812374  0.69831681219803432
  0.70597849667212542  0.71339938654805035  0.72036094745676749  0.72744809213778239
  0.73521204398550055  0.74365153970866771  0.75331638558824288  0.76348647939502345
  0.77395198325478098  0.78499745534317555  0.79586505065084412  0.80562152223976879
  0.81457118651370908  0.82390764151461027  0.83407095273429677  0.84765972648336896
  0.86851081204218317  0.89688941681473455  0.92147921387927711  1.00000000000000000
 -0.00108606861362533  0.01033544411916958  0.02001713953675206  0.02966418360474030
  0.03906676091609108  0.04853561680914512  0.05855250625499819  0.06949793167098169
  0.08182912721119125  0.09521688160538452  0.10870024268051515  0.12183010484168388
  0.13410117219650711  0.14532604396619694  0.15573303626829121  0.16592360228530831
  0.17718202853955342  0.18785448857288872  0.19855661092016630  0.20860720204788424
  0.21930343338167785  0.22993370826124238  0.24023563000337617  0.25181756051719084
  0.26299347942708179  0.27488168065264562  0.28419100033218303  0.29311351037097921
  0.30197299214062345  0.31121462154920487  0.32115331971500388  0.33079080393854771
  0.34119021332988214  0.35231927047096878  0.36346791985929028  0.37448279711394650
  0.38529220805183001  0.39604245799741905  0.40672315243819568  0.41698557489380378
  0.42752708489436125  0.43787571977648809  0.45013922974226300  0.46181253521158905
  0.47298138397894718  0.48474922144421684  0.49515063493064032  0.50524254707108429
  0.51483223425974844  0.52499354359630379  0.53565448579014630  0.54607163551522908
  0.55617583368293744  0.56579746217267246  0.57648582292570949  0.58665363791524017
  0.59706612643749890  0.60752827707161250  0.61859061216776257  0.62919385306518139
  0.63897480263167439  0.64789683622424810  0.65621652857622226  0.66462513332396056
  0.67334448718134965  0.68224018698218813  0.69180218299378904  0.70181577761203973
  0.71209577560533432  0.72309699566647800  0.73405959942493826  0.74477787311976873
  0.75495823433486720  0.76502160656914142  0.77405582666972039  0.78371090185573222
  0.79375561000858696  0.80404491119833688  0.81399999493807740  0.82446441411038174
  0.83607418320766869  0.84811594351195707  0.85949763660403011  0.87059059651721071
  0.88158060424090834  0.89308753587058431  0.90423556601388377  0.91524430772879006
  0.92536745822737054  0.93479846152853674  0.94418681841185970  0.95384851751268562
  0.96389952151055358  0.97425720046224895  0.98618204083049121  1.00000000000000000
  0.71139130620888236  0.71308157284247564  0.71432872601892372  0.71524262467700972
  0.71625780962455343  0.71735474684471068  0.71866619618151095  0.72008985552373395
  0.72172477395928814  0.72327727639570949  0.72509750052359223  0.72712679469396968
  0.72862125391560117  0.72981619817700638  0.73099806696594349  0.73230016019290067
  0.73371062711849588  0.73522959127596799  0.73679569293371350  0.73832744345692558
  0.74007862888048426  0.74226309833118365  0.74450258474759978  0.74670845211635672
  0.74870859791935074  0.75058944948703388  0.75254007225606578  0.75455828317299967
  0.75661776706046902  0.75892493944464423  0.76123737415976989  0.76347738101474172
  0.76526705772170067  0.76702043938804487  0.76879529367838961  0.77065237371416340
  0.77259676107058894  0.77455214918357274  0.77652513185001037  0.77843734987517343
  0.78023552444306687  0.78203150041308167  0.78364643746042961  0.78534713136132861
  0.78704880301777891  0.78877941371363502  0.79075679168794688  0.79284455401496956
  0.79502041580432392  0.79726485562574056  0.79967724014127461  0.80206084121937116
  0.80430101482127359  0.80648657389244349  0.80873647353564848  0.81112500542259147
  0.81330480144262907  0.81567273680726760  0.81806013756583862  0.82081461370674191
  0.82316327779807208  0.82544385519245589  0.82765157599267214  0.83011234795623379
  0.83286048671695934  0.83591631750490336  0.83887908185667504  0.84149145716108487
  0.84410670933868692  0.84685917353436002  0.84979248121880924  0.85278117582280555
  0.85568415127515585  0.85859185484192768  0.86160235443626498  0.86472900839438571
  0.86789776631475035  0.87108608937230170  0.87425174397125438  0.87775976327161742
  0.88162706346543074  0.88570381402290854  0.88970508534403314  0.89346968422772099
  0.89728405221647090  0.90128245173066757  0.90568297249805396  0.91046829641590021
  0.91554184933862359  0.92124149295175017  0.92736477083642310  0.93380119964775710
  0.94219889730216888  0.95306867806027395  0.96926822748781372  1.00000000000000000
 -0.01126995422980361  0.11273122392305854  0.15382923281738606  0.17666541606919600
  0.19578115488276795  0.21001845609711950  0.22231066252330769  0.23362258709584391
  0.24468311894524639  0.25661239482107534  0.26800554196702725  0.27752381177648605
  0.28597273321892347  0.29367449960291286  0.30143227178918330  0.30940379849302396
  0.31713706563857291  0.32417026182239944  0.33080765539851148  0.33705425982255738
  0.34290051890541146  0.34845868548895809  0.35379224044487489  0.35915385883428053
  0.36486154986937447  0.37069190187079742  0.37657860998819581  0.38202483458075798
  0.38743785829041510  0.39288280698435241  0.39856161317220273  0.40412614868007091
  0.40934887074682058  0.41419193162208773  0.41884457667565494  0.42365974043519145
  0.42870176384090808  0.43361261014119939  0.43824979108846507  0.44292462921998821
  0.44761170847340304  0.45222926187123907  0.45725711067556496  0.46250551706415355
  0.46777927286828708  0.47288655635425519  0.47811731137173935  0.48358023087245622
  0.48905366142187628  0.49444765686121600  0.49983291497783483  0.50521655898170148
  0.51088901169293544  0.51664239591020311  0.52239127554308573  0.52861890068055717
  0.53437655917213334  0.54023013251790586  0.54521510344275892  0.55024106773782522
  0.55490005470597203  0.55978308106564456  0.56492549478808018  0.57070006213828384
  0.57633761986441467  0.58179912237710407  0.58739082574457813  0.59309322295397937
  0.59863127801221683  0.60462554131082868  0.61097723271532445  0.61732884282551759
  0.62358726194279634  0.63000959928221933  0.63700365250181679  0.64420289969243838
  0.65184075376268680  0.66000735570016023  0.66952517986727111  0.67922770470769456
  0.68735506391992585  0.69495010744345787  0.70307379560033567  0.71325118488879014
  0.72443581342412511  0.73527220815256122  0.74457689923609371  0.75380009463019471
  0.76384993486553765  0.77526805126559295  0.78866779030735434  0.80416805658830715
  0.82298707071020483  0.84728173308262245  0.88472201843502773  1.00000000000000000
   4.4855124353400000E-008   3.3720786153800002E-004
  <DiscreteSampler_grid>
  Helicity
  1 # 1 for a reference and 2 for a running grid.
  80 # Attribute 'min_bin_probing_points' of the grid.
  1 # Attribute 'grid_mode' of the grid. 1=='default',2=='initialization'
  0.0300000000000000 # Attribute 'small_contrib_threshold' of the grid.
  0.3330000000000000 # Attribute 'damping_power' of the grid.
 # binID   n_entries weight   weight_sqr   abs_weight
    1   1577   7.639805063859243E-007   4.678780763527301E-011   7.639805063859243E-007
    4   1909   7.156404056996822E-007   5.456573594955607E-011   7.156404056996822E-007
    5   175   2.232315474780000E-067   5.402288400450000E-132   2.232315474780000E-067
    8   91   5.740921689646154E-009   7.598356243170329E-013   5.740921689646154E-009
    9   131   4.729569772813740E-008   6.076211167556870E-012   4.729569772813740E-008
    12   141   1.275511411520000E-068   1.031749291600000E-134   1.275511411520000E-068
    13   1569   7.155855932900035E-007   6.332531160787381E-011   7.155855932900035E-007
    16   1512   7.569899727582640E-007   5.209481956572774E-011   7.569899727582640E-007
  </DiscreteSampler_grid>
  <DiscreteSampler_grid>
  grouped_processes
  1 # 1 for a reference and 2 for a running grid.
  10 # Attribute 'min_bin_probing_points' of the grid.
  1 # Attribute 'grid_mode' of the grid. 1=='default',2=='initialization'
  0.0300000000000000 # Attribute 'small_contrib_threshold' of the grid.
  0.3330000000000000 # Attribute 'damping_power' of the grid.
 # binID   n_entries weight   weight_sqr   abs_weight
    10   10   7.267171751380000E-002   1.907067479300000E-002   7.267171751380000E-002
  </DiscreteSampler_grid>
