  0.00027547662782555  0.00027839879413097  0.00028071216198814  0.00028296146263674
  0.00028490794089312  0.00028690467969304  0.00028873606662222  0.00029114869975176
  0.00029365153740315  0.00029600286831281  0.00029882991222199  0.00030124070934819
  0.00030312582246264  0.00030514377319968  0.00030768315689581  0.00031065477575988
  0.00031374795714886  0.00031688208963358  0.00032051337427081  0.00032483422350639
  0.00032898381243658  0.00033310496775433  0.00033705517158783  0.00034113035371287
  0.00034594027961785  0.00035079737057228  0.00035580815168256  0.00036089931589660
  0.00036656187164878  0.00037193068759888  0.00037688551235274  0.00038133578586174
  0.00038588279531088  0.00039105851054457  0.00039762237734431  0.00040488532467899
  0.00041243922301973  0.00042006237238366  0.00042815577768896  0.00043648562038677
  0.00044525035074357  0.00045332236312232  0.00046157728877291  0.00047072608786790
  0.00048031021203192  0.00049037714751564  0.00050077399022664  0.00051053090589452
  0.00052036251543064  0.00053110716371029  0.00054329442412967  0.00055696853499301
  0.00057161083805737  0.00058722773064900  0.00060337844763831  0.00062124483959666
  0.00064114910277244  0.00066235372903204  0.00068511460109439  0.00070774704333438
  0.00073197894680950  0.00075845331774718  0.00078621559185489  0.00081512746998825
  0.00084557589220689  0.00087799268869489  0.00091058846852233  0.00094346244372087
  0.00098140568581849  0.00102864800124272  0.00107989739648450  0.00113462224142321
  0.00119146157981319  0.00124805766091357  0.00130171311429079  0.00137028368425964
  0.00145326602362592  0.00154133049314131  0.00164549075550110  0.00174603061880242
  0.00184896562290299  0.00195414270168068  0.00205820090462129  0.00219146858841087
  0.00235912063293073  0.00254443969408724  0.00274712922299164  0.00299717756982842
  0.00329921487562889  0.00371194305482206  0.00427391469456143  0.00498273785252865
  0.00610428598925139  0.00904092169504963  0.02300193308565891  1.00000000000000000
  0.00000311324680131  0.00000337408749914  0.00000364904888699  0.00000393767299447
  0.00000424789883777  0.00000453805747795  0.00000483885051161  0.00000517216617073
  0.00000554620226446  0.00000594649698915  0.00000635650337008  0.00000673360525275
  0.00000712245150334  0.00000752438056781  0.00000794045472057  0.00000837248754215
  0.00000882593264212  0.00000930352572308  0.00000980155227310  0.00001031080585257
  0.00001082970874359  0.00001137210196565  0.00001193040648716  0.00001248620166851
  0.00001308430928923  0.00001370189770449  0.00001439227624865  0.00001520800157935
  0.00001608430698436  0.00001700261509164  0.00001797091679855  0.00001901716891095
  0.00002015985390669  0.00002133312104618  0.00002254596680402  0.00002383778367448
  0.00002525370283965  0.00002676974235187  0.00002836219033691  0.00002998367322529
  0.00003169417865736  0.00003346150534144  0.00003522286386920  0.00003702018301691
  0.00003888481739122  0.00004074755116146  0.00004311653569822  0.00004597208063264
  0.00004899644693435  0.00005211097482349  0.00005534751691924  0.00005902451944142
  0.00006327197989888  0.00006761425820032  0.00007192212291879  0.00007678243477975
  0.00008261596473072  0.00008914158333935  0.00009635297729888  0.00010461278242426
  0.00011366908663336  0.00012319570220402  0.00013341572804868  0.00014372870658335
  0.00015421528448038  0.00016469287762341  0.00017631461120972  0.00019002487077572
  0.00020877730047503  0.00022844810472216  0.00024868288598098  0.00027129239969562
  0.00029997902167562  0.00033432880825413  0.00037038861249380  0.00040854061836298
  0.00044845584565066  0.00049186353542334  0.00053931928979491  0.00059673256876138
  0.00066057636139405  0.00073327564269613  0.00082010104443072  0.00091464751988969
  0.00103030286690250  0.00116844358174507  0.00131680640009749  0.00152016645705672
  0.00171871949743372  0.00194917260556865  0.00224329860275174  0.00262377150130459
  0.00327586239429539  0.00409725226678523  0.00491355968898633  1.00000000000000000
 -0.00118491023992969  0.00971201022158985  0.01973510280412464  0.03171997783401210
  0.04356714975965757  0.05423425186389799  0.06420124724777720  0.07533598286863656
  0.08579358190626626  0.09618848809558882  0.10646916569811751  0.11613515542560086
  0.12563024295828193  0.13467648059488363  0.14340868786259503  0.15282485219336289
  0.16168913434087667  0.17091635574856259  0.18061655157629897  0.19126278547166686
  0.20282690967364003  0.21506650525149315  0.22759774647160669  0.24117351722262104
  0.25422023264862864  0.26659954238606087  0.27695842428549550  0.28640549083068823
  0.29544642360258389  0.30447852603351916  0.31417154543563530  0.32394342169714047
  0.33414183918255280  0.34447085683776918  0.35508409838228461  0.36601689777223290
  0.37728624562172713  0.38849482654194856  0.39944122849157221  0.41034247905193622
  0.42167050544556872  0.43293765694831560  0.44470944400284734  0.45575557790433374
  0.46643691860722386  0.47688089346084017  0.48709829010697614  0.49705588959697683
  0.50676145501815817  0.51652349224158012  0.52671016822715688  0.53704974238711212
  0.54757247934014852  0.55768873842785216  0.56816666295795593  0.57870732199774588
  0.58986860818561815  0.60200770219717137  0.61354921733204570  0.62402827612884160
  0.63418227093810542  0.64337549831848051  0.65234563525269706  0.66119675901994246
  0.67001976821519993  0.67915476080776982  0.68867753317584723  0.69916586010845083
  0.71060420282013015  0.72211966447011455  0.73330756405149655  0.74419142777402847
  0.75470527209947269  0.76565552922868896  0.77724250836314412  0.78982196931597071
  0.80208437251095344  0.81342298245807676  0.82388564239320639  0.83348166571959470
  0.84273910399234853  0.85213989238619026  0.86224263689028025  0.87272020757631175
  0.88311600738483698  0.89332014461840781  0.90280996381061540  0.91264027592217645
  0.92228572282615728  0.93145722128383990  0.94055925290056630  0.95067783108099935
  0.96254137816576768  0.97517252473784621  0.98772872865559358  1.00000000000000000
 -0.00003496559241049 -0.00001308093072586  0.00000880373095878  0.00002357379156855
  0.00003022871455150  0.00003790063744812  0.00004853912376347  0.00005905525072088
  0.00007038275968279  0.00008279613769479  0.00009639930274895  0.00011055003714902
  0.00012400579707689  0.00013833584734486  0.00016478143984933  0.00019107332995090
  0.00021741002491799  0.00024598261204485  0.00027532265516225  0.00030528289917568
  0.00033497762486299  0.00036502823972963  0.00039543550251292  0.00042660893273219
  0.00045853499621127  0.00049152806858141  0.00052619038586017  0.00056355169929616
  0.00060421920617054  0.00064572828659886  0.00068920922713566  0.00073444284309850
  0.00078020126115943  0.00082734490245571  0.00087204419331752  0.00091410243210977
  0.00095465405630929  0.00100043644845191  0.00105165245155485  0.00112742307042115
  0.00120550182865525  0.00128530368233948  0.00136688232212217  0.00145070140952885
  0.00153746715157391  0.00163219993985871  0.00172779640860029  0.00182350507575934
  0.00192277082220918  0.00202517254002318  0.00213172519375623  0.00224882089455632
  0.00236172105214519  0.00246940226467657  0.00258067599272835  0.00269344370357131
  0.00280888037419420  0.00294331284503952  0.00309486678572487  0.00326261281262300
  0.00343971684257875  0.00362717080916015  0.00382735383488549  0.00404415655916308
  0.00422846750017881  0.00441051782041329  0.00459889526915532  0.00477758481765688
  0.00497202284211678  0.00517811487434228  0.00541528322705472  0.00570563425112861
  0.00597081427252222  0.00624244133051587  0.00653226539663020  0.00691919268526188
  0.00735990371613054  0.00784090848623480  0.00835702676078666  0.00894583277338048
  0.00940721120460174  0.00980000979235989  0.01013470684719085  0.01051263580511257
  0.01088709115982495  0.01135243078520511  0.01193713284467224  0.01276111052206065
  0.01361497226827115  0.01446409261287858  0.01545445690840905  0.02020923553903593
  0.03533815717498024  0.03828112380261657  0.04752132494122745  1.00000000000000000
 -0.00190449777704035  0.01309813311505600  0.02616869874543305  0.03811253157157153
  0.04863304971760066  0.05688624346406092  0.06473468648564092  0.07325412169170466
  0.08332605784758321  0.09502778614699760  0.10707720760639031  0.11836024273024399
  0.12925645565882346  0.13982835029837237  0.15019804878732285  0.16073215729306981
  0.17030903793896016  0.17947898820088248  0.18865585332709697  0.19833495825243722
  0.20911079179159053  0.21997609417236227  0.23065671986989328  0.24152665149572788
  0.25262815301392583  0.26406724654463115  0.27446734424775332  0.28487451481964216
  0.29517471044779969  0.30635718324124828  0.31870258629078640  0.33093558636404002
  0.34233431389070768  0.35321141898562586  0.36431611092106991  0.37598750568431505
  0.38765832814338441  0.39968842125180892  0.41190830629797426  0.42437625403326112
  0.43625568409567261  0.44800466106870934  0.45981585637886552  0.47153616891961314
  0.48305578599398463  0.49399089203117763  0.50388938159559449  0.51367616390655202
  0.52376717024742714  0.53274020470336381  0.54165324306897389  0.55016355339156142
  0.56058237021814461  0.57100322632002609  0.58078401409925751  0.59118762521791202
  0.60236782670984346  0.61445780873636557  0.62530389677096621  0.63569790677931959
  0.64592204746469872  0.65689443813853909  0.66705014153531428  0.67702749453083721
  0.68692566725897353  0.69664368486428552  0.70635893819635831  0.71648008269497099
  0.72749094176530793  0.73827257633871401  0.74842816311539351  0.75807644527227624
  0.76719491760659009  0.77653952057174047  0.78653584736542503  0.79746117203003108
  0.80779601660503519  0.81785148692302478  0.82814297885098898  0.83828432595831526
  0.84936077549310163  0.86032243722461865  0.86975485647142381  0.87867160623930596
  0.88844226872237297  0.89895218529351395  0.91026499363186397  0.92041989785286737
  0.93074561123050525  0.94059326467298887  0.95062164058915855  0.95928627461719662
  0.96812235073628583  0.97759703245363772  0.98793490049460975  1.00000000000000000
  0.72870621729548057  0.72919820975766936  0.73014863467053570  0.73884252016906005
  0.74581050649889824  0.74881982227812183  0.75119278800877409  0.75373775430375511
  0.75714087072430936  0.76027972714369663  0.76268544991675447  0.76467958603135777
  0.76636059746024110  0.76788099731557102  0.77037382875835747  0.77277134540421277
  0.77518445325311525  0.77756129395211937  0.78013243738999372  0.78308780670246692
  0.78578222093663053  0.78806095395401576  0.79026293761408528  0.79252280607848857
  0.79486205151939249  0.79725065621402802  0.79933812846560814  0.80153327723305778
  0.80431843877335196  0.80754101629407105  0.81010900320528567  0.81242399611612337
  0.81469354024426555  0.81697651546956374  0.81926148243037378  0.82157394180026788
  0.82387175530614021  0.82606904657556579  0.82821558892209923  0.83006346005991283
  0.83192784499292849  0.83386517466625520  0.83594057655444653  0.83813164641737647
  0.84023235572024735  0.84232951585122029  0.84453673107056015  0.84683020946205578
  0.84905589620515376  0.85135608882086111  0.85388099205495449  0.85635083167674331
  0.85864368901815169  0.86096492596512031  0.86355948830282303  0.86637327533298747
  0.86900008310156462  0.87137198862966403  0.87388642798295357  0.87619419927797149
  0.87866824166564894  0.88125540838320093  0.88401447344629769  0.88706087612077578
  0.89037004171649659  0.89384769708033296  0.89714075447914055  0.90035367711891723
  0.90349104795339530  0.90650401995691920  0.90944438159566010  0.91235155531515222
  0.91528210131344867  0.91854570874057406  0.92174359103245995  0.92505297350656845
  0.92810525600306160  0.93116709878640314  0.93419075608341595  0.93721386009221319
  0.94028355930442220  0.94333778660208212  0.94622188970276910  0.94919572755142678
  0.95231136102953962  0.95552581007386961  0.95875729981047120  0.96201393141929048
  0.96546564431481530  0.96896941043000950  0.97244703319765635  0.97596107800817755
  0.97982751997688766  0.98446691884968018  0.99030428367746481  1.00000000000000000
 -0.02399733236368850  0.12697537864173683  0.16571367544605520  0.18922874236792286
  0.20704495841180501  0.22171018113430246  0.23436001997528885  0.24534578724938980
  0.25620256348569498  0.26720530846459761  0.27712121495167730  0.28597135828313747
  0.29401607919177930  0.30107861470273584  0.30781461565463208  0.31487373774236266
  0.32126022571145513  0.32716702190550212  0.33291968476908318  0.33881215513711826
  0.34511446023636128  0.35153126099222703  0.35804077542831886  0.36426257440159548
  0.37027819332303574  0.37609004882989544  0.38198916091268792  0.38808374142006696
  0.39421062926207506  0.39979566786693488  0.40473900015515291  0.40890042900933499
  0.41360032699788729  0.41873152911805200  0.42498264452841300  0.43124190564677378
  0.43734386689295052  0.44308259697683716  0.44872737259763229  0.45395711228883900
  0.45901664978680690  0.46391661383904659  0.46887902570269291  0.47397681907147754
  0.47902480883167847  0.48378607260374007  0.48809703591849823  0.49214179135861069
  0.49617592757228363  0.50041634504472987  0.50472865643495823  0.50916996131345227
  0.51393671299965915  0.51875803106974827  0.52322545165447465  0.52788497398717615
  0.53253773910791868  0.53742098212904721  0.54331980589679385  0.54962412307873676
  0.55614097813985830  0.56303488197346241  0.56961261624928616  0.57656185848214292
  0.58282506799157796  0.58866948079345516  0.59454947007217829  0.60086588040162014
  0.60766488900296856  0.61440790626018138  0.62085797382557206  0.62704740726509700
  0.63320468637687133  0.63916591200809769  0.64540413961131626  0.65158454075326422
  0.65752569779332837  0.66367482530840449  0.66953825790675459  0.67523107196891252
  0.68165219784766784  0.68844048464501995  0.69662431882836995  0.70593523671035996
  0.71589934761421614  0.72597413078100825  0.73625826688379481  0.74665337002112231
  0.75726588158412933  0.76885909167653077  0.78125088756580829  0.79484727708187453
  0.80990959894712533  0.83018845385824724  0.86842462676578769  1.00000000000000000
   1.5013438782599999E-007   1.7025076000000000E-002
  <DiscreteSampler_grid>
  Helicity
  1 # 1 for a reference and 2 for a running grid.
  80 # Attribute 'min_bin_probing_points' of the grid.
  1 # Attribute 'grid_mode' of the grid. 1=='default',2=='initialization'
  0.0300000000000000 # Attribute 'small_contrib_threshold' of the grid.
  0.3330000000000000 # Attribute 'damping_power' of the grid.
 # binID   n_entries weight   weight_sqr   abs_weight
    1   1590   2.483855166128019E-006   2.292985741020671E-010   2.483855166128019E-006
    4   2291   3.399678834539501E-006   1.004925004262781E-009   3.399678834539501E-006
    5   2233   3.261313233495799E-006   2.137336667207345E-009   3.261313233495799E-006
    8   1692   2.555298746630920E-006   3.486620396912716E-010   2.555298746630920E-006
    9   2329   3.437469333936001E-006   1.313473865659955E-009   3.437469333936001E-006
    12   1977   2.852916119174375E-006   4.937688505479207E-010   2.852916119174375E-006
    13   1952   2.882810243756694E-006   4.388250424904518E-010   2.882810243756694E-006
    16   1928   2.835026902814180E-006   4.926762665291654E-010   2.835026902814180E-006
  </DiscreteSampler_grid>
  <DiscreteSampler_grid>
  grouped_processes
  1 # 1 for a reference and 2 for a running grid.
  10 # Attribute 'min_bin_probing_points' of the grid.
  1 # Attribute 'grid_mode' of the grid. 1=='default',2=='initialization'
  0.0300000000000000 # Attribute 'small_contrib_threshold' of the grid.
  0.3330000000000000 # Attribute 'damping_power' of the grid.
 # binID   n_entries weight   weight_sqr   abs_weight
    10   10   6.439118408450000E+000   1.989689521200000E+002   6.439118408450000E+000
    16   10   6.438890967290000E+000   1.989234801840000E+002   6.438890967290000E+000
  </DiscreteSampler_grid>
