     
 Collinear #           6
 
 part:           1
 comp:           0
   1.0000000317702926        276.25000877654332        276.25000000000000     
   1.0000000030442220        276.25000084096632        276.25000000000000     
   1.0000000003031546        276.25000008374644        276.25000000000000     
   1.0000000000303029        276.25000000837116        276.25000000000000     
   1.0000000000030302        276.25000000083708        276.25000000000000     
   1.0000000000003031        276.25000000008373        276.25000000000000     
   1.0000000000000304        276.25000000000841        276.25000000000000     
   1.0000000000000031        276.25000000000085        276.25000000000000     
   1.0000000000000002        276.25000000000006        276.25000000000000     
   1.0000000000000000        276.25000000000000        276.25000000000000     
 comp:           1
   0.0000000000000000        0.0000000000000000     
   0.0000000000000000        0.0000000000000000     
   0.0000000000000000        0.0000000000000000     
   0.0000000000000000        0.0000000000000000     
   0.0000000000000000        0.0000000000000000     
   0.0000000000000000        0.0000000000000000     
   0.0000000000000000        0.0000000000000000     
   0.0000000000000000        0.0000000000000000     
   0.0000000000000000        0.0000000000000000     
   0.0000000000000000        0.0000000000000000     
 comp:           2
   0.0000000000000000        0.0000000000000000     
   0.0000000000000000        0.0000000000000000     
   0.0000000000000000        0.0000000000000000     
   0.0000000000000000        0.0000000000000000     
   0.0000000000000000        0.0000000000000000     
   0.0000000000000000        0.0000000000000000     
   0.0000000000000000        0.0000000000000000     
   0.0000000000000000        0.0000000000000000     
   0.0000000000000000        0.0000000000000000     
   0.0000000000000000        0.0000000000000000     
 comp:           3
   1.0000000317702926        276.25000877654332        276.25000000000000     
   1.0000000030442220        276.25000084096632        276.25000000000000     
   1.0000000003031546        276.25000008374644        276.25000000000000     
   1.0000000000303029        276.25000000837116        276.25000000000000     
   1.0000000000030302        276.25000000083708        276.25000000000000     
   1.0000000000003031        276.25000000008373        276.25000000000000     
   1.0000000000000304        276.25000000000841        276.25000000000000     
   1.0000000000000031        276.25000000000085        276.25000000000000     
   1.0000000000000002        276.25000000000006        276.25000000000000     
   1.0000000000000000        276.25000000000000        276.25000000000000     
 
 part:           2
 comp:           0
  0.99999999760700153        276.25016675437064        276.25016741543686     
  0.99999999977159060        276.25016735233874        276.25016741543686     
  0.99999999997726263        276.25016740915567        276.25016741543686     
  0.99999999999772748        276.25016741480908        276.25016741543686     
  0.99999999999977263        276.25016741537405        276.25016741543686     
  0.99999999999997735        276.25016741543061        276.25016741543686     
  0.99999999999999778        276.25016741543624        276.25016741543686     
  0.99999999999999978        276.25016741543681        276.25016741543686     
   1.0000000000000000        276.25016741543686        276.25016741543686     
   1.0000000000000000        276.25016741543686        276.25016741543686     
 comp:           1
   0.0000000000000000        0.0000000000000000     
   0.0000000000000000        0.0000000000000000     
   0.0000000000000000        0.0000000000000000     
   0.0000000000000000        0.0000000000000000     
   0.0000000000000000        0.0000000000000000     
   0.0000000000000000        0.0000000000000000     
   0.0000000000000000        0.0000000000000000     
   0.0000000000000000        0.0000000000000000     
   0.0000000000000000        0.0000000000000000     
   0.0000000000000000        0.0000000000000000     
 comp:           2
   0.0000000000000000        0.0000000000000000     
   0.0000000000000000        0.0000000000000000     
   0.0000000000000000        0.0000000000000000     
   0.0000000000000000        0.0000000000000000     
   0.0000000000000000        0.0000000000000000     
   0.0000000000000000        0.0000000000000000     
   0.0000000000000000        0.0000000000000000     
   0.0000000000000000        0.0000000000000000     
   0.0000000000000000        0.0000000000000000     
   0.0000000000000000        0.0000000000000000     
 comp:           3
  0.99999999760700153       -276.25016675437064       -276.25016741543686     
  0.99999999977159060       -276.25016735233874       -276.25016741543686     
  0.99999999997726263       -276.25016740915567       -276.25016741543686     
  0.99999999999772748       -276.25016741480908       -276.25016741543686     
  0.99999999999977263       -276.25016741537405       -276.25016741543686     
  0.99999999999997735       -276.25016741543061       -276.25016741543686     
  0.99999999999999778       -276.25016741543624       -276.25016741543686     
  0.99999999999999978       -276.25016741543681       -276.25016741543686     
   1.0000000000000000       -276.25016741543686       -276.25016741543686     
   1.0000000000000000       -276.25016741543686       -276.25016741543686     
 
 part:           3
 comp:           0
  0.99999995776659645        181.43567565674022        181.43568331938664     
  0.99999998690332736        181.43568094318289        181.43568331938664     
  0.99999999586639898        181.43568256940392        181.43568331938664     
  0.99999999869309064        181.43568308226665        181.43568331938664     
  0.99999999958672681        181.43568324440415        181.43568331938664     
  0.99999999986931187        181.43568329567515        181.43568331938664     
  0.99999999995867273        181.43568331188840        181.43568331938664     
  0.99999999998693123        181.43568331701550        181.43568331938664     
  0.99999999999586731        181.43568331863682        181.43568331938664     
  0.99999999999869305        181.43568331914952        181.43568331938664     
 comp:           1
  0.99999991845418235       -129.53791033334721       -129.53792089662289     
  0.99999997471246360       -129.53791762092800       -129.53792089662289     
  0.99999999201869194       -129.53791986274084       -129.53792089662289     
  0.99999999747657153       -129.53792056974322       -129.53792089662289     
  0.99999999920203708       -129.53792079325643       -129.53792089662289     
  0.99999999974766252       -129.53792086393562       -129.53792089662289     
  0.99999999992020383       -129.53792088628626       -129.53792089662289     
  0.99999999997476630       -129.53792089335417       -129.53792089662289     
  0.99999999999202038       -129.53792089558922       -129.53792089662289     
  0.99999999999747657       -129.53792089629601       -129.53792089662289     
 comp:           2
  0.99997630396072823       0.96205722864521470       0.96208002613129651     
  0.99999265180640950       0.96207295658101499       0.96208002613129651     
  0.99999768074687145       0.96207779482418598       0.96208002613129651     
  0.99999926672804362       0.96207932066499358       0.96208002613129651     
  0.99999976812348212       0.96207980304753016       0.96208002613129651     
  0.99999992667434701       0.96207995558615034       0.96208002613129651     
  0.99999997681239694       0.96208000382296677       0.96208002613129651     
  0.99999999266743622       0.96208001907678331       0.96208002613129651     
  0.99999999768123982       0.96208002390046365       0.96208002613129651     
  0.99999999926674354       0.96208002542584514       0.96208002613129651     
 comp:           3
   1.0000000000000000       -22.647486248507715       -22.647486248507715     
   1.0000000000000000       -22.647486248507715       -22.647486248507715     
   1.0000000000000000       -22.647486248507715       -22.647486248507715     
   1.0000000000000000       -22.647486248507715       -22.647486248507715     
   1.0000000000000000       -22.647486248507715       -22.647486248507715     
   1.0000000000000000       -22.647486248507715       -22.647486248507715     
   1.0000000000000000       -22.647486248507715       -22.647486248507715     
   1.0000000000000000       -22.647486248507715       -22.647486248507715     
   1.0000000000000000       -22.647486248507715       -22.647486248507715     
   1.0000000000000000       -22.647486248507715       -22.647486248507715     
 
 part:           4
 comp:           0
  0.99999998906911625        136.64895388753970        136.64895538123355     
  0.99999999661030703        136.64895491803554        136.64895538123355     
  0.99999999893013758        136.64895523503796        136.64895538123355     
  0.99999999966174435        136.64895533501127        136.64895538123355     
  0.99999999989303623        136.64895536661706        136.64895538123355     
  0.99999999996617506        136.64895537661141        136.64895538123355     
  0.99999999998930367        136.64895537977191        136.64895538123355     
  0.99999999999661748        136.64895538077133        136.64895538123355     
  0.99999999999893030        136.64895538108738        136.64895538123355     
  0.99999999999966183        136.64895538118733        136.64895538123355     
 comp:           1
  0.99999990947987549       -87.889511380835415       -87.889519336605645     
  0.99999997192951173       -87.889516869503922       -87.889519336605645     
  0.99999999114033045       -87.889518557933542       -87.889519336605645     
  0.99999999719886234       -87.889519090415007       -87.889519336605645     
  0.99999999911421944       -87.889519258754817       -87.889519336605645     
  0.99999999971989217       -87.889519311987101       -87.889519336605645     
  0.99999999991142219       -87.889519328820583       -87.889519336605645     
  0.99999999997198918       -87.889519334143785       -87.889519336605645     
  0.99999999999114209       -87.889519335827131       -87.889519336605645     
  0.99999999999719891       -87.889519336359456       -87.889519336605645     
 comp:           2
   1.0000005954336435       -28.836162633407870       -28.836145463396711     
   1.0000001846452728       -28.836150787854656       -28.836145463396711     
   1.0000000582781496       -28.836147143913912       -28.836145463396711     
   1.0000000184256441       -28.836145994721264       -28.836145463396711     
   1.0000000058265888       -28.836145631413075       -28.836145463396711     
   1.0000000018425257       -28.836145516528049       -28.836145463396711     
   1.0000000005826577       -28.836145480198311       -28.836145463396711     
   1.0000000001842526       -28.836145468709844       -28.836145463396711     
   1.0000000000582658       -28.836145465076871       -28.836145463396711     
   1.0000000000184253       -28.836145463928023       -28.836145463396711     
 comp:           3
   1.0000000000000000       -60.412168956312712       -60.412168956312712     
   1.0000000000000000       -60.412168956312712       -60.412168956312712     
   1.0000000000000000       -60.412168956312712       -60.412168956312712     
   1.0000000000000000       -60.412168956312712       -60.412168956312712     
   1.0000000000000000       -60.412168956312712       -60.412168956312712     
   1.0000000000000000       -60.412168956312712       -60.412168956312712     
   1.0000000000000000       -60.412168956312712       -60.412168956312712     
   1.0000000000000000       -60.412168956312712       -60.412168956312712     
   1.0000000000000000       -60.412168956312712       -60.412168956312712     
   1.0000000000000000       -60.412168956312712       -60.412168956312712     
 
 part:           5
 comp:           0
   1.0000000390603478        234.41537045572537        234.41536129937981     
   1.0000000121126971        234.41536413878205        234.41536129937981     
   1.0000000038230363        234.41536219555823        234.41536129937981     
   1.0000000012087189        234.41536158272208        234.41536129937981     
   1.0000000003822231        234.41536138897879        234.41536129937981     
   1.0000000001208693        234.41536132771344        234.41536129937981     
   1.0000000000382223        234.41536130833970        234.41536129937981     
   1.0000000000120870        234.41536130221317        234.41536129937981     
   1.0000000000038223        234.41536130027580        234.41536129937981     
   1.0000000000012086        234.41536129966315        234.41536129937981     
 comp:           1
   1.0000000627693515        217.42745388100795        217.42744023322854     
   1.0000000194649126        217.42744446543466        217.42744023322854     
   1.0000000061435588        217.42744156900679        217.42744023322854     
   1.0000000019423922        217.42744065555792        217.42744023322854     
   1.0000000006142267        217.42744036677826        217.42744023322854     
   1.0000000001942351        217.42744027546058        217.42744023322854     
   1.0000000000614224        217.42744024658347        217.42744023322854     
   1.0000000000194236        217.42744023745175        217.42744023322854     
   1.0000000000061424        217.42744023456405        217.42744023322854     
   1.0000000000019424        217.42744023365086        217.42744023322854     
 comp:           2
  0.99999894330409456        27.874035982854600        27.874065437265415     
  0.99999967231629860        27.874056303388478        27.874065437265415     
  0.99999989657574495        27.874062554410962        27.874065437265415     
  0.99999996730063478        27.874064525801170        27.874065437265415     
  0.99999998965975057        27.874065149040625        27.874065437265415     
  0.99999999673013229        27.874065346120908        27.874065437265415     
  0.99999999896597713        27.874065408442995        27.874065437265415     
  0.99999999967301334        27.874065428150967        27.874065437265415     
  0.99999999989659771        27.874065434383173        27.874065437265415     
  0.99999999996730127        27.874065436353970        27.874065437265415     
 comp:           3
   1.0000000000000000        83.059655204820430        83.059655204820430     
   1.0000000000000000        83.059655204820430        83.059655204820430     
   1.0000000000000000        83.059655204820430        83.059655204820430     
   1.0000000000000000        83.059655204820430        83.059655204820430     
   1.0000000000000000        83.059655204820430        83.059655204820430     
   1.0000000000000000        83.059655204820430        83.059655204820430     
   1.0000000000000000        83.059655204820430        83.059655204820430     
   1.0000000000000000        83.059655204820430        83.059655204820430     
   1.0000000000000000        83.059655204820430        83.059655204820430     
   1.0000000000000000        83.059655204820430        83.059655204820430     
 
 part:           6
 comp:           0
   1.0484750508067944        1.7553090867730974E-004   1.6741543686923206E-004
   1.0046463315244252        1.6819330449123298E-004   1.6741543686923206E-004
   1.0004627121469754        1.6749290202546264E-004   1.6741543686923206E-004
   1.0000462520912823        1.6742318018330021E-004   1.6741543686923206E-004
   1.0000046250179810        1.6741621116863790E-004   1.6741543686923206E-004
   1.0000004624998866        1.6741551429885263E-004   1.6741543686923206E-004
   1.0000000462499701        1.6741544461219100E-004   1.6741543686923206E-004
   1.0000000046249973        1.6741543764352799E-004   1.6741543686923206E-004
   1.0000000004624994        1.6741543694666157E-004   1.6741543686923206E-004
   1.0000000000462497        1.6741543687697497E-004   1.6741543686923206E-004
 comp:           1
  -3.2166825308421013E-005  -0.0000000000000000     
  -9.9750027153476630E-006  -0.0000000000000000     
  -3.1483324357389554E-006  -0.0000000000000000     
  -9.9539970199116313E-007  -0.0000000000000000     
  -3.1476700393951908E-007  -0.0000000000000000     
  -9.9537876106917383E-008  -0.0000000000000000     
  -3.1476634167157486E-008  -0.0000000000000000     
  -9.9537855387287721E-009  -0.0000000000000000     
  -3.1476633075381471E-009  -0.0000000000000000     
  -9.9537859075624166E-010  -0.0000000000000000     
 comp:           2
   6.9421908053570621E-005   0.0000000000000000     
   2.1527885164275013E-005   0.0000000000000000     
   6.7946787654772297E-006   0.0000000000000000     
   2.1482551021313136E-006   0.0000000000000000     
   6.7932491926912627E-007   0.0000000000000000     
   2.1482099077813286E-007   0.0000000000000000     
   6.7932348997345000E-008   0.0000000000000000     
   2.1482094606137234E-008   0.0000000000000000     
   6.7932346641092151E-009   0.0000000000000000     
   2.1482095402147874E-009   0.0000000000000000     
 comp:           3
  0.94362760268681334       -1.5797782734567898E-004  -1.6741543686923206E-004
  0.99459987423446639       -1.6651137245504645E-004  -1.6741543686923206E-004
  0.99946225004050804       -1.6732540922483730E-004  -1.6741543686923206E-004
  0.99994624752667249       -1.6740643787542712E-004  -1.6741543686923206E-004
  0.99999462497779124       -1.6741453700754079E-004  -1.6741543686923206E-004
  0.99999946250003025       -1.6741534688343980E-004  -1.6741543686923206E-004
  0.99999994625002619       -1.6741542787065671E-004  -1.6741543686923206E-004
  0.99999999462500344       -1.6741543596937466E-004  -1.6741543686923206E-004
  0.99999999946249996       -1.6741543677924626E-004  -1.6741543686923206E-004
  0.99999999994624988       -1.6741543686023345E-004  -1.6741543686923206E-004
 
 part: i_fks+j_fks
 comp:           0
   1.0000000269842408        276.25034228527932        276.25033483087373     
   1.0000000025873979        276.25033554564322        276.25033483087373     
   1.0000000002576792        276.25033490205772        276.25033483087373     
   1.0000000000257576        276.25033483798927        276.25033483087373     
   1.0000000000025755        276.25033483158523        276.25033483087373     
   1.0000000000002576        276.25033483094489        276.25033483087373     
   1.0000000000000258        276.25033483088083        276.25033483087373     
   1.0000000000000027        276.25033483087446        276.25033483087373     
   1.0000000000000002        276.25033483087378        276.25033483087373     
   1.0000000000000000        276.25033483087373        276.25033483087373     
 comp:           1
  -3.2166825308421013E-005   0.0000000000000000     
  -9.9750027153476630E-006   0.0000000000000000     
  -3.1483324357389554E-006   0.0000000000000000     
  -9.9539970199116313E-007   0.0000000000000000     
  -3.1476700393951908E-007   0.0000000000000000     
  -9.9537876106917383E-008   0.0000000000000000     
  -3.1476634167157486E-008   0.0000000000000000     
  -9.9537855387287721E-009   0.0000000000000000     
  -3.1476633075381471E-009   0.0000000000000000     
  -9.9537859075624166E-010   0.0000000000000000     
 comp:           2
   6.9421908053570621E-005   0.0000000000000000     
   2.1527885164275013E-005   0.0000000000000000     
   6.7946787654772297E-006   0.0000000000000000     
   2.1482551021313136E-006   0.0000000000000000     
   6.7932491926912627E-007   0.0000000000000000     
   2.1482099077813286E-007   0.0000000000000000     
   6.7932348997345000E-008   0.0000000000000000     
   2.1482094606137234E-008   0.0000000000000000     
   6.7932346641092151E-009   0.0000000000000000     
   2.1482095402147874E-009   0.0000000000000000     
 comp:           3
  0.99999996344375208       -276.25032473219801       -276.25033483087373     
  0.99999999649896343       -276.25033386371121       -276.25033483087373     
  0.99999999965137110       -276.25033473456489       -276.25033483087373     
  0.99999999996515199       -276.25033482124695       -276.25033483087373     
  0.99999999999651534       -276.25033482991108       -276.25033483087373     
  0.99999999999965161       -276.25033483077749       -276.25033483087373     
  0.99999999999996525       -276.25033483086412       -276.25033483087373     
  0.99999999999999645       -276.25033483087276       -276.25033483087373     
  0.99999999999999978       -276.25033483087367       -276.25033483087373     
   1.0000000000000000       -276.25033483087373       -276.25033483087373     
     
 Collinear #          52
 
 part:           1
 comp:           0
   1.0000000163538729        276.25000451775747        276.25000000000006     
   1.0000000015670243        276.25000043289049        276.25000000000006     
   1.0000000001560498        276.25000004310880        276.25000000000006     
   1.0000000000155984        276.25000000430913        276.25000000000006     
   1.0000000000015596        276.25000000043093        276.25000000000006     
   1.0000000000001559        276.25000000004309        276.25000000000006     
   1.0000000000000155        276.25000000000432        276.25000000000006     
   1.0000000000000013        276.25000000000045        276.25000000000006     
   1.0000000000000000        276.25000000000006        276.25000000000006     
   1.0000000000000000        276.25000000000006        276.25000000000006     
 comp:           1
   0.0000000000000000        0.0000000000000000     
   0.0000000000000000        0.0000000000000000     
   0.0000000000000000        0.0000000000000000     
   0.0000000000000000        0.0000000000000000     
   0.0000000000000000        0.0000000000000000     
   0.0000000000000000        0.0000000000000000     
   0.0000000000000000        0.0000000000000000     
   0.0000000000000000        0.0000000000000000     
   0.0000000000000000        0.0000000000000000     
   0.0000000000000000        0.0000000000000000     
 comp:           2
   0.0000000000000000        0.0000000000000000     
   0.0000000000000000        0.0000000000000000     
   0.0000000000000000        0.0000000000000000     
   0.0000000000000000        0.0000000000000000     
   0.0000000000000000        0.0000000000000000     
   0.0000000000000000        0.0000000000000000     
   0.0000000000000000        0.0000000000000000     
   0.0000000000000000        0.0000000000000000     
   0.0000000000000000        0.0000000000000000     
   0.0000000000000000        0.0000000000000000     
 comp:           3
   1.0000000163538729        276.25000451775747        276.25000000000006     
   1.0000000015670243        276.25000043289049        276.25000000000006     
   1.0000000001560498        276.25000004310880        276.25000000000006     
   1.0000000000155984        276.25000000430913        276.25000000000006     
   1.0000000000015596        276.25000000043093        276.25000000000006     
   1.0000000000001559        276.25000000004309        276.25000000000006     
   1.0000000000000155        276.25000000000432        276.25000000000006     
   1.0000000000000013        276.25000000000045        276.25000000000006     
   1.0000000000000000        276.25000000000006        276.25000000000006     
   1.0000000000000000        276.25000000000006        276.25000000000006     
 
 part:           2
 comp:           0
  0.99999999876819290        276.25008583740498        276.25008617769180     
  0.99999999988242505        276.25008614521170        276.25008617769180     
  0.99999999998829547        276.25008617445843        276.25008617769180     
  0.99999999999883005        276.25008617736859        276.25008617769180     
  0.99999999999988287        276.25008617765945        276.25008617769180     
  0.99999999999998812        276.25008617768850        276.25008617769180     
  0.99999999999999878        276.25008617769146        276.25008617769180     
  0.99999999999999956        276.25008617769168        276.25008617769180     
  0.99999999999999956        276.25008617769168        276.25008617769180     
   1.0000000000000000        276.25008617769180        276.25008617769180     
 comp:           1
   0.0000000000000000        0.0000000000000000     
   0.0000000000000000        0.0000000000000000     
   0.0000000000000000        0.0000000000000000     
   0.0000000000000000        0.0000000000000000     
   0.0000000000000000        0.0000000000000000     
   0.0000000000000000        0.0000000000000000     
   0.0000000000000000        0.0000000000000000     
   0.0000000000000000        0.0000000000000000     
   0.0000000000000000        0.0000000000000000     
   0.0000000000000000        0.0000000000000000     
 comp:           2
   0.0000000000000000        0.0000000000000000     
   0.0000000000000000        0.0000000000000000     
   0.0000000000000000        0.0000000000000000     
   0.0000000000000000        0.0000000000000000     
   0.0000000000000000        0.0000000000000000     
   0.0000000000000000        0.0000000000000000     
   0.0000000000000000        0.0000000000000000     
   0.0000000000000000        0.0000000000000000     
   0.0000000000000000        0.0000000000000000     
   0.0000000000000000        0.0000000000000000     
 comp:           3
  0.99999999876819290       -276.25008583740498       -276.25008617769180     
  0.99999999988242505       -276.25008614521170       -276.25008617769180     
  0.99999999998829547       -276.25008617445843       -276.25008617769180     
  0.99999999999883005       -276.25008617736859       -276.25008617769180     
  0.99999999999988287       -276.25008617765945       -276.25008617769180     
  0.99999999999998812       -276.25008617768850       -276.25008617769180     
  0.99999999999999878       -276.25008617769146       -276.25008617769180     
  0.99999999999999956       -276.25008617769168       -276.25008617769180     
  0.99999999999999956       -276.25008617769168       -276.25008617769180     
   1.0000000000000000       -276.25008617769180       -276.25008617769180     
 
 part:           3
 comp:           0
   1.0000000073459114        195.30035724107998        195.30035580642087     
   1.0000000022779827        195.30035625131168        195.30035580642087     
   1.0000000007189818        195.30035594683827        195.30035580642087     
   1.0000000002273186        195.30035585081626        195.30035580642087     
   1.0000000000718832        195.30035582045966        195.30035580642087     
   1.0000000000227314        195.30035581086031        195.30035580642087     
   1.0000000000071882        195.30035580782473        195.30035580642087     
   1.0000000000022731        195.30035580686481        195.30035580642087     
   1.0000000000007188        195.30035580656124        195.30035580642087     
   1.0000000000002274        195.30035580646526        195.30035580642087     
 comp:           1
  0.99999974783567414        49.208845638358071        49.208858047076589     
  0.99999992180329200        49.208854199105886        49.208858047076589     
  0.99999997531938201        49.208856832571563        49.208858047076589     
  0.99999999219679614        49.208857663089837        49.208858047076589     
  0.99999999753245739        49.208857925651635        49.208858047076589     
  0.99999999921969607        49.208858008678725        49.208858047076589     
  0.99999999975324627        49.208858034934117        49.208858047076589     
  0.99999999992196964        49.208858043236802        49.208858047076589     
  0.99999999997532463        49.208858045862343        49.208858047076589     
  0.99999999999219702        49.208858046692612        49.208858047076589     
 comp:           2
   1.0000000447287596        141.12329099441257        141.12328468214309     
   1.0000000138704861        141.12328663959164        141.12328468214309     
   1.0000000043778334        141.12328529995733        141.12328468214309     
   1.0000000013841277        141.12328487747575        141.12328468214309     
   1.0000000004376912        141.12328474391151        141.12328468214309     
   1.0000000001384097        141.12328470167594        141.12328468214309     
   1.0000000000437690        141.12328468831993        141.12328468214309     
   1.0000000000138409        141.12328468409638        141.12328468214309     
   1.0000000000043769        141.12328468276078        141.12328468214309     
   1.0000000000013842        141.12328468233844        141.12328468214309     
 comp:           3
   1.0000000000000000       -13.414014624266727       -13.414014624266727     
   1.0000000000000000       -13.414014624266727       -13.414014624266727     
   1.0000000000000000       -13.414014624266727       -13.414014624266727     
   1.0000000000000000       -13.414014624266727       -13.414014624266727     
   1.0000000000000000       -13.414014624266727       -13.414014624266727     
   1.0000000000000000       -13.414014624266727       -13.414014624266727     
   1.0000000000000000       -13.414014624266727       -13.414014624266727     
   1.0000000000000000       -13.414014624266727       -13.414014624266727     
   1.0000000000000000       -13.414014624266727       -13.414014624266727     
   1.0000000000000000       -13.414014624266727       -13.414014624266727     
 
 part:           4
 comp:           0
   1.0000000173542429        133.36720972846629        133.36720741397937     
   1.0000000053815881        133.36720813170675        133.36720741397937     
   1.0000000016985486        133.36720764051006        133.36720741397937     
   1.0000000005370255        133.36720748560097        133.36720741397937     
   1.0000000001698190        133.36720743662767        133.36720741397937     
   1.0000000000537015        133.36720742114139        133.36720741397937     
   1.0000000000169817        133.36720741624418        133.36720741397937     
   1.0000000000053701        133.36720741469557        133.36720741397937     
   1.0000000000016982        133.36720741420586        133.36720741397937     
   1.0000000000005371        133.36720741405099        133.36720741397937     
 comp:           1
   1.0000008623374546       -9.8264372075352622       -9.8264287338377194     
   1.0000002674127262       -9.8264313615498153       -9.8264287338377194     
   1.0000000844013963       -9.8264295632020264       -9.8264287338377194     
   1.0000000266849598       -9.8264289960555757       -9.8264287338377194     
   1.0000000084383640       -9.8264288167567013       -9.8264287338377194     
   1.0000000026684397       -9.8264287600589526       -9.8264287338377194     
   1.0000000008438346       -9.8264287421296004       -9.8264287338377194     
   1.0000000002668439       -9.8264287364598424       -9.8264287338377194     
   1.0000000000843834       -9.8264287346669068       -9.8264287338377194     
   1.0000000000266844       -9.8264287340999310       -9.8264287338377194     
 comp:           2
   1.0000000824307236        52.292870247701764        52.292865937162986     
   1.0000000255619472        52.292867273870471        52.292865937162986     
   1.0000000080679183        52.292866359057562        52.292865937162986     
   1.0000000025508118        52.292866070552243        52.292865937162986     
   1.0000000008066221        52.292865979343567        52.292865937162986     
   1.0000000002550757        52.292865950501628        52.292865937162986     
   1.0000000000806621        52.292865941381038        52.292865937162986     
   1.0000000000255076        52.292865938496853        52.292865937162986     
   1.0000000000080662        52.292865937584793        52.292865937162986     
   1.0000000000025506        52.292865937296369        52.292865937162986     
 comp:           3
   1.0000000000000000       -92.133020841876032       -92.133020841876032     
   1.0000000000000000       -92.133020841876032       -92.133020841876032     
   1.0000000000000000       -92.133020841876032       -92.133020841876032     
   1.0000000000000000       -92.133020841876032       -92.133020841876032     
   1.0000000000000000       -92.133020841876032       -92.133020841876032     
   1.0000000000000000       -92.133020841876032       -92.133020841876032     
   1.0000000000000000       -92.133020841876032       -92.133020841876032     
   1.0000000000000000       -92.133020841876032       -92.133020841876032     
   1.0000000000000000       -92.133020841876032       -92.133020841876032     
   1.0000000000000000       -92.133020841876032       -92.133020841876032     
 
 part:           5
 comp:           0
  0.99999998325021788        223.83243303045526        223.83243677959982     
  0.99999999480585533        223.83243561698177        223.83243677959982     
  0.99999999836061260        223.83243641265173        223.83243677959982     
  0.99999999948167928        223.83243666358283        223.83243677959982     
  0.99999999983609578        223.83243674291273        223.83243677959982     
  0.99999999994816902        223.83243676799836        223.83243677959982     
  0.99999999998360956        223.83243677593111        223.83243677959982     
  0.99999999999481692        223.83243677843967        223.83243677959982     
  0.99999999999836098        223.83243677923295        223.83243677959982     
  0.99999999999948164        223.83243677948380        223.83243677959982     
 comp:           1
   1.0000003611140729       -39.382443534788315       -39.382429313238866     
   1.0000001119822632       -39.382433723372436       -39.382429313238866     
   1.0000000353440899       -39.382430705174990       -39.382429313238866     
   1.0000000111746448       -39.382429753323521       -39.382429313238866     
   1.0000000035336654       -39.382429452403194       -39.382429313238866     
   1.0000000011174410       -39.382429357246409       -39.382429313238866     
   1.0000000003533658       -39.382429327155272       -39.382429313238866     
   1.0000000001117442       -39.382429317639620       -39.382429313238866     
   1.0000000000353366       -39.382429314630507       -39.382429313238866     
   1.0000000000111744       -39.382429313678941       -39.382429313238866     
 comp:           2
  0.99999996259645385       -193.41614338485616       -193.41615061930608     
  0.99999998840107862       -193.41614837588736       -193.41615061930608     
  0.99999999633912284       -193.41614991123330       -193.41615061930608     
  0.99999999884255042       -193.41615039543663       -193.41615061930608     
  0.99999999963398933       -193.41615054851371       -193.41615061930608     
  0.99999999988425747       -193.41615059691961       -193.41615061930608     
  0.99999999996339906       -193.41615061222686       -193.41615061930608     
  0.99999999998842581       -193.41615061706744       -193.41615061930608     
  0.99999999999633982       -193.41615061859815       -193.41615061930608     
  0.99999999999884248       -193.41615061908220       -193.41615061930608     
 comp:           3
   1.0000000000000000        105.54703546614276        105.54703546614276     
   1.0000000000000000        105.54703546614276        105.54703546614276     
   1.0000000000000000        105.54703546614276        105.54703546614276     
   1.0000000000000000        105.54703546614276        105.54703546614276     
   1.0000000000000000        105.54703546614276        105.54703546614276     
   1.0000000000000000        105.54703546614276        105.54703546614276     
   1.0000000000000000        105.54703546614276        105.54703546614276     
   1.0000000000000000        105.54703546614276        105.54703546614276     
   1.0000000000000000        105.54703546614276        105.54703546614276     
   1.0000000000000000        105.54703546614276        105.54703546614276     
 
 part:           6
 comp:           0
   1.0484750665716260        9.0355161069929514E-005   8.6177691726498440E-005
   1.0046463331049944        8.6578101988479263E-005   8.6177691726498440E-005
   1.0004627123050387        8.6217567204880128E-005   8.6177691726498440E-005
   1.0000462521070885        8.6181677626324810E-005   8.6177691726498440E-005
   1.0000046250195616        8.6178090300008452E-005   8.6177691726498440E-005
   1.0000004625000445        8.6177731583684690E-005   8.6177691726498440E-005
   1.0000000462499856        8.6177695712215442E-005   8.6177691726498440E-005
   1.0000000046249984        8.6177692125070132E-005   8.6177691726498440E-005
   1.0000000004624996        8.6177691766355582E-005   8.6177691726498440E-005
   1.0000000000462497        8.6177691730484130E-005   8.6177691726498440E-005
 comp:           1
   3.5103965511476772E-005   0.0000000000000000     
   1.0885816371234439E-005   0.0000000000000000     
   3.4358054599229654E-006   0.0000000000000000     
   1.0862892661186317E-006   0.0000000000000000     
   3.4350825806551140E-007   0.0000000000000000     
   1.0862664130964194E-007   0.0000000000000000     
   3.4350753532636683E-008   0.0000000000000000     
   1.0862661869811816E-008   0.0000000000000000     
   3.4350752341171266E-009   0.0000000000000000     
   1.0862662272323527E-009   0.0000000000000000     
 comp:           2
  -1.7857258173865789E-005  -0.0000000000000000     
  -5.5375747594919073E-006  -0.0000000000000000     
  -1.7477816035616596E-006  -0.0000000000000000     
  -5.5259135524838743E-007  -0.0000000000000000     
  -1.7474138775362244E-007  -0.0000000000000000     
  -5.5257973000002156E-008  -0.0000000000000000     
  -1.7474102009887721E-008  -0.0000000000000000     
  -5.5257961497603150E-009  -0.0000000000000000     
  -1.7474101403793643E-009  -0.0000000000000000     
  -5.5257963545165426E-010  -0.0000000000000000     
 comp:           3
  0.94362758923519374       -8.1319647489729420E-005  -8.6177691726498440E-005
  0.99459987287548235       -8.5712321235877859E-005  -8.6177691726498440E-005
  0.99946224990450971       -8.6131349664543379E-005  -8.6177691726498440E-005
  0.99994624751307148       -8.6173059461250380E-005  -8.6177691726498440E-005
  0.99999462497643121       -8.6177228519374307E-005  -8.6177691726498440E-005
  0.99999946249989380       -8.6177645405979987E-005  -8.6177691726498440E-005
  0.99999994625001198       -8.6177687094448542E-005  -8.6177691726498440E-005
  0.99999999462500144       -8.6177691263293472E-005  -8.6177691726498440E-005
  0.99999999946249984       -8.6177691680177921E-005  -8.6177691726498440E-005
  0.99999999994624966       -8.6177691721866362E-005  -8.6177691726498440E-005
 
 part: i_fks+j_fks
 comp:           0
   1.0000000138902450        276.25017619256607        276.25017235538354     
   1.0000000013318731        276.25017272331371        276.25017235538354     
   1.0000000001326410        276.25017239202566        276.25017235538354     
   1.0000000000132585        276.25017235904619        276.25017235538354     
   1.0000000000013258        276.25017235574978        276.25017235538354     
   1.0000000000001323        276.25017235542009        276.25017235538354     
   1.0000000000000131        276.25017235538718        276.25017235538354     
   1.0000000000000011        276.25017235538382        276.25017235538354     
  0.99999999999999956        276.25017235538343        276.25017235538354     
   1.0000000000000000        276.25017235538354        276.25017235538354     
 comp:           1
   3.5103965511476772E-005   0.0000000000000000     
   1.0885816371234439E-005   0.0000000000000000     
   3.4358054599229654E-006   0.0000000000000000     
   1.0862892661186317E-006   0.0000000000000000     
   3.4350825806551140E-007   0.0000000000000000     
   1.0862664130964194E-007   0.0000000000000000     
   3.4350753532636683E-008   0.0000000000000000     
   1.0862661869811816E-008   0.0000000000000000     
   3.4350752341171266E-009   0.0000000000000000     
   1.0862662272323527E-009   0.0000000000000000     
 comp:           2
  -1.7857258173865789E-005   0.0000000000000000     
  -5.5375747594919073E-006   0.0000000000000000     
  -1.7477816035616596E-006   0.0000000000000000     
  -5.5259135524838743E-007   0.0000000000000000     
  -1.7474138775362244E-007   0.0000000000000000     
  -5.5257973000002156E-008   0.0000000000000000     
  -1.7474102009887721E-008   0.0000000000000000     
  -5.5257961497603150E-009   0.0000000000000000     
  -1.7474101403793643E-009   0.0000000000000000     
  -5.5257963545165426E-010   0.0000000000000000     
 comp:           3
  0.99999998118252376       -276.25016715705249       -276.25017235538354     
  0.99999999819782692       -276.25017185753291       -276.25017235538354     
  0.99999999982054155       -276.25017230580812       -276.25017235538354     
  0.99999999998206157       -276.25017235042804       -276.25017235538354     
  0.99999999999820610       -276.25017235488798       -276.25017235538354     
  0.99999999999982037       -276.25017235533392       -276.25017235538354     
  0.99999999999998190       -276.25017235537854       -276.25017235538354     
  0.99999999999999789       -276.25017235538297       -276.25017235538354     
  0.99999999999999933       -276.25017235538337       -276.25017235538354     
   1.0000000000000000       -276.25017235538354       -276.25017235538354     
