     
 Collinear #           6
 ME*wgt:
   0.0000000000000000        0.0000000000000000        1.0631542624728044E-022
   0.0000000000000000        0.0000000000000000        1.0631542624728044E-022
   0.0000000000000000        0.0000000000000000        1.0631542624728044E-022
   0.0000000000000000        0.0000000000000000        1.0631542624728044E-022
   0.0000000000000000        0.0000000000000000        1.0631542624728044E-022
   0.0000000000000000        0.0000000000000000        1.0631542624728044E-022
   0.0000000000000000        0.0000000000000000        1.0631542624728044E-022
   0.0000000000000000        0.0000000000000000        1.0631542624728044E-022
   0.0000000000000000        0.0000000000000000        1.0631542624728044E-022
   0.0000000000000000        0.0000000000000000        1.0631542624728044E-022
 wgt:
   1.0000000293772939        3.2001693135467155E-005   3.2001692195344040E-005
   1.0000000028158120        3.2001692285454793E-005   3.2001692195344040E-005
   1.0000000002804170        3.2001692204317859E-005   3.2001692195344040E-005
   1.0000000000280298        3.2001692196241041E-005   3.2001692195344040E-005
   1.0000000000028024        3.2001692195433724E-005   3.2001692195344040E-005
   1.0000000000002800        3.2001692195352998E-005   3.2001692195344040E-005
   1.0000000000000275        3.2001692195344921E-005   3.2001692195344040E-005
   1.0000000000000024        3.2001692195344121E-005   3.2001692195344040E-005
  0.99999999999999978        3.2001692195344033E-005   3.2001692195344040E-005
   1.0000000000000000        3.2001692195344040E-005   3.2001692195344040E-005
     
 Collinear #          52
 ME*wgt:
   0.0000000000000000        0.0000000000000000        9.6054981803150589E-023
   0.0000000000000000        0.0000000000000000        9.6054981803150589E-023
   0.0000000000000000        0.0000000000000000        9.6054981803150589E-023
   0.0000000000000000        0.0000000000000000        9.6054981803150589E-023
   0.0000000000000000        0.0000000000000000        9.6054981803150589E-023
   0.0000000000000000        0.0000000000000000        9.6054981803150589E-023
   0.0000000000000000        0.0000000000000000        9.6054981803150589E-023
   0.0000000000000000        0.0000000000000000        9.6054981803150589E-023
   0.0000000000000000        0.0000000000000000        9.6054981803150589E-023
   0.0000000000000000        0.0000000000000000        9.6054981803150589E-023
 wgt:
   1.0000000151220665        7.9583655749062567E-005   7.9583654545593250E-005
   1.0000000014494494        7.9583654660945734E-005   7.9583654545593250E-005
   1.0000000001443456        7.9583654557080806E-005   7.9583654545593250E-005
   1.0000000000144287        7.9583654546741528E-005   7.9583654545593250E-005
   1.0000000000014428        7.9583654545708080E-005   7.9583654545593250E-005
   1.0000000000001446        7.9583654545604756E-005   7.9583654545593250E-005
   1.0000000000000147        7.9583654545594415E-005   7.9583654545593250E-005
   1.0000000000000016        7.9583654545593372E-005   7.9583654545593250E-005
   1.0000000000000002        7.9583654545593263E-005   7.9583654545593250E-005
   1.0000000000000000        7.9583654545593250E-005   7.9583654545593250E-005
