  0.00000463058715264  0.00000482697331868  0.00000494241802332  0.00000509491561539
  0.00000525797171244  0.00000542728299277  0.00000556926528653  0.00000571688531044
  0.00000589030924918  0.00000608843050822  0.00000627340068977  0.00000643629288708
  0.00000659501606613  0.00000675345425439  0.00000690671534046  0.00000712015120484
  0.00000735241266310  0.00000759549942159  0.00000784322872416  0.00000809128847496
  0.00000833580551629  0.00000859482097052  0.00000886569256255  0.00000913921198597
  0.00000942532342627  0.00000975241686441  0.00001017379608572  0.00001062086689140
  0.00001109124339819  0.00001157156078256  0.00001202238207891  0.00001256266679228
  0.00001315956079070  0.00001380283455081  0.00001452055832829  0.00001522785379976
  0.00001589985985450  0.00001657195976812  0.00001730387506995  0.00001811347281702
  0.00001894280836515  0.00001981346687219  0.00002080320480941  0.00002186184385944
  0.00002293066044481  0.00002408686037113  0.00002539522051908  0.00002687240352200
  0.00002841534425947  0.00003022486214766  0.00003187615996596  0.00003353998341239
  0.00003543625830725  0.00003743712103944  0.00003939648988683  0.00004149287511798
  0.00004372571452994  0.00004610942281990  0.00004865242289585  0.00005139140806013
  0.00005432424704269  0.00005759919509143  0.00006142484147228  0.00006566485705539
  0.00007025197978754  0.00007534665098337  0.00008084077859344  0.00008714433860658
  0.00009439492445176  0.00010254625233583  0.00011141662477487  0.00012088130217145
  0.00013150271822756  0.00014363513304012  0.00015738529610130  0.00017268065905203
  0.00018933119923290  0.00020724698026326  0.00022646712824694  0.00024823753193005
  0.00027356795116665  0.00030242665120584  0.00033504742606242  0.00037491836841234
  0.00042633379840633  0.00048645039312345  0.00054851213473044  0.00061980480745675
  0.00070994045180359  0.00085013820042821  0.00105727879101311  0.00138188062800081
  0.00198332161427757  0.00605132130497806  0.01067593323588832  1.00000000000000000
 -0.00001498076799728  0.00037931801373140  0.00116957595507965  0.00252755725640812
  0.00454812415564188  0.00686096560286643  0.00978740542159441  0.01299559421655728
  0.01650982495084554  0.02040668912844801  0.02484847760142084  0.02979003230863046
  0.03541560178367226  0.04134979523225400  0.04739692700862381  0.05337537598137723
  0.05937311568502307  0.06579187495863552  0.07252965155805961  0.07955166349327711
  0.08685007826743778  0.09448033603710183  0.10198660206293196  0.10954814183215800
  0.11736202273031575  0.12533830880619865  0.13302757102720308  0.14065243299724367
  0.14835117841299814  0.15632678814306927  0.16422324589340126  0.17264745889810232
  0.18097422556527604  0.18983102507735128  0.19925444173353665  0.20859021355827545
  0.21837913323659527  0.22844948466925807  0.23913750323509222  0.25068306328481071
  0.26133322740441306  0.27248572974505453  0.28343669528648502  0.29506084208967914
  0.30656069191907548  0.31925450154800739  0.33172682013101629  0.34462967421503898
  0.35717282933989108  0.36916846878206444  0.38082233432909041  0.39247558155324758
  0.40455431753144533  0.41810774571869286  0.43209229927394394  0.44503626956186210
  0.45752093096574747  0.46982980188339701  0.48232773497529186  0.49548966635310338
  0.50816209124474432  0.52154020926650968  0.53464667855507442  0.54785560104933773
  0.56124864159499455  0.57445661502670065  0.58775121550649601  0.60229274189907644
  0.61563658645477193  0.62907360434158965  0.64208134264872907  0.65495379811954235
  0.66886617777683188  0.68401999428616900  0.69937378721117904  0.71428562190974842
  0.72842573070653704  0.74139482567766801  0.75460287968066952  0.76754781719741660
  0.77993129941019346  0.79267632563406443  0.80511040634650577  0.81738895763062647
  0.83085603948000941  0.84554237197528426  0.86078002882445304  0.87576462039981762
  0.89037659089759391  0.90509399460248896  0.92005458119805528  0.93581078247155536
  0.95195013729850919  0.96808075286800099  0.98410163353782354  1.00000000000000000
 -0.00112080613213811  0.00743544647739748  0.01499288255927816  0.02461451163477812
  0.03572671862387469  0.04777493856232467  0.05932705164509516  0.07146702810579780
  0.08350060158283121  0.09527480207060972  0.10722798253634377  0.11902143959555531
  0.13149553638786468  0.14497123060237849  0.15931441416189626  0.17213734223744573
  0.18330967146154867  0.19411189406138887  0.20578303954797339  0.21664601101445138
  0.22724628347223524  0.23742685695099500  0.24749229465407654  0.25783962983848391
  0.26732435762925000  0.27651381180469675  0.28587564813871291  0.29573615385354746
  0.30621381378246898  0.31674184404025874  0.32637332569358324  0.33577749385933336
  0.34571220286760179  0.35594374434058751  0.36609735996887210  0.37647023161518356
  0.38764874142919886  0.39846199444859737  0.40873330500835658  0.42026570169226557
  0.43413952847540205  0.44672002463710930  0.45679082001431670  0.46686399592307992
  0.47586368160373482  0.48565983526753342  0.49551197918204237  0.50647543535049733
  0.51711823116980793  0.52710186815543758  0.53734968904615998  0.54871004022032133
  0.56141790277043468  0.57561479921223524  0.58996327417458649  0.60379160817154176
  0.61491539038008414  0.62541954966674884  0.63591708794339386  0.64642746591560307
  0.65551983947949888  0.66385451216118374  0.67194353878368196  0.67989966712826277
  0.68830214757635189  0.69831223365138684  0.70879928607136744  0.71953702535772091
  0.72985869493849209  0.73999267325892271  0.75017549253077309  0.76025620138438155
  0.77135955019663904  0.78327992529254242  0.79465536653565183  0.80509813918687012
  0.81550576562037025  0.82739979787662243  0.84058602512695757  0.85216097737547125
  0.86334332449421425  0.87377624696083411  0.88387076587553548  0.89427868902226304
  0.90471981476835794  0.91526221445999612  0.92464910537108946  0.93407512914116841
  0.94346666538318136  0.95284346785082075  0.96115270397924080  0.96793901663092152
  0.97535402183076869  0.98258385840943896  0.99151495060373873  1.00000000000000000
  0.02411755803133995  0.04114535292209830  0.07744519716843860  0.10011075476856082
  0.11508131481222568  0.12794146069729131  0.13839758417186443  0.14824868453562950
  0.15703771077110093  0.16528738006297611  0.17298574177735235  0.18018573407619387
  0.18767452621194874  0.19582837552397611  0.20452524861948576  0.21368301619950392
  0.22254879511165507  0.23185590750898805  0.24080279095671550  0.24968744520713265
  0.25837675693883061  0.26684603027607728  0.27613224908270190  0.28586772206564603
  0.29512769609413592  0.30407228395304087  0.31281365824272866  0.32168880740362177
  0.33069870871550316  0.33958080887781539  0.34864365740759756  0.35758426234614754
  0.36651500952589483  0.37520471024095398  0.38374366176796704  0.39277840034845463
  0.40124912290014036  0.40967092162534241  0.41717472142613959  0.42507687090027702
  0.43287130732631762  0.44214993145951875  0.45169570468738557  0.46145011949381465
  0.47147575887163207  0.48108901612683685  0.49004267253342615  0.49840350066474864
  0.50640073042271827  0.51454858330613884  0.52315569472540147  0.53161019572914558
  0.53991117092195939  0.54809998338736499  0.55669990930336133  0.56587932099566796
  0.57556286849220595  0.58487235010589955  0.59388420930495323  0.60271067330286721
  0.61160427418269370  0.62039010192041311  0.62936922288860575  0.63839652332099650
  0.64682186085728588  0.65430872897843850  0.66110826165662295  0.66855340612470648
  0.67739495739952649  0.68668740886325497  0.69544605388609915  0.70366576739005493
  0.71312647263750384  0.72333918452963020  0.73359145431038442  0.74299561271442227
  0.75257889218811513  0.76365750568887025  0.77456609251845143  0.78737653418902698
  0.80043032767044064  0.81365859788590789  0.82254695717694870  0.83116382928982691
  0.84030092127048772  0.85085999506816457  0.86386965766357793  0.87470999915958780
  0.88491515768166007  0.89518990201032356  0.90794602311671269  0.92140083525517469
  0.93477815257426222  0.94470106572049839  0.95917218027254070  1.00000000000000000
 -0.00205741274588442  0.00961786901883683  0.01916121187032924  0.02889678012793114
  0.03927535224478579  0.04951158255450491  0.05947174804594205  0.06910881435674478
  0.07891530767975076  0.08941585867419904  0.10053527263768906  0.11107167558194612
  0.12135564781770151  0.13199286023191847  0.14310568021895664  0.15370842092688122
  0.16457602827551288  0.17392673522163826  0.18459510167117363  0.19342509958301241
  0.20342313176284363  0.21273109568040180  0.22233081814089320  0.23143631019674615
  0.24058139318813437  0.24959400765986151  0.25996129090294395  0.27079772829327126
  0.28083979443606527  0.29075603006002759  0.30115503133767013  0.31205741860511871
  0.32269189384866626  0.33256857262073597  0.34289241931128206  0.35288124605863191
  0.36258260263030362  0.37203866262331503  0.38149945427777854  0.39214122709670407
  0.40347825745881227  0.41477671926647802  0.42542948086206567  0.43564186744688638
  0.44610174026885885  0.45709170833791163  0.46804668800684102  0.47902199903128112
  0.48989517171283126  0.50024143830748191  0.51024434696793430  0.51983514154196908
  0.52999964257385934  0.54006761605334630  0.54972535493175645  0.56021071910070441
  0.57278867408945644  0.58581069792637985  0.59833455816472580  0.61034280697017373
  0.62159438896630792  0.63169109242673160  0.64081649713690414  0.65036303345858404
  0.66080789287271668  0.67112298687088645  0.68115763465078605  0.69191547734522885
  0.70304913133319691  0.71441150077875104  0.72555843790014285  0.73679831874782520
  0.74829799341717007  0.76010576209577030  0.77222750074704005  0.78509785823778111
  0.79734328323110837  0.80845509939729854  0.81788521090957489  0.82661618573661622
  0.83599689850306480  0.84698337971933224  0.85785552940297560  0.86629944140326942
  0.87493584155478188  0.88467281951993304  0.89564577678313229  0.90718145539688100
  0.91809845509002619  0.92931733192178922  0.94121457653322316  0.95382071102513521
  0.96673005351006769  0.97840985591692553  0.98941418297787065  1.00000000000000000
  0.70942225371167589  0.71028916399512365  0.71189042047138529  0.71379891727397193
  0.71597777154455744  0.71810490399938809  0.72016577830775452  0.72194650939830052
  0.72345531149236075  0.72488004084664737  0.72632556073978549  0.72794984339846847
  0.72996327002699524  0.73206766151553315  0.73417189766734159  0.73620890087392288
  0.73820627062094024  0.73996548085781988  0.74171367199972749  0.74347308742650886
  0.74537927469092424  0.74753590694767935  0.74969453149908805  0.75171905922843740
  0.75373368450130118  0.75574525630318479  0.75792723219783920  0.76006819383470015
  0.76231064534063275  0.76457024076914704  0.76672345394074515  0.76872489443035452
  0.77058708388229902  0.77237822914072907  0.77425226868573493  0.77623490422380981
  0.77861288771379855  0.78117567292252821  0.78380552301513906  0.78607122508919169
  0.78812523025908565  0.79018382469577497  0.79244816769657467  0.79496165740072777
  0.79729223123394510  0.79965656810737240  0.80195093313004118  0.80447502263313975
  0.80677004198669033  0.80899704049517607  0.81117997030165689  0.81351805351362683
  0.81605855924572623  0.81870390612059729  0.82137051580869191  0.82406710971565189
  0.82677923058463998  0.82952022396236780  0.83229148730737657  0.83513815875269815
  0.83806112021475776  0.84096911240487571  0.84393086101451797  0.84704805195938004
  0.85010589860234875  0.85292608863128128  0.85561156987526010  0.85835470136830194
  0.86122221053664150  0.86411729123361325  0.86703667043955512  0.87003691390185323
  0.87303066869040635  0.87616102449306354  0.87941166874988275  0.88279435662639816
  0.88614545542611345  0.88979432680107740  0.89337262888748692  0.89680181317165886
  0.90024125861605275  0.90373193695650922  0.90720955327488106  0.91087091213816962
  0.91506702030572384  0.92034807862632162  0.92595025026194733  0.93141088955146945
  0.93675343966000846  0.94285455467870793  0.94907641302165635  0.95529722085869329
  0.96197908100622442  0.97072859120055344  0.98199225659938716  1.00000000000000000
 -0.01845660808389574  0.13950101146137017  0.18973211227193459  0.22381783177195652
  0.24800244464166671  0.26674646534837670  0.28452364977402028  0.30191590558953957
  0.31852958254406244  0.33318126866379250  0.34709101099199541  0.36009979051231245
  0.37205697258899495  0.38300720184802178  0.39320828913529282  0.40259538930936967
  0.41122805637179982  0.41973278705096750  0.42844113115298327  0.43670284614115018
  0.44515616739140296  0.45338194518780167  0.46099301540196297  0.46817819165273244
  0.47499679893132096  0.48230118252536081  0.48876647094804854  0.49492605703458609
  0.50097604895134273  0.50713628239740749  0.51384753433259422  0.52052895517643316
  0.52884016652420518  0.53693814100955872  0.54446178208167828  0.55151888869776478
  0.55830920506940374  0.56478269636563916  0.57075787619596008  0.57636505268797811
  0.58200181173882026  0.58753230346133933  0.59308138257166365  0.59885139570209311
  0.60448719089067693  0.61000271502217784  0.61552200093289522  0.62123900488311323
  0.62682683053035382  0.63239158938228446  0.63784136271398484  0.64295255124519179
  0.64741729855370145  0.65155826921343285  0.65590241811398853  0.66067888895267535
  0.66599656154956344  0.67182309078221558  0.67720228820923356  0.68242624648319028
  0.68751769142396335  0.69238662047028710  0.69730738137412707  0.70199076655703407
  0.70663282474300249  0.71125605301842765  0.71583594720173627  0.72016769842641060
  0.72498761282810553  0.73011511482930025  0.73578779411848017  0.74126413345626252
  0.74663906593631713  0.75233545940455659  0.75839178795594109  0.76410453052161231
  0.76926806635820821  0.77396327543063548  0.77903048039564604  0.78425897861823535
  0.79038957373051755  0.79724505311140614  0.80425678073478046  0.81144140626863637
  0.81841034893012676  0.82515050256972167  0.83210265139405915  0.83997298166373979
  0.84954401513515065  0.86020463714345252  0.86979215386037878  0.87974244575445770
  0.89081386820548658  0.90588572694680392  0.93088915783424409  1.00000000000000000
   2.3550890945500001E-007   6.0417366666700003E-003
  <DiscreteSampler_grid>
  Helicity
  1 # 1 for a reference and 2 for a running grid.
  80 # Attribute 'min_bin_probing_points' of the grid.
  1 # Attribute 'grid_mode' of the grid. 1=='default',2=='initialization'
  0.0300000000000000 # Attribute 'small_contrib_threshold' of the grid.
  0.3330000000000000 # Attribute 'damping_power' of the grid.
 # binID   n_entries weight   weight_sqr   abs_weight
    1   1335   3.131235041634289E-006   3.383659014996350E-010   3.131235041634289E-006
    2   296   6.639057330878525E-007   1.618566509554419E-011   6.639057330878525E-007
    3   411   1.141919216130133E-006   3.901140097895679E-011   1.141919216130133E-006
    4   1193   2.772776463072976E-006   2.978756277937760E-010   2.772776463072976E-006
    13   1381   3.222802528096958E-006   7.169034849055150E-010   3.222802528096958E-006
    14   505   1.204962809731555E-006   6.356702761557404E-011   1.204962809731555E-006
    15   203   5.990498920231390E-007   1.598825717415013E-011   5.990498920231390E-007
    16   1727   3.584346760212729E-006   4.831221606392066E-010   3.584346760212729E-006
  </DiscreteSampler_grid>
  <DiscreteSampler_grid>
  grouped_processes
  1 # 1 for a reference and 2 for a running grid.
  10 # Attribute 'min_bin_probing_points' of the grid.
  1 # Attribute 'grid_mode' of the grid. 1=='default',2=='initialization'
  0.0300000000000000 # Attribute 'small_contrib_threshold' of the grid.
  0.3330000000000000 # Attribute 'damping_power' of the grid.
 # binID   n_entries weight   weight_sqr   abs_weight
    10   10   4.477575356410000E+001   4.769712478630000E+003   4.477575356410000E+001
    11   10   4.477575356410000E+001   4.769712478630000E+003   4.477575356410000E+001
  </DiscreteSampler_grid>
