   0.0000000000000000        0.0000000000000000        0.0000000000000000        0.0000000000000000        0.0000000000000000        0.0000000000000000        0.0000000000000000        0.0000000000000000        0.0000000000000000        0.0000000000000000     
   3.2910106745827568E-002   1.3405097848380289E-003   1.9679776494291243E-002   1.5697920695520014E-002   1.4367791549848749E-002  0.18404296157448316       0.18187385806644832        7.0004862888509531E-002   1.0547328543555631E-002   1.3585815529515887E-002
  0.93141843042987504        1.7139082447656875       0.87082485350697314       0.94560568372446441        1.0009160318211672        1.2454753501047306       0.81250831817221325       0.84354246597124138        1.0799955338762406        1.0439780619770620     
   6.2380130882816798E-002   2.7057797263196474E-003   3.8759925132880145E-002   3.2036026570581959E-002   2.9123151031975065E-002  0.28403886622897340       0.27962751528544921       0.12378993916484173        2.0663285934983858E-002   2.7035760311065277E-002
  0.99497686720584566        1.8455289601931186       0.90983669955018975        1.1688730112162722       0.89295174727114957        1.9349446871148146       0.99296734531413300       0.98941719534765871        1.4818168750166198       0.88024743491281598     
   8.9178466139236787E-002   4.1118780320973901E-003   5.6502275303588055E-002   4.7892009525414864E-002   4.4742758673024567E-002  0.33618205536501944       0.32458022815657533       0.15985294470427383        3.0608748167613047E-002   4.1587942705374012E-002
  0.98808025503883701        1.3105412157826308       0.98878000729339555       0.95829432028103001        1.1685486273572745        1.2105230615521212        1.0348064821231651       0.86651091564113991        1.2031115692208292        1.2721549714463209     
  0.11187062545231224        5.6280091352385753E-003   7.4323718316210957E-002   6.4173281636763155E-002   6.2075601253469684E-002  0.36730617477499217       0.36110716048466135       0.19080587863556886        4.1806143846479599E-002   5.6097410442029108E-002
   1.0858439517281930        1.3815194929851113       0.81455696260661414        1.1864180114302991        1.3339427157518999        1.2000854517917954        1.1148827654677436       0.99670269116745847        1.1475666844821726       0.98457700407943416     
  0.13267972133562256        7.2693470745389911E-003   9.2914681720071723E-002   7.8096720993773683E-002   7.6517336864740312E-002  0.39431589603017919       0.38869515442506991       0.21210207251225041        5.2890090502082557E-002   7.1014803515578040E-002
   1.0342530100975209        1.3116295561880511       0.99187007331029409       0.81745555485044530       0.86132133247829368        1.0230324110698930       0.85375499996183024        1.0618177483664446        1.3122857853214562        1.1844318752690399     
  0.15203545413512962        9.0146486544702351E-003  0.11091853096107612        9.2399068755328440E-002   9.0579285813334423E-002  0.41335002587177383       0.41408047013609323       0.23126666010907918        6.5707745362643677E-002   8.6684302118305120E-002
   1.0503005241188412        1.6471022084318760        1.1148895671722083       0.99738302316514182       0.99214386012642630       0.99035348048387251       0.98571050571499408        1.0776576546783816        1.5097442762564242        1.0031238608112780     
  0.17062417672026586        1.0901525098691751E-002  0.12921179913801967       0.10621785976962127       0.10442134241984170       0.43136972428219750       0.43594312573264415       0.24714460625756129        7.8067756740682157E-002  0.10190856507432139     
   1.0051322003542451        1.2036660628104878        1.0513215237135651       0.93834520266464327       0.95366330413093892        1.1970643507254359       0.90768786256638667        1.1397375939434831        1.2697877592400018       0.93046631993225404     
  0.18875496349869580        1.3060326587985980E-002  0.14707841879248143       0.12026505271025408       0.11904528545320182       0.44802219389863646       0.45482414850630953       0.26219403125317375        9.0821850670522272E-002  0.11736616106821436     
  0.91443684279331117        1.1585077584508450       0.95730426938293578        1.0185600641544406       0.92620800798044978        1.1367052773265955       0.95436134170275355        1.1629484321004449        1.1312225665719524        1.0713412418127162     
  0.20685164459601674        1.5356909281506405E-002  0.16331384144452032       0.13436371071834360       0.13479091769831095       0.46271329201650352       0.47205836688921249       0.27356222878056785       0.10365228870796467       0.13246779112768178     
   1.0461212891734166        1.0886038144292158        1.0242394953807537       0.89054434265958538       0.94931038306840154       0.99496708760676533       0.99918889631342545        1.0770058195544283        1.1854748216702913        1.0217106232095692     
  0.22344761514471881        1.7997448425507139E-002  0.17935679630298079       0.14930259004427010       0.15104126573703847       0.47679823506174779       0.48830658972704288       0.28653933891110678       0.11640740486043918       0.14708241695709814     
   1.1403970749700996       0.98824798796951918       0.97614894691804666        1.1688126765587896        1.1124483999846244       0.82111929204132372       0.84508969063082195        1.0389745921299074        1.2163450370802757       0.95613983078413067     
  0.23967678929714303        2.0820742118491983E-002  0.19442836000485209       0.16445433884983338       0.16697642940595356       0.49017455150551098       0.50390911432641039       0.29862167200879658       0.12960765622539816       0.16308052034577106     
   1.0184553669768368        1.1212936411933137        1.0968691195378997        1.1596422601754424        1.0549252111038834       0.90863682174452787       0.94843176400298945       0.99504718967892569        1.0109630945585975       0.94580874067970255     
  0.25488603039721841        2.3859329123043230E-002  0.20998807095699776       0.18036915341885137       0.18283454781804112       0.50247804571019716       0.51874734128949995       0.31077170582523872       0.14295064414367387       0.18079393860449100     
   1.1918026929913643        1.2277299899320844        1.2678619935908448        1.0954909817502292       0.97195876833184014       0.97679548176835962       0.88541709769494636        1.0110685159425705       0.93073502925490237        1.0207413382722303     
  0.26961169680469038        2.7157581396861523E-002  0.22584475796763240       0.19718358609268244       0.19764261288768797       0.51414528855967934       0.53169526616328378       0.32292449600485640       0.15683946360398460       0.19763653626326136     
  0.92699994439395084       0.98459575021664092       0.94492755206513479        1.1787929527847620        1.1409535143443239       0.81470678952737285        1.0695302892807987       0.87929906150527148        1.0712048922786492        1.0730770745346523     
  0.28479327522980508        3.0734272001472124E-002  0.24187874656113340       0.21293686816081314       0.21242253332419297       0.52561142000098393       0.54334586427331677       0.33555607229943807       0.17113974558723208       0.21314709885504610     
  0.93542260188302018       0.99526895891288736        1.0041802801084421       0.87760059348677200        1.0149193747364633       0.90633031418690035       0.94784112240772445        1.3111588985475766        1.2417988974736551       0.82592905537428829     
  0.30005835954319354        3.4659505740396224E-002  0.25821810279158774       0.22818384858440957       0.22767018211990786       0.53703420686674763       0.55476075310383721       0.34777717282545156       0.18549977631413134       0.22848743121512199     
   1.2076509747852910       0.90088328850739763        1.0726379524909997        1.0818353001727270       0.91150571537092051       0.96909722266846032        1.0057204283949661        1.0066896353319044        1.1411842676856614       0.93992926452573833     
  0.31494659144661385        3.8856620128718489E-002  0.27427612123134060       0.24282480838975015       0.24370110240313980       0.54812570806779903       0.56629398949929299       0.36030195522084557       0.19998695088820129       0.24349391711433746     
  0.89252727561191525        1.0466447720715153        1.2846851751116994       0.94552471341382138        1.1613943001233473       0.98934021698233621       0.98325553767542462        1.0687363006182804       0.92870340438219834       0.87495930961631740     
  0.33008130108920380        4.3399390118819894E-002  0.29003738302309112       0.25647730654704243       0.25967472626808763       0.55875592163396082       0.57727632970733656       0.37283182342208232       0.21443053953866120       0.26034954416032946     
   1.0128607099249709       0.96475534207968205       0.94116360423899481       0.95992082942490953       0.96394321900787472       0.99335422768645276        1.1846054534253907       0.96608963429115557        1.0065919959999776       0.99420334606458693     
  0.34478040993000647        4.8185601835099207E-002  0.30609731663132100       0.27158635915807444       0.27535928577196866       0.56883695352598829       0.58745464294247407       0.38474995022438202       0.22949213126921791       0.27775629776597310     
  0.88952429536858879       0.96469346276255274       0.99851284934313511       0.94648811853697012        1.0156719759877901       0.84189186962187201       0.88013064175240574        1.0727799385830599       0.88426853179684306        1.0005549062658072     
  0.35884582849440100        5.3259252846570897E-002  0.32278185116963115       0.28672453804436265       0.28975473300776511       0.57889394821734286       0.59736193547663563       0.39641990513059477       0.24430701162013335       0.29473817170732225     
  0.96953610469699791       0.83459127325663252        1.0908189405181379       0.98421603398329360        1.0688846727311376       0.90352059035112886        1.0740937118168676       0.96206768541641041        1.0064948621916114        1.1451863849634898     
  0.37319118069792306        5.8649006929079636E-002  0.34029263217159839       0.30147893777269447       0.30346326680784030       0.58884986467237133       0.60670934602425963       0.40863981603360144       0.25966435551133066       0.31167366387259543     
  0.95854598566392812       0.98340750828565682        1.2352439910529942       0.99306919834660667       0.92367508613664617       0.92338011177641177       0.97675479354969630       0.92880147305294514        1.0463803957849769        1.0073575897916951     
  0.38752186098847347        6.4454444965149293E-002  0.35772590846762975       0.31623223930880390       0.31946801730110369       0.59882757864841873       0.61557506068179990       0.42151490211501397       0.27538067269527838       0.32956496683795744     
  0.89058602074808413       0.91845271021280372        1.1316646703094937       0.82653168468583282        1.1705183094463700       0.94183786634960454        1.1465820035252015       0.95095556585300223        1.0737564529600561       0.98657029664736751     
  0.40146641232368507        7.0742537852793996E-002  0.37409723423525348       0.33142780646249942       0.33629148722333535       0.60876074370810185       0.62393679109658173       0.43439216153572935       0.29194022017922971       0.34731820104179928     
  0.89571131826528261        1.0125906938814231        1.0756761416167264        1.0498886096685029       0.94968322627691681       0.89951528195503816        1.1325759641594821        1.0729375289569758       0.98231036725497611        1.2196792552022695     
  0.41553820288209720        7.7455761057588557E-002  0.38972204304060426       0.34684105094203915       0.35205243156475347       0.61851151526064829       0.63232387283087066       0.44808795794919593       0.30864569066532527       0.36454308332397045     
  0.89280008370912545        1.0318852590760903        1.0104476916677678       0.93697831997279180       0.93979223527425781       0.85542105751979336       0.99622477058290859        1.1452742208496172       0.88747838361772435        1.0923052971914144     
  0.42973179567586300        8.4667042212742308E-002  0.40385871916621641       0.36325336377567424       0.36768311302956236       0.62793770578379893       0.64081668995569474       0.46216428683872063       0.32514054390224723       0.38078750725934413     
  0.95380120842155802        1.0994301439907175       0.89901338525127505       0.97615575645853647       0.88538909378402997       0.89521890228574053        1.1374875915034621        1.0853092602965897        1.0112699481164980        1.0648637229639879     
  0.44362104716130774        9.2385824512199302E-002  0.41773360876832694       0.38040196206745586       0.38219086558280996       0.63709598190209105       0.64867287173197818       0.47661864659717734       0.34075398972157811       0.39502751796473906     
   1.0308777538191018        1.1359165872043626        1.0465808714421156       0.95430583215082210       0.92403912824818923       0.93656183103274648        1.2005889297721937        1.0201680550306407        1.0025078624572807        1.1600559984810446     
  0.45691224883852488       0.10035008245611010       0.43216479425496307       0.39752605659000950       0.39654990523336586       0.64577738001623031       0.65552556689893082       0.49111539763244200       0.35670470705845675       0.40732934959323897     
  0.89760267887141199       0.92904691762754954        1.1213376582945505       0.82983253410870017        1.0896484453465893       0.94741712143174595       0.96564570060761357       0.98304516587507540        1.0065453354215692        1.0634559589363062     
  0.46994815786873639       0.10843954184228802       0.44745922869160787       0.41445988702798997       0.41194599543834121       0.65434846208879838       0.66214893671832409       0.50623521485336398       0.37266741874281739       0.42041704546954811     
  0.97003801458693095        1.0352090453008791        1.0303228301616028       0.92179784937105813       0.95715259249081097        1.1774551260133328       0.87716934957235204        1.0286143357334270       0.97886168607315416       0.85385015594509595     
  0.48377451399868748       0.11706958897766610       0.46260858120280457       0.43170248770997904       0.42746455930356175       0.66246187586369154       0.66863224865469939       0.52140104754283978       0.38992588269536022       0.43652780113436462     
  0.95872179836954508       0.84727609883628396       0.95338541349009565        1.1640984854443348       0.96378330829908776       0.94932194016604343       0.98785817744917126        1.0662949696758588        1.0422084104581861       0.88013143971406438     
  0.49812712194119341       0.12692229886909723       0.47672665993315594       0.44908146267595173       0.44256189001946283       0.66985534862835472       0.67546508549324846       0.53662942157866711       0.40683021654265666       0.45274579663128411     
   1.0693409759759600       0.93935063180243072       0.93009179702954370        1.0461867393438136        1.1957869177037777        1.0591968305563664       0.96461201075795844        1.1125007692968460        1.0463540735106092       0.87152318582002897     
  0.51226715139399182       0.13771383721462907       0.49014018223599315       0.46647517593131776       0.45828393466253914       0.67889662303388643       0.68247715383902974       0.55202065565427627       0.42383667559304422       0.47079689857854951     
  0.98920792100974719       0.81393066532427172        1.0359088635376963        1.0281022780138638       0.99898905295282114        1.0787349288575665        1.0223833116863132        1.0790123976350956       0.88763010545827770        1.0146920932954870     
  0.52631061253454969       0.14894074901310064       0.50345529863729144       0.48244531538468050       0.47426208668648556       0.68782441913163472       0.68945102993283314       0.56720090131060763       0.44099241581070758       0.48827277886826898     
   1.0606156988716162       0.97060081878777082        1.0381613598753161       0.91538810576841856       0.97899521001194778        1.0365410221806184       0.85098115425849929       0.80230875870390095       0.96755442958321525        1.0902505040994332     
  0.54022230138806704       0.16106300623086550       0.51809404512041879       0.49826708752911736       0.49027999778646913       0.69646807061277149       0.69620552414494630       0.58139573677647760       0.45838727071473662       0.50548231229452256     
  0.93626547129009341       0.98672010120689124        1.1102632857359467        1.1167956759685849        1.0518223743104351        1.0402077652915327        1.0673163528428753        1.0552175817342624        1.0135622074949209       0.95281883869892126     
  0.55386756096371736       0.17407345362296600       0.53292666685292789       0.51234359738860469       0.50601057521549653       0.70470086549241195       0.70281511741590041       0.59591128256274495       0.47530798898379456       0.52279837225165871     
  0.96155331710548442        1.1590966133295493        1.2579218603259874       0.88594591823761348       0.98825899687821417       0.95437909728165093       0.91218593373662571        1.0110352404700738        1.0829316619465221        1.0493029862301300     
  0.56708145081414418       0.18769693543086494       0.54739091775359983       0.52689256231683668       0.52167426923567628       0.71288141630258739       0.70955829392068692       0.61029878696155060       0.49115808986124287       0.54034798689561936     
   1.0505379892952253       0.89603868388245744        1.0327343613091284       0.99306356810733853       0.94069824271005142       0.78843561634724857       0.98528416174667655       0.91311227950607443        1.0406992873351650        1.2624897419227832     
  0.58035082579773012       0.20144802664943146       0.56152435710729154       0.54190506927944160       0.53801517557754119       0.72094936903764262       0.71650664920624096       0.62590654291046277       0.50656493631174027       0.55786395363749408     
   1.0285344942269099        1.0392434165346529       0.88099470219455400       0.97281339513022946       0.98616260109293041        1.0648049545486513        1.2863415356617349       0.98373125881962675       0.87695796095115397       0.91024125241801968     
  0.59337680206487797       0.21579503398820818       0.57523139309951754       0.55671481391657918       0.55358213646462517       0.72978954698403498       0.72338658724691673       0.64180141314167694       0.52192922191952007       0.57532914552114423     
  0.86297254687287117       0.91292617850684499        1.0022058728170777       0.87082485350697314        1.0084436360831441       0.95294321616615596       0.92005140247720441       0.99559039964289120       0.98077411832589201        1.0770893931360923     
  0.60630502188661639       0.23084379241781339       0.58901981083702615       0.57182142937329461       0.56898556778492049       0.73853422817458836       0.72932476446698258       0.65792046903864332       0.53760896365172117       0.59248224027464236     
   1.0412029114551613        1.0134577814077137        1.1647838758430311        1.0336843533443634        1.0781779771357851        1.0172113245571239        1.0566782167061139       0.91525369978331395       0.85439531429218096       0.98764600786261980     
  0.61968075585620241       0.24737456693466811       0.60371380157832610       0.58658093648828646       0.58436624440919149       0.74672795881935883       0.73512241777921206       0.67377912597391842       0.55280084819999575       0.60984010174489667     
   1.0621606772570422       0.96823180798158881       0.91315039752037608       0.95266269713562268       0.93210343254253825       0.95139136322503792        1.0553927773172671       0.85322818503510633        1.0920392536875685       0.96033735740831538     
  0.63338889825701217       0.26540561878536234       0.61934148157889657       0.60106725052980070       0.60154704752784571       0.75451263297097848       0.74066101987145461       0.68919350844277472       0.56799850107891126       0.62676200032603890     
  0.98279563310343943        1.1625423220755522       0.93050438656019041       0.89988637475254663        1.0969261099143761       0.84501693514371867        1.0671003896146423       0.86177509050320922       0.89005528093836606        1.0610444696113255     
  0.64700455256171407       0.28470370662840344       0.63551006678426514       0.61660715277728728       0.61845283176503318       0.76228416348855577       0.74625371977479549       0.70463510090643722       0.58174372139657571       0.64298978906843862     
   1.0375444079399123        1.0818520135575067        1.2431104697521786        1.1041309474276715        1.0141867986288151       0.92784980279752782       0.95351990996059033       0.86709997899802183       0.98355231445817559       0.96286974357069011     
  0.65990077336886332       0.30467346626079511       0.65120874585653354       0.63107858778382675       0.63507726859353630       0.77029742708500559       0.75178378589967976       0.71965416709130403       0.59530332722217272       0.65910244313854061     
  0.91847359672279760       0.89752196113061078       0.93808295191225444       0.97060764324815174       0.97947985330718712       0.92170002034958787        1.1340881788682020       0.91046036480301717        1.0542862005978058       0.89219286009402587     
  0.67231215718207882       0.32520448425483345       0.66524131648605700       0.64637355325639123       0.65134997635425107       0.77845488962577847       0.75748360776553270       0.73464695604513852       0.60858201376001797       0.67529246372626750     
  0.95219937208828542       0.96509714515491696        1.0182681853208779        1.0942796551964908        1.0276578713303628        1.0507509337604035       0.87772122668540664       0.86212664751932178        1.0173946766016362        1.2006990358810712     
  0.68399337361743107       0.34646626936476771       0.67841321785957165       0.66265182434364200       0.66706296264543052       0.78691527473464240       0.76307243003397851       0.74948569148172484       0.62223294863459222       0.69050467908290580     
  0.85609448731064819       0.96604926076463626       0.94711334315938933        1.1410986999689798       0.97710977402841248       0.95676823365282582       0.88519416128760153       0.80209968588392666       0.83889678300146109        1.0215109522903765     
  0.69576270281098285       0.36881942859525385       0.69156022696479047       0.67886639958537631       0.68268789006292396       0.79538426293047626       0.76840317087685051       0.76422232447653082       0.63637171982565244       0.70643917777469845     
  0.98224551566618323       0.96638696442437311       0.89330348276637539       0.88627020700071957       0.97475364390825170       0.88139479787315655       0.84462709460001728       0.95193656870672716        1.0141870018486587        1.0200359476053025     
  0.70712407109439113       0.39147426323463891       0.70516839061318959       0.69490310822385404       0.69758818902728059       0.80357608659762170       0.77381588527166167       0.77861806855011639       0.65036976631764343       0.72232138189062212     
  0.94443983161822531       0.83565729163007774       0.90033458377020070       0.75908904065450689       0.92287993541023472       0.93606972965688195       0.99985301000602667       0.97707029732503070        1.1621189253753310        1.1003540389819899     
  0.71964173113233387       0.41485377066813900       0.72000422970971067       0.71100049005177679       0.71268090899199421       0.81189473840464843       0.77957528412195276       0.79294099655861272       0.66394680284546204       0.73788197955764534     
   1.0263796683026905       0.84280436380224932       0.93741411041837175        1.0710527451262792        1.0158487951074699        1.1789008236149083        1.0240091812018013        1.0182991302483353        1.0661198595550518       0.85957628425570431     
  0.73242608160823286       0.43941988929146847       0.73568066550971267       0.72754135848689372       0.72830843169157200       0.82004206032697990       0.78554193031111641       0.80726063371396006       0.67732433754909394       0.75363748869092040     
  0.96894216855223847       0.95609592561332701       0.92238170295225541        1.0779043856822583       0.83971248565325773       0.88538273364974407       0.91074488182838098        1.1972301669357013       0.92156791138987604        1.2690634553791464     
  0.74536505231359018       0.46652425984673662       0.75055858487230731       0.74394874426883062       0.74414903547123790       0.82798020359716185       0.79157917191537885       0.82083262853136185       0.69091349948873271       0.77021988577903544     
  0.91024031965027441       0.87193408803870454        1.1257177555788322       0.98781371312243260        1.0520749472801121        1.0975176513251121        1.0737601997684865       0.79832489946089447       0.88403725581958392        1.2569297679168128     
  0.76007876658004647       0.49463390846203892       0.76515726317543986       0.75784573007386702       0.75976701755594211       0.83581158646995057       0.79774559369869535       0.83475187984508892       0.70558878860332352       0.78766466744723329     
  0.92580040230989158        1.0065750450579216       0.97975571605784495       0.84762931090068094        1.0668143262937542        1.0517334176037694        1.0918319034576156        1.1062102564922536        1.0350106479167918       0.97781113802940134     
  0.77425939002969746       0.52355775021276540       0.77959012016232199       0.77212643392618907       0.77529382809165914       0.84349479730715449       0.80395960745863659       0.84835777066414597       0.72172551463869705       0.80531108674401242     
  0.96681213040823100        1.0359307085802272       0.90668748830245494        1.2199853583633480        1.0916586471318175       0.81394769467780947       0.87298138688774285        1.1879301865809040        1.0423759913601574       0.95775302807538032     
  0.78761942589828626       0.55239675302051194       0.79420944347892319       0.78744676551850357       0.79150624718704476       0.85082812963578769       0.81021053641722507       0.86182491687937191       0.73943633825057942       0.82217682389793412     
  0.97523479547424607       0.85599344371207720        1.0398430525569677        1.0361965319373434        1.1581826420639167       0.89512713681958456        1.0230010351485430        1.1357436807571779       0.90597584411777177        1.0737944829536916     
  0.80030695218554815       0.58104982694634011       0.80856901915574353       0.80330262924124285       0.80749279327781887       0.85814510458112059       0.81666256847016483       0.87332547811454753       0.75866353922888075       0.83806406187314975     
   1.1516562404995296       0.88740148487973458       0.91895117462146347        1.0733726393755945       0.95589177316163099        1.0939375311490840       0.96306466234184085       0.86757088678290739       0.87687791105177015       0.86203660675354754     
  0.81276719874809222       0.61325883043572005       0.82306590377371236       0.81930910636379906       0.82444630668358931       0.86583311424531029       0.82339582411518419       0.88410430968351394       0.77860963087239232       0.85258819760957860     
   1.0865216933282120       0.88729660229087992       0.98874965824995964       0.93235474786941197        1.1187216512707412        1.0303418504081208        1.0867299537257296       0.98485920260572624       0.94508773375064437        1.0021267874562325     
  0.82503128943116544       0.64257025952032321       0.83840709852255180       0.83520492195045803       0.84135158151367540       0.87377752684384324       0.83027861620703980       0.89379817032444042       0.79919712359349482       0.86638506146996019     
   1.0874001891804517       0.84277276115263888        1.1995596619979492       0.88308994290147147        1.0920756809266354        1.0158805820630223       0.99716931230051098       0.82858892999542644       0.92458556369935763       0.94744242679081669     
  0.83822299796582245       0.67291938626269610       0.85485787440808714       0.85171373364733527       0.85806886627027212       0.88259804639743933       0.83730331886042697       0.90395775723966931       0.82049822938436356       0.88031195291238662     
   1.0650062943366223       0.85495126627507145       0.95512889275927226        1.0520764357094448        1.1268659164327919        1.0583052043545589        1.0875909059247373       0.98981144243483488       0.92678284228351615       0.91418021979227937     
  0.85221252242154444       0.70491426393440570       0.87136852737940829       0.86873943816197474       0.87486963447942045       0.89241116634624240       0.84426673107602601       0.91500734027010378       0.84256375552879603       0.89450553104125585     
  0.89217943741094219       0.96033477405873957        1.0773429763022002        1.2303178786516815       0.98833403770055439        1.1226176720737804       0.99959479303679766       0.85064289556437733       0.92407109181523028        1.1807183230266118     
  0.86741323371162982       0.74008733851008035       0.88744099714311697       0.88551320558134738       0.88994925198341235       0.90243488660946647       0.85243164478849964       0.92628341642233247       0.86367704922541044       0.90818549400378612     
   1.1590812398148833        1.0248563952173158       0.88670163739846630        1.1857215808095254       0.90174360486009508        1.2225965916713819       0.92075213415084700        1.0958017450738402       0.87342672442892133       0.91851377192329842     
  0.88127213199749421       0.77568030439415070       0.90262905701829665       0.90157544893189800       0.90497671645198485       0.91223350208478227       0.86075800735222363       0.93736546696871115       0.88418166191763270       0.92118727096595010     
  0.92595891547583564       0.91280935458157419       0.90473254791738222        1.1127522468525595        1.0745140535479991        1.0888344398592904        1.2293329911644064        1.0026410349414918       0.77885072797667942       0.88960702125165214     
  0.89506185419645845       0.81205466942809013       0.91772410251424397       0.91645685569075563       0.91831649372725399       0.92201348019199358       0.86991076295904368       0.94804213238913160       0.90426147963723091       0.93408943220149154     
   1.0242808648517499       0.92305668882703307       0.95075002995023594        1.2078549464596506       0.99022676855737768       0.96641944325769613        1.1130889211449593        1.0870090983981360       0.88431246573543454       0.89962956960655260     
  0.90905777033795987       0.84891722805243375       0.93304651769017455       0.93232622000693788       0.93300761545691457       0.93310747309953124       0.88023662434442274       0.95837794824558209       0.92353376531366249       0.94686648417103958     
  0.90453456076732819       0.78764676090376839        1.0254997768860716       0.91951206994388957       0.92220820621260990        1.0995851918335189        1.2281491539022369        1.0718537831206534       0.97815789431723332       0.89622928134931890     
  0.92724705796145701       0.88501952621651603       0.95013164307361964       0.94811133501071165       0.95050488358375462       0.94612250239284401       0.89314814759424743       0.96848519767251162       0.94368900353507768       0.95984811788803026     
   1.3206253412044038       0.88467517656286954       0.98616123574249681        1.2504874198171443        1.0710344038765012        1.0058943208276236        1.4361456559267520        1.1918336589724441       0.83922120460213012       0.99298636142303498     
  0.94567302076939463       0.92074751583945591       0.96775678640251550       0.96428284322050395       0.96811302126487120       0.96024874646253355       0.91057887295138451       0.97860943893552621       0.96276712505190642       0.97262996854887129     
   1.2753541827119903       0.98558565952098387       0.93881096576074274        1.0279717969842688       0.98647747537785446        1.3422282972363027        1.2751641580341724        1.2567094480697467       0.85817372804155512       0.98310064564990240     
  0.97166882442946301       0.95972244781366312       0.98367752301531675       0.98208633822128599       0.98373858533070391       0.97967364767308196       0.94192529486472443       0.98916650233190462       0.98155937163706086       0.98612686864320709     
   1.6786563609619716       0.81250831817221325       0.97799319297036202        1.2537261711680068        1.0474197209145755        1.2171392850730760        1.0223385426574587        1.1671636275999322       0.83323952168262894        1.0607689828719296     
   1.0000000000000000        1.0000000000000000        1.0000000000000000        1.0000000000000000        1.0000000000000000        1.0000000000000000        1.0000000000000000        1.0000000000000000        1.0000000000000000        1.0000000000000000     
   1.1860324321498601       0.94710945075687714       0.97360008160244826       0.93291726803921715       0.82198824630166734       0.98077128254948254       0.82057705182104368        1.3771717565571098       0.99969085042674022        1.0035110064637169     
   9.5970573098149181        4.1119414253268491        1.8182863611637610        8.3885163787543320        6.1670297814941470        7.4359391629609055        8.3708227199659646        2.8311902562087710E-002   5.9438087380708051        4.8262125955745248     
   10.325196616936895      -0.66360367054699432        6.2501469336514077        8.6283274681112907        7.6043156181326337        8.2385390812295078        7.3477805488902854        8.9338411577172252        8.4217986609344013        8.9976410585301920     
   9.0074390042040751        10.047112593255456        4.7543037542472426        6.9658627951971424        7.5254111902559444        6.7411530889183320        11.512189975000258        6.9864347973523806        7.7196816372279065        5.6961747050102680     
   10.830952131485112        7.8392371248438062        6.4523509270370969        10.115567981591418        8.9466777257801393        6.2192173698084297       -3.3725714735330068        7.6795823612506631        9.2097062654842610        8.3811805299867448     
   9.4899278154804794        10.817635810745243        8.2895545183250920       -10.228855230093679      -0.52271440972352479        7.7612248206034602        4.6199731292369295        7.9501924377057431        8.2694269749993392        9.5612857015648309     
   4.8157045148239783        10.539436860751264        3.5523324418529008        7.1518980667704559        10.125145885197034        4.5922516021667610        9.0148897099204301       0.57082512188710177        7.9482230663422415        9.8827469770542571     
 -0.63339681782204538        14.752747399149966        10.993995425393202        6.7816770139354956        15.115883313713423        4.1292097390474796        9.9082566445939477        7.9336141258700454        6.1324135137715299        10.137204991882594     
  0.64149191092058611        20.638709586708050        16.174540120129784        13.092530751242434        4.3919650952540179        16.668180418128525        7.7238394038923195        10.253544927308740        4.4380307205009020      -0.84257238714231397     
   4.6817410177795900E-002
           1           1           1           1           1           1           1           1           1           1
   6.0842112100837439E-002   2.5848711880848904E-002   2.9035373776148388E-004   8.1084966698199885        1.9100439322593489E-003   1.8724594235868458E-006
   6.1989247254861139E-004   6.1000426699041256E-004   2.6424970395868083E-004  0.70761970601971491        2.6413154953588351E-004   1.9704931142731033E-007
   5.8972384224729836E-003   7.2621461558046123     
