  0.00009132006964826  0.00017485398425543  0.00023039912909145  0.00028327499704116
  0.00032795337080510  0.00036050105151362  0.00039523533568307  0.00041901369675261
  0.00043929049413711  0.00045956470386462  0.00047819856282771  0.00050042705206954
  0.00052172744503803  0.00054227216118386  0.00056398095970272  0.00058812768703345
  0.00062216776965443  0.00064705794571064  0.00067187179145912  0.00069384327406842
  0.00071410892269075  0.00073349597186878  0.00075270881231024  0.00077330651914814
  0.00079549974427188  0.00081451661394394  0.00083250040618554  0.00085064271095322
  0.00086820255184427  0.00088934574291748  0.00091115856265751  0.00093290595461280
  0.00095553756885669  0.00097888461252844  0.00100494765511752  0.00103561119446392
  0.00106584425931706  0.00109449055625273  0.00112354646171448  0.00115409104026164
  0.00118755424414028  0.00122132074631784  0.00125593282661806  0.00129149163371632
  0.00132819766208343  0.00136482958849130  0.00140389207671198  0.00144496030368705
  0.00148622911066302  0.00152930251439753  0.00157474773058078  0.00162229678869319
  0.00167075687633877  0.00172203936414943  0.00177634007570866  0.00182957483314178
  0.00188193898939440  0.00193647378730959  0.00199695292285979  0.00206381428385241
  0.00213218325802067  0.00220649014187841  0.00228077070771184  0.00236518151300331
  0.00245912652224921  0.00255678633810484  0.00264917637903447  0.00275551990486213
  0.00286603565118513  0.00298922353345620  0.00311668226668818  0.00325295048602963
  0.00338028271236025  0.00351149215496587  0.00365446926339988  0.00383074393847184
  0.00403505647925524  0.00423179403757433  0.00443919662011450  0.00467143385198266
  0.00487992397454356  0.00511127822425886  0.00538076135099744  0.00575176649773202
  0.00608703640765858  0.00642617195574078  0.00680747282376997  0.00731306712457128
  0.00807742672440563  0.00914584172589619  0.01044798252666258  0.01179378107401377
  0.01362902089032400  0.01678471028005471  0.05204607447094003  1.00000000000000000
  0.00000293987420186  0.00000299650819684  0.00000309728726169  0.00000327897333554
  0.00000352099451807  0.00000376172858853  0.00000397640860310  0.00000418182145860
  0.00000442860284154  0.00000470244692283  0.00000500627095247  0.00000535898771086
  0.00000573223499392  0.00000614250106397  0.00000652731118094  0.00000692061792914
  0.00000734233263637  0.00000780552024332  0.00000830735938333  0.00000880860386097
  0.00000934047132589  0.00000986664468732  0.00001044733770312  0.00001105412246690
  0.00001170362547472  0.00001239673913651  0.00001314399679521  0.00001392264783170
  0.00001475253822483  0.00001559122879831  0.00001641021509375  0.00001722940037325
  0.00001807791332686  0.00001900540737345  0.00002005179715102  0.00002118106034023
  0.00002229830983760  0.00002346395800446  0.00002468504097549  0.00002594593594675
  0.00002737006986063  0.00002890900897438  0.00003043153065339  0.00003194188210403
  0.00003358245288902  0.00003544926728197  0.00003764746032522  0.00004014129637133
  0.00004276315678425  0.00004556827501152  0.00004870515890784  0.00005196270941716
  0.00005565663216476  0.00005968044278182  0.00006427729573002  0.00006901781086492
  0.00007391247381153  0.00007913727634752  0.00008448121399612  0.00009018094494960
  0.00009633052370431  0.00010320692114807  0.00011078154379001  0.00011902818687241
  0.00012868517895629  0.00013933751639044  0.00015010145984667  0.00016160619933796
  0.00017481064383153  0.00019156884957550  0.00021087863018739  0.00023003993260738
  0.00025066027176198  0.00027298295615910  0.00029419334004362  0.00031652547219233
  0.00034107062128542  0.00037951548156720  0.00041952020256656  0.00047311007423441
  0.00053792368206691  0.00061991634525564  0.00072618674598226  0.00085824525659394
  0.00104837019894572  0.00130836742519076  0.00168780586358345  0.00216714195994043
  0.00292337154072494  0.00426930737288374  0.00640967917136128  0.00820522956227973
  0.01088958104931899  0.01823245731961157  0.03712339094470435  1.00000000000000000
  0.00750310272297390  0.03696121510135268  0.05289676236273594  0.06215809895853930
  0.06942379620861366  0.07602927834651907  0.08265999459269932  0.09311006496086377
  0.10832253065314187  0.11829080551489593  0.12813920485488861  0.13576256659401817
  0.14561698637904083  0.15584562403012250  0.16571518933082252  0.17427236252702147
  0.18229125405658889  0.19038771007067601  0.19894715550680370  0.20759246748316337
  0.21624267601639602  0.22508908417652859  0.23408798055349728  0.24387066397662727
  0.25241737806835390  0.26083612681354656  0.27078337689201609  0.28223202568452849
  0.29354294027893263  0.30394087151470045  0.31410681689427822  0.32446243331611546
  0.33453272713427640  0.34401239744247447  0.35360649277243716  0.36409095227419247
  0.37407126824448717  0.38318558341678538  0.39210286250278031  0.40168015831802983
  0.41180491080376286  0.42214347795427859  0.43238978971849329  0.44281044849505324
  0.45311400638404342  0.46364678162332973  0.47445513032745951  0.48550946227894509
  0.49659857837474058  0.50698427900949927  0.51702367275847194  0.52704372653167664
  0.53716793209696467  0.54705593049332291  0.55666144295501929  0.56607195398603916
  0.57540393029369286  0.58482189075544810  0.59468037977678734  0.60485883861301948
  0.61501426271210047  0.62505782268722110  0.63514024543484582  0.64499772793736165
  0.65437044985353299  0.66355000042413426  0.67288634130016345  0.68261284450109272
  0.69257431759935650  0.70222891223257300  0.71182504306052596  0.72109835933730038
  0.73039975890198594  0.73970600899514882  0.74920493328730597  0.75885272795600778
  0.76868116971893097  0.77826413567189134  0.78768924215174807  0.79673204597781988
  0.80502410236335264  0.81309780101976703  0.82103707425071637  0.82939425328934668
  0.83917770386507617  0.85038484326746255  0.86209807943971950  0.87350868246765112
  0.88381284632226609  0.89349489362511203  0.90396050598079358  0.91713031956795799
  0.93224585600635146  0.94940268045271314  0.96136116277777561  1.00000000000000000
 -0.00209544959767083  0.00997078089277690  0.01998284079232670  0.03011212793250605
  0.04064367035919041  0.05185460579058369  0.06436806820945010  0.07736984868085385
  0.09020419670395648  0.10167462419176206  0.11266133431460626  0.12382687931005902
  0.13589489585045628  0.14839731695056071  0.16069538752606499  0.17245194964898089
  0.18332938603647966  0.19378326698519166  0.20371910624074568  0.21389468325730077
  0.22422900909432669  0.23467388459744118  0.24502388450411330  0.25472353168528300
  0.26417998803903414  0.27414748899848373  0.28512056315881346  0.29514701036761881
  0.30452171706607284  0.31444461409035729  0.32465549656695547  0.33495962115667599
  0.34567276482135306  0.35831632827214249  0.37177784808432840  0.38348720016869225
  0.39404672173891564  0.40377586359223522  0.41289837374419619  0.42231450803617027
  0.43336225558015057  0.44486018770761310  0.45657484351645677  0.46807192834970118
  0.47932983159797371  0.49009047300686309  0.50011455000142579  0.51045402071396329
  0.52066628139833648  0.53144907106061634  0.54226159390531681  0.55305108847120898
  0.56308458657021265  0.57288220117456801  0.58300650384038677  0.59428073752441080
  0.60562665256728443  0.61600866885867600  0.62511297761939077  0.63466791746640128
  0.64420735664895368  0.65345244964674831  0.66263827514625262  0.67195434566963097
  0.68162662092251158  0.69215686165427748  0.70224388525983117  0.71198597953939136
  0.72133811675357562  0.73081375593361764  0.74102636090296559  0.75181625947542163
  0.76290892305057201  0.77383349413235369  0.78451575298355503  0.79551799590683769
  0.80620124323379527  0.81691021856866142  0.82872977720279284  0.83928075486554177
  0.85042016505995988  0.85990035321503011  0.86919448390613019  0.87812716920283296
  0.88719506768741563  0.89707840543341877  0.90696640444543664  0.91700831537402072
  0.92721630426070079  0.93753603726054202  0.94753366273904804  0.95757500904789961
  0.96803839768678845  0.97921762295226256  0.98946851119358292  1.00000000000000000
 -0.00251728583830412  0.00891057999345128  0.01951530087650385  0.03068593627416734
  0.04281825470715322  0.05507250368852874  0.06705661722088499  0.07844254597987661
  0.08917748620823567  0.10019817888240029  0.11066921708073083  0.12054438206465012
  0.12898795169056307  0.13711570919576802  0.14570156401871207  0.15514858390523045
  0.16540957336076403  0.17685435972205427  0.18852690181362211  0.19919832750714705
  0.20959985785567725  0.21954475218376873  0.23088092197218493  0.24176750778300596
  0.25372581730211508  0.26496237206149498  0.27562812760436223  0.28551222201484622
  0.29662329494063688  0.30807571696485714  0.31872391236979636  0.32853293589646343
  0.33881659047305951  0.34956685428438539  0.36209633011177045  0.37405197153511527
  0.38675472954584050  0.39771962026143165  0.40939456664665391  0.42122269727467537
  0.43246956096161282  0.44191404320688971  0.45083891441348023  0.45858170034164730
  0.46657301127158202  0.47443692970694318  0.48399501898118030  0.49384159508004455
  0.50381330292032889  0.51258116703973711  0.52011963615909729  0.52786565738078184
  0.53659218455989444  0.54623562064010578  0.55674705414842940  0.56738350382979363
  0.57830078475631441  0.58962067980881272  0.60141350330561694  0.61257318267545102
  0.62293559888900096  0.63332560749741673  0.64421660051030805  0.65602030985783533
  0.66800038589212518  0.67965605845304999  0.69086890047813476  0.70201517438181404
  0.71316125445606060  0.72332200994394291  0.73386109270802602  0.74403261943295118
  0.75414727594117670  0.76412920774588566  0.77374008548565443  0.78382592579748889
  0.79387833165420185  0.80409735929054316  0.81471068847498840  0.82622446767553503
  0.83875590413137591  0.85153517375529808  0.86331943229667396  0.87470503542548939
  0.88639501438282997  0.89757920255276158  0.90793232646611521  0.91726296825718634
  0.92698982246892525  0.93653264911182077  0.94616030286718500  0.95611904637133804
  0.96666821540953496  0.97794480887695268  0.98916658614163444  1.00000000000000000
  0.72309654721899919  0.72599938840295442  0.72898047503551722  0.73336708089635461
  0.73634391219869311  0.73862144261323615  0.74063178820010844  0.74250027069998359
  0.74474636871565125  0.74776684008510164  0.75079439919881819  0.75363827954975204
  0.75653845661350005  0.75937592060466563  0.76237495376241793  0.76500440896526523
  0.76742031421104540  0.76971194657865127  0.77214553177933165  0.77472480788190612
  0.77734889779460115  0.78014128754911272  0.78307238369374255  0.78550120642191901
  0.78761644888521898  0.78976390427904264  0.79232362555764213  0.79519199843051780
  0.79791088162772361  0.80036419906148215  0.80280183701601004  0.80522049379413330
  0.80763427950256728  0.80974379515158112  0.81195376332145330  0.81409941445936373
  0.81642493702437047  0.81872601096859421  0.82104133055709638  0.82319742424920717
  0.82532951730183501  0.82753797485735880  0.82986029310111109  0.83237089821698440
  0.83510824784719551  0.83781204473523863  0.84033356209968235  0.84267398797014004
  0.84501664939495702  0.84774928332270472  0.85077047884574630  0.85384183832387339
  0.85617453455981751  0.85836443455183509  0.86052377554483339  0.86272745903713666
  0.86545126829745822  0.86846715306054467  0.87134626609151888  0.87411559123361071
  0.87681557178180958  0.87971806222855287  0.88256700413768818  0.88526035423659755
  0.88778555545352955  0.89012887248448613  0.89232068327997771  0.89446887790941354
  0.89677481855671282  0.89936864704267105  0.90245459272972961  0.90539489283977537
  0.90823346954162232  0.91089374225397279  0.91341516516177312  0.91602157211878110
  0.91870100543032074  0.92167848830891619  0.92477074202037124  0.92816703210936147
  0.93156962875991234  0.93474702518438824  0.93797801823863169  0.94135713003945509
  0.94479782506904442  0.94836035406723340  0.95206540554254482  0.95584733296515945
  0.95955305140339631  0.96349009826737897  0.96774466118701574  0.97239953024115022
  0.97756475991339309  0.98350367732537569  0.99089702834359272  1.00000000000000000
 -0.01103175173714976  0.11261483859344612  0.15044104021502760  0.17463386822924912
  0.19404366597666203  0.20996621836457224  0.22374177484396868  0.23623368329349415
  0.24738700494250099  0.25825023280557807  0.26884506548773324  0.27929345071420769
  0.28828256262892860  0.29515037207092010  0.30115670597144900  0.30694601899663171
  0.31319945011195877  0.31995419743386760  0.32677837686080613  0.33441550409209331
  0.34198773117017522  0.34943393038003623  0.35619876053694910  0.36234763519806917
  0.36814136558942534  0.37370169261377584  0.37959089714797889  0.38541454592110830
  0.39147329416110499  0.39756448136196954  0.40363153351229164  0.40977859181771431
  0.41606687933126330  0.42258688177283793  0.42920950285623882  0.43578297438740865
  0.44234917779658278  0.44854328011873712  0.45426924462353002  0.45962963819717012
  0.46471628707125723  0.47018891001194368  0.47596532480465820  0.48149042408580828
  0.48661050036395698  0.49104078067256468  0.49569991101042743  0.50036477233102239
  0.50522684121535855  0.51041084095820488  0.51549295333463385  0.52066100079062039
  0.52625274351152140  0.53220090168196443  0.53718993144793759  0.54179677339760812
  0.54612081956811476  0.55072405175474803  0.55551888671305805  0.56015708159331845
  0.56500243922915883  0.56984385034163743  0.57521459991336832  0.58039409315759638
  0.58570395792679231  0.59121091192749398  0.59684350086966276  0.60278092526181348
  0.60864198654065638  0.61448927014377452  0.62025044161065723  0.62606037104905765
  0.63204441909102604  0.63841241702099061  0.64569006306164001  0.65273949216617022
  0.65996224711772589  0.66716461350348755  0.67457107835224150  0.68185308757111474
  0.68913455918129785  0.69699245105181651  0.70538400555894842  0.71411046478752915
  0.72309947584804068  0.73252214163676721  0.74272315802298250  0.75283416918830703
  0.76264014838971017  0.77400689763951414  0.78904252406029518  0.80496211869138556
  0.82361306170823723  0.84650651048704606  0.88296203936673456  1.00000000000000000
   4.9909318375399997E-006  0.23240704000000001     
  <DiscreteSampler_grid>
  Helicity
  1 # 1 for a reference and 2 for a running grid.
  80 # Attribute 'min_bin_probing_points' of the grid.
  1 # Attribute 'grid_mode' of the grid. 1=='default',2=='initialization'
  0.0300000000000000 # Attribute 'small_contrib_threshold' of the grid.
  0.3330000000000000 # Attribute 'damping_power' of the grid.
 # binID   n_entries weight   weight_sqr   abs_weight
    1   1775   1.306504309952026E-004   2.311004201436517E-007   1.306504309952026E-004
    2   231   2.038369812576099E-005   8.205164057452434E-009   2.038369812576099E-005
    3   281   2.101362678857946E-005   1.912557810729770E-008   2.101362678857946E-005
    4   83   9.902415116260000E-008   7.146839185310000E-014   9.902415116260000E-008
    5   90   2.911386816518985E-006   1.317406358746422E-010   2.911386816518985E-006
    6   238   1.891813337066966E-005   6.954657367483347E-009   1.891813337066966E-005
    7   324   2.584671187020866E-005   1.235385509330034E-008   2.584671187020866E-005
    8   555   3.670461778178310E-005   2.608381154591158E-008   3.670461778178310E-005
    9   552   3.872982874914156E-005   3.861778360777028E-008   3.872982874914156E-005
    10   412   3.109300300026533E-005   2.647925848180666E-008   3.109300300026533E-005
    11   392   2.545685446889105E-005   1.283912793160426E-008   2.545685446889105E-005
    12   90   2.075109767080537E-006   3.312471240589476E-011   2.075109767080537E-006
    13   82   1.019762057820000E-007   7.270697978520001E-014   1.019762057820000E-007
    14   268   1.912305162470463E-005   8.575969602261261E-009   1.912305162470463E-005
    15   214   1.708319785560926E-005   6.265983906954833E-009   1.708319785560926E-005
    16   1841   1.361885027766431E-004   2.490376140262828E-007   1.361885027766431E-004
  </DiscreteSampler_grid>
  <DiscreteSampler_grid>
  grouped_processes
  1 # 1 for a reference and 2 for a running grid.
  10 # Attribute 'min_bin_probing_points' of the grid.
  1 # Attribute 'grid_mode' of the grid. 1=='default',2=='initialization'
  0.0300000000000000 # Attribute 'small_contrib_threshold' of the grid.
  0.3330000000000000 # Attribute 'damping_power' of the grid.
 # binID   n_entries weight   weight_sqr   abs_weight
    16   10   4.564684317430000E+003   1.647622636880000E+008   4.564684317430000E+003
    10   10   4.564684317430000E+003   1.647622636880000E+008   4.564684317430000E+003
  </DiscreteSampler_grid>
