     
 Soft #          76
 ME*wgt:
   1.0045809117235052        9.2578548631517638E-015   9.2156388351721352E-015
  0.99998126286970968        9.2154661605465715E-015   9.2156388351721352E-015
  0.99999382181487217        9.2155818992493399E-015   9.2156388351721352E-015
  0.99999935487530600        9.2156328899359521E-015   9.2156388351721352E-015
   1.0000000587276856        9.2156393763852754E-015   9.2156388351721352E-015
   1.0000022191823088        9.2156592863548028E-015   9.2156388351721352E-015
  0.99998882542286571        9.2155358543051293E-015   9.2156388351721352E-015
   1.0002867345722775        9.2182812774318027E-015   9.2156388351721352E-015
   1.0000000004999525        9.2156388397795167E-015   9.2156388351721352E-015
   1.0000000000499953        9.2156388356328741E-015   9.2156388351721352E-015
 wgt:
   1.1111111111111112        1.1710716652990815E-003   1.0539644987691734E-003
   1.0101010101010102        1.0646106048173469E-003   1.0539644987691734E-003
   1.0010010010010009        1.0550195182874608E-003   1.0539644987691734E-003
   1.0001000100010000        1.0540699057597492E-003   1.0539644987691734E-003
   1.0000100001000007        1.0539750385195584E-003   1.0539644987691734E-003
   1.0000010000010000        1.0539655527347261E-003   1.0539644987691734E-003
   1.0000001000000101        1.0539646041656339E-003   1.0539644987691734E-003
   1.0000000100000002        1.0539645093088185E-003   1.0539644987691734E-003
   1.0000000009999999        1.0539644998231379E-003   1.0539644987691734E-003
   1.0000000001000000        1.0539644988745698E-003   1.0539644987691734E-003
     
 Collinear #          94
 ME*wgt:
  0.99776607528146910        5.1215185403699101E-013   5.1329852429840665E-013
   1.0012265270839729        5.1392809884062198E-013   5.1329852429840665E-013
   1.0001289113696983        5.1336469431423808E-013   5.1329852429840665E-013
  0.99998696485843619        5.1329183337947791E-013   5.1329852429840665E-013
  0.99998947458151621        5.1329312161663128E-013   5.1329852429840665E-013
  0.99999599586711818        5.1329646898290731E-013   5.1329852429840665E-013
  0.99999869500496730        5.1329785444638217E-013   5.1329852429840665E-013
  0.99999918992034065        5.1329810848571295E-013   5.1329852429840665E-013
   1.0000000000007221        5.1329852429877733E-013   5.1329852429840665E-013
   1.0000000000000724        5.1329852429844381E-013   5.1329852429840665E-013
 wgt:
   1.0019391139313620       0.12294869373130017       0.12271074361882113     
   1.0001855386965217       0.12273351121024138       0.12271074361882113     
   1.0000184740732361       0.12271301058608561       0.12271074361882113     
   1.0000018466131053       0.12271097021808847       0.12271074361882113     
   1.0000001846533721       0.12271076627777373       0.12271074361882113     
   1.0000000184652578       0.12271074588470665       0.12271074361882113     
   1.0000000018465249       0.12271074384540959       0.12271074361882113     
   1.0000000001846525       0.12271074364147998       0.12271074361882113     
   1.0000000000184650       0.12271074362108698       0.12271074361882113     
   1.0000000000018465       0.12271074361904771       0.12271074361882113     
     
 Soft #           2
 ME*wgt:
   1.1578871032323161        5.2259703860852625E-013   4.5133678158230026E-013
   1.0028083867851203        4.5260430983533472E-013   4.5133678158230026E-013
   1.0000270533416935        4.5134899175047122E-013   4.5133678158230026E-013
  0.99999986292680354        4.5133671971612494E-013   4.5133678158230026E-013
  0.99999995753517112        4.5133676241636108E-013   4.5133678158230026E-013
  0.99999999553943386        4.5133677956908270E-013   4.5133678158230026E-013
   1.0000000014617865        4.5133678224205828E-013   4.5133678158230026E-013
  0.99999998974011939        4.5133677695163878E-013   4.5133678158230026E-013
  0.99999999989069244        4.5133678153296573E-013   4.5133678158230026E-013
  0.99999999998906919        4.5133678157736676E-013   4.5133678158230026E-013
 wgt:
  0.98995744418709919       0.23339528622353434       0.23576294879542647     
  0.99954434357997635       0.23565552189420413       0.23576294879542647     
  0.99995922035446738       0.23575333446594487       0.23576294879542647     
  0.99999596926571810       0.23576199849762636       0.23576294879542647     
  0.99999959739825117       0.23576285387685098       0.23576294879542647     
  0.99999995974454126       0.23576293930468081       0.23576294879542647     
  0.99999999597450084       0.23576294784636292       0.23576294879542647     
  0.99999999959745067       0.23576294870052025       0.23576294879542647     
  0.99999999995974476       0.23576294878593579       0.23576294879542647     
  0.99999999999597455       0.23576294879447743       0.23576294879542647     
     
 Collinear #          89
 ME*wgt:
   1.0440416583572987        2.5728505423277143E-020   2.4643178954907342E-020
   1.0031592917436143        2.4721033946715990E-020   2.4643178954907342E-020
  0.99997866614789555        2.4642653220972135E-020   2.4643178954907342E-020
  0.99989160537772803        2.4640507766832945E-020   2.4643178954907342E-020
  0.99995561618703799        2.4642085196661817E-020   2.4643178954907342E-020
  0.99998447478923469        2.4642796364360140E-020   2.4643178954907342E-020
  0.99999218158854442        2.4642986284394699E-020   2.4643178954907342E-020
  0.99990675951052899        2.4640881212839464E-020   2.4643178954907342E-020
   1.0000000004623981        2.4643178966302299E-020   2.4643178954907342E-020
   1.0000000000461426        2.4643178956044444E-020   2.4643178954907342E-020
 wgt:
   1.0000166788586178        1.2470419480504054E-004   1.2470211491609652E-004
   1.0000015986438191        1.2470231427036177E-004   1.2470211491609652E-004
   1.0000001592032008        1.2470213476907237E-004   1.2470211491609652E-004
   1.0000000159137381        1.2470211690057331E-004   1.2470211491609652E-004
   1.0000000015913080        1.2470211511453599E-004   1.2470211491609652E-004
   1.0000000001591303        1.2470211493594040E-004   1.2470211491609652E-004
   1.0000000000159130        1.2470211491808091E-004   1.2470211491609652E-004
   1.0000000000015914        1.2470211491629499E-004   1.2470211491609652E-004
   1.0000000000001592        1.2470211491611636E-004   1.2470211491609652E-004
   1.0000000000000158        1.2470211491609850E-004   1.2470211491609652E-004
