  0.00000530389860253  0.00000543013029895  0.00000550779417764  0.00000560052555908
  0.00000567551842384  0.00000574559857187  0.00000581198796467  0.00000588987394795
  0.00000598722524255  0.00000609717698221  0.00000618825477175  0.00000628037600782
  0.00000638056376854  0.00000648787943829  0.00000660449012309  0.00000673100740803
  0.00000684776630155  0.00000698753542456  0.00000718460224519  0.00000742323642321
  0.00000767033993861  0.00000792894139817  0.00000816059070713  0.00000841208271549
  0.00000869622000923  0.00000894669530794  0.00000919446507369  0.00000949075428265
  0.00000982877133467  0.00001020870786678  0.00001063128466149  0.00001110648760025
  0.00001158660192091  0.00001211789501833  0.00001271425731907  0.00001331786943623
  0.00001381186060418  0.00001434911914484  0.00001495300157593  0.00001562143680049
  0.00001632993704186  0.00001709355239756  0.00001786103888325  0.00001864514034967
  0.00001958423742689  0.00002061663616201  0.00002178830151272  0.00002319621179617
  0.00002465398231357  0.00002624104031845  0.00002779070570392  0.00002951565753666
  0.00003126960267235  0.00003307561560673  0.00003508964616026  0.00003714215357333
  0.00003917513336783  0.00004134732320662  0.00004371918800636  0.00004619442677508
  0.00004882717957401  0.00005181018177940  0.00005484590451559  0.00005838027984425
  0.00006216589418274  0.00006631013874267  0.00007089919448915  0.00007591565363401
  0.00008145617555611  0.00008765976329841  0.00009457295295659  0.00010210713710253
  0.00011019398186546  0.00011867546721284  0.00012752161562515  0.00013684502712882
  0.00014755582745365  0.00016005628344455  0.00017457297569055  0.00019040241388640
  0.00020991545277477  0.00023243210968077  0.00026036050507156  0.00029270030146054
  0.00033059572681197  0.00037335472066487  0.00042541245125640  0.00049554812393500
  0.00058059548319581  0.00067790630752970  0.00080018327447103  0.00097506334574989
  0.00126217361204889  0.00185932746026293  0.00242699772202258  1.00000000000000000
 -0.00001887175663407  0.00039722497596124  0.00128254381651841  0.00277621357812096
  0.00478532186147354  0.00725229894760136  0.01017957717934108  0.01369104017556435
  0.01774947936511417  0.02219543605833723  0.02664314883267030  0.03176786497398697
  0.03696739433986751  0.04178180465247403  0.04677339498734726  0.05234376460578485
  0.05826424130897932  0.06395974173883018  0.07002715830156497  0.07645338781631066
  0.08394241862420056  0.09172337966166044  0.09928482419455636  0.10670097397784634
  0.11415582550245083  0.12225411020629430  0.13109215116490303  0.14015460279293318
  0.14948270731894792  0.15841296719783932  0.16761612082605357  0.17682481881814163
  0.18651516292562570  0.19560508918648806  0.20446769644302265  0.21357930234143968
  0.22296038009796876  0.23307355641745092  0.24301369120951519  0.25321327306416902
  0.26340582199150192  0.27331085203521677  0.28334788507063552  0.29399272918900815
  0.30648689157719938  0.31938498392390963  0.33373496912411393  0.34742379907125465
  0.36075445557511338  0.37405592425726036  0.38865496781183628  0.40456680241393533
  0.42061262240086328  0.43429674184413131  0.44659930985086649  0.45918585056277489
  0.47198171291889035  0.48520568417396848  0.49780305264806352  0.51129525201263726
  0.52461195961473084  0.53754284949447373  0.55077302222533719  0.56424521299011443
  0.57722536319020035  0.58958279161689409  0.60289627440987636  0.61656178765564806
  0.62984803115219801  0.64235649989087962  0.65402524780511917  0.66549252704764095
  0.67737873149871852  0.69065853230378549  0.70419595165165660  0.71831132889050586
  0.73254544795843290  0.74666007710367654  0.76174495175287804  0.77656122361489366
  0.79183001116910023  0.80698104959881667  0.81950583024181989  0.83194693682820220
  0.84430443495785923  0.85713664543734414  0.87027825493405198  0.88525009604618154
  0.90053750291909407  0.91642817072344041  0.93311553621878285  0.95142063397960375
  0.96535285111344349  0.97777280873355998  0.98890178069845081  1.00000000000000000
 -0.00152552428690183  0.01012511283208248  0.02053278321058221  0.03160395243105449
  0.04193144305040819  0.05189741052985402  0.06152805627859281  0.07148064890524068
  0.08212374536891447  0.09321386885738854  0.10499604165199489  0.11730690017642055
  0.12949370414730374  0.14172641570097186  0.15254628600666301  0.16268726668707331
  0.17279294112605206  0.18355331399471905  0.19538240957078942  0.20763902032566880
  0.21968642669930552  0.23153071053180119  0.24342943193334041  0.25534181871933337
  0.26700081213937560  0.27790719809789688  0.28758160283824191  0.29785704244923961
  0.30712587492430521  0.31614290481456309  0.32464344200981560  0.33421703999736752
  0.34556108993437651  0.35768149744261502  0.37002994268637301  0.38365672267962331
  0.39772122426352297  0.40988272254170804  0.42110479556694330  0.43121905098653412
  0.44016864398631289  0.44911116703252085  0.45879740278780889  0.47239615204749263
  0.48583114955198925  0.49769528784847211  0.50847934375470549  0.51750595780889019
  0.52666940338682233  0.53497532218010202  0.54369998798630537  0.55274387657429169
  0.56217153849849322  0.57414792407550375  0.58609226386993285  0.59869231203314976
  0.60725540598910732  0.61488110746406677  0.62187479889255459  0.62874621620621463
  0.63740094969193173  0.64635256789923334  0.65539606871211231  0.66469853921638300
  0.67455204663328994  0.68515212722679453  0.69625652261632776  0.70892139334084103
  0.72234468368074944  0.73389906685668693  0.74355168082572776  0.75364230990243952
  0.76432514440355037  0.77452914021386132  0.78459932921006370  0.79420911630584956
  0.80378283865846956  0.81311719755538525  0.82250935450058982  0.83233003274273887
  0.84396477413528548  0.85693540674416613  0.86835449678397281  0.87810711412357434
  0.88676879984898516  0.89563944893643077  0.90475846201005483  0.91449918862605228
  0.92465414372707055  0.93519237828363699  0.94601139792927225  0.95705618543006421
  0.96772323849580311  0.97836521286508538  0.98936046513666120  1.00000000000000000
  0.05439981413946256  0.09655236127107603  0.12997114295930579  0.14588413739647119
  0.16036189529140749  0.17418614112307473  0.18810538794886597  0.20356012868255774
  0.21265130131840895  0.22108257767188691  0.22958837330243242  0.23864451929685146
  0.24973074435515810  0.26165951345091015  0.27193371118845960  0.27991135722299337
  0.28699659454271959  0.29328725601780614  0.29956224972339413  0.30615509004055980
  0.31251995263049309  0.31839102580854700  0.32415825875189241  0.32974520461232981
  0.33658118950590366  0.34375645050718123  0.35045580189643910  0.35704744747776346
  0.36386145725209329  0.36982529490485749  0.37505812858964260  0.38050948642624050
  0.38597442693770539  0.39251102149694184  0.39964347172416209  0.40618763577985367
  0.41264707117850347  0.41968289511245099  0.42743613015663462  0.43505728181667930
  0.44248460067895751  0.44991926526716536  0.45769309624427462  0.46483869088333662
  0.47237767731982461  0.47958401849423526  0.48665291857793452  0.49345637286140914
  0.50009766657760102  0.50689707020426267  0.51385611655763686  0.52065040862592737
  0.52712416795803374  0.53374915865195804  0.54043916474586129  0.54710971483208570
  0.55322939620368339  0.55893782496400490  0.56465143201051138  0.57011981315186455
  0.57631738268165722  0.58251359525726087  0.58974630165306452  0.59644483136795501
  0.60279876970835033  0.60945021064339666  0.61658459380986685  0.62431857018749248
  0.63311564822502531  0.64204914713262939  0.65034329522596035  0.65833654976513145
  0.66626337928219970  0.67421997072282014  0.68262027915564061  0.69128086316729176
  0.69949198773632471  0.70707266823312498  0.71418346302643054  0.72137998341591791
  0.72888715154975203  0.73633778654746962  0.74396447053243275  0.75266724908246885
  0.76097153474717449  0.76953966146914599  0.77977330687874569  0.79411414321247542
  0.80830234240973087  0.82309034276850157  0.83725068055443530  0.85220591751285857
  0.87113864635698346  0.89731853788104443  0.93400130479116650  1.00000000000000000
 -0.00237399236177472  0.01233900552657298  0.02265252283106251  0.03459492831038297
  0.04538355968733542  0.05684292508529699  0.06872066681658458  0.07819589884253800
  0.08602910885326408  0.09283663021195124  0.09957927405931036  0.10923939803453747
  0.12068992915782228  0.13255683827221476  0.14283134563687028  0.15402163646886763
  0.16564519241606640  0.17768283323388609  0.19021375922198636  0.20357680108745424
  0.21578509441588609  0.22642757113453582  0.23623690586000476  0.24530672111726620
  0.25378274777203669  0.26259720863562580  0.27308078656188767  0.28503262776276245
  0.29665652336107090  0.30783972614826693  0.32000520953516148  0.33135201436048811
  0.34088164521338271  0.34963976215228448  0.35797832976670463  0.36637710025764403
  0.37477294806751960  0.38350870048764912  0.39275329793887265  0.40289765626114449
  0.41274433379052050  0.42227401623460792  0.43232378171374869  0.44312910714462583
  0.45336554884527752  0.46317560174220063  0.47282696322379675  0.48325350831126029
  0.49447974669859496  0.50617094090394044  0.51800657159499042  0.53015869360565004
  0.54190193616931548  0.55403787685708616  0.56697051294446565  0.57809337340649070
  0.58770564765777955  0.59664730136025201  0.60579805549323384  0.61572798802389228
  0.62613097143652130  0.63629813992374784  0.64671416715105723  0.65832301117351666
  0.66984940826047723  0.68187575776124243  0.69333641556366454  0.70582454800572825
  0.71827579462642777  0.73050590034226515  0.74368101542740395  0.75650567828134274
  0.76992200409387346  0.78180556013679647  0.79286457521527942  0.80391517236318644
  0.81502530196200329  0.82607449980371417  0.83665418855978946  0.84734193912086908
  0.85798262382042689  0.86803068738916334  0.87976741943952774  0.89121169907575470
  0.90135579253617648  0.91000035455876138  0.91794353216473368  0.92546650244369011
  0.93331641702565249  0.94199283039828230  0.95075169207944110  0.95887155817376635
  0.96761648208721374  0.97705344637871749  0.98770400660757407  1.00000000000000000
  0.70411061205710357  0.70580088502736249  0.70684404165380266  0.70776682906186084
  0.70947315928196897  0.71196656794367419  0.71389835192335571  0.71543710155827023
  0.71689908149876747  0.71837968735369373  0.72015780054385969  0.72221704926469943
  0.72426056750461587  0.72611349892317134  0.72795704247190463  0.72975151323889009
  0.73149882572238922  0.73329183910665374  0.73517049510497468  0.73708633347589925
  0.73893750014633786  0.74062771268681704  0.74229022172053871  0.74386677362319054
  0.74542584407776846  0.74701423651420196  0.74859149395764879  0.75021132201343366
  0.75197233745967329  0.75382515104898695  0.75569838823689750  0.75739079068392712
  0.75907043418523579  0.76095272807594927  0.76280124851576703  0.76461628769446754
  0.76633020624758463  0.76824346527449583  0.77032651507884409  0.77258762936829173
  0.77478531372517878  0.77681517553039836  0.77889486072476777  0.78090870366945664
  0.78293227354011929  0.78449042911236722  0.78608910794136344  0.78766447665685779
  0.78919328156692181  0.79091418900860533  0.79287479570851160  0.79483840471003075
  0.79660860078324336  0.79858866432667686  0.80042486898677012  0.80224457640439506
  0.80447808670859922  0.80676332795930938  0.80933361961828720  0.81200018084617387
  0.81464596679305579  0.81738478738280074  0.82010399171399895  0.82269723269338735
  0.82511503864662628  0.82758665812751853  0.82996316372016232  0.83240572220398790
  0.83491771398974479  0.83758103916285165  0.84047554122602464  0.84362141500782162
  0.84698079490334022  0.85028431888042177  0.85362198611118567  0.85710528290655896
  0.86074309528924808  0.86452530755806500  0.86847417918877545  0.87244340001004661
  0.87643307756190547  0.88038262639856346  0.88424652238227863  0.88826544632991888
  0.89244929688732710  0.89708343633081133  0.90162690970536052  0.90617317706556955
  0.91112711875038410  0.91713200120410798  0.92400774040184974  0.93134398131595020
  0.93993522624839876  0.95106213777769655  0.96796751175793494  1.00000000000000000
  0.01541357547686439  0.12176133639293454  0.15737623387436747  0.17880088262595667
  0.19516135390664066  0.20960328910597228  0.22195019207899683  0.23264922554417444
  0.24270772022880607  0.25121185828036852  0.25917718539825568  0.26651402695781656
  0.27381215951336302  0.28162730333523833  0.28954804149972663  0.29819488692251850
  0.30694458918105716  0.31583409031453591  0.32429901702889480  0.33199404489025586
  0.33959299019749234  0.34755716751935894  0.35537682208478921  0.36333084798950704
  0.37102819670680909  0.37811053159894237  0.38485518857399936  0.39157693206246041
  0.39785492668404049  0.40367271721477316  0.40921737102194189  0.41507829904852916
  0.42106285159781237  0.42750961889904088  0.43393692252436633  0.44015855350261224
  0.44785372271725882  0.45494769930418899  0.46155863798305030  0.46754040595703855
  0.47365836772386627  0.47989344777092724  0.48583025735617624  0.49173374410155424
  0.49757093047273426  0.50307513049394847  0.50862071731380365  0.51450078443333691
  0.52143187725223061  0.52805085264935192  0.53315496373719173  0.53659369485923558
  0.54001169728935361  0.54341717056719796  0.54690214256300074  0.55073351052262498
  0.55614259050135750  0.56187013981883049  0.56650464143571577  0.57135027758612156
  0.57633979308080263  0.58168037472435086  0.58732262453463024  0.59313350540845045
  0.59872219438873053  0.60454275569418403  0.61067797915794408  0.61678085719969655
  0.62238929927047948  0.62793817885958614  0.63392548836658358  0.64018150776661431
  0.64622340293060809  0.65193494390255036  0.65752112623759118  0.66371925931186238
  0.67094576530428929  0.67823763959526839  0.68604241900107998  0.69508669286446312
  0.70463983565953814  0.71298969560552439  0.72048116881958391  0.72780696236702180
  0.73573540406160709  0.74421795820183922  0.75317138919531457  0.76253439466902306
  0.77136427472772018  0.78227346891855265  0.79381636198281713  0.80818181829843305
  0.82575603090867555  0.84657730464525927  0.88093154397653506  1.00000000000000000
   7.4900819896600003E-007   2.6299455833300001E-002
  <DiscreteSampler_grid>
  Helicity
  1 # 1 for a reference and 2 for a running grid.
  80 # Attribute 'min_bin_probing_points' of the grid.
  1 # Attribute 'grid_mode' of the grid. 1=='default',2=='initialization'
  0.0300000000000000 # Attribute 'small_contrib_threshold' of the grid.
  0.3330000000000000 # Attribute 'damping_power' of the grid.
 # binID   n_entries weight   weight_sqr   abs_weight
    1   2537   1.883179513677427E-005   1.339377794128264E-008   1.883179513677427E-005
    2   179   1.450498826421235E-006   4.714571906861148E-011   1.450498826421235E-006
    3   383   2.926883234943542E-006   4.487631223775994E-010   2.926883234943542E-006
    4   83   6.170899394563650E-008   5.824505015029793E-014   6.170899394563650E-008
    5   97   3.459346108412371E-007   3.237839398213608E-011   3.459346108412371E-007
    6   205   3.229077468730000E-067   9.249141605570000E-132   3.229077468730000E-067
    7   90   1.048106187903667E-007   1.152297653524333E-012   1.048106187903667E-007
    8   110   3.886825138090000E-066   1.432363472810000E-129   3.886825138090000E-066
    9   86   3.338784168530000E-068   2.881004910010000E-134   3.338784168530000E-068
    10   89   1.093875989401685E-007   1.201591026700000E-012   1.093875989401685E-007
    11   219   1.941598983240000E-066   6.761335948190000E-130   1.941598983240000E-066
    12   109   3.808804547740183E-007   3.537820157689541E-011   3.808804547740183E-007
    13   85   4.200914538493343E-008   1.331315548175410E-014   4.200914538493343E-008
    14   163   1.179748982441368E-006   1.720592777902748E-011   1.179748982441368E-006
    15   567   3.377180732264603E-006   3.379992254145574E-009   3.377180732264603E-006
    16   2508   1.949187982351985E-005   1.889738921338321E-008   1.949187982351985E-005
  </DiscreteSampler_grid>
  <DiscreteSampler_grid>
  grouped_processes
  1 # 1 for a reference and 2 for a running grid.
  10 # Attribute 'min_bin_probing_points' of the grid.
  1 # Attribute 'grid_mode' of the grid. 1=='default',2=='initialization'
  0.0300000000000000 # Attribute 'small_contrib_threshold' of the grid.
  0.3330000000000000 # Attribute 'damping_power' of the grid.
 # binID   n_entries weight   weight_sqr   abs_weight
    10   10   5.359122929499999E+001   7.564683055450000E+003   5.359122929499999E+001
  </DiscreteSampler_grid>
