     
 Soft #          74
 
 part:           1
 comp:           0
   1.1078616804323629        306.04678921944026        276.25000000000000     
   1.0098193263797319        278.96258891240097        276.25000000000000     
   1.0009732092439441        276.51884905363954        276.25000000000000     
   1.0000972345423407        276.27686104232163        276.25000000000000     
   1.0000097225912570        276.25268586583474        276.25000000000000     
   1.0000009722504970        276.25026858419977        276.25000000000000     
   1.0000000972249634        276.25002685839615        276.25000000000000     
   1.0000000097224955        276.25000268583938        276.25000000000000     
   1.0000000009722494        276.25000026858390        276.25000000000000     
   1.0000000000972247        276.25000002685834        276.25000000000000     
 comp:           1
   0.0000000000000000        0.0000000000000000     
   0.0000000000000000        0.0000000000000000     
   0.0000000000000000        0.0000000000000000     
   0.0000000000000000        0.0000000000000000     
   0.0000000000000000        0.0000000000000000     
   0.0000000000000000        0.0000000000000000     
   0.0000000000000000        0.0000000000000000     
   0.0000000000000000        0.0000000000000000     
   0.0000000000000000        0.0000000000000000     
   0.0000000000000000        0.0000000000000000     
 comp:           2
   0.0000000000000000        0.0000000000000000     
   0.0000000000000000        0.0000000000000000     
   0.0000000000000000        0.0000000000000000     
   0.0000000000000000        0.0000000000000000     
   0.0000000000000000        0.0000000000000000     
   0.0000000000000000        0.0000000000000000     
   0.0000000000000000        0.0000000000000000     
   0.0000000000000000        0.0000000000000000     
   0.0000000000000000        0.0000000000000000     
   0.0000000000000000        0.0000000000000000     
 comp:           3
   1.1078616804323629        306.04678921944026        276.25000000000000     
   1.0098193263797319        278.96258891240097        276.25000000000000     
   1.0009732092439441        276.51884905363954        276.25000000000000     
   1.0000972345423407        276.27686104232163        276.25000000000000     
   1.0000097225912570        276.25268586583474        276.25000000000000     
   1.0000009722504970        276.25026858419977        276.25000000000000     
   1.0000000972249634        276.25002685839615        276.25000000000000     
   1.0000000097224955        276.25000268583938        276.25000000000000     
   1.0000000009722494        276.25000026858390        276.25000000000000     
   1.0000000000972247        276.25000002685834        276.25000000000000     
 
 part:           2
 comp:           0
   1.0029330653240751        277.06025929577578        276.25000000000000     
   1.0002789446724969        276.32705846577727        276.25000000000000     
   1.0000277647361597        276.25767000836413        276.25000000000000     
   1.0000027751888150        276.25076664591012        276.25000000000000     
   1.0000002775060459        276.25007666104517        276.25000000000000     
   1.0000000277504761        276.25000766606905        276.25000000000000     
   1.0000000027750464        276.25000076660655        276.25000000000000     
   1.0000000002775045        276.25000007666063        276.25000000000000     
   1.0000000000277502        276.25000000766602        276.25000000000000     
   1.0000000000027749        276.25000000076659        276.25000000000000     
 comp:           1
   0.0000000000000000        0.0000000000000000     
   0.0000000000000000        0.0000000000000000     
   0.0000000000000000        0.0000000000000000     
   0.0000000000000000        0.0000000000000000     
   0.0000000000000000        0.0000000000000000     
   0.0000000000000000        0.0000000000000000     
   0.0000000000000000        0.0000000000000000     
   0.0000000000000000        0.0000000000000000     
   0.0000000000000000        0.0000000000000000     
   0.0000000000000000        0.0000000000000000     
 comp:           2
   0.0000000000000000        0.0000000000000000     
   0.0000000000000000        0.0000000000000000     
   0.0000000000000000        0.0000000000000000     
   0.0000000000000000        0.0000000000000000     
   0.0000000000000000        0.0000000000000000     
   0.0000000000000000        0.0000000000000000     
   0.0000000000000000        0.0000000000000000     
   0.0000000000000000        0.0000000000000000     
   0.0000000000000000        0.0000000000000000     
   0.0000000000000000        0.0000000000000000     
 comp:           3
   1.0029330653240751       -277.06025929577578       -276.25000000000000     
   1.0002789446724969       -276.32705846577727       -276.25000000000000     
   1.0000277647361597       -276.25767000836413       -276.25000000000000     
   1.0000027751888150       -276.25076664591012       -276.25000000000000     
   1.0000002775060459       -276.25007666104517       -276.25000000000000     
   1.0000000277504761       -276.25000766606905       -276.25000000000000     
   1.0000000027750464       -276.25000076660655       -276.25000000000000     
   1.0000000002775045       -276.25000007666063       -276.25000000000000     
   1.0000000000277502       -276.25000000766602       -276.25000000000000     
   1.0000000000027749       -276.25000000076659       -276.25000000000000     
 
 part:           3
 comp:           0
  0.98587844019395621        229.13660394746324        232.41871878482726     
  0.99864063427461991        232.10277674457441        232.41871878482726     
  0.99986455499418869        232.38723883011079        232.41871878482726     
  0.99998646038158023        232.41557192406131        232.41871878482726     
  0.99999864608694655        232.41840411009002        232.41871878482726     
  0.99999986460918255        232.41868731746695        232.41871878482726     
  0.99999998646092325        232.41871563809238        232.41871878482726     
  0.99999999864609257        232.41871847015383        232.41871878482726     
  0.99999999986460919        232.41871875335991        232.41871878482726     
  0.99999999998646094        232.41871878168052        232.41871878482726     
 comp:           1
  0.98072848416196345       -153.83519182520538       -156.85808489253597     
  0.99815058730505102       -156.56798955903034       -156.85808489253597     
  0.99981578081740197       -156.82918862435318       -156.85808489253597     
  0.99998158525173975       -156.85519639039009       -156.85808489253597     
  0.99999815859682362       -156.85779605356021       -156.85808489253597     
  0.99999981586039888       -156.85805600875079       -156.85808489253597     
  0.99999998158604708       -156.85808200415858       -156.85808489253597     
  0.99999999815860496       -156.85808460369827       -156.85808489253597     
  0.99999999981586052       -156.85808486365221       -156.85808489253597     
  0.99999999998158595       -156.85808488964759       -156.85808489253597     
 comp:           2
  0.97656485841742413       -108.86899934143037       -111.48158609542682     
  0.99775102027702478       -111.23086626881309       -111.48158609542682     
  0.99977598012202606       -111.45661200411338       -111.48158609542682     
  0.99997760673128611       -111.47908965831273       -111.48158609542682     
  0.99999776076025815       -111.48133646142875       -111.48158609542682     
  0.99999977607689705       -111.48156113212414       -111.48158609542682     
  0.99999997760769854       -111.48158359909753       -111.48158609542682     
  0.99999999776077020       -111.48158584579393       -111.48158609542682     
  0.99999999977607690       -111.48158607046352       -111.48158609542682     
  0.99999999997760769       -111.48158609293048       -111.48158609542682     
 comp:           3
   1.0000000000000000        36.889808986690753        36.889808986690753     
   1.0000000000000000        36.889808986690753        36.889808986690753     
   1.0000000000000000        36.889808986690753        36.889808986690753     
   1.0000000000000000        36.889808986690753        36.889808986690753     
   1.0000000000000000        36.889808986690753        36.889808986690753     
   1.0000000000000000        36.889808986690753        36.889808986690753     
   1.0000000000000000        36.889808986690753        36.889808986690753     
   1.0000000000000000        36.889808986690753        36.889808986690753     
   1.0000000000000000        36.889808986690753        36.889808986690753     
   1.0000000000000000        36.889808986690753        36.889808986690753     
 
 part:           4
 comp:           0
  0.99261031723130844        79.326225368850515        79.916785058325246     
  0.99928249356567156        79.859444250835054        79.916785058325246     
  0.99992845114335305        79.911067103727419        79.916785058325246     
  0.99999284712023495        79.916213423170518        79.916785058325246     
  0.99999928473207078        79.916727896411885        79.916785058325246     
  0.99999992847340757        79.916779342149937        79.916785058325246     
  0.99999999284734287        79.916784486707883        79.916785058325246     
  0.99999999928473438        79.916785001163518        79.916785058325246     
  0.99999999992847344        79.916785052609072        79.916785058325246     
  0.99999999999284739        79.916785057753629        79.916785058325246     
 comp:           1
  0.98440168125930161       -65.819405640388325       -66.862345822274975     
  0.99850766788403322       -66.762564996255520       -66.862345822274975     
  0.99985139243192511       -66.852409571666541       -66.862345822274975     
  0.99998514545432005       -66.861352612504689       -66.862345822274975     
  0.99999851460749845       -66.862246505447857       -66.862345822274975     
  0.99999985146137049       -66.862335890633759       -66.862345822274975     
  0.99999998514614319       -66.862344829111265       -66.862345822274975     
  0.99999999851461441       -66.862345722958608       -66.862345822274975     
  0.99999999985146137       -66.862345812343335       -66.862345822274975     
  0.99999999998514610       -66.862345821281806       -66.862345822274975     
 comp:           2
   1.0373348520337631        25.044471477229902        24.143092684226865     
   1.0035719233374476        24.229329960423815        24.143092684226865     
   1.0003556948448999        24.151680257834585        24.143092684226865     
   1.0000355546180464        24.143951082665708        24.143092684226865     
   1.0000035553132476        24.143178520484124        24.143092684226865     
   1.0000003555298391        24.143101267816725        24.143092684226865     
   1.0000000355529690        24.143093542585490        24.143092684226865     
   1.0000000035552965        24.143092770062719        24.143092684226865     
   1.0000000003555298        24.143092692810452        24.143092684226865     
   1.0000000000355529        24.143092685085222        24.143092684226865     
 comp:           3
   1.0000000000000000       -36.513426583133729       -36.513426583133729     
   1.0000000000000000       -36.513426583133729       -36.513426583133729     
   1.0000000000000000       -36.513426583133729       -36.513426583133729     
   1.0000000000000000       -36.513426583133729       -36.513426583133729     
   1.0000000000000000       -36.513426583133729       -36.513426583133729     
   1.0000000000000000       -36.513426583133729       -36.513426583133729     
   1.0000000000000000       -36.513426583133729       -36.513426583133729     
   1.0000000000000000       -36.513426583133729       -36.513426583133729     
   1.0000000000000000       -36.513426583133729       -36.513426583133729     
   1.0000000000000000       -36.513426583133729       -36.513426583133729     
 
 part:           5
 comp:           0
   1.0164698910250205        244.11997923662972        240.16449615684749     
   1.0015574146664363        240.53853186551947        240.16449615684749     
   1.0001549161957684        240.20170152695073        240.16449615684749     
   1.0000154834312354        240.16821472730894        240.16449615684749     
   1.0000015482613041        240.16486799424348        240.16449615684749     
   1.0000001548253121        240.16453334039059        240.16449615684749     
   1.0000000154825230        240.16449987519985        240.16449615684749     
   1.0000000015482524        240.16449652868278        240.16449615684749     
   1.0000000001548253        240.16449619403102        240.16449615684749     
   1.0000000000154825        240.16449616056585        240.16449615684749     
 comp:           1
   1.0141773127942839        226.89218523952675        223.72043071481096     
   1.0013418566976577        224.02063147316852        223.72043071481096     
   1.0001334863524500        223.75029433907562        223.72043071481096     
   1.0000133416963677        223.72341552486878        223.72043071481096     
   1.0000013341003018        223.72072918030511        223.72043071481096     
   1.0000001334093369        223.72046056120527        223.72043071481096     
   1.0000000133409268        223.72043369944885        223.72043071481096     
   1.0000000013340928        223.72043101327478        223.72043071481096     
   1.0000000001334093        223.72043074465734        223.72043071481096     
   1.0000000000133409        223.72043071779561        223.72043071481096     
 comp:           2
   1.0313864218818762        90.079736211931333        87.338493411199948     
   1.0029706673633307        87.597947023139071        87.338493411199948     
   1.0002955185537812        87.364303556462261        87.338493411199948     
   1.0000295364937553        87.341073084065172        87.338493411199948     
   1.0000029534958785        87.338751365080284        87.338493411199948     
   1.0000002953480531        87.338519206453938        87.338493411199948     
   1.0000000295347899        87.338495990724013        87.338493411199948     
   1.0000000029534792        87.338493669152371        87.338493411199948     
   1.0000000002953480        87.338493436995194        87.338493411199948     
   1.0000000000295348        87.338493413779474        87.338493411199948     
 comp:           3
   1.0000000000000000      -0.37638240355704511      -0.37638240355704511     
   1.0000000000000000      -0.37638240355704511      -0.37638240355704511     
   1.0000000000000000      -0.37638240355704511      -0.37638240355704511     
   1.0000000000000000      -0.37638240355704511      -0.37638240355704511     
   1.0000000000000000      -0.37638240355704511      -0.37638240355704511     
   1.0000000000000000      -0.37638240355704511      -0.37638240355704511     
   1.0000000000000000      -0.37638240355704511      -0.37638240355704511     
   1.0000000000000000      -0.37638240355704511      -0.37638240355704511     
   1.0000000000000000      -0.37638240355704511      -0.37638240355704511     
   1.0000000000000000      -0.37638240355704511      -0.37638240355704511     
 
 part:           6
 comp:           0
   30.524239962272713        0.0000000000000000     
   2.7888945172493265        0.0000000000000000     
  0.27651160121447244        0.0000000000000000     
   2.7627613691076604E-002   0.0000000000000000     
   2.7625261345919643E-003   0.0000000000000000     
   2.7625026134360113E-004   0.0000000000000000     
   2.7625002613433698E-005   0.0000000000000000     
   2.7625000261343349E-006   0.0000000000000000     
   2.7625000026134334E-007   0.0000000000000000     
   2.7625000002613438E-008   0.0000000000000000     
 comp:           1
  -7.2375877739330488       -0.0000000000000000     
 -0.69007691788264469       -0.0000000000000000     
  -6.8696143055890849E-002  -0.0000000000000000     
  -6.8665219739871622E-003  -0.0000000000000000     
  -6.8662129704555612E-004  -0.0000000000000000     
  -6.8661820723967763E-005  -0.0000000000000000     
  -6.8661789826138403E-006  -0.0000000000000000     
  -6.8661786736357760E-007  -0.0000000000000000     
  -6.8661786427379712E-008  -0.0000000000000000     
  -6.8661786396481919E-009  -0.0000000000000000     
 comp:           2
  -6.2552083477308713       -0.0000000000000000     
 -0.59641071474981200       -0.0000000000000000     
  -5.9371810183465365E-002  -0.0000000000000000     
  -5.9345084181578432E-003  -0.0000000000000000     
  -5.9342413565993907E-004  -0.0000000000000000     
  -5.9342146524264973E-005  -0.0000000000000000     
  -5.9342119820290366E-006  -0.0000000000000000     
  -5.9342117149894882E-007  -0.0000000000000000     
  -5.9342116882855354E-008  -0.0000000000000000     
  -5.9342116856151414E-009  -0.0000000000000000     
 comp:           3
   28.986529923664527        0.0000000000000000     
   2.6355304466237075        0.0000000000000000     
  0.26117904527540980        0.0000000000000000     
   2.6094396411469808E-002   0.0000000000000000     
   2.6092047895792600E-003   0.0000000000000000     
   2.6091813067161563E-004   0.0000000000000000     
   2.6091789584527801E-005   0.0000000000000000     
   2.6091787236266718E-006   0.0000000000000000     
   2.6091787001440632E-007   0.0000000000000000     
   2.6091786977958030E-008   0.0000000000000000     
 
 part: i_fks reduced
 comp:           0
   1.1049498628877001        305.24239962272713        276.25000000000000     
   1.0095545763798466        278.88945172493260        276.25000000000000     
   1.0009469727220721        276.51160121447242        276.25000000000000     
   1.0000946132516417        276.27613691076601        276.25000000000000     
   1.0000094604857790        276.25261345919643        276.25000000000000     
   1.0000009460401849        276.25026134360110        276.25000000000000     
   1.0000000946039345        276.25002613433691        276.25000000000000     
   1.0000000094603925        276.25000261343342        276.25000000000000     
   1.0000000009460390        276.25000026134330        276.25000000000000     
   1.0000000000946039        276.25000002613433        276.25000000000000     
 comp:           1
   1.0540925533894596       -72.375877739330477       -68.661786393048814     
   1.0050378152592119       -69.007691788264466       -68.661786393048814     
   1.0005003753127737       -68.696143055890843       -68.661786393048814     
   1.0000500037503124       -68.665219739871617       -68.661786393048814     
   1.0000050000375003       -68.662129704555610       -68.661786393048814     
   1.0000005000003749       -68.661820723967750       -68.661786393048814     
   1.0000000500000037       -68.661789826138389       -68.661786393048814     
   1.0000000050000000       -68.661786736357740       -68.661786393048814     
   1.0000000004999998       -68.661786427379695       -68.661786393048814     
   1.0000000000500000       -68.661786396481901       -68.661786393048814     
 comp:           2
   1.0540925533894596       -62.552083477308713       -59.342116853184287     
   1.0050378152592121       -59.641071474981203       -59.342116853184287     
   1.0005003753127739       -59.371810183465364       -59.342116853184287     
   1.0000500037503126       -59.345084181578429       -59.342116853184287     
   1.0000050000375003       -59.342413565993901       -59.342116853184287     
   1.0000005000003749       -59.342146524264962       -59.342116853184287     
   1.0000000500000039       -59.342119820290357       -59.342116853184287     
   1.0000000050000000       -59.342117149894875       -59.342116853184287     
   1.0000000005000000       -59.342116882855343       -59.342116853184287     
   1.0000000000500000       -59.342116856151392       -59.342116853184287     
 comp:           3
   1.1109446030297041        289.86529923664528        260.91786975348845     
   1.0100996336945873        263.55304466237072        260.91786975348845     
   1.0010009874837937        261.17904527540981        260.91786975348845     
   1.0001000098660713        260.94396411469808        260.91786975348845     
   1.0000100000986518        260.92047895792598        260.91786975348845     
   1.0000010000009865        260.91813067161559        260.91786975348845     
   1.0000001000000098        260.91789584527800        260.91786975348845     
   1.0000000099999999        260.91787236266714        260.91786975348845     
   1.0000000009999999        260.91787001440628        260.91786975348845     
   1.0000000000999998        260.91786977958020        260.91786975348845     
 
 part: i_fks full/reduced
 comp:           0
   9.9999999999999992E-002   30.524239962272713        305.24239962272713     
   1.0000000000000002E-002   2.7888945172493265        278.88945172493260     
   1.0000000000000000E-003  0.27651160121447244        276.51160121447242     
   1.0000000000000000E-004   2.7627613691076604E-002   276.27613691076601     
   1.0000000000000001E-005   2.7625261345919643E-003   276.25261345919643     
   1.0000000000000002E-006   2.7625026134360113E-004   276.25026134360110     
   1.0000000000000002E-007   2.7625002613433698E-005   276.25002613433691     
   1.0000000000000002E-008   2.7625000261343349E-006   276.25000261343342     
   1.0000000000000001E-009   2.7625000026134334E-007   276.25000026134330     
   1.0000000000000002E-010   2.7625000002613438E-008   276.25000002613433     
 comp:           1
  0.10000000000000002       -7.2375877739330488       -72.375877739330477     
   1.0000000000000000E-002 -0.69007691788264469       -69.007691788264466     
   1.0000000000000000E-003  -6.8696143055890849E-002  -68.696143055890843     
   1.0000000000000000E-004  -6.8665219739871622E-003  -68.665219739871617     
   1.0000000000000001E-005  -6.8662129704555612E-004  -68.662129704555610     
   1.0000000000000002E-006  -6.8661820723967763E-005  -68.661820723967750     
   1.0000000000000002E-007  -6.8661789826138403E-006  -68.661789826138389     
   1.0000000000000004E-008  -6.8661786736357760E-007  -68.661786736357740     
   1.0000000000000003E-009  -6.8661786427379712E-008  -68.661786427379695     
   1.0000000000000003E-010  -6.8661786396481919E-009  -68.661786396481901     
 comp:           2
  0.10000000000000001       -6.2552083477308713       -62.552083477308713     
   1.0000000000000000E-002 -0.59641071474981200       -59.641071474981203     
   1.0000000000000000E-003  -5.9371810183465365E-002  -59.371810183465364     
   1.0000000000000000E-004  -5.9345084181578432E-003  -59.345084181578429     
   1.0000000000000001E-005  -5.9342413565993907E-004  -59.342413565993901     
   1.0000000000000002E-006  -5.9342146524264973E-005  -59.342146524264962     
   1.0000000000000002E-007  -5.9342119820290366E-006  -59.342119820290357     
   1.0000000000000002E-008  -5.9342117149894882E-007  -59.342117149894875     
   1.0000000000000003E-009  -5.9342116882855354E-008  -59.342116882855343     
   1.0000000000000004E-010  -5.9342116856151414E-009  -59.342116856151392     
 comp:           3
   9.9999999999999992E-002   28.986529923664527        289.86529923664528     
   1.0000000000000000E-002   2.6355304466237075        263.55304466237072     
   1.0000000000000000E-003  0.26117904527540980        261.17904527540981     
   1.0000000000000000E-004   2.6094396411469808E-002   260.94396411469808     
   1.0000000000000001E-005   2.6092047895792600E-003   260.92047895792598     
   1.0000000000000002E-006   2.6091813067161563E-004   260.91813067161559     
   1.0000000000000001E-007   2.6091789584527801E-005   260.91789584527800     
   1.0000000000000002E-008   2.6091787236266718E-006   260.91787236266714     
   1.0000000000000003E-009   2.6091787001440632E-007   260.91787001440628     
   1.0000000000000004E-010   2.6091786977958030E-008   260.91786977958020     
     
 Collinear #           8
 
 part:           1
 comp:           0
   1.0000153426204961        276.25423839891209        276.25000000000006     
   1.0000014701066267        276.25040611695567        276.25000000000006     
   1.0000001463982831        276.25004044252574        276.25000000000006     
   1.0000000146337320        276.25000404256855        276.25000000000006     
   1.0000000014633119        276.25000040423998        276.25000000000006     
   1.0000000001463303        276.25000004042380        276.25000000000006     
   1.0000000000146327        276.25000000404236        276.25000000000006     
   1.0000000000014633        276.25000000040427        276.25000000000006     
   1.0000000000001459        276.25000000004036        276.25000000000006     
   1.0000000000000144        276.25000000000404        276.25000000000006     
 comp:           1
   0.0000000000000000        0.0000000000000000     
   0.0000000000000000        0.0000000000000000     
   0.0000000000000000        0.0000000000000000     
   0.0000000000000000        0.0000000000000000     
   0.0000000000000000        0.0000000000000000     
   0.0000000000000000        0.0000000000000000     
   0.0000000000000000        0.0000000000000000     
   0.0000000000000000        0.0000000000000000     
   0.0000000000000000        0.0000000000000000     
   0.0000000000000000        0.0000000000000000     
 comp:           2
   0.0000000000000000        0.0000000000000000     
   0.0000000000000000        0.0000000000000000     
   0.0000000000000000        0.0000000000000000     
   0.0000000000000000        0.0000000000000000     
   0.0000000000000000        0.0000000000000000     
   0.0000000000000000        0.0000000000000000     
   0.0000000000000000        0.0000000000000000     
   0.0000000000000000        0.0000000000000000     
   0.0000000000000000        0.0000000000000000     
   0.0000000000000000        0.0000000000000000     
 comp:           3
   1.0000153426204961        276.25423839891209        276.25000000000006     
   1.0000014701066267        276.25040611695567        276.25000000000006     
   1.0000001463982831        276.25004044252574        276.25000000000006     
   1.0000000146337320        276.25000404256855        276.25000000000006     
   1.0000000014633119        276.25000040423998        276.25000000000006     
   1.0000000001463303        276.25000004042380        276.25000000000006     
   1.0000000000146327        276.25000000404236        276.25000000000006     
   1.0000000000014633        276.25000000040427        276.25000000000006     
   1.0000000000001459        276.25000000004036        276.25000000000006     
   1.0000000000000144        276.25000000000404        276.25000000000006     
 
 part:           2
 comp:           0
  0.99999884644606662        276.33054069897190        276.33085946152175     
  0.99999988989584943        276.33082903634721        276.33085946152175     
  0.99999998903949650        276.33085643279639        276.33085946152175     
  0.99999999890444602        276.33085915878638        276.33085946152175     
  0.99999999989044930        276.33085943124951        276.33085946152175     
  0.99999999998904465        276.33085945849444        276.33085946152175     
  0.99999999999890421        276.33085946121895        276.33085946152175     
  0.99999999999989020        276.33085946149140        276.33085946152175     
  0.99999999999998823        276.33085946151851        276.33085946152175     
  0.99999999999999856        276.33085946152136        276.33085946152175     
 comp:           1
   0.0000000000000000        0.0000000000000000     
   0.0000000000000000        0.0000000000000000     
   0.0000000000000000        0.0000000000000000     
   0.0000000000000000        0.0000000000000000     
   0.0000000000000000        0.0000000000000000     
   0.0000000000000000        0.0000000000000000     
   0.0000000000000000        0.0000000000000000     
   0.0000000000000000        0.0000000000000000     
   0.0000000000000000        0.0000000000000000     
   0.0000000000000000        0.0000000000000000     
 comp:           2
   0.0000000000000000        0.0000000000000000     
   0.0000000000000000        0.0000000000000000     
   0.0000000000000000        0.0000000000000000     
   0.0000000000000000        0.0000000000000000     
   0.0000000000000000        0.0000000000000000     
   0.0000000000000000        0.0000000000000000     
   0.0000000000000000        0.0000000000000000     
   0.0000000000000000        0.0000000000000000     
   0.0000000000000000        0.0000000000000000     
   0.0000000000000000        0.0000000000000000     
 comp:           3
  0.99999884644606662       -276.33054069897190       -276.33085946152175     
  0.99999988989584943       -276.33082903634721       -276.33085946152175     
  0.99999998903949650       -276.33085643279639       -276.33085946152175     
  0.99999999890444602       -276.33085915878638       -276.33085946152175     
  0.99999999989044930       -276.33085943124951       -276.33085946152175     
  0.99999999998904465       -276.33085945849444       -276.33085946152175     
  0.99999999999890421       -276.33085946121895       -276.33085946152175     
  0.99999999999989020       -276.33085946149140       -276.33085946152175     
  0.99999999999998823       -276.33085946151851       -276.33085946152175     
  0.99999999999999856       -276.33085946152136       -276.33085946152175     
 
 part:           3
 comp:           0
  0.99998195002275470        148.39920044033678        148.40187909087754     
  0.99999440222008695        148.40104836981970        148.40187909087754     
  0.99999823317094350        148.40161689012552        148.40187909087754     
  0.99999944138186558        148.40179619089670        148.40187909087754     
  0.99999982335235194        148.40185287603464        148.40187909087754     
  0.99999994413916948        148.40187080102532        148.40187909087754     
  0.99999998233525333        148.40187646939594        148.40187909087754     
  0.99999999441391629        148.40187826189222        148.40187909087754     
  0.99999999823352526        148.40187882872937        148.40187909087754     
  0.99999999944139162        148.40187900797901        148.40187909087754     
 comp:           1
   1.0000228752087847       -62.643778139983844       -62.642345183259010     
   1.0000070936509227       -62.642789546188716       -62.642345183259010     
   1.0000022389167262       -62.642485434253409       -62.642345183259010     
   1.0000007078725957       -62.642389526058487       -62.642345183259010     
   1.0000002238447299       -62.642359205417840       -62.642345183259010     
   1.0000000707857877       -62.642349617446754       -62.642345183259010     
   1.0000000223844276       -62.642346585472055       -62.642345183259010     
   1.0000000070785775       -62.642345626677702       -62.642345183259010     
   1.0000000022384428       -62.642345323480313       -62.642345183259010     
   1.0000000007078578       -62.642345227600885       -62.642345183259010     
 comp:           2
  0.99980209915408436       -49.613526901984862       -49.623347404413359     
  0.99993863052654808       -49.620302045712229       -49.623347404413359     
  0.99998063040568475       -49.622386220305572       -49.623347404413359     
  0.99999387596472800       -49.623043509283541       -49.623347404413359     
  0.99999806344668662       -49.623251306155524       -49.623347404413359     
  0.99999938760920659       -49.623317015532272       -49.623347404413359     
  0.99999980634506092       -49.623337794607039       -49.623347404413359     
  0.99999993876093207       -49.623344365525817       -49.623347404413359     
  0.99999998063450657       -49.623346443432752       -49.623347404413359     
  0.99999999387609295       -49.623347100524590       -49.623347404413359     
 comp:           3
   1.0000000000000000       -3.4026019493565851       -3.4026019493565851     
   1.0000000000000000       -3.4026019493565851       -3.4026019493565851     
   1.0000000000000000       -3.4026019493565851       -3.4026019493565851     
   1.0000000000000000       -3.4026019493565851       -3.4026019493565851     
   1.0000000000000000       -3.4026019493565851       -3.4026019493565851     
   1.0000000000000000       -3.4026019493565851       -3.4026019493565851     
   1.0000000000000000       -3.4026019493565851       -3.4026019493565851     
   1.0000000000000000       -3.4026019493565851       -3.4026019493565851     
   1.0000000000000000       -3.4026019493565851       -3.4026019493565851     
   1.0000000000000000       -3.4026019493565851       -3.4026019493565851     
 
 part:           4
 comp:           0
  0.99999445137343579        231.68159324563010        231.68287876740570     
  0.99999827889139548        231.68248001600952        231.68287876740570     
  0.99999945673377488        231.68275290192273        231.68287876740570     
  0.99999982823237421        231.68283897178767        231.68287876740570     
  0.99999994568288353        231.68286618305979        231.68287876740570     
  0.99999998282340641        231.68287478788304        231.68287876740570     
  0.99999999456828059        231.68287750896931        231.68287876740570     
  0.99999999828233932        231.68287836945314        231.68287876740570     
  0.99999999945682783        231.68287864156201        231.68287876740570     
  0.99999999982823384        231.68287872761042        231.68287876740570     
 comp:           1
  0.99999025565342492        229.57964309854890        229.58188022395717     
  0.99999697827042189        229.58118648959911        229.58188022395717     
  0.99999904627504321        229.58166126598837        229.58188022395717     
  0.99999969846333703        229.58181099660314        229.58188022395717     
  0.99999990464755339        229.58185833276320        229.58188022395717     
  0.99999996984696593        229.58187330136693        229.58188022395717     
  0.99999999046477517        229.58187803484233        229.58188022395717     
  0.99999999698469721        229.58187953169829        229.58188022395717     
  0.99999999904647752        229.58188000504569        229.58188022395717     
  0.99999999969846964        229.58188015473127        229.58188022395717     
 comp:           2
   1.0010900105999359        14.080995810131801        14.065664087181636     
   1.0003380131489437        14.070418466591729        14.065664087181636     
   1.0001066844558830        14.067164674901409        14.065664087181636     
   1.0000337301384237        14.066138523978317        14.065664087181636     
   1.0000106662028849        14.065814114408502        14.065664087181636     
   1.0000033729431199        14.065711529866546        14.065664087181636     
   1.0000010666180696        14.065679089873113        14.065664087181636     
   1.0000003372942441        14.065668831449171        14.065664087181636     
   1.0000001066618036        14.065665587450736        14.065664087181636     
   1.0000000337294257        14.065664561608408        14.065664087181636     
 comp:           3
   1.0000000000000000        27.771814499084304        27.771814499084304     
   1.0000000000000000        27.771814499084304        27.771814499084304     
   1.0000000000000000        27.771814499084304        27.771814499084304     
   1.0000000000000000        27.771814499084304        27.771814499084304     
   1.0000000000000000        27.771814499084304        27.771814499084304     
   1.0000000000000000        27.771814499084304        27.771814499084304     
   1.0000000000000000        27.771814499084304        27.771814499084304     
   1.0000000000000000        27.771814499084304        27.771814499084304     
   1.0000000000000000        27.771814499084304        27.771814499084304     
   1.0000000000000000        27.771814499084304        27.771814499084304     
 
 part:           5
 comp:           0
   1.0000229991721314        172.41920754954887        172.41524214171676     
   1.0000071315693935        172.41647173298060        172.41524214171676     
   1.0000022508338919        172.41563021978726        172.41524214171676     
   1.0000007116353540        172.41536483849862        172.41524214171676     
   1.0000002250340900        172.41528094102387        172.41524214171676     
   1.0000000711618453        172.41525441110355        172.41524214171676     
   1.0000000225033425        172.41524602163599        172.41524214171676     
   1.0000000071161814        172.41524336865490        172.41524214171676     
   1.0000000022503339        172.41524252970862        172.41524214171676     
   1.0000000007116181        172.41524226441058        172.41524214171676     
 comp:           1
   1.0000099728444534       -166.94119990271423       -166.93953504069816     
   1.0000030925564967       -166.94005131064179       -166.93953504069816     
   1.0000009760765483       -166.93969798646330       -166.93953504069816     
   1.0000003086032108       -166.93958655877469       -166.93953504069816     
   1.0000000975870131       -166.93955133182877       -166.93953504069816     
   1.0000000308596617       -166.93954019239575       -166.93953504069816     
   1.0000000097586799       -166.93953666980764       -166.93953504069816     
   1.0000000030859655       -166.93953555586779       -166.93953504069816     
   1.0000000009758678       -166.93953520360910       -166.93953504069816     
   1.0000000003085965       -166.93953509221512       -166.93953504069816     
 comp:           2
   1.0003208820471523        35.569093139446551        35.557683317231721     
   1.0000995047966741        35.561221477280405        35.557683317231721     
   1.0000314058283426        35.558800035730243        35.557683317231721     
   1.0000099294870699        35.558036386788451        35.557683317231721     
   1.0000031399186780        35.557794965465710        35.557683317231721     
   1.0000009929274933        35.557718623433082        35.557683317231721     
   1.0000003139911753        35.557694482030499        35.557683317231721     
   1.0000000992927258        35.557686847851024        35.557683317231721     
   1.0000000313991160        35.557684433711543        35.557683317231721     
   1.0000000099292730        35.557683670293663        35.557683317231721     
 comp:           3
   1.0000000000000000       -24.369212549727735       -24.369212549727735     
   1.0000000000000000       -24.369212549727735       -24.369212549727735     
   1.0000000000000000       -24.369212549727735       -24.369212549727735     
   1.0000000000000000       -24.369212549727735       -24.369212549727735     
   1.0000000000000000       -24.369212549727735       -24.369212549727735     
   1.0000000000000000       -24.369212549727735       -24.369212549727735     
   1.0000000000000000       -24.369212549727735       -24.369212549727735     
   1.0000000000000000       -24.369212549727735       -24.369212549727735     
   1.0000000000000000       -24.369212549727735       -24.369212549727735     
   1.0000000000000000       -24.369212549727735       -24.369212549727735     
 
 part:           6
 comp:           0
   1.0484593982296762        8.4777862368163925E-002   8.0859461521649162E-002
   1.0046447622121244        8.1235034493017638E-002   8.0859461521649162E-002
   1.0004625552089936        8.0896863486772413E-002   8.0859461521649162E-002
   1.0000462363974469        8.0863200171849420E-002   8.0859461521649162E-002
   1.0000046234485966        8.0859835371213065E-002   8.0859461521649162E-002
   1.0000004623429477        8.0859498906450944E-002   8.0859461521649162E-002
   1.0000000462342755        8.0859465260127786E-002   8.0859461521649162E-002
   1.0000000046234276        8.0859461895497031E-002   8.0859461521649162E-002
   1.0000000004623417        8.0859461559033868E-002   8.0859461521649162E-002
   1.0000000000462337        8.0859461525387588E-002   8.0859461521649162E-002
 comp:           1
   5.3349441491731360E-003   0.0000000000000000     
   1.6543672314156797E-003   0.0000000000000000     
   5.2215472832012018E-004   0.0000000000000000     
   1.6508823002609737E-004   0.0000000000000000     
   5.2204483416182603E-005   0.0000000000000000     
   1.6508475584515347E-005   0.0000000000000000     
   5.2204373543342974E-006   0.0000000000000000     
   1.6508472147036073E-006   0.0000000000000000     
   5.2204371732270337E-007   0.0000000000000000     
   1.6508472758740034E-007   0.0000000000000000     
 comp:           2
  -3.6562047593493310E-002  -0.0000000000000000     
  -1.1337898159910582E-002  -0.0000000000000000     
  -3.5784903260827434E-003  -0.0000000000000000     
  -1.1314014832330078E-003  -0.0000000000000000     
  -3.5777371869057540E-004  -0.0000000000000000     
  -1.1313776735799977E-004  -0.0000000000000000     
  -3.5777296569750189E-005  -0.0000000000000000     
  -1.1313774379987485E-005  -0.0000000000000000     
  -3.5777295328565231E-006  -0.0000000000000000     
  -1.1313774799207418E-006  -0.0000000000000000     
 comp:           3
  0.94364096203317205       -7.6302300059773273E-002  -8.0859461521649162E-002
  0.99460122387810790       -8.0422919391557032E-002  -8.0859461521649162E-002
  0.99946238510377849       -8.0815990270634672E-002  -8.0859461521649162E-002
  0.99994626103395323       -8.0855116217791886E-002  -8.0859461521649162E-002
  0.99999462632852831       -8.0859027009467566E-002  -8.0859461521649162E-002
  0.99999946263510331       -8.0859418070612976E-002  -8.0859461521649162E-002
  0.99999994626353261       -8.0859457176547342E-002  -8.0859461521649162E-002
  0.99999999462635369       -8.0859461087139012E-002  -8.0859461521649162E-002
  0.99999999946263429       -8.0859461478198058E-002  -8.0859461521649162E-002
  0.99999999994626299       -8.0859461517304013E-002  -8.0859461521649162E-002
 
 part: i_fks+j_fks
 comp:           0
   1.0000130227412598        276.41531856134009        276.41171892304340     
   1.0000012486728067        276.41206407084024        276.41171892304340     
   1.0000001243552188        276.41175329628317        276.41171892304340     
   1.0000000124304238        276.41172235895823        276.41171892304340     
   1.0000000012429910        276.41171926662071        276.41171892304340     
   1.0000000001242983        276.41171895740092        276.41171892304340     
   1.0000000000124296        276.41171892647907        276.41171892304340     
   1.0000000000012428        276.41171892338690        276.41171892304340     
   1.0000000000001237        276.41171892307756        276.41171892304340     
   1.0000000000000122        276.41171892304675        276.41171892304340     
 comp:           1
   5.3349441491731360E-003   0.0000000000000000     
   1.6543672314156797E-003   0.0000000000000000     
   5.2215472832012018E-004   0.0000000000000000     
   1.6508823002609737E-004   0.0000000000000000     
   5.2204483416182603E-005   0.0000000000000000     
   1.6508475584515347E-005   0.0000000000000000     
   5.2204373543342974E-006   0.0000000000000000     
   1.6508472147036073E-006   0.0000000000000000     
   5.2204371732270337E-007   0.0000000000000000     
   1.6508472758740034E-007   0.0000000000000000     
 comp:           2
  -3.6562047593493310E-002   0.0000000000000000     
  -1.1337898159910582E-002   0.0000000000000000     
  -3.5784903260827434E-003   0.0000000000000000     
  -1.1314014832330078E-003   0.0000000000000000     
  -3.5777371869057540E-004   0.0000000000000000     
  -1.1313776735799977E-004   0.0000000000000000     
  -3.5777296569750189E-005   0.0000000000000000     
  -1.1313774379987485E-005   0.0000000000000000     
  -3.5777295328565231E-006   0.0000000000000000     
  -1.1313774799207418E-006   0.0000000000000000     
 comp:           3
  0.99998235992297746       -276.40684299903165       -276.41171892304340     
  0.99999831060959909       -276.41125195573875       -276.41171892304340     
  0.99999983177277529       -276.41167242306705       -276.41171892304340     
  0.99999998318436256       -276.41171427500416       -276.41171892304340     
  0.99999999831850683       -276.41171845825897       -276.41171892304340     
  0.99999999983185095       -276.41171887656503       -276.41171892304340     
  0.99999999998318478       -276.41171891839548       -276.41171892304340     
  0.99999999999831823       -276.41171892257853       -276.41171892304340     
  0.99999999999983114       -276.41171892299673       -276.41171892304340     
  0.99999999999998290       -276.41171892303868       -276.41171892304340     
     
 Collinear #          72
 
 part:           1
 comp:           0
  0.99986186054345549        290.59659096905949        290.63673937028796     
  0.99998684584753050        290.63291629030505        290.63673937028796     
  0.99999869084116688        290.63635888063340        290.63673937028796     
  0.99999986914635730        290.63670133941190        290.63673937028796     
  0.99999998691525804        290.63673556738121        290.63673937028796     
  0.99999999869153211        290.63673898999912        290.63673937028796     
  0.99999999986915300        290.63673933225903        290.63673937028796     
  0.99999999998691536        290.63673936648507        290.63673937028796     
  0.99999999999869171        290.63673936990773        290.63673937028796     
  0.99999999999986910        290.63673937024993        290.63673937028796     
 comp:           1
   0.0000000000000000        0.0000000000000000     
   0.0000000000000000        0.0000000000000000     
   0.0000000000000000        0.0000000000000000     
   0.0000000000000000        0.0000000000000000     
   0.0000000000000000        0.0000000000000000     
   0.0000000000000000        0.0000000000000000     
   0.0000000000000000        0.0000000000000000     
   0.0000000000000000        0.0000000000000000     
   0.0000000000000000        0.0000000000000000     
   0.0000000000000000        0.0000000000000000     
 comp:           2
   0.0000000000000000        0.0000000000000000     
   0.0000000000000000        0.0000000000000000     
   0.0000000000000000        0.0000000000000000     
   0.0000000000000000        0.0000000000000000     
   0.0000000000000000        0.0000000000000000     
   0.0000000000000000        0.0000000000000000     
   0.0000000000000000        0.0000000000000000     
   0.0000000000000000        0.0000000000000000     
   0.0000000000000000        0.0000000000000000     
   0.0000000000000000        0.0000000000000000     
 comp:           3
  0.99986186054345549        290.59659096905949        290.63673937028796     
  0.99998684584753050        290.63291629030505        290.63673937028796     
  0.99999869084116688        290.63635888063340        290.63673937028796     
  0.99999986914635730        290.63670133941190        290.63673937028796     
  0.99999998691525804        290.63673556738121        290.63673937028796     
  0.99999999869153211        290.63673898999912        290.63673937028796     
  0.99999999986915300        290.63673933225903        290.63673937028796     
  0.99999999998691536        290.63673936648507        290.63673937028796     
  0.99999999999869171        290.63673936990773        290.63673937028796     
  0.99999999999986910        290.63673937024993        290.63673937028796     
 
 part:           2
 comp:           0
   1.0026694165911050        276.98742633329277        276.25000000000000     
   1.0002551911252748        276.32049654835720        276.25000000000000     
   1.0000254072343293        276.25701874848346        276.25000000000000     
   1.0000025396100083        276.25070156726480        276.25000000000000     
   1.0000002539498718        276.25007015365208        276.25000000000000     
   1.0000000253948758        276.25000701533440        276.25000000000000     
   1.0000000025394862        276.25000070153305        276.25000000000000     
   1.0000000002539486        276.25000007015331        276.25000000000000     
   1.0000000000253950        276.25000000701539        276.25000000000000     
   1.0000000000025393        276.25000000070150        276.25000000000000     
 comp:           1
   0.0000000000000000        0.0000000000000000     
   0.0000000000000000        0.0000000000000000     
   0.0000000000000000        0.0000000000000000     
   0.0000000000000000        0.0000000000000000     
   0.0000000000000000        0.0000000000000000     
   0.0000000000000000        0.0000000000000000     
   0.0000000000000000        0.0000000000000000     
   0.0000000000000000        0.0000000000000000     
   0.0000000000000000        0.0000000000000000     
   0.0000000000000000        0.0000000000000000     
 comp:           2
   0.0000000000000000        0.0000000000000000     
   0.0000000000000000        0.0000000000000000     
   0.0000000000000000        0.0000000000000000     
   0.0000000000000000        0.0000000000000000     
   0.0000000000000000        0.0000000000000000     
   0.0000000000000000        0.0000000000000000     
   0.0000000000000000        0.0000000000000000     
   0.0000000000000000        0.0000000000000000     
   0.0000000000000000        0.0000000000000000     
   0.0000000000000000        0.0000000000000000     
 comp:           3
   1.0026694165911050       -276.98742633329277       -276.25000000000000     
   1.0002551911252748       -276.32049654835720       -276.25000000000000     
   1.0000254072343293       -276.25701874848346       -276.25000000000000     
   1.0000025396100083       -276.25070156726480       -276.25000000000000     
   1.0000002539498718       -276.25007015365208       -276.25000000000000     
   1.0000000253948758       -276.25000701533440       -276.25000000000000     
   1.0000000025394862       -276.25000070153305       -276.25000000000000     
   1.0000000002539486       -276.25000007015331       -276.25000000000000     
   1.0000000000253950       -276.25000000701539       -276.25000000000000     
   1.0000000000025393       -276.25000000070150       -276.25000000000000     
 
 part:           3
 comp:           0
  0.99516749778394287        288.60702495624901        290.00849163474930     
  0.99848871619140389        289.57020649698632        290.00849163474930     
  0.99952165891896039        289.86976865935009        290.00849163474930     
  0.99984862643898298        289.96459201664538        290.00849163474930     
  0.99995211850834664        289.99460559557770        290.00849163474930     
  0.99998485717990238        290.00410008833370        290.00849163474930     
  0.99999521128144275        290.00710286570364        290.00849163474930     
  0.99999848566032012        290.00805246338291        290.00849163474930     
  0.99999952112236135        290.00835275616765        290.00849163474930     
  0.99999984856544644        290.00844771744283        290.00849163474930     
 comp:           1
  0.99483968033879111       -251.85975893840717       -253.16617734089246     
  0.99839889179503538       -252.76083089713242       -253.16617734089246     
  0.99949444710108737       -253.03818844603114       -253.16617734089246     
  0.99984013626504165       -253.12570525021761       -253.16617734089246     
  0.99994944505232120       -253.15337853804294       -253.16617734089246     
  0.99998401289239525       -253.16212994597342       -253.16617734089246     
  0.99999494440752545       -253.16489743587150       -253.16617734089246     
  0.99999840127869677       -253.16577259873148       -253.16617734089246     
  0.99999949443968128       -253.16604935011915       -253.16617734089246     
  0.99999984012775489       -253.16613686664729       -253.16617734089246     
 comp:           2
  0.88069091918003128       -22.856559145845683       -25.952986056818116     
  0.96298160564283786       -24.992248184220891       -25.952986056818116     
  0.98831137300881666       -25.649631283492585       -25.952986056818116     
  0.99630387330116188       -25.857060532138938       -25.952986056818116     
  0.99883114521299965       -25.922650784828651       -25.952986056818116     
  0.99963037035716185       -25.943393063851349       -25.952986056818116     
  0.99988311226227422       -25.949952470990706       -25.952986056818116     
  0.99996303679196286       -25.952026751195312       -25.952986056818116     
  0.99998831120145848       -25.952682697592547       -25.952986056818116     
  0.99999630367654058       -25.952890126186912       -25.952986056818116     
 comp:           3
   1.0000000000000000        60.936478283511079        60.936478283511079     
   1.0000000000000000        60.936478283511079        60.936478283511079     
   1.0000000000000000        60.936478283511079        60.936478283511079     
   1.0000000000000000        60.936478283511079        60.936478283511079     
   1.0000000000000000        60.936478283511079        60.936478283511079     
   1.0000000000000000        60.936478283511079        60.936478283511079     
   1.0000000000000000        60.936478283511079        60.936478283511079     
   1.0000000000000000        60.936478283511079        60.936478283511079     
   1.0000000000000000        60.936478283511079        60.936478283511079     
   1.0000000000000000        60.936478283511079        60.936478283511079     
 
 part:           4
 comp:           0
   1.0458754873141858        15.046738049762153        14.386739370288007     
   1.0043857502333007        14.449836015837683        14.386739370288007     
   1.0004366536112492        14.393021391988144        14.386739370288007     
   1.0000436462389477        14.387367297352242        14.386739370288007     
   1.0000043644327656        14.386802160244704        14.386739370288007     
   1.0000004364413648        14.386745649256174        14.386739370288007     
   1.0000000436441174        14.386739998184549        14.386739370288007     
   1.0000000043644117        14.386739433077661        14.386739370288007     
   1.0000000004364411        14.386739376566970        14.386739370288007     
   1.0000000000436435        14.386739370915896        14.386739370288007     
 comp:           1
  -2.4949919171771993       -0.0000000000000000     
 -0.77281872444775956       -0.0000000000000000     
 -0.24389218237708082       -0.0000000000000000     
  -7.7109891644180001E-002  -0.0000000000000000     
  -2.4383795986274125E-002  -0.0000000000000000     
  -7.7108177491645056E-003  -0.0000000000000000     
  -2.4383741775712586E-003  -0.0000000000000000     
  -7.7108160521609801E-004  -0.0000000000000000     
  -2.4383740900883752E-004  -0.0000000000000000     
  -7.7108163369629329E-005  -0.0000000000000000     
 comp:           2
  -5.9135420170975594       -0.0000000000000000     
  -1.8317077370703920       -0.0000000000000000     
 -0.57806466554017932       -0.0000000000000000     
 -0.18276315086727909       -0.0000000000000000     
  -5.7793614924535192E-002  -0.0000000000000000     
  -1.8275908804327983E-002  -0.0000000000000000     
  -5.7793486436570471E-003  -0.0000000000000000     
  -1.8275904782149963E-003  -0.0000000000000000     
  -5.7793484363081950E-004  -0.0000000000000000     
  -1.8275905457177522E-004  -0.0000000000000000     
 comp:           3
  0.94595198296792649        13.609164635766678        14.386739370288007     
  0.99483415759281635        14.312419741947874        14.386739370288007     
  0.99948569040227730        14.379340132149933        14.386739370288007     
  0.99994859167724737        14.385999772147102        14.386739370288007     
  0.99999485939398702        14.386665413729093        14.386739370288007     
  0.99999948594166077        14.386731974664659        14.386739370288007     
  0.99999994859418861        14.386738630725997        14.386739370288007     
  0.99999999485941937        14.386739296331813        14.386739370288007     
  0.99999999948594165        14.386739362892383        14.386739370288007     
  0.99999999994859357        14.386739369548437        14.386739370288007     
 
 part:           5
 comp:           0
   1.0054776680501942        263.33499993671774        261.90039650246297     
   1.0016822706791548        262.34098386035811        261.90039650246297     
   1.0005295058420720        262.03907429245197        261.90039650246297     
   1.0001672712035574        261.94420489699809        261.90039650246297     
   1.0000528807940383        261.91424600338894        261.90039650246297     
   1.0000167209480126        261.90477572537736        261.90039650246297     
   1.0000052874876104        261.90178129756464        261.90039650246297     
   1.0000016720364298        261.90083440946688        261.90039650246297     
   1.0000005287429419        261.90053498044909        261.90039650246297     
   1.0000001672030689        261.90044029301305        261.90039650246297     
 comp:           1
   1.0046806784230631        254.54551250809143        253.35961761265636     
   1.0014471310292652        253.72626217686638        253.35961761265636     
   1.0004564352572229        253.47525987489129        253.35961761265636     
   1.0001442822407667        253.39617290600532        253.35961761265636     
   1.0000456225206118        253.37117651703312        253.35961761265636     
   1.0000144268178262        253.36327278570417        253.35961761265636     
   1.0000045621333695        253.36077347302239        253.35961761265636     
   1.0000014426706103        253.35998312713053        253.35961761265636     
   1.0000004562122351        253.35973319841381        253.35961761265636     
   1.0000001442669577        253.35965416407763        253.35961761265636     
 comp:           2
   1.1102777415185092        28.298832181957849        25.488065844906505     
   1.0340947031956709        26.357073884920307        25.488065844906505     
   1.0107537080667508        25.762157064188749        25.488065844906505     
   1.0033993191189090        25.574707914437109        25.488065844906505     
   1.0010748759219763        25.515462353180943        25.488065844906505     
   1.0003398987803405        25.496729207400428        25.488065844906505     
   1.0001074847957996        25.490805424459172        25.488065844906505     
   1.0000339896148114        25.488932174446859        25.488065844906505     
   1.0000107484536207        25.488339802200120        25.488065844906505     
   1.0000033989590491        25.488152477798550        25.488065844906505     
 comp:           3
   1.0000000000000000       -61.246063961707605       -61.246063961707605     
   1.0000000000000000       -61.246063961707605       -61.246063961707605     
   1.0000000000000000       -61.246063961707605       -61.246063961707605     
   1.0000000000000000       -61.246063961707605       -61.246063961707605     
   1.0000000000000000       -61.246063961707605       -61.246063961707605     
   1.0000000000000000       -61.246063961707605       -61.246063961707605     
   1.0000000000000000       -61.246063961707605       -61.246063961707605     
   1.0000000000000000       -61.246063961707605       -61.246063961707605     
   1.0000000000000000       -61.246063961707605       -61.246063961707605     
   1.0000000000000000       -61.246063961707605       -61.246063961707605     
 
 part:           6
 comp:           0
   1.0070079744569300       0.59525435962333195       0.59111186278772720     
   1.0021562800084540       0.59238646548021634       0.59111186278772720     
   1.0006790974165674       0.59151328532664871       0.59111186278772720     
   1.0002145666518483       0.59123869568099341       0.59111186278772720     
   1.0000678366257429       0.59115196182193530       0.59111186278772720     
   1.0000214503877041       0.59112454236636047       0.59111186278772720     
   1.0000067830674557       0.59111587233936635       0.59111186278772720     
   1.0000021449802947       0.59111313071102489       0.59111186278772720     
   1.0000006783009210       0.59111226373944814       0.59111186278772720     
   1.0000002144974574       0.59111198957971878       0.59111186278772720     
 comp:           1
  0.98615273214615173      -0.19076165250706856      -0.19344027176390455     
  0.99572107467520465      -0.19261255528621868      -0.19344027176390455     
  0.99865061562179858      -0.19317924648307130      -0.19344027176390455     
  0.99957347237149985      -0.19335776414353267      -0.19344027176390455     
  0.99986513273699607      -0.19341418300389701      -0.19344027176390455     
  0.99995735230189786      -0.19343202198159357      -0.19344027176390455     
  0.99998651371533209      -0.19343766297333331      -0.19344027176390455     
  0.99999573527229324      -0.19343944679381794      -0.19344027176390455     
  0.99999865137569788      -0.19344001088565305      -0.19344027176390455     
  0.99999957352762525      -0.19344018926697248      -0.19344027176390455     
 comp:           2
   1.0136556099543963       0.47126898098539138       0.46492021191161115     
   1.0042197013790817       0.46688203637097747       0.46492021191161115     
   1.0013307077570650       0.46553888484401823       0.46492021191161115     
   1.0004206241253542       0.46511576856910597       0.46492021191161115     
   1.0001330005860101       0.46498204657224329       0.46492021191161115     
   1.0000420574178879       0.46493976525524805       0.46492021191161115     
   1.0000132996230811       0.46492639517519235       0.46492021191161115     
   1.0000042057002683       0.46492216722667107       0.46492021191161115     
   1.0000013299582009       0.46492083023605979       0.46492021191161115     
   1.0000004205696365       0.46492040744293561       0.46492021191161115     
 comp:           3
   1.0000000000000000       0.30958567819652671       0.30958567819652671     
   1.0000000000000000       0.30958567819652671       0.30958567819652671     
   1.0000000000000000       0.30958567819652671       0.30958567819652671     
   1.0000000000000000       0.30958567819652671       0.30958567819652671     
   1.0000000000000000       0.30958567819652671       0.30958567819652671     
   1.0000000000000000       0.30958567819652671       0.30958567819652671     
   1.0000000000000000       0.30958567819652671       0.30958567819652671     
   1.0000000000000000       0.30958567819652671       0.30958567819652671     
   1.0000000000000000       0.30958567819652671       0.30958567819652671     
   1.0000000000000000       0.30958567819652671       0.30958567819652671     
 
 part: i_fks+j_fks
 comp:           0
   1.0020321395612068        305.64332901882165        305.02347874057597     
   1.0001943246002292        305.08275230614271        305.02347874057597     
   1.0000193477960122        305.02938027262155        305.02347874057597     
   1.0000019339369894        305.02406863676413        305.02347874057597     
   1.0000001933852771        305.02353772762592        305.02347874057597     
   1.0000000193384435        305.02348463925529        305.02347874057597     
   1.0000000019338433        305.02347933044359        305.02347874057597     
   1.0000000001933844        305.02347879956272        305.02347874057597     
   1.0000000000193388        305.02347874647472        305.02347874057597     
   1.0000000000019338        305.02347874116583        305.02347874057597     
 comp:           1
  -2.4949919171771993        0.0000000000000000     
 -0.77281872444775956        0.0000000000000000     
 -0.24389218237708082        0.0000000000000000     
  -7.7109891644180001E-002   0.0000000000000000     
  -2.4383795986274125E-002   0.0000000000000000     
  -7.7108177491645056E-003   0.0000000000000000     
  -2.4383741775712586E-003   0.0000000000000000     
  -7.7108160521609801E-004   0.0000000000000000     
  -2.4383740900883752E-004   0.0000000000000000     
  -7.7108163369629329E-005   0.0000000000000000     
 comp:           2
  -5.9135420170975594        0.0000000000000000     
  -1.8317077370703920        0.0000000000000000     
 -0.57806466554017932        0.0000000000000000     
 -0.18276315086727909        0.0000000000000000     
  -5.7793614924535192E-002   0.0000000000000000     
  -1.8275908804327983E-002   0.0000000000000000     
  -5.7793486436570471E-003   0.0000000000000000     
  -1.8275904782149963E-003   0.0000000000000000     
  -5.7793484363081950E-004   0.0000000000000000     
  -1.8275905457177522E-004   0.0000000000000000     
 comp:           3
  0.99731914690919488        304.20575560482615        305.02347874057597     
  0.99974381411999591        304.94533603225290        305.02347874057597     
  0.99997449465914967        305.01569901278333        305.02347874057597     
  0.99999745059291767        305.02270111155900        305.02347874057597     
  0.99999974507055656        305.02340098111029        305.02347874057597     
  0.99999997450716838        305.02347096466377        305.02347874057597     
  0.99999999745071766        305.02347796298500        305.02347874057597     
  0.99999999974507181        305.02347866281690        305.02347874057597     
  0.99999999997450739        305.02347873280013        305.02347874057597     
  0.99999999999745059        305.02347873979835        305.02347874057597     
