     
 Soft #          74
 ME*wgt:
   1.0157796011594784        1.8787392413678569E-013   1.8495540166620189E-013
   1.0002102572729259        1.8499428988456915E-013   1.8495540166620189E-013
  0.99999959181755260        1.8495532617065338E-013   1.8495540166620189E-013
  0.99999972942863558        1.8495535162256649E-013   1.8495540166620189E-013
  0.99999997020957410        1.8495539615630169E-013   1.8495540166620189E-013
   1.0000000020077962        1.8495540203755461E-013   1.8495540166620189E-013
   1.0000001142988395        1.8495542280638965E-013   1.8495540166620189E-013
   1.0000008593111755        1.8495556060044552E-013   1.8495540166620189E-013
   1.0000000005088470        1.8495540176031587E-013   1.8495540166620189E-013
   1.0000000000508846        1.8495540167561326E-013   1.8495540166620189E-013
 wgt:
   1.1111111111111114        4.0905980508252796E-002   3.6815382457427506E-002
   1.0101010101010102        3.7187255007502536E-002   3.6815382457427506E-002
   1.0010010010010009        3.6852234692119623E-002   3.6815382457427506E-002
   1.0001000100010002        3.6819064363863896E-002   3.6815382457427506E-002
   1.0000100001000010        3.6815750614933654E-002   3.6815382457427506E-002
   1.0000010000010000        3.6815419272846782E-002   3.6815382457427506E-002
   1.0000001000000103        3.6815386138966129E-002   3.6815382457427506E-002
   1.0000000100000004        3.6815382825581347E-002   3.6815382457427506E-002
   1.0000000010000001        3.6815382494242890E-002   3.6815382457427506E-002
   1.0000000001000000        3.6815382461109047E-002   3.6815382457427506E-002
     
 Collinear #           8
 ME*wgt:
   1.1357637686754318        6.6065952102982689E-015   5.8168744174707346E-015
   1.0126560143972880        5.8904928638454605E-015   5.8168744174707346E-015
   1.0007711043269201        5.8213598345031971E-015   5.8168744174707346E-015
  0.99991107071717522        5.8163571270005073E-015   5.8168744174707346E-015
  0.99993832731091703        5.8165156751833511E-015   5.8168744174707346E-015
  0.99997574315995263        5.8167333184784147E-015   5.8168744174707346E-015
  0.99998761971444217        5.8168024029043923E-015   5.8168744174707346E-015
  0.99995360809065970        5.8166045615601151E-015   5.8168744174707346E-015
   1.0000000000000000        5.8168744174707346E-015   5.8168744174707346E-015
   1.0000000000000002        5.8168744174707354E-015   5.8168744174707346E-015
 wgt:
   1.0000141890488645        4.8882054633587382E-003   4.8881361053566830E-003
   1.0000013600023148        4.8881427532331007E-003   4.8881361053566830E-003
   1.0000001354377790        4.8881367673949804E-003   4.8881361053566830E-003
   1.0000000135381788        4.8881361715331431E-003   4.8881361053566830E-003
   1.0000000013537620        4.8881361119740554E-003   4.8881361053566830E-003
   1.0000000001353757        4.8881361060184175E-003   4.8881361053566830E-003
   1.0000000000135376        4.8881361054228566E-003   4.8881361053566830E-003
   1.0000000000013538        4.8881361053633009E-003   4.8881361053566830E-003
   1.0000000000001352        4.8881361053573439E-003   4.8881361053566830E-003
   1.0000000000000138        4.8881361053567498E-003   4.8881361053566830E-003
     
 Collinear #          72
 ME*wgt:
   101.46688803792269        3.3412779243586783E-015   3.2929736872484887E-017
   15.397454458808197        5.0703412383462311E-016   3.2929736872484887E-017
   2.8342605268838650        9.3331453378356055E-017   3.2929736872484887E-017
   1.1975758272407357        3.9435856875885848E-017   3.2929736872484887E-017
   1.0178122842317827        3.3516290705335403E-017   3.2929736872484887E-017
   1.0009142347563895        3.2959842382452472E-017   3.2929736872484887E-017
  0.99980867209744662        3.2923436494997442E-017   3.2929736872484887E-017
  0.99989188406752993        3.2926176643276926E-017   3.2929736872484887E-017
   1.0000000004410465        3.2929736887008433E-017   3.2929736872484887E-017
   1.0000000000441045        3.2929736873937236E-017   3.2929736872484887E-017
 wgt:
   1.0025309083828033        3.1423216042682392E-003   3.1343887534970491E-003
   1.0002420336159825        3.1351473809409528E-003   3.1343887534970491E-003
   1.0000240980422341        3.1344642861296092E-003   3.1343887534970491E-003
   1.0000024087560329        3.1343963034748687E-003   3.1343887534970491E-003
   1.0000002408651265        3.1343895084619926E-003   3.1343887534970491E-003
   1.0000000240864080        3.1343888289932153E-003   3.1343887534970491E-003
   1.0000000024086395        3.1343887610466620E-003   3.1343887534970491E-003
   1.0000000002408640        3.1343887542520108E-003   3.1343887534970491E-003
   1.0000000000240867        3.1343887535725460E-003   3.1343887534970491E-003
   1.0000000000024087        3.1343887535045991E-003   3.1343887534970491E-003
