     
 Soft #           2
 ME*wgt:
   1.0042320553422313        1.6520633420914543E-013   1.6451011828420963E-013
   1.0006322666393588        1.6461413254383771E-013   1.6451011828420963E-013
  0.99999890043712591        1.6450993739499117E-013   1.6451011828420963E-013
  0.99999965545849867        1.6451006160364649E-013   1.6451011828420963E-013
  0.99999996333200947        1.6451011225195417E-013   1.6451011828420963E-013
  0.99999999631785441        1.6451011767845943E-013   1.6451011828420963E-013
  0.99999998910638854        1.6451011649210032E-013   1.6451011828420963E-013
   1.0000001811898538        1.6451014809177393E-013   1.6451011828420963E-013
   1.0000000005000373        1.6451011836647084E-013   1.6451011828420963E-013
   1.0000000000500036        1.6451011829243572E-013   1.6451011828420963E-013
 wgt:
   1.1111111111111112        3.0952631925817405E-003   2.7857368733235663E-003
   1.0101010101010102        2.8138756296197638E-003   2.7857368733235663E-003
   1.0010010010010009        2.7885253987222883E-003   2.7857368733235663E-003
   1.0001000100009998        2.7860154748710528E-003   2.7857368733235663E-003
   1.0000100001000007        2.7857647309708754E-003   2.7857368733235663E-003
   1.0000010000009998        2.7857396590632248E-003   2.7857368733235663E-003
   1.0000001000000101        2.7857371518972816E-003   2.7857368733235663E-003
   1.0000000099999999        2.7857369011809350E-003   2.7857368733235663E-003
   1.0000000009999996        2.7857368761093023E-003   2.7857368733235663E-003
   1.0000000000999996        2.7857368736021390E-003   2.7857368733235663E-003
     
 Soft #          30
 ME*wgt:
   1.0055347174436864        6.0300299745654485E-014   5.9968391642361687E-014
   1.0000148265703186        5.9969280767937271E-014   5.9968391642361687E-014
  0.99998016541441936        5.9967202194165523E-014   5.9968391642361687E-014
  0.99999666458273395        5.9968191622752787E-014   5.9968391642361687E-014
  0.99999973905434092        5.9968375993870208E-014   5.9968391642361687E-014
   1.0000003311760088        5.9968411502454286E-014   5.9968391642361687E-014
   1.0000200568458912        5.9969594419151201E-014   5.9968391642361687E-014
   1.0003577196782505        5.9989843516125186E-014   5.9968391642361687E-014
   1.0000000005000187        5.9968391672347009E-014   5.9968391642361687E-014
   1.0000000000500018        5.9968391645360217E-014   5.9968391642361687E-014
 wgt:
   1.1111111111111112        8.3848219921318950E-005   7.5463397929187057E-005
   1.0101010101010099        7.6225654473926317E-005   7.5463397929187057E-005
   1.0010010010010006        7.5538936866053087E-005   7.5463397929187057E-005
   1.0001000100009998        7.5470945023689410E-005   7.5463397929187057E-005
   1.0000100001000010        7.5464152570712758E-005   7.5463397929187057E-005
   1.0000010000010000        7.5463473392660445E-005   7.5463397929187057E-005
   1.0000001000000101        7.5463405475527604E-005   7.5463397929187057E-005
   1.0000000100000002        7.5463398683821043E-005   7.5463397929187057E-005
   1.0000000010000001        7.5463398004650456E-005   7.5463397929187057E-005
   1.0000000000999998        7.5463397936733389E-005   7.5463397929187057E-005
     
 Collinear #          39
 ME*wgt:
   1.2523930667830145        1.1181576070242320E-014   8.9281682938121873E-015
   1.0152451332850552        9.0642794094427573E-015   8.9281682938121873E-015
   1.0013062322493664        8.9398305551653364E-015   8.9281682938121873E-015
   1.0001130910327793        8.9291779895853613E-015   8.9281682938121873E-015
  0.99991750118409595        8.9274317304997557E-015   8.9281682938121873E-015
   1.0003743108364829        8.9315102039545035E-015   8.9281682938121873E-015
   1.0003723757959644        8.9314929275870991E-015   8.9281682938121873E-015
  0.87143533417230290        7.7803213206647825E-015   8.9281682938121873E-015
   1.0000000000000002        8.9281682938121889E-015   8.9281682938121873E-015
   1.0000000000000000        8.9281682938121873E-015   8.9281682938121873E-015
 wgt:
   1.0000000077659439        6.7361592234199072E-006   6.7361591711072735E-006
   1.0000000007443652        6.7361591761214358E-006   6.7361591711072735E-006
   1.0000000000741285        6.7361591716066147E-006   6.7361591711072735E-006
   1.0000000000074096        6.7361591711571867E-006   6.7361591711072735E-006
   1.0000000000007410        6.7361591711122651E-006   6.7361591711072735E-006
   1.0000000000000739        6.7361591711077716E-006   6.7361591711072735E-006
   1.0000000000000073        6.7361591711073235E-006   6.7361591711072735E-006
   1.0000000000000007        6.7361591711072778E-006   6.7361591711072735E-006
   1.0000000000000000        6.7361591711072735E-006   6.7361591711072735E-006
   1.0000000000000000        6.7361591711072735E-006   6.7361591711072735E-006
     
 Soft #          71
 ME*wgt:
  0.10127064666040596        3.6439493623987862E-014   3.5982285909738055E-013
   1.2356069652115045        4.4459963094304115E-013   3.5982285909738055E-013
   1.0040647376041218        3.6128544460357629E-013   3.5982285909738055E-013
  0.99999998728144945        3.5982285452095534E-013   3.5982285909738055E-013
  0.99999625247443669        3.5982151065201782E-013   3.5982285909738055E-013
  0.99999958811237244        3.5982271089079678E-013   3.5982285909738055E-013
  0.99999995343224923        3.5982284234123932E-013   3.5982285909738055E-013
  0.99999998815084667        3.5982285483378430E-013   3.5982285909738055E-013
  0.99999999438557274        3.5982285707718128E-013   3.5982285909738055E-013
  0.99999999943855700        3.5982285889536051E-013   3.5982285909738055E-013
 wgt:
  0.67790020986116939        2.4737448457070303E-004   3.6491283078576430E-004
  0.96793618934611492        3.5321233487427636E-004   3.6491283078576430E-004
  0.99679507515765142        3.6374331258908724E-004   3.6491283078576430E-004
  0.99967952207255328        3.6479588427805535E-004   3.6491283078576430E-004
  0.99996795235281755        3.6490113618811091E-004   3.6491283078576430E-004
  0.99999679523673757        3.6491166132653020E-004   3.6491283078576430E-004
  0.99999967952368796        3.6491271383984607E-004   3.6491283078576430E-004
  0.99999996795236901        3.6491281909117255E-004   3.6491283078576430E-004
  0.99999999679523677        3.6491282961630508E-004   3.6491283078576430E-004
  0.99999999967952347        3.6491283066881830E-004   3.6491283078576430E-004
     
 Collinear #          16
 ME*wgt:
   1.7229554605234909        1.0037222395679633E-011   5.8255843668936126E-012
   1.0441112932039589        6.0825584269860560E-012   5.8255843668936126E-012
   1.0028013387941292        5.8419038023790641E-012   5.8255843668936126E-012
  0.99981657704921600        5.8245158210189961E-012   5.8255843668936126E-012
  0.99983537650542731        5.8246253388372067E-012   5.8255843668936126E-012
  0.99993737060394583        5.8252195140630517E-012   5.8255843668936126E-012
  0.99997695808393705        5.8254501342676133E-012   5.8255843668936126E-012
  0.99997633676204856        5.8254465147045329E-012   5.8255843668936126E-012
   1.0000000002546223        5.8255843683769365E-012   5.8255843668936126E-012
   1.0000000000255622        5.8255843670425270E-012   5.8255843668936126E-012
 wgt:
   1.0520909307409780        4.3139440893967030E-004   4.1003528909411198E-004
   1.0050329513550693        4.1209897675798440E-004   4.1003528909411198E-004
   1.0005015918903273        4.1024095946986958E-004   4.1003528909411198E-004
   1.0000501422137826        4.1005584917123619E-004   4.1003528909411198E-004
   1.0000050140517314        4.1003734503226321E-004   4.1003528909411198E-004
   1.0000005014035751        4.1003549468727183E-004   4.1003528909411198E-004
   1.0000000501400617        4.1003530965330663E-004   4.1003528909411198E-004
   1.0000000050138309        4.1003529114995961E-004   4.1003528909411198E-004
   1.0000000005012699        4.1003528929965037E-004   4.1003528909411198E-004
   1.0000000000502336        4.1003528911470950E-004   4.1003528909411198E-004
     
 Collinear #          74
 ME*wgt:
  0.82412313337901821        6.6244484789557303E-014   8.0381780472471151E-014
  0.98226304300546496        7.8956052289086778E-014   8.0381780472471151E-014
  0.99879569363198939        8.0284976182376122E-014   8.0381780472471151E-014
   1.0000655616164724        8.0387050431933859E-014   8.0381780472471151E-014
   1.0000653601561669        8.0387034238195808E-014   8.0381780472471151E-014
   1.0000227663817141        8.0383610474768250E-014   8.0381780472471151E-014
  0.99999735716658800        8.0381568036816002E-014   8.0381780472471151E-014
  0.99983496591297460        8.0368514738717402E-014   8.0381780472471151E-014
   1.0000000002329201        8.0381780491193686E-014   8.0381780472471151E-014
   1.0000000000232732        8.0381780474341888E-014   8.0381780472471151E-014
 wgt:
   1.0476162149680528        2.4754286986470527E-007   2.3629156014185414E-007
   1.0046139569428620        2.3738179922631036E-007   2.3629156014185414E-007
   1.0004599637802141        2.3640024570108969E-007   2.3629156014185414E-007
   1.0000459820978280        2.3630242532348853E-007   2.3629156014185414E-007
   1.0000045980666885        2.3629264662620560E-007   2.3629156014185414E-007
   1.0000004598023020        2.3629166878925743E-007   2.3629156014185414E-007
   1.0000000459792042        2.3629157100635205E-007   2.3629156014185414E-007
   1.0000000045959063        2.3629156122782804E-007   2.3629156014185414E-007
   1.0000000004616223        2.3629156025093161E-007   2.3629156014185414E-007
   1.0000000000461307        2.3629156015275443E-007   2.3629156014185414E-007
     
 Collinear #          28
 ME*wgt:
  0.80500886135732597        1.4931319158804125E-012   1.8548018382839188E-012
   4.6533544980402208        8.6310504771517439E-012   1.8548018382839188E-012
   5.7817685924852400        1.0724035013873849E-011   1.8548018382839188E-012
   1.5948216592750779        2.9580781453584242E-012   1.8548018382839188E-012
   1.0511462336252413        1.9496679664333150E-012   1.8548018382839188E-012
   1.0025316116548824        1.8594974762352158E-012   1.8548018382839188E-012
  0.99944643042888193        1.8537750764257910E-012   1.8548018382839188E-012
  0.99969014252574806        1.8542271140710703E-012   1.8548018382839188E-012
   1.0000000000307596        1.8548018383409717E-012   1.8548018382839188E-012
   1.0000000000030764        1.8548018382896251E-012   1.8548018382839188E-012
 wgt:
   1.0031135796812471        1.4227677750918629E-002   1.4183516242935984E-002
   1.0003107051556595        1.4187923134558045E-002   1.4183516242935984E-002
   1.0000310640008234        1.4183956839696234E-002   1.4183516242935984E-002
   1.0000031063349486        1.4183560301688184E-002   1.4183516242935984E-002
   1.0000003106328432        1.4183520648801962E-002   1.4183516242935984E-002
   1.0000000310632779        1.4183516683522492E-002   1.4183516242935984E-002
   1.0000000031063274        1.4183516286994628E-002   1.4183516242935984E-002
   1.0000000003106331        1.4183516247341852E-002   1.4183516242935984E-002
   1.0000000000310634        1.4183516243376571E-002   1.4183516242935984E-002
   1.0000000000031068        1.4183516242980049E-002   1.4183516242935984E-002
