+0.0000041084602367 +0.0000044945681412 +0.0000047445777305 +0.0000049751751715 
+0.0000051715722418 +0.0000053552643369 +0.0000055343275862 +0.0000057227025626 
+0.0000058925890565 +0.0000060803530117 +0.0000062840910228 +0.0000065047519056 
+0.0000067207469072 +0.0000069314272647 +0.0000071440464609 +0.0000073660285282 
+0.0000075988201348 +0.0000078368949954 +0.0000080818023819 +0.0000083319234248 
+0.0000086203059662 +0.0000089165067343 +0.0000092277889555 +0.0000095638458742 
+0.0000099454539070 +0.0000103888541576 +0.0000108595562051 +0.0000113206244016 
+0.0000118046042347 +0.0000123574911219 +0.0000129622638323 +0.0000135816437291 
+0.0000142442722491 +0.0000149811501297 +0.0000157568155796 +0.0000165627158138 
+0.0000174205105119 +0.0000183249506128 +0.0000192410132498 +0.0000202394203047 
+0.0000213323985134 +0.0000225014213479 +0.0000237455552489 +0.0000250872478418 
+0.0000265116437891 +0.0000279917868843 +0.0000296170473845 +0.0000313475322612 
+0.0000331647675666 +0.0000350896141752 +0.0000371411055141 +0.0000393139527939 
+0.0000416629467896 +0.0000441249228110 +0.0000466081552035 +0.0000493815529942 
+0.0000524197456054 +0.0000556403169638 +0.0000591304717648 +0.0000629307465775 
+0.0000669311080869 +0.0000711783203401 +0.0000756884218025 +0.0000804973062976 
+0.0000858223265719 +0.0000915945166879 +0.0000977437831579 +0.0001042565065682 
+0.0001112956344868 +0.0001192430930258 +0.0001279852203695 +0.0001372543000122 
+0.0001471777232544 +0.0001579563049400 +0.0001701622711699 +0.0001838680660741 
+0.0001992019814285 +0.0002164201488961 +0.0002364041753780 +0.0002592943227086 
+0.0002852253459553 +0.0003141438964950 +0.0003484177186349 +0.0003911372916361 
+0.0004433968793956 +0.0005098094944556 +0.0005924908437772 +0.0007012026810818 
+0.0008418345595965 +0.0010429821716137 +0.0013280067505694 +0.0018270405696093 
+0.0029735008298692 +0.0074171269436634 +0.0074171269436734 +0.0560422930085353 
+0.0002418335340243 +0.0002458100875642 +0.0002516043845842 +0.0002568250344005 
+0.0002622207337591 +0.0002672295588473 +0.0002722969933038 +0.0002777892495681 
+0.0002833415818903 +0.0002890699482862 +0.0002945033496477 +0.0003000807562781 
+0.0003055976800597 +0.0003114394435374 +0.0003175515704283 +0.0003239763834868 
+0.0003305706871289 +0.0003372311277245 +0.0003438964383578 +0.0003503402817340 
+0.0003569390377257 +0.0003639913775109 +0.0003716651658967 +0.0003797245796180 
+0.0003881419195225 +0.0003968504519980 +0.0004056255598965 +0.0004152265572900 
+0.0004253809155459 +0.0004357976872138 +0.0004462453012770 +0.0004568805766835 
+0.0004680686948418 +0.0004802449464966 +0.0004931902198576 +0.0005063478095504 
+0.0005200302610559 +0.0005342752201330 +0.0005492400357286 +0.0005645662174590 
+0.0005800352992305 +0.0005956189995245 +0.0006118334388466 +0.0006287345346487 
+0.0006460183144510 +0.0006639360895613 +0.0006823173422827 +0.0007018750724389 
+0.0007233089984935 +0.0007453479432965 +0.0007673658768128 +0.0007893960014932 
+0.0008133142327028 +0.0008395652300734 +0.0008662545303198 +0.0008937904478999 
+0.0009236328402307 +0.0009566859425178 +0.0009908221209952 +0.0010245202814386 
+0.0010606058725163 +0.0010974530911429 +0.0011352783205873 +0.0011751185637304 
+0.0012184449889976 +0.0012662242361437 +0.0013140476828280 +0.0013648966915326 
+0.0014234601285347 +0.0014888301407823 +0.0015590858289876 +0.0016363570265726 
+0.0017181750806768 +0.0017978780911006 +0.0018799745985193 +0.0019674633247408 
+0.0020634754584871 +0.0021737034577771 +0.0022892663953954 +0.0024201064064002 
+0.0025680942998238 +0.0027379624985603 +0.0029149350438136 +0.0031134667881550 
+0.0033400202123429 +0.0035933924671549 +0.0038981987592346 +0.0043055215206477 
+0.0048235489343256 +0.0054197696669916 +0.0061435862629348 +0.0073013528697851 
+0.0088657410530215 +0.0112071486116677 +0.0112071486116777 +0.0174603419307565 
-0.0018172592611023 +0.0075580555401097 +0.0152543173901432 +0.0236693885306365 
+0.0329732905169989 +0.0419476522182636 +0.0511135884775840 +0.0604878175078783 
+0.0703345549611721 +0.0804830114290144 +0.0904611479070737 +0.1001119539888904 
+0.1095689034296493 +0.1188856402859990 +0.1281301771347953 +0.1373593095196940 
+0.1466195754906355 +0.1566442391009955 +0.1669560757637618 +0.1773419025542539 
+0.1878714889937175 +0.1984605380719905 +0.2094902956569757 +0.2207883818208993 
+0.2322229157806464 +0.2432428626746650 +0.2543779575642799 +0.2657114314510445 
+0.2775553203492682 +0.2899551225105125 +0.3018318831602820 +0.3132371758280285 
+0.3243505399218904 +0.3354015017249269 +0.3459457464807297 +0.3565936947448294 
+0.3674192653974804 +0.3786786073823769 +0.3901183726281961 +0.4019648124069222 
+0.4139600556810153 +0.4256514479100821 +0.4367603821424930 +0.4473039446702632 
+0.4578992107056005 +0.4687743208010047 +0.4800374596229838 +0.4916186759165784 
+0.5032499211375845 +0.5153902044564753 +0.5272180439648630 +0.5385571444191309 
+0.5496528293387806 +0.5613239606740240 +0.5731713995583797 +0.5849939930239338 
+0.5965911908773742 +0.6086101272537281 +0.6208137850679951 +0.6327409273392108 
+0.6446191101987376 +0.6565846899848834 +0.6683412777532375 +0.6796858399084039 
+0.6911889886730291 +0.7027946023104793 +0.7140320542624817 +0.7249557070380890 
+0.7357949623713984 +0.7470233064295400 +0.7581821539895984 +0.7689692993032897 
+0.7794990957649546 +0.7900107936687338 +0.8006626835651989 +0.8111654144304625 
+0.8214967478062823 +0.8318506412970318 +0.8420920530440771 +0.8523546726999464 
+0.8623726454491324 +0.8721527704447087 +0.8817398115482249 +0.8911971402422501 
+0.9003743030701969 +0.9098545497576801 +0.9192975820915258 +0.9290662327871652 
+0.9380946846149165 +0.9469595512721951 +0.9559210425543411 +0.9651518466450071 
+0.9745526483603659 +0.9835179569270902 +0.9918089907354574 +1.0000000000000000 
-0.0026899035696149 +0.0108327282227652 +0.0208883917543629 +0.0313827907710091 
+0.0418297569337872 +0.0516033634880215 +0.0612597460838328 +0.0711044599321140 
+0.0811483375687967 +0.0919454862134213 +0.1028363395767831 +0.1133030657574984 
+0.1236849295515799 +0.1337103766997368 +0.1439983814305807 +0.1541955654767247 
+0.1648039197598623 +0.1751195944496227 +0.1854943206274897 +0.1954730727352342 
+0.2058849234980285 +0.2164257821172968 +0.2268735722477405 +0.2370821581287980 
+0.2472712588825445 +0.2583952263803587 +0.2699277525457481 +0.2809194349667078 
+0.2920543516989700 +0.3026878598084303 +0.3133275282159980 +0.3236942637408523 
+0.3341332199319743 +0.3449647694831856 +0.3556322131726642 +0.3661202685970318 
+0.3767230709176757 +0.3875152552123758 +0.3980155754274360 +0.4079956364860389 
+0.4178144231605098 +0.4278234873892153 +0.4381982163933275 +0.4484542264444403 
+0.4588059298016454 +0.4693543374588190 +0.4799601383362654 +0.4906067741298273 
+0.5013540129534682 +0.5124917511405670 +0.5237006490466567 +0.5343411837432586 
+0.5448056482710398 +0.5554117809675831 +0.5664564224936200 +0.5776411540213852 
+0.5888079489617540 +0.6001173072613046 +0.6116320697717819 +0.6231196377701449 
+0.6339266382848137 +0.6443558566062290 +0.6545580502716905 +0.6649567104352188 
+0.6753092529848411 +0.6859824922812656 +0.6967239043569560 +0.7069287960365499 
+0.7168362344551830 +0.7268861660416338 +0.7374756599626930 +0.7482996478082404 
+0.7586262106599315 +0.7689999136667049 +0.7794497039014155 +0.7897316218613044 
+0.8001254745213395 +0.8107598036034165 +0.8214786912211053 +0.8321241939267097 
+0.8425232447886344 +0.8532783933982279 +0.8641354834128804 +0.8748573047954464 
+0.8854695355744201 +0.8959627040870449 +0.9063447970965819 +0.9167288300689092 
+0.9271897835134707 +0.9377644954715220 +0.9477299532591712 +0.9579900432479538 
+0.9683070181620965 +0.9788956881789052 +0.9894763757662459 +1.0000000000000000 
-0.0025479054871543 +0.0102389986226778 +0.0195890161211390 +0.0298872763918375 
+0.0400411911173041 +0.0512336708871377 +0.0624124453851213 +0.0733589676925059 
+0.0841966386544883 +0.0948414337901081 +0.1057644873113380 +0.1165413502947678 
+0.1273519103690613 +0.1376363083764264 +0.1484118173511217 +0.1599561207470362 
+0.1712897477780249 +0.1824403729354495 +0.1937473363322757 +0.2055187491116724 
+0.2162723708606766 +0.2260947429265317 +0.2360656758787630 +0.2460591619043515 
+0.2562642204504752 +0.2663476401645776 +0.2764196000643523 +0.2865253014116880 
+0.2961297034528870 +0.3063830513771533 +0.3172758028834918 +0.3283081596558288 
+0.3389500204342158 +0.3489522995872886 +0.3588617504513837 +0.3688899850419741 
+0.3792872174748581 +0.3903437958101810 +0.4016285397454840 +0.4129926006332763 
+0.4243250569862321 +0.4350320378287900 +0.4454239849331668 +0.4554896001428134 
+0.4657338446047081 +0.4764791550912937 +0.4880444487348679 +0.4994387994232729 
+0.5105717206218422 +0.5212307408813497 +0.5318219147399661 +0.5419431374042153 
+0.5520341615148227 +0.5619942673308364 +0.5724577461146978 +0.5827146667286029 
+0.5928439528426885 +0.6026782199036554 +0.6124647508356504 +0.6223879964968959 
+0.6327015922030800 +0.6431266420509205 +0.6536333443909542 +0.6640652622618761 
+0.6743201454170259 +0.6844767481013361 +0.6946713455584502 +0.7052809625810859 
+0.7164990693734213 +0.7282824621888239 +0.7400072013112967 +0.7515008018426939 
+0.7628793269958912 +0.7738175305805203 +0.7842954134824077 +0.7946291498879615 
+0.8050597576546601 +0.8153189985178637 +0.8249430898843039 +0.8343324320438740 
+0.8440701362862799 +0.8542677630138215 +0.8653488936453628 +0.8766734550173143 
+0.8878577129044891 +0.8983627003860901 +0.9082611391039753 +0.9182342851175586 
+0.9281403224886848 +0.9382282902986635 +0.9482725120018882 +0.9581281157039574 
+0.9684148184989081 +0.9786489854142056 +0.9893010560162179 +1.0000000000000000 
+0.7057560764734188 +0.7076366239398326 +0.7095357681984965 +0.7129708734732344 
+0.7165085375790871 +0.7200119769069114 +0.7234895843201622 +0.7270312343068585 
+0.7303087627481563 +0.7333055538374638 +0.7361944769658973 +0.7391428155938378 
+0.7421415405636359 +0.7449904286305772 +0.7477643954714590 +0.7505860690019656 
+0.7536618840653238 +0.7566227316272195 +0.7594834568501700 +0.7623448707486860 
+0.7653142950679550 +0.7684464755055735 +0.7715848218567880 +0.7747226664561151 
+0.7778318508528658 +0.7808201742017588 +0.7837062281769005 +0.7864277794329807 
+0.7892996498046604 +0.7922193867715027 +0.7950931929990548 +0.7979035373223751 
+0.8006919215577342 +0.8035073931910977 +0.8064081688063376 +0.8093506885117913 
+0.8123519353755977 +0.8153429048999778 +0.8183120933644156 +0.8212723704413023 
+0.8241830747474014 +0.8270290871125195 +0.8298701445522075 +0.8327135946222061 
+0.8355495078901997 +0.8383653236226658 +0.8411969880965425 +0.8440634095054067 
+0.8469295537116937 +0.8497671149212369 +0.8525859211945866 +0.8554651720959612 
+0.8583898070479595 +0.8612710978393017 +0.8641009634926418 +0.8668504636834470 
+0.8696026956038559 +0.8722885795376740 +0.8749829256048138 +0.8776755810690477 
+0.8804085733595574 +0.8831869321175077 +0.8858665373751775 +0.8885640060780190 
+0.8913346561035884 +0.8941519443392200 +0.8969569646952161 +0.8996724887781080 
+0.9023235916820684 +0.9050141049755777 +0.9078122048061298 +0.9106606938201353 
+0.9134820853713066 +0.9162767260740167 +0.9190966350653255 +0.9219890006685397 
+0.9249040683147498 +0.9278069138019586 +0.9306818051149836 +0.9335778381998754 
+0.9365518079733974 +0.9396816629915482 +0.9430010943243777 +0.9462474036158520 
+0.9494333015703101 +0.9525749316598279 +0.9557224315824085 +0.9591297288889926 
+0.9628300628213523 +0.9667068971713124 +0.9707450392725608 +0.9746851290178661 
+0.9789159397685815 +0.9837689042847836 +0.9903591069298820 +1.0000000000000000 
-0.0269208582686673 +0.1304259196968409 +0.1678569681242792 +0.1901156177736534 
+0.2067153078165005 +0.2205664308874340 +0.2334761980495641 +0.2454451215166058 
+0.2566456319004833 +0.2668993652031110 +0.2766418208160393 +0.2858999226286715 
+0.2948921841513063 +0.3035285122303753 +0.3119212690229109 +0.3198282760293311 
+0.3273038016213247 +0.3343841420358005 +0.3410624080890171 +0.3473904238578152 
+0.3536227979810551 +0.3598190072964039 +0.3659828869211056 +0.3720671503148086 
+0.3781493533414670 +0.3843662616420003 +0.3903931904714797 +0.3963370704583525 
+0.4022181206016806 +0.4080811510691547 +0.4138874354375136 +0.4195880215880430 
+0.4251534295484953 +0.4306370820927440 +0.4361488374560261 +0.4415643168157143 
+0.4468889425227694 +0.4521968354266422 +0.4571741592327094 +0.4621296887898216 
+0.4671155295535421 +0.4719786610890734 +0.4770311769003999 +0.4818736149058390 
+0.4866851810281608 +0.4913821840720254 +0.4960692252086125 +0.5007896143675640 
+0.5056643459795203 +0.5106270686401716 +0.5157428811703825 +0.5210458685427103 
+0.5264085301182350 +0.5317087600290832 +0.5367486164913181 +0.5416067872692352 
+0.5464763153810833 +0.5514055954321908 +0.5566476004063374 +0.5617113427012028 
+0.5666202467549032 +0.5715037273947823 +0.5765982083993457 +0.5819137987796077 
+0.5873903145224316 +0.5929982085952774 +0.5985159705814423 +0.6041423275761327 
+0.6098969186907034 +0.6158950088449842 +0.6218726219930151 +0.6278944294185743 
+0.6342493481926550 +0.6404551241697151 +0.6467561989075705 +0.6532039750278146 
+0.6598705222595532 +0.6667890589222966 +0.6739084230952463 +0.6811034530537960 
+0.6883494744320811 +0.6955711566226302 +0.7029129667133847 +0.7107476161463148 
+0.7193418039437759 +0.7284096949075127 +0.7377992079607548 +0.7474946320290448 
+0.7580141116374746 +0.7695244118101597 +0.7825556442765372 +0.7971173286410178 
+0.8144159718112709 +0.8354832077063625 +0.8698207026498781 +1.0000000000000000 
3.80967431506e-07 0.0808832293522 
  <DiscreteSampler_grid>
  Helicity
  1 # grid_type. 1=='ref', 2=='run'
  80 # Attribute 'min_bin_probing_points' of the grid.
  1 # Attribute 'grid_mode' of the grid. 1=='default',2=='initialization'
  0.003 # Attribute 'small_contrib_threshold' of the grid.
  0.500 # Attribute 'damping_power' of the grid.
#  binID   n_entries weight   weight_sqr   abs_weight
    1   6520 0.000140102596642 5.97369186482e-07 0.000140102596642
    16   6188 0.000137015146708 4.64022636604e-07 0.000137015146708
    5   2041 4.25067735522e-05 6.0998502042e-08 4.25067735522e-05
    12   2038 4.15744902236e-05 7.20233801881e-08 4.15744902236e-05
    15   1308 2.8594521631e-05 6.63409471747e-08 2.8594521631e-05
    14   985 2.07021274808e-05 3.59192700082e-08 2.07021274808e-05
    3   870 1.98321233455e-05 3.68454673114e-08 1.98321233455e-05
    2   761 1.7757126653e-05 1.89953683021e-08 1.7757126653e-05
    7   782 1.64329053734e-05 2.18954607661e-08 1.64329053734e-05
    6   736 1.52545495605e-05 2.22263028863e-08 1.52545495605e-05
    10   552 1.20012016973e-05 1.02973880338e-08 1.20012016973e-05
    11   547 1.07196334309e-05 2.62465956944e-09 1.07196334309e-05
    9   279 5.94104120037e-06 7.04603419527e-10 5.94104120037e-06
    8   306 5.57890475587e-06 6.5910018473e-10 5.57890475587e-06
    13   106 5.59880850076e-07 2.33307578268e-13 5.59880850076e-07
    4   109 5.45558299074e-07 2.27376972206e-13 5.45558299074e-07
  </DiscreteSampler_grid>
  <DiscreteSampler_grid>
  grouped_processes
  1 # grid_type. 1=='ref', 2=='run'
  10 # Attribute 'min_bin_probing_points' of the grid.
  1 # Attribute 'grid_mode' of the grid. 1=='default',2=='initialization'
  0.003 # Attribute 'small_contrib_threshold' of the grid.
  0.500 # Attribute 'damping_power' of the grid.
#  binID   n_entries weight   weight_sqr   abs_weight
    10   10 843.891753919 2765106.65839 843.891753919
  </DiscreteSampler_grid>
