+0.0000872298951162 +0.0001786098539628 +0.0002337749650432 +0.0002866297580328 
+0.0003264898277652 +0.0003570285143481 +0.0003869438291834 +0.0004139551793977 
+0.0004406008289152 +0.0004662060129394 +0.0004905641169193 +0.0005143365430547 
+0.0005380429441259 +0.0005616360094451 +0.0005840682185912 +0.0006074753180258 
+0.0006318596463435 +0.0006543935083348 +0.0006773046912005 +0.0006973841215072 
+0.0007169559781436 +0.0007356740894844 +0.0007534306180387 +0.0007722685913194 
+0.0007911172351716 +0.0008103443258485 +0.0008301941572975 +0.0008507413043123 
+0.0008726972964835 +0.0008982856007252 +0.0009236367428292 +0.0009497010288403 
+0.0009756594691991 +0.0010038418536413 +0.0010349528977532 +0.0010671829891539 
+0.0010995224410541 +0.0011324032435103 +0.0011658405474682 +0.0012000133132165 
+0.0012355232083200 +0.0012725204100281 +0.0013104160024792 +0.0013485474657547 
+0.0013883925174973 +0.0014328279330966 +0.0014774409554943 +0.0015233328485100 
+0.0015723565941776 +0.0016238827448291 +0.0016743491418662 +0.0017278301753035 
+0.0017846037276725 +0.0018431705762474 +0.0019040062204479 +0.0019687694388055 
+0.0020369434654303 +0.0021062992790085 +0.0021811660636351 +0.0022582524780251 
+0.0023378441063357 +0.0024227823709829 +0.0025123929824679 +0.0026083614192667 
+0.0027174143352900 +0.0028345940213151 +0.0029518291282567 +0.0030700567774916 
+0.0031907682518760 +0.0033214396250101 +0.0034639715962482 +0.0036212487759116 
+0.0037992814904606 +0.0039937889170999 +0.0041844886273361 +0.0043754775214969 
+0.0045847910051577 +0.0048098896258594 +0.0050573740841305 +0.0053293718623384 
+0.0056214993315681 +0.0059866617885538 +0.0064052054709831 +0.0069021560522950 
+0.0074248258282385 +0.0080131442266247 +0.0087106325137777 +0.0095294227430206 
+0.0106533903534693 +0.0119297888144370 +0.0139102501796301 +0.0173397665121511 
+0.0217524316402001 +0.0318179206079488 +0.0318179206079588 +0.1113264222949684 
+0.0000027067910600 +0.0000029813617655 +0.0000031949922368 +0.0000034233489926 
+0.0000036569642141 +0.0000038836923221 +0.0000041063379119 +0.0000043421781383 
+0.0000046049465382 +0.0000048761038431 +0.0000051647482948 +0.0000054701501891 
+0.0000058016140970 +0.0000061662964632 +0.0000065431173629 +0.0000069303895545 
+0.0000073278715756 +0.0000077314431553 +0.0000081485128225 +0.0000085884338546 
+0.0000090412874156 +0.0000095396556521 +0.0000100851897247 +0.0000107031775103 
+0.0000113264583439 +0.0000119747742264 +0.0000126346777880 +0.0000133728958707 
+0.0000141163048407 +0.0000149059818755 +0.0000157156555370 +0.0000165386642939 
+0.0000174159315201 +0.0000183692605569 +0.0000193921774860 +0.0000204716390480 
+0.0000215172537641 +0.0000225772636520 +0.0000237258443786 +0.0000249678518297 
+0.0000263160484134 +0.0000278062690902 +0.0000294081738323 +0.0000310519726612 
+0.0000328319084904 +0.0000347671131865 +0.0000369319656854 +0.0000393219939453 
+0.0000419533749370 +0.0000447308991600 +0.0000478353520634 +0.0000510543810003 
+0.0000544839954102 +0.0000582771243719 +0.0000623954065641 +0.0000666971102835 
+0.0000711682452443 +0.0000760103578218 +0.0000810019095451 +0.0000862454039914 
+0.0000920514202206 +0.0000985013544757 +0.0001061183778696 +0.0001141386895402 
+0.0001233076067132 +0.0001332623085778 +0.0001436334987401 +0.0001546770342749 
+0.0001668315434102 +0.0001801249497033 +0.0001963134517176 +0.0002146132767030 
+0.0002339484649952 +0.0002557324617551 +0.0002794426133628 +0.0003016062213003 
+0.0003257974970577 +0.0003533634482381 +0.0003941055339128 +0.0004461870234642 
+0.0005151588974808 +0.0006023711571879 +0.0007100005506376 +0.0008404177319917 
+0.0010075703518856 +0.0012237901899618 +0.0015223891140529 +0.0019024171310964 
+0.0024234061866562 +0.0031847649846222 +0.0043001892655174 +0.0061406571173880 
+0.0089959353099866 +0.0179595245575029 +0.0179595245575128 +0.1495586014989286 
-0.0024849164311421 +0.0361537005538530 +0.0523173498916228 +0.0624273048162909 
+0.0722167876669837 +0.0821392623444365 +0.0933660528481685 +0.1053488932812885 
+0.1170395502632380 +0.1287058638052485 +0.1382349166014017 +0.1487066322466772 
+0.1582826311428020 +0.1670746467975776 +0.1750893032747507 +0.1830770002977664 
+0.1917850310984280 +0.2010995376492800 +0.2117613800437383 +0.2221789893655526 
+0.2322658993371945 +0.2424790678011352 +0.2519369349301742 +0.2613421698147255 
+0.2716240961246459 +0.2822395052599833 +0.2923844402674184 +0.3020679899474632 
+0.3116366797949753 +0.3218085717701223 +0.3317973412603998 +0.3408288294592874 
+0.3497896602176964 +0.3595079342637100 +0.3699348472713995 +0.3801541812698178 
+0.3902351504335202 +0.4005766071791886 +0.4109857277243852 +0.4212113341462613 
+0.4314942223058117 +0.4419438215989062 +0.4525690053131504 +0.4629778673505542 
+0.4733788559196792 +0.4838974087210824 +0.4947051354609028 +0.5054853351421512 
+0.5160125127831999 +0.5262564474434782 +0.5362431628728815 +0.5460686924770333 
+0.5557981242010339 +0.5655576542883917 +0.5753904357876934 +0.5853327258021768 
+0.5954156254698061 +0.6056296748464548 +0.6159461027281981 +0.6263356328255755 
+0.6363607716790941 +0.6459495853044940 +0.6552960547086790 +0.6648392426703774 
+0.6746684219774014 +0.6845132501409541 +0.6941860080935902 +0.7036084644039237 
+0.7126928605322911 +0.7214848967743162 +0.7302302775485333 +0.7393092879689143 
+0.7488268633222567 +0.7584197693531618 +0.7677917345023674 +0.7768551808594496 
+0.7858554223378134 +0.7949618001709061 +0.8037962791236180 +0.8125513504160784 
+0.8215225591300750 +0.8305113463172373 +0.8402504964225531 +0.8504480766072158 
+0.8605444828054133 +0.8706379182668212 +0.8805334238558509 +0.8897035613480380 
+0.8989193916942656 +0.9085296759164583 +0.9189799774794747 +0.9320385819282914 
+0.9453554096811744 +0.9622062769154978 +0.9805911417765223 +1.0000000000000000 
-0.0022889095989293 +0.0099254401897275 +0.0199389806209535 +0.0301259796069916 
+0.0403037465964160 +0.0508708008242463 +0.0618303591279114 +0.0727074112519646 
+0.0833888033875213 +0.0940107970275299 +0.1047726152542574 +0.1153155404705460 
+0.1259595723100989 +0.1364073872439007 +0.1467729706479337 +0.1572281346947415 
+0.1678464645269685 +0.1786392796335620 +0.1895259058724179 +0.2002647641345622 
+0.2106265780435731 +0.2210843052677579 +0.2313697043555884 +0.2416885957736132 
+0.2516133143073996 +0.2614249231529597 +0.2715076959830940 +0.2819009637074375 
+0.2918701272311829 +0.3011889321761627 +0.3104245781529695 +0.3200747757663085 
+0.3302545202261584 +0.3410176537704623 +0.3526804629591576 +0.3651754839209817 
+0.3769336700879223 +0.3876674239034169 +0.3973509203320527 +0.4066154665482708 
+0.4159154597513411 +0.4262810184317677 +0.4374207928939818 +0.4485318500930842 
+0.4596420256035254 +0.4706345519249431 +0.4813958251437889 +0.4922354772334669 
+0.5035812619630312 +0.5151991940810137 +0.5264632484855728 +0.5374606668064249 
+0.5490213851192739 +0.5609278397135246 +0.5721830422428977 +0.5829128508257749 
+0.5931127402065696 +0.6027997511783266 +0.6123193069819066 +0.6220737244668175 
+0.6322241900878693 +0.6423715336540596 +0.6520366540764191 +0.6611865959981775 
+0.6706449161198162 +0.6800628755945483 +0.6897039704303592 +0.6994027580259581 
+0.7092716370716895 +0.7196282557110343 +0.7304462240393703 +0.7415462002884994 
+0.7524934134233682 +0.7630364373285616 +0.7733559799189936 +0.7837883723456592 
+0.7949681859340954 +0.8064111137499094 +0.8181414385622713 +0.8302190854745545 
+0.8415868612221906 +0.8531531996582913 +0.8640287494120438 +0.8747713850919285 
+0.8852411673258496 +0.8960701055783081 +0.9062648540167643 +0.9159510619500479 
+0.9256268292507390 +0.9357151628859796 +0.9464554188431041 +0.9569280851258216 
+0.9678593979433489 +0.9787489511076900 +0.9893731589843874 +1.0000000000000000 
-0.0028395217362967 +0.0105030938270391 +0.0210318573308835 +0.0322898676024325 
+0.0436353463391130 +0.0550435864764079 +0.0662797456035737 +0.0771669626966013 
+0.0877218004431474 +0.0984420158694578 +0.1090378594781179 +0.1192296809188522 
+0.1284900003279189 +0.1372591145904855 +0.1464658185938366 +0.1560687005613048 
+0.1658643485104293 +0.1759205630286004 +0.1861026555249251 +0.1967725619038776 
+0.2072118771167159 +0.2173859508913399 +0.2281002053950656 +0.2390017680889516 
+0.2506173015103687 +0.2626670184032988 +0.2741601291160620 +0.2851941081929441 
+0.2968755015292814 +0.3088501551384935 +0.3194128415692459 +0.3297396050451173 
+0.3407216900636371 +0.3519897701464585 +0.3633723182893059 +0.3736246560547896 
+0.3846689072775687 +0.3952869953490668 +0.4063571900676290 +0.4171496081001422 
+0.4274394259733905 +0.4372175533984564 +0.4471264996840706 +0.4567791348323086 
+0.4660715652054851 +0.4746136990890117 +0.4838660976981192 +0.4931796264755843 
+0.5029444318911960 +0.5119081710489158 +0.5207334206629042 +0.5298910117828086 
+0.5397333398052893 +0.5495694062897719 +0.5607833846347708 +0.5723978777080638 
+0.5836183684851997 +0.5943020252324716 +0.6048132695271348 +0.6149832485982354 
+0.6249606991460417 +0.6348168856748946 +0.6447495864983533 +0.6549700066679082 
+0.6655097869346930 +0.6768399453473813 +0.6875574734942793 +0.6979501071123795 
+0.7083398796741843 +0.7194278532124468 +0.7311576601012674 +0.7428186889879548 
+0.7534490610727721 +0.7629700612864251 +0.7723242279248810 +0.7820202845885672 
+0.7923255433980954 +0.8025004119266227 +0.8126855690934770 +0.8230632242992191 
+0.8335056750264214 +0.8441868969936263 +0.8549239914821105 +0.8658502569081835 
+0.8774371608248047 +0.8893586932778155 +0.9009499640643641 +0.9119092656087939 
+0.9227129422889968 +0.9336089296875222 +0.9445157674157600 +0.9557544863046887 
+0.9675562083531555 +0.9791197841834410 +0.9898837925220934 +1.0000000000000000 
+0.7160125516548599 +0.7213942049571407 +0.7248628327297411 +0.7270325507587265 
+0.7300589662309617 +0.7346162138749976 +0.7380273127582945 +0.7410594410195344 
+0.7438484584273131 +0.7470738359922109 +0.7504184812893383 +0.7536977841663346 
+0.7569065837272879 +0.7598087303010284 +0.7624321812240153 +0.7649347759362041 
+0.7673679071639241 +0.7696664657316906 +0.7719194332131234 +0.7742109879841521 
+0.7766375658294170 +0.7790875247160488 +0.7814990812287025 +0.7838740908992547 
+0.7861335872025931 +0.7885035455051210 +0.7910562070723105 +0.7937593934663348 
+0.7962619967468577 +0.7986469019401841 +0.8010397821814816 +0.8034086260748253 
+0.8057599872347367 +0.8081883655819654 +0.8105669461322013 +0.8129552605293372 
+0.8152456123231808 +0.8174272142354780 +0.8195875616284443 +0.8217757424354674 
+0.8241723385865570 +0.8266399899266611 +0.8292098382798239 +0.8316614360754006 
+0.8341375514747937 +0.8367193173175014 +0.8394835181775545 +0.8421757632746836 
+0.8448352374328595 +0.8475033381155826 +0.8502158674391480 +0.8529418662959600 
+0.8556100747213911 +0.8581960355710141 +0.8607847704034984 +0.8634738708697006 
+0.8663026956235982 +0.8691717339526454 +0.8718425359719235 +0.8745121031929978 
+0.8771004712494167 +0.8798595284332017 +0.8825826381234826 +0.8852338034135676 
+0.8878500868289226 +0.8904124193689478 +0.8929328892741424 +0.8954392810461327 
+0.8979453186174514 +0.9006071366828401 +0.9033894695416735 +0.9062129091596609 
+0.9090368899929735 +0.9117565407761964 +0.9144024616819639 +0.9170847548457893 
+0.9198941676792313 +0.9228430412369925 +0.9258720118132606 +0.9289465538271143 
+0.9319855414941385 +0.9350079765572752 +0.9382279594025453 +0.9416534619081922 
+0.9450695611205471 +0.9484942930100927 +0.9519906410686052 +0.9555838240970228 
+0.9593043102830072 +0.9632860530907230 +0.9675786314018074 +0.9722225960876412 
+0.9772238684019871 +0.9829780056763541 +0.9901169017807124 +1.0000000000000000 
-0.0167870906804446 +0.1156922014755007 +0.1533067973427052 +0.1762116802571442 
+0.1949355418196163 +0.2101190759931242 +0.2231540094722949 +0.2344396023069940 
+0.2445810459641264 +0.2541962538913514 +0.2637942352788523 +0.2732740768218532 
+0.2825217079776483 +0.2906255796324055 +0.2978317874295511 +0.3046536690370608 
+0.3115209305411375 +0.3185420232320172 +0.3253719380096401 +0.3321812361838693 
+0.3390315790425252 +0.3455322433088578 +0.3518034995303346 +0.3579604010175405 
+0.3640718498895630 +0.3702576036060362 +0.3764807179726696 +0.3826489106060876 
+0.3887766931925573 +0.3949873264264834 +0.4012204288939824 +0.4074275236617631 
+0.4135321782702183 +0.4195298471955019 +0.4254798591874804 +0.4314700799331905 
+0.4375478639120925 +0.4435490434645654 +0.4493909780700713 +0.4550923944703195 
+0.4604999186262075 +0.4657548314824645 +0.4712331408002851 +0.4769222294577221 
+0.4826106011184877 +0.4879761616827115 +0.4930300995928094 +0.4979997302843501 
+0.5029148668076850 +0.5086020559494341 +0.5141548196523985 +0.5195583286502081 
+0.5249083485092660 +0.5301861868147404 +0.5352078046107088 +0.5399107881121579 
+0.5444328679290337 +0.5490583481846200 +0.5537825057020418 +0.5583920980745284 
+0.5633272391930481 +0.5686355098002950 +0.5742665097329576 +0.5800817289829868 
+0.5860338418767732 +0.5921180488734578 +0.5983093285974350 +0.6046450116510841 
+0.6111158739437126 +0.6172887603376607 +0.6235866137952907 +0.6297253283868873 
+0.6363342997743149 +0.6430386573231538 +0.6497855450241561 +0.6564724503020326 
+0.6633112857151710 +0.6700850938642237 +0.6767823319706437 +0.6836760589148385 
+0.6913892333999828 +0.6999533064497652 +0.7085224629117280 +0.7165899740798070 
+0.7247529979123921 +0.7334712835351130 +0.7430283228120547 +0.7529192539516270 
+0.7632443624487659 +0.7752047993439721 +0.7896017332187234 +0.8045698165652351 
+0.8224807674019694 +0.8454410198199652 +0.8824063847027686 +1.0000000000000000 
2.44547050926e-06 0.172383412195 
  <DiscreteSampler_grid>
  Helicity
  1 # grid_type. 1=='ref', 2=='run'
  80 # Attribute 'min_bin_probing_points' of the grid.
  1 # Attribute 'grid_mode' of the grid. 1=='default',2=='initialization'
  0.030 # Attribute 'small_contrib_threshold' of the grid.
  0.333 # Attribute 'damping_power' of the grid.
#  binID   n_entries weight   weight_sqr   abs_weight
    16   3647 8.05392903389e-05 1.26246612691e-07 8.05392903389e-05
    1   3481 7.75547641347e-05 1.18326518634e-07 7.75547641347e-05
    9   1028 2.41904141898e-05 2.08484480482e-08 2.41904141898e-05
    8   1029 2.40668242579e-05 1.42571954437e-08 2.40668242579e-05
    10   840 1.73354319097e-05 1.30319610553e-08 1.73354319097e-05
    11   746 1.46918317746e-05 6.7675305288e-09 1.46918317746e-05
    7   675 1.43058845433e-05 5.96661867926e-09 1.43058845433e-05
    14   501 1.24895945153e-05 4.70004033718e-09 1.24895945153e-05
    3   578 1.19147763169e-05 9.33917119608e-09 1.19147763169e-05
    2   514 1.15748704454e-05 3.77918366586e-09 1.15748704454e-05
    6   495 1.15450311036e-05 3.47191818493e-09 1.15450311036e-05
    15   480 9.78692127673e-06 2.86607757567e-09 9.78692127673e-06
    5   120 2.25939812979e-06 9.89180102003e-11 2.25939812979e-06
    12   119 1.73752283096e-06 2.56627203319e-11 1.73752283096e-06
    13   87 1.12080646621e-07 8.10200223962e-14 1.12080646621e-07
    4   88 9.54221451139e-08 6.75148353871e-14 9.54221451139e-08
  </DiscreteSampler_grid>
  <DiscreteSampler_grid>
  grouped_processes
  1 # grid_type. 1=='ref', 2=='run'
  10 # Attribute 'min_bin_probing_points' of the grid.
  1 # Attribute 'grid_mode' of the grid. 1=='default',2=='initialization'
  0.030 # Attribute 'small_contrib_threshold' of the grid.
  0.333 # Attribute 'damping_power' of the grid.
#  binID   n_entries weight   weight_sqr   abs_weight
    16   10 4564.68431743 164762263.688 4564.68431743
    10   10 4564.68431743 164762263.688 4564.68431743
  </DiscreteSampler_grid>
