   0.0000000000000000        0.0000000000000000        0.0000000000000000        0.0000000000000000        0.0000000000000000        0.0000000000000000        0.0000000000000000        0.0000000000000000        0.0000000000000000        0.0000000000000000     
   3.3645466575108529E-002   2.1546150243149358E-003   2.2377019799369294E-002   1.6171630567262837E-002   1.6430814216034595E-002  0.15844170880499711       0.16517288895737275        5.8926651558939037E-002   1.9141787319619772E-002   1.4746785772941317E-002
  0.95205419631530952        2.4597970573071897        1.0895686963622404        1.1250131430728261        1.0275017352423907        1.0426421095008889       0.81040669627983686       0.86097705828344961        1.3417354741428456        1.0931411597093319     
   6.5262876822997834E-002   4.3366133864083667E-003   4.4883680814285960E-002   3.2161325639035412E-002   3.2985716557598403E-002  0.26548441484481533       0.27960765851486757       0.11310070885583443        3.7361973519515805E-002   2.9799756447470530E-002
  0.96069545088083796        2.4985871804543867       0.94707070279791250        1.2522308067722885        1.0067472717563337        1.4510704082217925        1.0753898118418135        1.0933556562869202        2.1603029542776873        1.0280004979556272     
   9.0841525692252956E-002   6.5250506462266088E-003   6.4892935382002179E-002   4.8189934809403263E-002   4.9491712291636056E-002  0.33079965409666606       0.32970985668322578       0.14772499924081148        4.9817549941056374E-002   4.2170796980048705E-002
   1.0869536056155567        1.6185718812717984        1.5028998996463299        1.0565759096287251        1.2959826262976946        1.5136009716260592        1.0421993476921090        1.0114170082194414        1.7102238234549367        1.2575221031406292     
  0.11499508235637836        8.7102874903549968E-003   8.5326889365240396E-002   6.3819587391561780E-002   6.6266731404455104E-002  0.36603564460629984       0.36638691525963857       0.17921780466893097        6.2336079014130574E-002   5.4648061312541941E-002
   1.0396290811958326        1.6632617372494116        1.0014899208632813       0.90094813485426561        1.2621665828621911        1.2936740869993375        1.0102070720361640        1.1018265126345803        1.6143027242361081        1.0389403870039797     
  0.13541825937438137        1.0928449193593049E-002  0.10174802965253880        7.9112683429187244E-002   8.1125476352094605E-002  0.39156576691378642       0.39085501728375649       0.20213467464303164        7.4830318482131383E-002   6.8487173615979141E-002
   1.0626469720383465        1.5247014390012477        1.0005496098933147       0.89162992687931197       0.92948772629643883       0.99448866592813079        1.1128512277449514        1.1505221174288345        1.3466948329704280        1.2647240497938936     
  0.15558913729639523        1.3135436618952825E-002  0.11847223821982900        9.5052256087178849E-002   9.6306307613183262E-002  0.41168163971934896       0.41287501795736115       0.22317555592897487        8.7410005687423714E-002   8.2407253948275028E-002
  0.93976328612348059        1.4422670292090565        1.0501000436369785        1.2970985344421808        1.0911886328053899        1.0918618109606595       0.95241463326709230        1.2873899761967071        1.1530022471517576        1.1074511997619050     
  0.17549146913533814        1.5341016586888471E-002  0.13601989388840482       0.11197820181116096       0.10975353430083636       0.43068687103189457       0.43312603998064886       0.24121389310636318        9.8898865140614162E-002   9.7590415329132207E-002
   1.0132882477178544        1.2347246938648231        1.5227661710940175        1.2108032630092158        1.0346769244170708       0.96641481875939106       0.89821165499037370        1.2026203611616195        1.1630517737484558        1.1358773072221084     
  0.19458810732665599        1.7976169656755726E-002  0.15337580347396348       0.12856974089258874       0.12326986573522872       0.44731246104787692       0.45146570339209069       0.25745722050040953       0.11011766530496860       0.11240509938212667     
   1.0568681928737533        1.0751227755154262        1.2152749033810000        1.0958660552021846       0.91174397814806019        1.0357250231030937       0.99013613582045812        1.2589666706084808        1.1166718781867857        1.2470065693997894     
  0.21214524414933247        2.0739538859394641E-002  0.16986428873052944       0.14540739994506657       0.14046586935673300       0.46381316431575792       0.46891582616097693       0.27105144743616411       0.12214221794500860       0.12694761278950425     
   1.1034819552460027        1.2673063405234730        1.0219262305399315        1.1590153715301941       0.99463138093229120        1.1125413207407662       0.87713295022211435        1.1868037138439382        1.1113431609314437       0.92934362259284675     
  0.22964357886509548        2.3731218422005994E-002  0.18643919460350883       0.16200366128805782       0.15918716609592234       0.47941204340130511       0.48467867031094369       0.28415772636176850       0.13464824263822356       0.14198525321888689     
   1.0720266050535459        1.1267474492486276        1.2501002874926352        1.0307891337472097        1.3733265511456358        1.2654381647133555        1.0175592650150376        1.0715679434161707        1.1490579941003403        1.0530815563500910     
  0.24650225040330992        2.7067225002109094E-002  0.20402019436350813       0.17825985767151006       0.17636651391368091       0.49459417327325528       0.49964847022334985       0.29640821719785987       0.14854218411168060       0.15734532943622603     
   1.0941420490731872        1.0587160525105872        1.0500282526027118       0.92232908883111320        1.2539141938469915        1.2570726062235427        1.1894933758105029        1.3180031524177722        1.1565397859962978        1.1153061564240503     
  0.26335842608473337        3.0680778303961868E-002  0.22175072980543994       0.19462919964175757       0.19300320292959047       0.50880922207298129       0.51216967963842019       0.30891927394864988       0.16448766242584809       0.17336362343880352     
  0.95328010786520545        1.1081006577435459        1.0847248337005455        1.0153442911585551        1.1472182261020498       0.99561507489227774       0.91981362732796657        1.1460881409169190        1.0751232381726992       0.97264593088722451     
  0.27935859348849806        3.4790222656196600E-002  0.23981965006236486       0.21122254770195606       0.20841210913283167       0.52266361784706272       0.52351137343461951       0.32084787320859876       0.18068517028853326       0.19070079490355929     
   1.1066431229584370        1.1770477984652321        1.2245346743371226       0.97071359145309832        1.0954731956230064        1.2187554913414729        1.0376249658370016        1.0922202487431598        1.3081093080914235        1.0864696445632898     
  0.29553476229439229        3.9087865554238536E-002  0.25757117385088918       0.22728077812296760       0.22386788849495282       0.53518894342240508       0.53510197797739822       0.33330607805971041       0.19659965696499859       0.20836295837946858     
   1.3128519600262496        1.1124040728459648       0.93530117588720696        1.0263578315493811        1.2614964074091599        1.0200784860099859       0.97558549073527356        1.0376121824073667        1.1690127915942186        1.1798769526795898     
  0.31133539216506845        4.3998419088333955E-002  0.27499243800948903       0.24336642152920687       0.23967758004053402       0.54725978875116321       0.54680304421494075       0.34593199668870461       0.21195108450394215       0.22605306687511101     
   1.0480929963111574        1.0605332551728983        1.1530755101297676       0.94023783178813247        1.1353888757084853       0.99303432681017378        1.0163273531030248        1.1425192360076706       0.95439307419241437        1.0597229461246056     
  0.32656333812148047        4.8905243418748447E-002  0.29198671031765555       0.25941224571995314       0.25479299528361538       0.55860507343636789       0.55845575220899424       0.35825050031045552       0.22649800427671632       0.24318452418864087     
   1.0207302091975763        1.0816187839489306        1.0073651919206366        1.0351082285344164        1.2736695747871287       0.91733304157982665        1.1465134547573672        1.0968873819126836        1.0498114153037910        1.1753439747303775     
  0.34067817735909317        5.4152172985455882E-002  0.30689755143087405       0.27362165051518866       0.26775043152748107       0.56985376562423951       0.57032683021569774       0.37073056314714942       0.24153926289937019       0.25972544256917401     
   1.0502888840722451       0.96939469256169608        1.1866642866271908        1.0191067925657125        1.1653515456338690        1.0694982580473180       0.95072333214493032        1.0789405888535317       0.83560729955879154       0.87737432753446187     
  0.35496238145443387        5.9661011719231306E-002  0.32239959829839659       0.28783556143160693       0.28053028312127859       0.58164082945582418       0.57967404211522444       0.38324961322472889       0.25665438158061959       0.27657564076079449     
   1.0460422786580117       0.91578392756978300       0.94762472203950376        1.1464862800341378       0.96671696728156331       0.87499492981277849        1.0504536515276388        1.1420041381820176       0.94775523280423690        1.1537786406923283     
  0.37019290511333708        6.6266205559164765E-002  0.33666198078183057       0.30318379673593060       0.29256463453216397       0.59355160998674572       0.58820497603636612       0.39639205829502810       0.27217521306690751       0.29244677866525182     
   1.0245919851028602        1.1140638726585719        1.2758378224026674        1.2697329665792298       0.90613942321390573        1.0978565809248877        1.0214549379968145        1.1460995216226697       0.94852976384849341        1.2555462152750836     
  0.38597443065524173        7.2728409660638718E-002  0.35154825015107022       0.31871677676386911       0.30506278624540095       0.60500636196744739       0.59655749706384431       0.40910972259478973       0.28774825418051719       0.30884302028175914     
   1.1277347550723049       0.95767442177764517        1.1030340725469372        1.0567087355631892       0.92188948839607798       0.91409545143934257        1.0440073507578909        1.0155264409649642        1.0917042113932152        1.0260803821969930     
  0.40188389809211089        7.9256478857569895E-002  0.36585633734372164       0.33580062504782693       0.31799189047895998       0.61610046910028360       0.60476898325576445       0.42168608380124517       0.30402715323083690       0.32594100524293523     
   1.0554844231956175        1.0029392657532850       0.93155821562866936       0.96969330189209957       0.99288113071559780        1.0920151175694817        1.0004072814915856       0.94294665240188258       0.91558628831607447        1.1518627877735603     
  0.41692362142995232        8.5915365162612889E-002  0.38083318704054153       0.35253314839406685       0.33055371027893304       0.62596651821578309       0.61336901180356751       0.43400352295976918       0.32121506406703038       0.34277981247289108     
  0.96158818457486472       0.92855673366020397        1.2765919119133053       0.98213763503340812       0.98610859785065597        1.1701854824638667       0.97581028116440627       0.94016332939735636        1.1068159957013490       0.94627011223279189     
  0.43111384832838667        9.3302240315382132E-002  0.39650177536383335       0.36928911007761694       0.34301202313058810       0.63560077984064112       0.62209385379801907       0.44614846037562894       0.33803399381070159       0.35987042945874176     
   1.0568685595338314        1.1628473090357703        1.0579317740884420        1.2689301220689952       0.89119682007959189        1.0112170639366318        1.0354418732488995       0.83119927337542265        1.0510840209944512        1.0089625658052790     
  0.44547698368577432       0.10100622071651769       0.41190726443018411       0.38566890337459225       0.35953991461288382       0.64488851616065279       0.63031158967876744       0.45880847780779299       0.35427394291536812       0.37715110747318026     
  0.96548691038574641       0.93882934772987769        1.1746412012973797        1.0607071390311076        1.0242936555036493       0.92793818382853910        1.0812362429380051        1.0178280218596070        1.0871056047932979        1.1045134608654887     
  0.45972114910754985       0.10942154723376117       0.42544740986387741       0.40133267122827954       0.37709215473075880       0.65409661321470780       0.63823281607048143       0.47240083174940478       0.37101404181504372       0.39479178514904900     
   1.0137206667314373        1.0280579702670805        1.0164168797835631        1.0890033383835065        1.1851452688421773        1.0320123786762632        1.0363000084746048        1.0186939257584131        1.1857725620850168        1.0987229247354295     
  0.47421777601441573       0.11810201869394471       0.43921889871310599       0.41755806603125800       0.39222772917636561       0.66240541728165070       0.64568328255075991       0.48591262155270193       0.38734172923968074       0.41196090136722247     
  0.89759173545602933        1.0825889816252405        1.0864953985866324       0.96175958514124704       0.99589266192710824       0.99855348099103103       0.91175070962990012        1.0155921034409439        1.0359204280490844        1.0023077951152364     
  0.48780855574709792       0.12827702099270152       0.45299267117270958       0.43310146263849014       0.40613307748073058       0.67060065632201471       0.65308173551754412       0.49888342021520665       0.40432641929791913       0.42874038102735518     
   1.1770914212607761       0.90452824599753212        1.0402401135112693        1.2637467603703927       0.94669527849300283        1.1262259806700252        1.3517226100638884        1.1150896244757842        1.0678341286552797        1.0935166478232483     
  0.50179295508063981       0.13839943948072111       0.46718511862284773       0.44936619444091108       0.42315880721895294       0.67813059751252047       0.66027243433306115       0.51179417317000331       0.42043069048826609       0.44550588409392849     
   1.2074216553829289        1.0543347166768209        1.1204824357461001        1.2760902152430396        1.2433904460220080        1.0911165211615614        1.1870020552017293       0.94126087451460405        1.0375982150810787       0.90118977170036130     
  0.51559786050777945       0.14907293570217731       0.48201338927980902       0.46519997975254690       0.44046973306465587       0.68554613466351622       0.66756767077003565       0.52756808346637407       0.43633202998482751       0.46262667958219550     
  0.99615399122903669       0.99250466649398117        1.1231431279963724       0.98656215891563792        1.0809232327321501       0.89353815595516684        1.0343360100881749       0.96131111619170850        1.0265426211684003        1.0506517727754827     
  0.52916738846406086       0.16027099826806079       0.49648038779152498       0.48062753105901368       0.45806585400267091       0.69366120821119448       0.67460911169351923       0.54354263816458681       0.45103265306127144       0.47851468325729174     
   1.0336260341106802        1.1234209613833954        1.1673722301305125        1.0479264803169421        1.0461537188861445        1.1283495199203497       0.93306166003764757       0.98672097273691384        1.1579747238654028       0.97030954210057652     
  0.54372359797317371       0.17239868790220875       0.51036709395056779       0.49633224262837783       0.47557283335607681       0.70166250993892532       0.68116128736518489       0.56010857590130469       0.46584129255768730       0.49287698809356034     
   1.0719099522921793       0.97829405684708803       0.90669630285198577        1.0015856619237218        1.1047415980914652       0.84412530075506986        1.0212192444387511        1.2217161928759324        1.1330908614471131       0.99969410474474807     
  0.55757812685884589       0.18438428776216248       0.52474947105969227       0.51237667491511318       0.49227204993571971       0.70906716575952689       0.68818061180823809       0.57668391491876925       0.47949407075410783       0.50845948099580951     
   1.0140036490225020       0.84944436688069003       0.94452624545556230        1.3321128400909301        1.0461092434168999       0.93091283889523035        1.2198030104563919        1.0011966634339082       0.95813342689473024        1.0869491479918403     
  0.57191949299795219       0.19804917076492023       0.53889107351465748       0.53048699816013567       0.50834467253663629       0.71646042264421517       0.69522314942595642       0.59349780435372756       0.49334746750328345       0.52454669939500054     
   1.0043463311371608       0.93120892801972965        1.0119465000541406        1.4171081420019407        1.2350393794076735       0.99132890648751193        1.1633224835846190        1.1821336125771940       0.96367953953856933        1.1026576606578116     
  0.58629026807388973       0.21202099556450485       0.55372629334089574       0.54798560816119546       0.52447939088760331       0.72486143552816007       0.70177647417843836       0.61036189381640371       0.50724342067764128       0.54109946031689082     
  0.95883553514577025       0.99487017239993580        1.1229941790800044       0.97305635661854795        1.0858309387414404        1.0539164488554482        1.2089788050528587        1.1418856956446954       0.88846456999412438        1.0413900050998470     
  0.59956274255838793       0.22639267991440878       0.56831825307043771       0.56501146988115425       0.54116508659031004       0.73314583715965009       0.70820523531589374       0.62613244539989876       0.52156345142641958       0.55923578095240267     
   1.0900013626629099        1.0428555272989044       0.97418744162538351        1.2558594883342267       0.96294146381316492        1.0486168039401595        1.0991854154495619        1.2117545782941348        1.0118857225348306        1.1827914184610553     
  0.61313271247652901       0.24104088688068129       0.58265686519669246       0.58133549881677749       0.55840692604792241       0.74099696837803375       0.71478862308370772       0.64243663440533161       0.53627693031402579       0.57721763245090296     
   1.2606933680527930       0.88270856051265489       0.88520040508884956        1.1287683794210275        1.1623172771204822       0.89184637177293269       0.95043121977113865       0.86904269683093582        1.0399378086338544        1.1223215959087383     
  0.62553865346209114       0.25770647569842908       0.59519106864171578       0.59633179457101015       0.57574086124197865       0.74910821301235941       0.72148077998655313       0.65524429822703556       0.55038629967216268       0.59296369144090377     
  0.82998201367512703       0.95197235111845591        1.2294950224700560       0.97553637421286998        1.1638441705814859        1.0832651763103178        1.0227750989679010       0.92521565323665733        1.0182549177712452        1.0098527845189991     
  0.63682469254124952       0.27470480371939066       0.60776831609419302       0.61156401663561788       0.59221532237252217       0.75725517036518264       0.72807693969591958       0.66843786218083889       0.56421923759217041       0.60893936075059130     
   1.0827582896403030       0.97426115160213367       0.86908834925878542        1.1129585066171401        1.1673398815649614        1.1242938486081147        1.3276764186716676       0.91701813514444042        1.0908023317678770        1.0559021618931366     
  0.64983265420440317       0.29256618571238813       0.62004286293503907       0.62757457294045638       0.60653579599360474       0.76540733457866494       0.73447808275801663       0.68286119190193928       0.57772318541792445       0.62526208246324000     
   1.0152777606350538       0.94613605526036715       0.94918562024092601        1.0338342404191274       0.99462426453808617        1.0361921337550837        1.2879963506268786       0.93278959420352980        1.1448313707975113       0.98474632312963095     
  0.66341778092012227       0.31023784628112083       0.63280075299776639       0.64409622261629407       0.62116605817362447       0.77374687475150417       0.74065949914103557       0.69782045222613875       0.59067111022725516       0.64084819588735531     
   1.3056714072304243        1.0681203662778549        1.0086520982153624        1.1975340810339890       0.95368700013709895       0.99913450017628092        1.1356120501441271       0.96124409073056338        1.1186693935771059       0.99653894901606810     
  0.67744606382912409       0.32933518556324010       0.64683696132399071       0.65839017218461759       0.63603565330260481       0.78193547045473599       0.74671308852186835       0.71336443675941108       0.60389412026658396       0.65489282209205135     
  0.98025631572881744       0.97690483138513562        1.1015788084064473       0.89370778159013686       0.94994432476375856       0.98394219016087114       0.89042197022372316        1.0851056278716122        1.0084414038243932       0.82328741437373965     
  0.69190465648888133       0.34842113356122006       0.66106837622529346       0.67210109915670690       0.65110222268932305       0.78974083765150660       0.75274569820205439       0.72815589043076390       0.61730887796045231       0.66916920761438248     
  0.96693631848551231        1.1854131297552131        1.2283035526083073        1.2652124231192459       0.99155150814510751       0.92201500008302817        1.0315865868083858        1.0782381722204186        1.0507371347208687        1.0624799659829156     
  0.70665094108302628       0.36990129310004605       0.67659470281835621       0.68694979569723169       0.66637409748798548       0.79749986353947955       0.75869631510659485       0.74158233690052633       0.63032756199366369       0.68471882737246936     
   1.0011693837442994        1.1050762891526833       0.98367387207510781        1.0518935302322672       0.91657351605440007        1.0693380466845710        1.1872065636100186       0.94712083605304320       0.86892335580236690        1.2457325293088644     
  0.72139891908720233       0.39217640462438513       0.69201292725112651       0.70138624432725183       0.68135053179996585       0.80492948243429419       0.76492347227662105       0.75597788976961178       0.64291683431956681       0.70032459658717638     
   1.1765016491173037       0.92319406419446826        1.1031709572360058        1.0356233407759046       0.92818833427300129        1.0063073219255889        1.1989195836886641        1.1299251989933252        1.0386137394656718       0.99872773253669311     
  0.73509360273161028       0.41589968806242128       0.70745775410650058       0.71541973303713413       0.69464191802684061       0.81242698432771021       0.77134990004325321       0.77137871724589091       0.65587645249135018       0.71624254486812766     
  0.96422228727875658        1.0130968564848188        1.0306625436610182        1.0547373467986103        1.0008443356069519       0.89583692657716041       0.99255742920153212        1.1017104559447757        1.1230472030089493        1.2602291940107457     
  0.74827221234060670       0.43957400107055561       0.72300645487353876       0.72989941757331389       0.70827774138259214       0.81979063420029830       0.77768019667951549       0.78556875346174582       0.66923382161757239       0.73163532289951883     
   1.0895307100489229       0.87562897843483622        1.0887288161205790        1.0077462346475132        1.0862408394343408        1.0151142134206035        1.2046148624045721       0.90871976615317662       0.96308884750471813        1.1312238290316932     
  0.76060841067309481       0.46279054081361271       0.73775603618396157       0.74427104247666132       0.72125864850698973       0.82693397352184272       0.78365540693998170       0.79870280123965176       0.68220465190439561       0.74600782148961542     
   1.0104851340938468        1.1815578827122468        1.0267471954142970       0.96361755462557730       0.98439392179503160       0.98269388205499641        1.1967206217638371       0.90096150669590225        1.1297509197252231        1.0886592268447126     
  0.77158694049218035       0.48718323829634169       0.75266854836586683       0.75793252495753083       0.73485018263724133       0.83500570264846874       0.79038083618560451       0.81167803108597159       0.69473994785472670       0.76086291392157657     
   1.0101842428969168        1.0072674298774580        1.0489891419577526       0.87486491510941011       0.99674619339236126        1.1785357068342741        1.1275205034729339        1.0407823153645315       0.96132325633971050        1.2473105326069331     
  0.78406713268153960       0.51345022591797440       0.76734745199483911       0.77312578089167594       0.75082185798373791       0.84359278203971388       0.79746085658511479       0.82472463954998299       0.70908224543139309       0.77711874040179130     
   1.1442345854712295       0.99592273901123052        1.0949376469771583       0.97209142058525766        1.1634446701758441        1.2106768889396804        1.0433677742395266        1.0764359207577900        1.2863915304850631       0.90987678583138609     
  0.79776879889667940       0.54072851126521382       0.78228036495815800       0.78786633384577531       0.76696374486286178       0.85236698822301460       0.80443346862017207       0.83789911447429877       0.72552234384270753       0.79379774405828218     
   1.0781167138081884        1.0373667231648258        1.0451853044399624        1.0080109178531411       0.99711308331403004        1.2641196945359892        1.1034073828101463        1.0638855691090421       0.94439274547713714        1.0514076589821924     
  0.81153966878128247       0.56835341936368178       0.79774245379044140       0.80326530296792986       0.78382633082881514       0.86138065127402963       0.81134983696660357       0.85134415379349015       0.74340200065808260       0.81102483456065311     
   1.0961548181494400       0.94653608219437591        1.0440373028248771        1.0683602566801751        1.0413322629424020        1.2170922870516414        1.0218058894510400       0.96337323308832379       0.81304633407052218        1.0455830805094355     
  0.82534902221878692       0.59751715496420621       0.81304047959144476       0.81825500620881630       0.80084237488979571       0.87032797239138027       0.81801619525229008       0.86425892159112117       0.76339766043192714       0.82809777378576321     
   1.0912451665632672        1.1372301597287404        1.0543298434679320        1.1473291350125780        1.1338932121619343        1.1718291220905235        1.1119066580272936        1.0988336449986380        1.1135420886884768        1.0278085756365860     
  0.83842932152161254       0.62591472490110633       0.82816776573414630       0.83171997928590491       0.81775191275100378       0.87921868765103173       0.82428525997707458       0.87656948873887253       0.78311765441087899       0.84255457621941954     
   1.0701406790177688       0.87246927715371803        1.0484937961584970       0.98541889008002759        1.3295936690750823        1.1031887070515454        1.1606145626129067        1.1306415366999665       0.95311542188822362       0.95626861624706494     
  0.85104947276723442       0.65571854184610667       0.84366686788971812       0.84532242251759226       0.83472080104500890       0.88787428186469020       0.83053561240225593       0.88841257917436522       0.80233144441053617       0.85697018043647211     
   1.1414006754805284       0.94198079897939768       0.98516867523823703        1.0897382446303063        1.1627875547855682        1.1682238963292619       0.95136064153791178        1.2121233858404563       0.93091283889523035        1.0300511657585552     
  0.86434784867113390       0.68518248322419928       0.85938899202605945       0.86015026226768920       0.85155112749867590       0.89563410424730983       0.83715386897496513       0.89994358506981520       0.82100897945566420       0.87047170560055065     
   1.0496831929453341       0.96975037597839508        1.0460538395028030        1.0915302905845441        1.0167191179208606        1.0317909035836879        1.3297001746735460        1.0015596025956353       0.87862853681622388        1.0972360695467631     
  0.87777073426363583       0.71634016133245892       0.87495935948803538       0.87555406501551247       0.86835620313630213       0.90328126832306010       0.84374771769785872       0.91105002069999175       0.83849076718174687       0.88454955230162613     
   1.2303421412073252       0.91340542708602834       0.93896268719021092       0.92207773587793140        1.0072709245017546        1.0059219350879514        1.2292097460751261       0.90461084574944295       0.82098717902799812       0.96076459979068041     
  0.89102883634523089       0.74762231622820896       0.89137202372501034       0.89099733400536885       0.88437976361789816       0.91144445429774978       0.85258524674243907       0.92161613878100668       0.85908150852821230       0.89920621573617121     
   1.1019291068660306       0.96575040392610456        1.0972324134066740        1.1818198977789001        1.1812416438326154        1.0771046049717350        1.2207002702929310        1.2085449590889392       0.92017470077268970        1.1632482361120904     
  0.90442848892112049       0.78017860461226707       0.90737250753767940       0.90644097392083045       0.90115248785624646       0.92022033583493346       0.86201730038538837       0.93236509501161435       0.88087629164515380       0.91366676250986500     
   1.0496984598459849       0.89145933500210517        1.1058876571029361        1.0303899459349628        1.2772507076699984        1.0004555805843447        1.1436076432567637        1.0081789647054276        1.0291843633663211       0.89764698690235400     
  0.91774187377642191       0.81449559073376043       0.92324897237945902       0.92213838160657624       0.91783125390129761       0.93085892138188986       0.87306864126891404       0.94321203422586097       0.90181927352686386       0.92753225337890755     
   1.1935639673710590       0.92751576167823147       0.97327353853671439        1.0092607847635708        1.0416719515630934        1.0853445806242998        1.1740757884789566        1.2368691579817566        1.0443560643531786        1.1384725956494159     
  0.93157344003716358       0.85239600596554566       0.93906010456864630       0.93838348228610258       0.93442297152880083       0.94226810099441571       0.88433172771751223       0.95432535518502848       0.92297748340123931       0.94110893264205653     
   1.1093939099281551        1.0338675764502310       0.96961540807765112        1.0515909275687996        1.0973472298726261        1.1401052152435374        1.0012815542203257        1.0261400295454772        1.1633705116462900        1.1215199621346776     
  0.94612955543628163       0.88890137583607642       0.95508340289440719       0.95240813591221418       0.95043685702207559       0.95372231423335430       0.89935941956159382       0.96589104179190421       0.94341752924448985       0.95544930057532695     
   1.1323962771860936       0.96234295326682151        1.1560773088129332        1.0010682969921572        1.1268101277701394        1.3314147140624866        1.0317252891388862        1.1121226527235835       0.89291239165089131        1.2000202298763547     
  0.96074673467836624       0.92484101186162515       0.97093835098180870       0.96620434881003259       0.96715641242964789       0.96554757104684641       0.91639559392778702       0.97717633080016608       0.96375334753822539       0.96981010952102975     
   1.0592532956540670       0.91768937689639363       0.94985532355771884       0.99958114270542964       0.89042529873395027       0.95759120109455065        1.2001851578022653        1.0763027436052515       0.97876231132038638       0.92496230412696190     
  0.98002093971565007       0.96219869384754408       0.98570258641699404       0.98340907511336362       0.98348764276390799       0.98140120783918972       0.95085928432416122       0.98879228009174902       0.98177044077599784       0.98500457197379920     
   1.1521810680878257        1.0036123095456826        1.0522951525442992        1.2234330785715726       0.92201745947635083        1.3515854243279819        1.1695966022406230        1.4401751898658144       0.94134878373937081        1.1964911151304918     
   1.0000000000000000        1.0000000000000000        1.0000000000000000        1.0000000000000000        1.0000000000000000        1.0000000000000000        1.0000000000000000        1.0000000000000000        1.0000000000000000        1.0000000000000000     
   1.6498536876599472       0.91042297609895173        1.0410032650940815       0.99394816018616916        1.1141746380020838        1.0032416192462794       0.84785855999373516        1.3948450409842441       0.98516898524220098        1.0361964170943527     
   8.8746673888612921        1.9168263761661457        5.5963857224618323        2.1577923501191063        8.4009568321779984        8.0099552101157059        9.7799153730618507        9.0057173626426703        9.8721729381654590        7.9086685438278082     
   7.8433565123632611        7.2729045087172945        5.1002412258453074        8.9239596069112235        9.9891385439297125        6.3686251838880059        10.107404285617227        8.9389651559829097        7.3641857323665665        11.737569728026228     
   7.3113117397193808        10.146158663550727        7.2609319158408629        9.2781967172729214        7.2157558810056353        6.6048224065129180        7.7435032208937278        10.704664418594410        8.8177889261884630        6.7932975057272236     
   9.0192522263032195        11.859206749796760        3.7559531398700319        9.2815716205649288        8.4962703645017275        7.8695801509450281        7.9667248184250532        8.1752446408705133        7.9898331022309170        8.6733191138626751     
   7.7090477801754203        11.929868840594386        8.2525493164003372        10.075684431563209        7.9750970261846685        6.8044858210451036        9.2022903606676287        9.5274378090140761        3.2657573442707299        8.8489139599029940     
   9.2904991815252487        11.489620393752729        10.029711823701794        8.2281532668434885        3.4657657067171588        7.0180931537874081        5.6813673104759363        7.9112941647081483        9.3692516748874084        4.7567740972935777     
   9.5763167279870043        12.938576774294637        12.373061771797909        8.1887583612086399        8.4539526924747648        9.8442271276883329        7.7006725229563626        3.9688682720206354        8.3501455191953387        7.6603762230580017     
   4.0494064797286926        9.4763819158405447        15.717760995472235        10.288260893431135        8.0347666494848582        5.6586285410342327        10.542142499367637        8.3730829011346231        10.179798158116458        8.8920589397202132     
   9.2795961723932008E-002
           1           1           1           1           1           1           1           1           1           1
  0.12386380973421789        5.0659672945464522E-002  -3.0408386285734885E-004   8.6123273413755506        2.5544385337595336E-003   5.1826236053182355E-006
   2.1637404964028576E-003   1.7574437143816335E-003   3.5358785537665312E-004  0.33743272291567972        3.5325623236739527E-004   4.7255523284012371E-007
   7.5233448563473432E-003   8.3282259575912239     
