   0.0000000000000000        0.0000000000000000        0.0000000000000000        0.0000000000000000        0.0000000000000000        0.0000000000000000        0.0000000000000000        0.0000000000000000        0.0000000000000000        0.0000000000000000     
  0.10004486001362611        3.0087501798271134E-003   4.6812391633807043E-002   1.3328456458872021E-002   1.5498995146262504E-002  0.83646585797684136       0.10832331168262878        4.8052742523037761E-002   1.8987562819075352E-002   1.4987106947419029E-002
  0.33328542195294542        2.4168879764245599       0.38603370613607946       0.44945400875537639       0.48760931879469943       0.35720647069937778       0.34846834570707619       0.36061431735040900       0.70240484486940347       0.51862512922757820     
  0.18249951915700816        6.0175003596542268E-003   8.3972699346832644E-002   2.7107021107823530E-002   3.1301606274596647E-002  0.86265202871932056       0.15763040113404203        8.1914671879942891E-002   3.3937012164918443E-002   2.8785792678368893E-002
  0.33328542195294542        1.4674968331147658       0.38753822581351310       0.43681330169097005       0.53789590372310436       0.33328542195294542       0.33328542195294542       0.49607760723499317       0.60569531193109849       0.59320449150273857     
  0.25246230463355096        9.2798803208963086E-003  0.11401961137553103        4.1194924887638922E-002   4.6990393077997558E-002  0.87943111904691418       0.19646563408283399       0.10881557279388647        4.7576562678634783E-002   4.2331232085753470E-002
  0.38284441594184104       0.72164997760530769       0.45240464895268073       0.46598504628920773       0.43959492385185350       0.33328542195294542       0.39950087446240590       0.35561766944604489       0.50893784251497165       0.41284072083314399     
  0.31351427514518437        1.2616948974489419E-002  0.13830222103909129        5.5077073357408461E-002   6.2091449692326849E-002  0.89643973597873450       0.22777545872156593       0.13113592912489530        6.0499817136696755E-002   5.5779494723289108E-002
  0.39156443524230861       0.75509932611345465       0.44403605513554201       0.51374858070867724       0.48691980487831438       0.33328542195294542       0.41611022078262039       0.44668674399978425       0.59721771097199117       0.48541076693729651     
  0.35778269918096645        1.7277864053029206E-002  0.16058538381898144        6.8990157249786507E-002   7.7734423787176918E-002  0.90664007884562470       0.25336687682984760       0.15140499623890114        7.2576439191384998E-002   6.9275569231025222E-002
  0.34624055522234676       0.60920483016316707       0.45080725493053447       0.52478908839908545       0.43971480978994187       0.33328542195294542       0.42092282587119684       0.50220863463283927       0.55122525540456158       0.56950553228269873     
  0.39931660829721449        2.2456854032581148E-002  0.18065243912001844        8.3056287534603424E-002   9.3066030610772260E-002  0.91150701855076333       0.27608031752142786       0.16988089277576862        8.4929030015025400E-002   8.2675502631175721E-002
  0.42333629722217508       0.62094499745537246       0.46535453296818530       0.47133676386709494       0.49098663160786926       0.33328542195294542       0.57940144477660094       0.39979152893138092       0.44325955947908180       0.46518267996366192     
  0.43829220293335469        2.7883669866553003E-002  0.19703829410478771        9.6796714722795815E-002  0.10906074482978141       0.91595587110492105       0.29017274489643557       0.18853921592901585        9.7858703005012704E-002   9.5976085347072984E-002
  0.37944917099369851       0.59079966406392193       0.41988174254070759       0.48180223655032534       0.45411872081974519       0.33328542195294542       0.45792990310010123       0.46673044451904938       0.59667916274706001       0.49855791223430851     
  0.47092953924547243        3.5095850259735099E-002  0.21136092411267940       0.10951871291146378       0.12534928476636376       0.91978926495298396       0.30171617993810207       0.20601774652645699       0.11175118285147406       0.10897252170315712     
  0.36507009566347098       0.62909074528287900       0.41568749764099455       0.48406870664025753       0.54290745169407051       0.33328542195294542       0.42887638240387149       0.45802496821863115       0.45377291877139581       0.47133676386709494     
  0.49713244081176833        4.2769065970302458E-002  0.22395431568799073       0.12250806170458958       0.14197576183051458       0.92397046473326561       0.31327751600901882       0.22064156988904865       0.12656007385242235       0.12284029764167610     
  0.35221448316725090       0.63788483604016366       0.37437968320369830       0.47049009045228446       0.44412641140297565       0.33328542195294542       0.43276358751338090       0.47079368351047363       0.47005757228664796       0.47296542933932240     
  0.52358466575637796        5.0905213750417608E-002  0.23647583036513259       0.13525645279779000       0.15824385412698255       0.93247234987016303       0.32419966560707725       0.23587400049332119       0.14048371471348323       0.13819396823122287     
  0.40589972253565404       0.44694281723653323       0.44245560457636640       0.52633657737601636       0.45333567989191315       0.33328542195294542       0.44573287034529357       0.49414592285213499       0.55944418115117178       0.46279554413224044     
  0.54762486806553212        5.9600534264676167E-002  0.24945493313149464       0.14807198054929230       0.16931475392902776       0.94206631644257677       0.33490553092984843       0.25083262520270411       0.15458656607729290       0.15404340594948504     
  0.38327813052596188       0.59750694541477223       0.37362250169849204       0.36597674540539593       0.38911118472772649       0.36968968567782967       0.51210666781579550       0.51600934525053099       0.62175480696960339       0.47839370123331798     
  0.57634771072890700        6.8067729618934605E-002  0.26393649420311344       0.16155821361451805       0.17793064572784167       0.94697056094495546       0.34507258922808148       0.26585166087032874       0.16859252378673201       0.16719039705324745     
  0.40380390303270158       0.43674441994395058       0.45620572899222822       0.49734673203533447       0.44324153937761429       0.38284441594184104       0.53027745660807013       0.53218802991238623       0.57985876851190943       0.40565997165248369     
  0.60535830359550480        7.7126995846614879E-002  0.27767110778976284       0.17513002591586627       0.18634855959033869       0.94961960251711330       0.35476428965085183       0.28009483174375127       0.18302824557504144       0.18020377827684247     
  0.45512170592240436       0.55400538155133994       0.41517884938093652       0.43279046586733860       0.43039651028468967       0.57604890744277737       0.39976143201199588       0.60648510369513287       0.53537890775159491       0.47779967494321951     
  0.63349719773372026        8.6509157352480742E-002  0.29047402597178834       0.18872046717046492       0.19566155746873248       0.95164532501755228       0.36410900583804301       0.29292270685169686       0.19785416353517088       0.19380840027011129     
  0.36050080249474664       0.42131477579476878       0.51965327599319755       0.53876584551516438       0.41056217211021917       0.41193111820407619       0.43312764523509545       0.52345214069676205       0.47678540214600373       0.42151783661539688     
  0.66122595527241401        9.6274410897302112E-002  0.30268356430792687       0.20147539464970435       0.20728535557827774       0.95338698367181562       0.37345877353655427       0.30558499595156008       0.21318174733007458       0.20883475409611210     
  0.42212102237757398       0.41375718477147744       0.43971410750251994       0.43241605399599220       0.39431802304722685       0.40167912447788134       0.54521446244793603       0.39644576653004271       0.53846205364674904       0.44410866819453976     
  0.68733874407481177       0.10712845058206751       0.31503679137954277       0.21351282034104799       0.22027782300401974       0.95500427181613956       0.38284155164285583       0.31854102619248009       0.22774558751487700       0.22398524677679885     
  0.43302443324145196       0.45533646598172656       0.56177325494811614       0.44099559241010849       0.45015901300629330       0.50516623543048755       0.45365843079307894       0.46472675522160789       0.52066007388745261       0.44359510570395672     
  0.71074858544537856       0.11880803808600679       0.32750867793235738       0.22604736276862214       0.23351263661247895       0.95667920083362312       0.39289388490981109       0.33166337536829349       0.24141381296207109       0.23835251542723040     
  0.44313490755762081       0.52558383009888676       0.47527088308762128       0.44451457617787060       0.43684787026816430       0.52604929414541524       0.50279231411215564       0.49873640841808825       0.48905818870996076       0.46796619791015975     
  0.73178171730075714       0.12841950353013062       0.33943950577166626       0.23944021079715971       0.24696174079752808       0.95819447908098965       0.40097929686837053       0.34582849308408636       0.25505749023864061       0.25157540777387977     
  0.43457332687849121       0.40888430396936759       0.44417410370844718       0.42374382891832985       0.53612405261135898       0.41553751397650962       0.52851676134015091       0.60165441961307409       0.40977210774332706       0.41253225018564321     
  0.75091470991962994       0.13885631611262825       0.35068548964017759       0.25765128573100632       0.26062216592237569       0.95959265691156570       0.40799656361841791       0.35934209651502041       0.26925513714538429       0.26452643987481167     
  0.40341189144711537       0.45932583263037718       0.52955451618040261       0.48831232523179446       0.47564474583262883       0.51828246348753959       0.43832412914703367       0.69258225298550224       0.56483337271962386       0.41901204451000412     
  0.76655159813773432       0.14946325215692369       0.36115568397239611       0.27812542360165088       0.27477223887227298       0.96087553509880563       0.41467306580415747       0.37139851605513546       0.28464090362508415       0.27785879688661369     
  0.35939601137606869       0.45535445907103517       0.47116734506916985       0.52642667944451882       0.42831686833909283       0.49264944170413810       0.42207890619686667       0.45264410385751525       0.49129458081739052       0.47585187249602501     
  0.78134490544586255       0.16026380975857807       0.37156597515405254       0.29766747927298803       0.28947258324323927       0.96197420073947171       0.42120054481975289       0.38345499397894289       0.30224438079136251       0.29236006716519997     
  0.39144348498820419       0.41624722758930072       0.54894839483108393       0.48403157422967114       0.51660594820743322       0.55084277308372165       0.44386827056886435       0.53581744125836928       0.52176686491343083       0.40019067848199824     
  0.79348283445793377       0.17113235388392176       0.38222609046294226       0.31649757319303662       0.30395535049586214       0.96301007604683908       0.42770308638826876       0.39551325501232493       0.32010808874468472       0.30730197975195178     
  0.36792288722128846       0.35720647069937778       0.54621974499152770       0.47301457133690722       0.42439631951720375       0.62700310347877197       0.55282371927611429       0.45515769323705596       0.54502516871999951       0.37110801201818305     
  0.80502853641734506       0.18209261294186277       0.39187937040880838       0.33456766398188359       0.31819701524145949       0.96400305041461276       0.43390698254918070       0.40787253359531994       0.33730826195778629       0.32088150639202828     
  0.37245046771251716       0.45996882683899443       0.47691488115577396       0.64891758225300222       0.50142122681400803       0.54698610657403257       0.36701212819665074       0.53586752186232633       0.54015546198917863       0.49690138258471722     
  0.81668398588790614       0.19321122001375024       0.40152854939720023       0.35187327541228663       0.33166911870725596       0.96485353737771118       0.44033699054489522       0.41992951978326892       0.35436507779317677       0.33381258580911610     
  0.36442235222754266       0.39076543982768475       0.51149853321989402       0.53098992312374771       0.49956366998622720       0.52198545933852603       0.53033227693588969       0.54612352173824696       0.43977275081219341       0.39266067070238220     
  0.82541481611281053       0.20421643014697444       0.41142333670924158       0.36845115614457064       0.34528480438801445       0.96569709437187967       0.44672856228603292       0.43201164138921538       0.37150228309209238       0.34642282595888241     
  0.36700605409260390       0.37362084667597339       0.48933878922287655       0.61808936746330201       0.41960669696756664       0.51703219117405463       0.35448431231626437       0.49420452844959345       0.46342383669666265       0.38192099667028057     
  0.83938285829289006       0.21669254843128344       0.42144059950661961       0.38426581173665675       0.35910072274067956       0.96652749158112927       0.45286275052399927       0.44391818854433168       0.38873417029567675       0.35853889193614485     
  0.41386019532627788       0.50352467041796745       0.45698317591396570       0.49228438164156496       0.48351127268535665       0.62905909965733930       0.44271536965959207       0.51355584834222934       0.43776872743381018       0.37863769145185383     
  0.85388071800947851       0.23066908736575381       0.43034658504724310       0.40042684468847639       0.37331372437600790       0.96732623008452645       0.45907813228685029       0.45722976823925965       0.40548773911200892       0.37503194419306718     
  0.44628742090297019       0.42853682680741600       0.57196985348451534       0.47662571694955103       0.45848071202337859       0.55307818304751699       0.43530949886107823       0.55390890673142590       0.46472694501476380       0.57959241098969871     
  0.86699897637836776       0.24528346370316173       0.43891980073440989       0.41712839777628041       0.38717783572113129       0.96810201533651286       0.46534770230217115       0.47147064975904684       0.42179518760646817       0.39355036096924889     
  0.43424231566102267       0.45703808841145149       0.54994623574536750       0.40469969752977064       0.45379900874645546       0.42875287932663664       0.48775136113333994       0.50911352346651195       0.47497880332634412       0.42374382891832985     
  0.87934283932727042       0.26022611834204229       0.44737615919340823       0.43354103811167288       0.40035964988625927       0.96888397445588448       0.47182752477911477       0.48524237966925976       0.43819891981855080       0.41179497053396574     
  0.42784903160426341       0.43892777812314249       0.62440748327839846       0.45735379161904438       0.46315772444146797       0.49788369297995549       0.50904788717126193       0.48530525429365984       0.33514617359627752       0.54402519207910038     
  0.89118514739548960       0.27533499794599642       0.45586695592654647       0.45048864118789778       0.41372212031966210       0.96966858971141523       0.47876710249807319       0.49892908140310244       0.45303076435581530       0.42953435292622111     
  0.39414033480241112       0.48755170402230780       0.46056484832835398       0.59865111354578382       0.38460410511040022       0.60248344823109323       0.52427081269371323       0.51857420563866963       0.46667088077626911       0.47538104217552324     
  0.90033746735835973       0.29027617117668986       0.46413259811268520       0.46782021740881635       0.42902983054747529       0.97044217779947650       0.48568289694703359       0.51153001027596789       0.46615012447749876       0.44631354042588239     
  0.41032248528667181       0.42765774790285294       0.43878889525125375       0.56694597023173954       0.49296618720910035       0.61677973946604447       0.50432782669027898       0.39543488728786863       0.43492020519969166       0.52727990584294437     
  0.90743147946910119       0.30483863293452923       0.47200291313617559       0.48321351270428026       0.44464681144421470       0.97121359665470830       0.49241976404181931       0.52403292650802102       0.47912411258653193       0.46373551613752328     
  0.40576291837769640       0.40040351659696333       0.51337390591282794       0.48361976657654043       0.37863310693702096       0.48660520511566357       0.50717041785362904       0.55408477581151627       0.43693869061570356       0.54057988458246109     
  0.91461227930922173       0.32007911749573170       0.47978618712123083       0.49835685842729299       0.45958830053105976       0.97195145892910617       0.49917644640476755       0.53591496359269319       0.49225981504007571       0.48125642131375379     
  0.43774509382777166       0.46916509204034701       0.49325214757484653       0.44806185633860213       0.51226014656704044       0.53286972077107875       0.49950150905385665       0.38691738663274844       0.56329763410713907       0.50732574788277718     
  0.92166357788167219       0.33785967129342942       0.48815102638717761       0.51333011664495543       0.47320068667490939       0.97268240392482719       0.50571549365340407       0.54828946505264409       0.50532253822666673       0.49906688291307405     
  0.45611118916285809       0.45704036067370640       0.60977306667604936       0.44418168331447566       0.40113352750969244       0.50174622301876148       0.52979230401872368       0.43577904056479921       0.43650038774870931       0.55401023373867841     
  0.92823316339400042       0.35773674897444335       0.49734822514990601       0.52949333245184538       0.48645197927403316       0.97335049568307264       0.51228389546713116       0.56248156882351452       0.51890851545572592       0.51672063674433666     
  0.42624139565674191       0.48353563080958961       0.56765228539268642       0.40582948509561850       0.42532250831413726       0.66176583346291395       0.39077274468373879       0.38782889656197889       0.40053974589315922       0.69966829151147525     
  0.93463072098856137       0.37732839480721397       0.50701946171300749       0.54661657914473716       0.50058791586163220       0.97401748903957552       0.51900445218506597       0.57814492511857507       0.53190734352089619       0.53062904151548829     
  0.40665111714755281       0.56137513353129975       0.47653307032174680       0.48469689250802689       0.51221756916957006       0.65432980659986884       0.55021386222173574       0.52558683730019773       0.39957696020847033       0.44813678434443543     
  0.94081268346818370       0.39718352655928796       0.51735836225553178       0.56339023351665896       0.51708469606464968       0.97467945497355057       0.52589444778811401       0.59451180784482927       0.54523255160460427       0.54491424860588222     
  0.39051563424404434       0.47035999122107564       0.52696598143100093       0.48486223530017869       0.46829084178686797       0.54225266983583020       0.59311617272020778       0.53195759569863388       0.46826813955823499       0.48638083964670298     
  0.94661872477929698       0.41686628370390671       0.52777416468406746       0.58001012864882839       0.53546300685105641       0.97534364487834901       0.53308109725822517       0.61113223582751397       0.55937296172754358       0.55902460028073642     
  0.45588432813242014       0.47229817468342289       0.58568437271924256       0.49990465722824629       0.45923545174313107       0.63604735772883980       0.54253504297662070       0.45530910718266948       0.50948875634541213       0.50852439093789270     
  0.95180245275807718       0.43635117634848952       0.53841898844218639       0.59707891419074821       0.55235810890854420       0.97601426082675635       0.54098545117413277       0.62844467832178241       0.57474288489406000       0.57436757931942084     
  0.52544739102556237       0.43928180787630644       0.63428578823782411       0.44109615022886867       0.55590022928157956       0.52625242878934131       0.61240206207109771       0.52407850412271750       0.50314291118707544       0.47065109389245680     
  0.95652968205418909       0.45631759263004557       0.54971031371796375       0.61366710678598502       0.57008465952890996       0.97668453438324720       0.54829675882974960       0.64569302991977229       0.59002525732757138       0.58810247265876048     
  0.42602557137277708       0.44799619487827713       0.54153664194327400       0.45290589295427447       0.40061779413568799       0.67051469687618215       0.49236224406130003       0.51740079144176543       0.47065874381122458       0.49235003406226002     
  0.96086396357286208       0.47579742300420325       0.56124847023727797       0.62977972447054609       0.58856152017779029       0.97735398014519670       0.55555030956839235       0.66186180715921317       0.60553665732233597       0.60080036397025627     
  0.48117843799404403       0.55662122844990625       0.55692500094118469       0.53933897010231024       0.62768687050685068       0.53864631824762921       0.55902157249348372       0.50148167604870286       0.44874553564549907       0.39695520952923191     
  0.96433619840859341       0.49610878676594633       0.57174813868526697       0.64662372641433519       0.60844715001686678       0.97801596703494409       0.56283817785452273       0.67742318544916746       0.62110639329702222       0.61527789693402879     
  0.45985657602610391       0.46872742466824452       0.45722019833228300       0.51299850879258402       0.57743649235045258       0.54753619794697017       0.58345583835501857       0.45055651841667232       0.57292194847091849       0.43191994727686822     
  0.96756828603996814       0.51206750127079970       0.58169870700254900       0.66424036343269144       0.62897000623708987       0.97866332020613189       0.57039710629449381       0.69324035492575375       0.63662193338544115       0.63681999739760176     
  0.40803911603492399       0.37705458706298389       0.49255456540344789       0.43901999248024232       0.50564978772000369       0.51055640921940815       0.63898075047941616       0.46707098733648533       0.40830274323961918       0.65458708180287117     
  0.97063333522525630       0.52904630261618635       0.59173395901736647       0.68239118274633737       0.64703640252289774       0.97933462267030280       0.57811537014182746       0.70957024285946835       0.65346583532040559       0.65633078548835300     
  0.47911837122119788       0.43470245100437060       0.44643254387767062       0.64563936472569217       0.51122652807976676       0.49862725276741038       0.51211626954030964       0.51338727284002861       0.57771228326334667       0.54559654004902924     
  0.97340430501509723       0.54656967938681245       0.60199152131769651       0.70022051003852348       0.66234929925340880       0.98005308516915246       0.58533205860359616       0.72487245495094721       0.67063118612173500       0.67508849510878288     
  0.45779623408299774       0.48700107326857950       0.40767020711798874       0.49897162960414060       0.46221630706981953       0.54489749272133992       0.46082417237056295       0.41887613040674171       0.58558507904062762       0.44111405057989833     
  0.97618921907346878       0.56401686215513736       0.61497236509801301       0.71710001249052857       0.67732120410055918       0.98077144902018032       0.59177443467805435       0.73871398505540586       0.68658682392382220       0.69409140601001251     
  0.51475807345017655       0.41193647980394144       0.52276682681975606       0.41946555328367785       0.55071614265183977       0.50022182974564100       0.46267929886004411       0.43067300556700755       0.42883397444261551       0.52447278692700894     
  0.97873233513367397       0.58211365296869255       0.62956337595433054       0.73428661568972542       0.69179837211091189       0.98148968037018225       0.59829810262430272       0.75401894514305745       0.70206476409818597       0.71458973875791088     
  0.65481083044261335       0.39184337678599951       0.66156229712805559       0.51780065986949775       0.43816945671556640       0.50207071962108984       0.45942304179966048       0.48393579521880725       0.45897462329278133       0.48524176702889033     
  0.98063971037112374       0.60074325566949727       0.64413256499692451       0.75253150274656111       0.70590262066108223       0.98220744598579879       0.60528970913619040       0.76965408657491663       0.71887364749602267       0.73669208136093867     
  0.56389791428589520       0.42322099183184175       0.56581457289884807       0.54199745980541592       0.43347892486124517       0.54852367060810980       0.50943567587904093       0.41054123175616081       0.47361483384192926       0.50871001599656274     
  0.98243667846570792       0.61919013303780179       0.65863690034107747       0.77040405475125684       0.72117403553858550       0.98292465727772105       0.61362551847963531       0.78526409305779366       0.73333803937415665       0.75893902531627666     
  0.55393534344801165       0.42565532995723832       0.59868792195740772       0.53056671362546204       0.48487085652881456       0.53553131046466751       0.54916187855610366       0.47664845847477616       0.39347432722322684       0.46823853646047892     
  0.98416043829114430       0.63702177851421171       0.67322425524615515       0.78650766556675167       0.73936691918155217       0.98364516573340843       0.62298932946081731       0.80026260078675726       0.74849193381576296       0.77854386664409614     
  0.60925324361912092       0.43529817523741127       0.48085452267055090       0.47341969006023199       0.48052176236277083       0.57795153068111493       0.54210030837015022       0.51006429388835794       0.36879789700703269       0.60214258974935486     
  0.98565613218847958       0.65435923407691476       0.68735706059387158       0.80268985654926162       0.75833773985580899       0.98436869842170116       0.63273217330114984       0.81342806633996445       0.76415755735653823       0.79544743107436222     
  0.84531761508857495       0.40597090826797677       0.58242645529456960       0.51475827197259683       0.52597627022884663       0.57032377622243124       0.51232307101287344       0.47500362076390218       0.43527810767063313       0.44735603599765222     
  0.98708574090197054       0.67291211838728826       0.70129461187080699       0.81743107302572360       0.77628367014161048       0.98512909553839101       0.64268279950706042       0.82695776322315051       0.77773317050616986       0.81335376504707768     
  0.67732207820838830       0.39335064557847205       0.47582941654747196       0.45827312053905955       0.46365611881264879       0.57367586261517056       0.53960214420309605       0.54003478033395558       0.45571575530727815       0.42220996024551016     
  0.98836672327053476       0.69166172516254276       0.71491508024352257       0.83068523136854322       0.79387892485314770       0.98592082135492620       0.65287623176803011       0.84006382045692385       0.79330439687483079       0.83237366315222638     
  0.52648075159986307       0.37580807459375859       0.56190313492776900       0.41842834179714489       0.52006778635476336       0.46459429404447994       0.53935667158842426       0.43382595210744712       0.38732961053786830       0.55252583723870929     
  0.98960509772065497       0.71270091511472233       0.72931338586643712       0.84375364555901566       0.81181214123216139       0.98671681835265190       0.66376162973964348       0.85132143768270874       0.80797598381407099       0.85238200042076540     
  0.62757744676076477       0.43676994815705050       0.43851313186445884       0.41563429274385910       0.48148650812303867       0.59562236755091391       0.49206545328172524       0.53077428012293859       0.42121288742579643       0.46795618698062985     
  0.99078037599725999       0.73654288711893878       0.74525465139183500       0.85756722709214495       0.83056809870705417       0.98751518503211311       0.67361750720354008       0.86160739957849264       0.82241922028340764       0.87185873697917671     
  0.54590163233351863       0.43386074801002500       0.46529841456768267       0.41496134512526073       0.53133615258144895       0.55079264879397682       0.42253855271710550       0.42901448256072899       0.36844085299082496       0.51998523982370193     
  0.99192570492306675       0.76116737884669894       0.75916505436278481       0.87220959630679407       0.85064598164202976       0.98829169272547812       0.68308837089152930       0.87184084498862102       0.83583597396367093       0.89030670828363612     
  0.73806284950765499       0.44698159186022873       0.39066424425311463       0.52781845531093663       0.52695859582906712       0.59790142267727264       0.50391516365492917       0.43436946062606419       0.42581252201255620       0.49536167813621940     
  0.99301889039875524       0.78648107605366135       0.77406012269369395       0.88826996144941994       0.87037306906781764       0.98906386729456430       0.69308198163946122       0.88668912281543566       0.85146239977188876       0.90517896801042708     
  0.79132761867303414       0.42658515648763679       0.40981967605157293       0.46694773923257477       0.61315863488707378       0.47614512160625072       0.48890093523412564       0.49214769806989422       0.40806422404193915       0.50231760450818297     
  0.99408533627965157       0.81382036674412439       0.79136607059767849       0.90517553779340898       0.88976766057639889       0.98991228703114298       0.70466615785296483       0.90352297745637722       0.87325853856160107       0.91908357227726800     
  0.89875495611699352       0.41919596884363336       0.37085412163438236       0.51293756405582358       0.53450072942372984       0.41755419767909052       0.57539494632736110       0.47126979985775652       0.49675032000637687       0.45857046818225466     
  0.99510031584061398       0.84154634822929375       0.81061593774877483       0.92157563998563241       0.90780431486310653       0.99078142976483707       0.71685580686849237       0.91991455725759275       0.89219639598785128       0.93224227049451613     
  0.79955882395776323       0.41416492472463406       0.51312195027286867       0.53445460403126677       0.60365936580554880       0.44768053961369730       0.46903894595340506       0.50623368398250967       0.44017144755689935       0.45035688782825334     
  0.99610794965116012       0.86980243825234260       0.83080390012990690       0.93731013414790065       0.92604700908475857       0.99172562811666831       0.73375921371245190       0.93573496361311181       0.91169003268597926       0.94480482421595913     
   1.0182416253410518       0.39352361564392890       0.41628655252108165       0.40576798886053517       0.47843812392106178       0.45650025357545565       0.49676645010915854       0.40170360956044193       0.48736252157544113       0.51858890927693924     
  0.99708415607927614       0.90024636074420639       0.86018380699963848       0.95247012963755318       0.94336505477977683       0.99289544567778232       0.76088508588036652       0.95146174855542420       0.93148995640179533       0.95820678021249983     
  0.80895290936073216       0.39600721844292752       0.45472598297155575       0.57621042142515388       0.64266400670316159       0.49283498771332046       0.66097140434845059       0.50396866316608668       0.48369881647783475       0.53140624502031097     
  0.99805974679900344       0.93530128062192108       0.89913834352749022       0.96755931366177861       0.96204203466241611       0.99442749674494546       0.79934588753526947       0.96698640023471005       0.95377067371826707       0.97210660721980569     
   1.0923635601876498       0.38587962769453937       0.43925155224441148       0.39922785035544794       0.58342340693386374       0.40155079694873430       0.45578756841547524       0.56811366451349565       0.54117749030204632       0.54343991727997931     
  0.99902987339950178       0.96972155201235977       0.94582146991197491       0.98345115491382373       0.98063062256804978       0.99659288870346630       0.86622957494805408       0.98303747536907204       0.97636840234998012       0.98591312888073246     
   1.0298642490439751       0.33328542195294542       0.40869938703223252       0.41549924886907569       0.45935000648720936       0.42762788653499922       0.39926214635760104       0.40564863693995246       0.45452711461906231       0.41578932338980540     
   1.0000000000000000        1.0000000000000000        1.0000000000000000        1.0000000000000000        1.0000000000000000        1.0000000000000000        1.0000000000000000        1.0000000000000000        1.0000000000000000        1.0000000000000000     
  0.55903870638833175       0.54553976418520067       0.37536866127012081       0.44483734369637090       0.52728874413856119       0.33470519103839064       0.33328542195294542       0.51307334063778076       0.48894501877553853       0.52082037257103875     
   1.0722213589387994       -55.962779684240999       -12.072896038108748        28.855100130086139        9.9923986026748466        0.0000000000000000        6.4080729107111818        82.471631371809863       -22.810916747913449        71.726512512546464     
   3.9749665063468602        10.620640051223589       -15.398960119408047        9.1757994612824998       -3.4774131754504607        0.0000000000000000        15.753733768393790        14.332286077023515       -4.3377938503278086        10.288832700650456     
   9.5283195679648180        23.219316421876044        10.518386748323914       -19.062544310251823        16.362698455796114        0.0000000000000000        27.219475728702470       -22.137493871803763        21.893849681005669       -6.4812618928160086     
   3.1856174272457385        46.115566287685141       -14.967256083408893        25.433274801298200        31.887324272803237        0.0000000000000000       -6.1883368802775713        23.837914184990115        13.760267341515947        3.1972699606133550     
   5.5817959647598006        42.141678610935607        6.9167007165152299       -10.855164850999264        53.274337521975269        0.0000000000000000       0.95323604599710632        12.390237038506015        7.5415509830573644        31.786343735451386     
   59.192886702555185        16.207901061770354        33.108758852405295       -16.452233813765943       -11.902612523377705        0.0000000000000000        3.5468919017139919       -7.5601617896831037        8.4918406814929526        21.932187582286087     
   36.799554737963277        105.80090629787041        36.217393347856842       0.83278701700063462        3.1295058073054514        0.0000000000000000        42.565792637510995        5.5138933708214513        1.0547753863325178       -6.8161210889340333     
  -18.265712257873048       -68.378706703141816        84.721174531549920        6.6838991186274930       -14.969958058433575       -8.1845012918029791       -7.2171517606170390       -8.7876166097239938        27.526026276916671        22.711003759203336     
   3.2153274230800144E-004
           1           1           1           1           1           1           1           1           1           1
   1.6417311873438880E-005   7.7108887609728123E-006  -1.8732263187221141E-008   7.6632713081828872        1.3058357092143632E-006   2.3306828705025091E-009
   4.2127139149492127E-007   4.0281370404282840E-007   1.0230109231953716E-007   1.5473423218520739        1.0220242893927674E-007   1.5768783715944996E-010
   3.2721221306418496E-002   5.7930357684372904     
