   0.0000000000000000        0.0000000000000000        0.0000000000000000        0.0000000000000000        0.0000000000000000        0.0000000000000000        0.0000000000000000        0.0000000000000000        0.0000000000000000        0.0000000000000000     
   4.2023285431371708E-004   5.0867060555551623E-004   1.6565605333201002E-002   1.1940907424315122E-002   9.2923971392356933E-003  0.96425983580584085       0.16170602550526048        6.6648849634040552E-002   8.2121400990130631E-003   1.1076567644245217E-002
  0.69528687086808716       0.46389985332307376       0.58104918335242184       0.39819862867482514       0.38501943906846015       0.30424413457921934       0.30979959044785205       0.39091313838762454       0.47263236329724662       0.46143847436942342     
   8.4978409812335332E-004   1.0307334840846350E-003   3.2257161404085924E-002   2.3048364654222733E-002   1.7911080062258181E-002  0.97901608133884543       0.21697131541262499       0.10127592244512554        1.5677516986505616E-002   2.2453714683696491E-002
  0.80628260286977227       0.59765790413690900       0.56892627424401343       0.40296784660893503       0.53648179722433198       0.31117164992320379       0.42892395753632778       0.38767884032237160       0.50344959228359398       0.40779266096594174     
   1.3012528362641503E-003   1.5725989044984481E-003   4.8125253386872208E-002   3.3010574546634683E-002   2.6639396295919077E-002  0.98179828210222131       0.24572769257100274       0.12791978827148967        2.2441302513724861E-002   3.4405807152293702E-002
  0.50352225683637808       0.56028576213471915       0.48893229591963416       0.52510935341149745       0.45632747383757971       0.38432104489725777       0.40332387819689064       0.34350722783662702       0.50085873303839334       0.44121690193141910     
   1.8186515945216965E-003   2.1460413829010269E-003   6.3038566203261232E-002   4.1815379351512430E-002   3.4866747060644028E-002  0.98325122395249587       0.26503580904041874       0.14914363108088433        2.9180227635311581E-002   4.6526419924922333E-002
  0.52751172884460329       0.42911615933007996       0.43610858187313511       0.48714478084377788       0.40806913495231179       0.48292834280698360       0.37342836946079000       0.34375015192324138       0.51589168908578342       0.40810274419558978     
   2.3990286605087394E-003   2.8237095035145172E-003   7.9415325571928749E-002   5.0048111991196034E-002   4.3007664469688997E-002  0.98422683001644751       0.27891253480951550       0.16840832235668884        3.6158202798672205E-002   5.8430574478404856E-002
  0.59826042924587164       0.55983649618896769       0.39597036663146351       0.41718735377784311       0.39183401908870819       0.42052711875679083       0.43147623406383140       0.35397910885820821       0.52139067244794224       0.36721369525028019     
   3.0716186397578239E-003   3.6030216150423769E-003   9.5713065861890725E-002   5.8717604988369185E-002   5.1198317977692170E-002  0.98504751314686856       0.29189581766233302       0.19041250358269854        4.3239761478672339E-002   6.9789393196752966E-002
  0.60114660995184177       0.47250492985358750       0.52990191573881340       0.45591874715434649       0.41037344433985851       0.42636530169176656       0.44258998848989350       0.37341643331166474       0.63993821321368549       0.45240237782107007     
   3.8656764975170191E-003   4.4830377519331248E-003  0.11166600415979393        6.7561672408530407E-002   5.9424108969196421E-002  0.98568691467739888       0.30341928699559939       0.21189925759957268        5.0586992282982142E-002   8.1097647115333210E-002
  0.48371424332156099       0.46462120552300956       0.49887960897870415       0.57222168618513647       0.37231035190902112       0.49890039266157565       0.47616108757592862       0.38096829631524937       0.46638620137399334       0.42802910250490034     
   4.7841329098524442E-003   5.5009676910341334E-003  0.12758207598540741        7.6239997838434215E-002   6.7508032721905933E-002  0.98628660639484511       0.31520273682636551       0.23024350554852019        5.8283137923562892E-002   9.2838775402540125E-002
  0.49740726405987395       0.54805036593616674       0.45192701274490710       0.52749771901869325       0.53081539086368179       0.45584337954773863       0.49050049011810393       0.51621854140790713       0.64308583030912692       0.39479100875705214     
   5.8387890576517797E-003   6.6897882341459061E-003  0.14394356238078837        8.4872517156564645E-002   7.5609962616171394E-002  0.98681629113215896       0.32610284565883152       0.24507286823246341        6.6061077277812297E-002  0.10484004719493353     
  0.45245337135198954       0.63015672262245892       0.44892131493375365       0.52800910585867256       0.43944265979768926       0.45061690906074703       0.38844441299136107       0.46019521915500583       0.44657466019087277       0.40512260974491499     
   7.1114319903834086E-003   8.0293265208400029E-003  0.16050041962896455        9.3503072362076084E-002   8.4381263313678415E-002  0.98731816655355220       0.33561995863043809       0.25926836950807008        7.3890495953077645E-002  0.11710692548700023     
  0.48985495186765055       0.58185920300028093       0.49277175512035193       0.61372104365085689       0.40659286537131539       0.49532732035235821       0.48620586913866753       0.55740333677949661       0.59101266058835644       0.42536318028821346     
   8.6964036934390268E-003   9.4841998619363509E-003  0.17629584755814648       0.10244728152174994        9.3106955043496947E-002  0.98776247067437806       0.34423996786655103       0.27264723328888035        8.2307441777661888E-002  0.12905210733005179     
  0.67077191947290360       0.39542631394802108       0.52327995236639646       0.47185681744985114       0.40892798300352667       0.35743382695858739       0.39889990377623497       0.42940026783740326       0.51668627622100782       0.46557735814641560     
   1.0500743543515847E-002   1.1133429351638375E-002  0.19109133720801016       0.11167375593487613       0.10133536766308633       0.98816376166241338       0.35231920862976207       0.28813732102474998        9.1317478602192526E-002  0.13993981114665024     
  0.54702622307224058       0.46543863705752231       0.50217449542168302       0.45274344274893441       0.40693860697692114       0.50212691312306990       0.39356216703387514       0.48885719993004073       0.49250858433635075       0.37572821104700188     
   1.2510920089695274E-002   1.3031138250935300E-002  0.20556682249937869       0.12110327710963124       0.10980253707687986       0.98853761278944230       0.36026230798952846       0.30124577852343198       0.10041340642482161       0.15098111078230489     
  0.45536535913006049       0.45621169370148662       0.39111635396226813       0.49391280655375835       0.42587802438275441       0.37879861350640698       0.52439709601844786       0.51181842526318211       0.64998191868253719       0.47058017169807159     
   1.4901418906055222E-002   1.5170044608350367E-002  0.21864218235861652       0.13081333773494438       0.11858441803575670       0.98885736822441639       0.36860973603282621       0.31381797194388289       0.10987504540344058       0.16465203927936567     
  0.46898522171619955       0.45179913080480244       0.34490683323543431       0.60087087277564111       0.39384084433171618       0.38951758283160304       0.43405607929381285       0.51063735717729331       0.54805493112878911       0.44643132667446644     
   1.7639945526598116E-002   1.7654806589841955E-002  0.23089346089094120       0.13939000427148043       0.12746193890915383       0.98916646473768743       0.37800118280798689       0.32516009225509279       0.11973218585260439       0.17984350899104742     
  0.46933105647441248       0.52016882117609098       0.48906622841963143       0.55220748143306120       0.40966113874235860       0.55561562473394255       0.60742279757641682       0.45549742062017334       0.44076498780842932       0.52691615176526940     
   2.0598992396916770E-002   2.0299046074481637E-002  0.24353113431281476       0.14726796021534333       0.13703417245508054       0.98944603433248024       0.38633942798698140       0.33602633542233512       0.12983587632062804       0.19509928315721167     
  0.55157411926432742       0.51541817100740572       0.47215645852947968       0.39055170908180925       0.39546021954260685       0.47197921922242514       0.52573246775998872       0.35787747120192087       0.49838067336837533       0.40300774679061468     
   2.4136506880859714E-002   2.3167830908068034E-002  0.25672206285689109       0.15554550388714614       0.14814541873871831       0.98970644849271427       0.39370912976101685       0.34628881909394216       0.14016397407096756       0.21120269997751948     
  0.56759014191867851       0.40298523185950919       0.36636893670630816       0.55138028475258882       0.47028769843891427       0.45496531407854268       0.69098096955894484       0.46716170119219669       0.56941737908878243       0.34231828337471426     
   2.7740668873168346E-002   2.6508095632798507E-002  0.26942189408908401       0.16376577563928896       0.16073260217406554       0.98996421482308172       0.40058416859069895       0.35629924289564319       0.15116529039718768       0.22803753356215276     
  0.48180624877478828       0.39185877969104055       0.42929643224126934       0.47119132283643028       0.39242126902555630       0.45581180494196705       0.46190532199208362       0.53691000376857201       0.48608407949561294       0.55638455466166203     
   3.1411713723625098E-002   3.0517710098265281E-002  0.28147227612494119       0.17195452424139601       0.17266045480530151       0.99021075876698805       0.40683675739814457       0.36656860318279411       0.16297019552850736       0.24460998896863351     
  0.44465289212563436       0.55404415117787642       0.35404435500531251       0.43861009483885222       0.47745523964858755       0.40063478062849250       0.47422905998407566       0.48156350803046133       0.48699623723716923       0.41367409989010562     
   3.5212098079891160E-002   3.5197531881637566E-002  0.29431536415466791       0.18048361060547205       0.18365685299999687       0.99045115442792031       0.41272743521245658       0.37712309045835873       0.17512652052436392       0.26122952932282251     
  0.41737734754419725       0.48571656950827158       0.39588875007073182       0.43912627521450798       0.47213012832676532       0.50124544556784523       0.47583253145753768       0.42538131887497715       0.69164859310676341       0.48686021474870805     
   3.9159383840187488E-002   4.0240013357947434E-002  0.30617682820384973       0.18906023764064486       0.19485846660528081       0.99069292997296243       0.41841919177161735       0.38813805271963792       0.18774635817662388       0.27781272371603627     
  0.42067987077712837       0.52981808826155241       0.42874987935384451       0.45885349868445208       0.44664385256657724       0.44892069684597535       0.50553151654129191       0.47253734215431864       0.41537238769073975       0.40745785534614681     
   4.3211173874926900E-002   4.5377759655424094E-002  0.31684911322642173       0.19830216793052691       0.20631434317940400       0.99093623270264286       0.42391527266061479       0.39915769058108919       0.20062115771358408       0.29348551557839991     
  0.38225587791145255       0.33756761704275612       0.41584879904492322       0.40870794025894824       0.44109878967076332       0.45020989750617618       0.41624847276566096       0.43543665973403911       0.44335150953090308       0.40191084215286182     
   4.7790523086065476E-002   5.1094751162611113E-002  0.32853393391922908       0.20781550695009279       0.21938106693100176       0.99117650947461866       0.42923539244902037       0.41057152112550832       0.21379231228895609       0.30827472778944820     
  0.50748099350458153       0.36009819856727543       0.40650037904504555       0.43227162061286500       0.38910789130805346       0.45769483331034017       0.38402199074621957       0.48888261908664493       0.47367908482728388       0.33831466254219034     
   5.3056427487382589E-002   5.7532619570215403E-002  0.34063377252037608       0.21705986713236580       0.23608391334755952       0.99140019692112169       0.43470614100312593       0.42311604753566318       0.22835660299552699       0.32330000931872949     
  0.43043126323784497       0.39936507454163755       0.37147892338809246       0.53000091026028251       0.42293818345368051       0.57469897337571862       0.44619540106338046       0.50557430441942797       0.49480435404674089       0.40019295509518438     
   5.8706825093667529E-002   6.3817305432208801E-002  0.35226846959809499       0.22626717086131670       0.25757829038008662       0.99159921549053753       0.44039837448720487       0.43560823439198415       0.24387105701414563       0.33916264220275166     
  0.43994325783953303       0.39030886965749573       0.52406289165311681       0.49351553536536930       0.51346549186288726       0.44362411930807916       0.53581930087012297       0.46337114104971316       0.43231838519033922       0.52024746137007838     
   6.4665132804426984E-002   7.0318074933654828E-002  0.36366113024350299       0.23550995331352725       0.27997634917966208       0.99179779601182261       0.44648412214693034       0.44882574012403370       0.25966088412797056       0.35316259283629592     
  0.46500568061563025       0.53096234064287939       0.34118957338919920       0.38341943880728241       0.54389230549855738       0.44123156987697909       0.49284711960239685       0.47894186394524590       0.35799678635578108       0.44929383409666751     
   7.0601256349763733E-002   7.7521269201335521E-002  0.37696012700798848       0.24602965628104326       0.30373334392105517       0.99199628492905190       0.45273640532508130       0.46178445765067339       0.27583099476305600       0.36821486015471455     
  0.42042570564283704       0.43025758871970349       0.40542642935270018       0.41446602631938195       0.38373569861538165       0.44542179484942840       0.51964185380611372       0.52678695091498762       0.45124030284631717       0.40866265963446857     
   7.6422790853253306E-002   8.5287676038049265E-002  0.39000531493682633       0.25635009416710908       0.32955964314463371       0.99219359504885518       0.45892900291237132       0.47402993084183925       0.29197999794520557       0.38455299254745917     
  0.46992940191851640       0.38126559045435837       0.43789264057080879       0.53784245649694362       0.51740008831165329       0.47348023156685215       0.51492317994719050       0.49091609963393473       0.38103894916898690       0.38849373788251035     
   8.2273705268716843E-002   9.3348319892251314E-002  0.40306429156857565       0.26676707590120846       0.35635323972372518       0.99239099607195680       0.46497391525446158       0.48568994279323846       0.30844774961192839       0.40077160933323580     
  0.48492732803718064       0.47986042319427441       0.42196915946764796       0.38528362089866203       0.51310569715825038       0.42269878092903457       0.42673863842359777       0.39160306816312185       0.45951959957114347       0.45453765641650246     
   8.8272336203792087E-002  0.10143139222396184       0.41758681122139668       0.27753723514923417       0.38271392395523590       0.99258728914996530       0.47041693023328074       0.49724202183147964       0.32598701734779684       0.41820457648282866     
  0.41487169866770368       0.38537156659100968       0.37680723609222716       0.43103649581774856       0.59975591398403161       0.50216322230615351       0.38414281085921081       0.54287097235020088       0.43104904112908576       0.49577295385734738     
   9.4591715395336867E-002  0.10880997055618666       0.43456678903047202       0.28988803669410057       0.40718896870371052       0.99278004515467022       0.47577565486940004       0.50855900399258747       0.34277473569616873       0.43657345047029766     
  0.35149091860882192       0.42198639000455213       0.53433963552922203       0.45384342049748211       0.48997186480938204       0.48711154309923577       0.48715602058810276       0.43808798677580907       0.44816112541326231       0.46957242065795535     
  0.10087543510432552       0.11587657795393913       0.45149571691537455       0.30254815022766857       0.42989596792595358       0.99296494707087735       0.48127336519341757       0.52032657510477820       0.35812014593915303       0.45369264710725843     
  0.50858052400931808       0.36165100885509427       0.54564584215902623       0.52782589334557140       0.44070394523352308       0.49783138911244296       0.43240770482270535       0.41334168301178670       0.44436933213375829       0.46014075049655007     
  0.10791221498220921       0.12522100205439710       0.46728399970169499       0.31502824263237372       0.45311129667607175       0.99314387561834461       0.48713834758552804       0.53275356021775611       0.37361582736005050       0.47073537727754705     
  0.38511781852736560       0.44297290557150143       0.49463184777395580       0.42167000820550909       0.35830453016489233       0.55002977398868658       0.38484638137289240       0.51149233397627103       0.42806990688007113       0.45195754647459496     
  0.11543521309314017       0.13562365106945240       0.48146939526896759       0.32705236192190135       0.48074798686830228       0.99331293479150407       0.49329171496860735       0.54549538348493387       0.39124802111425416       0.48790554993959595     
  0.52282616992969211       0.38519413543436504       0.38114961227993899       0.40960333309270797       0.45312893446938290       0.53323452175937536       0.59793990735116409       0.46587919041500264       0.44869633900453681       0.57713929784598528     
  0.12301938781727295       0.14605111968821957       0.49539421006491935       0.33952570507420260       0.51399217485849191       0.99348424259230472       0.49973400351891034       0.55794168648231746       0.40875984292204998       0.50486746768901025     
  0.36656787253690398       0.61610634983022627       0.44550389504254256       0.40362157301294932       0.48989817233575417       0.49038152677784841       0.51651098290794883       0.47606004560170850       0.40883483674431820       0.54267478634833710     
  0.13061636965276674       0.15684292472693706       0.51085448815175227       0.35288899521945594       0.54674392690014484       0.99365458355206371       0.50620894277201378       0.56959832006764310       0.42489750879284593       0.52155624832947378     
  0.50510999512387433       0.57494596088382033       0.44611492982226431       0.44524444585356721       0.47113752822298804       0.55374575813204496       0.51919337992942194       0.44428337662168260       0.32662073870749853       0.49473329196590210     
  0.13840421586232898       0.16829527683627879       0.52885666445925650       0.36795030372608889       0.57656238276611416       0.99381714933573251       0.51248244909278073       0.58103286900083573       0.44015428378639498       0.53852169477683298     
  0.44854762424645106       0.41242779192684165       0.46852034339208876       0.58230941438335448       0.49904659511540189       0.43262767716005268       0.44515888041480978       0.40740368220310363       0.44577138159929908       0.60896259418105703     
  0.14670580141522779       0.17992577045716829       0.54821707861574853       0.38487542883745107       0.60451525033056630       0.99397557573226980       0.51881381478968580       0.59223862091235058       0.45603260074231178       0.55690152249277036     
  0.47259854156409725       0.44756214010919620       0.46885212581708979       0.37393371121616836       0.42351646216696309       0.38915659809532099       0.49165265078588277       0.46410015815648747       0.37886090504047953       0.54620008297921041     
  0.15584188113671249       0.19054369570444041       0.56717859612733035       0.40258709832482242       0.63135451286979527       0.99413540003513146       0.52531905096140652       0.60445704064891681       0.47217291058318617       0.57551502146323419     
  0.40649707424883230       0.45404010781215570       0.41632139445663879       0.41241928302450637       0.57053407822702396       0.41786211937118417       0.60621848097181907       0.45929259000895678       0.37826951533068021       0.45560099995735825     
  0.16539758534075510       0.20186642877447683       0.58536174191520163       0.41906464652283298       0.65682446814684903       0.99428923266263824       0.53187849703028489       0.61815074035589701       0.48901406731186109       0.59498101133248971     
  0.47319461350578845       0.40522300985019544       0.54858293274738967       0.51101978704973661       0.49149801160059631       0.57565333630148574       0.43034983488985318       0.51965526110841509       0.38908605350170294       0.47698010823567943     
  0.17459506844256747       0.21393818560401343       0.60321727899516886       0.43484276680276129       0.68104300690883512       0.99444997619477971       0.53810059421898371       0.63240142982733105       0.50603275685551685       0.61523856500807061     
  0.37886906319775032       0.49362798087628018       0.48210560638148287       0.53806176714012088       0.49973435686734513       0.50286786070752776       0.40474927263638316       0.50338520793637287       0.35414156766944588       0.54295616681110559     
  0.18369159831917836       0.22676635745678275       0.62124856444362020       0.45095611994085782       0.70371178948682900       0.99460750154468247       0.54363652293314768       0.64610405895780498       0.52424686882577387       0.63419024404085655     
  0.42811793515767221       0.48339323397138950       0.45236523306808540       0.39926696187608346       0.49754221552073224       0.39038893304902794       0.48669117221279634       0.50426258151862224       0.47708824374250908       0.55592218498170809     
  0.19331263274565266       0.24043581733211261       0.63981914209407020       0.46746179080559730       0.72506066922041446       0.99476038462394833       0.54875490534553595       0.65898834262304862       0.54286632407675273       0.65104292518552431     
  0.40062928049874502       0.48546751152827033       0.37536305606904052       0.37114694026532064       0.46114787504534172       0.43658354194695675       0.44256567995516866       0.43837989429008456       0.40667075831405441       0.48165347608553871     
  0.20376669093237260       0.25434602506290532       0.65900679285565800       0.48475378698957583       0.74588865907588253       0.99491149730207062       0.55378413519866065       0.67227019595346493       0.56117500722046965       0.66780956371479883     
  0.38324215507876974       0.49332935486356300       0.55227022661743230       0.46230560201580129       0.46343177245607131       0.42388184256603023       0.44614913393339456       0.47187614637658709       0.47167091504153297       0.52709589210636587     
  0.21432130716697553       0.26713782963747384       0.67786582971550635       0.50237830163606445       0.76573337149132092       0.99505932887421167       0.55900774377751694       0.68562234245817666       0.57947911927186124       0.68397247158485774     
  0.45089288681122319       0.39761832886107279       0.42101523619147707       0.44356681044973822       0.50334323223405109       0.41055786683878726       0.45773565329769617       0.42519869925474418       0.39498117571858060       0.35808559819950547     
  0.22547193969122459       0.27934555592692845       0.69618996544947398       0.51927156343971459       0.78449817381419285       0.99521080684568153       0.56480652134282849       0.69908006147934176       0.59602752364784406       0.69972520258554738     
  0.45322077306064351       0.53168767091756863       0.49433344095168236       0.41684808076593677       0.42826851850082731       0.34757937017726576       0.54229163764622812       0.54528633214217648       0.37216014664866248       0.39734193705045301     
  0.23832669123350095       0.29163422867471933       0.71441286587630937       0.53540053867796955       0.80097255761749753       0.99536800126019198       0.57145530238401832       0.71295259582001635       0.61274346613229724       0.71612748433646667     
  0.41112366500285158       0.47789541551862563       0.42952083619908388       0.40070138666860983       0.58957117849484242       0.49603266039241067       0.48430714246710455       0.51285269984001147       0.39751067718078847       0.52079917964658851     
  0.25292712625845520       0.30523388841350652       0.73202385054596064       0.55152728734128231       0.81259930556579962       0.99553290129806482       0.57842188343945267       0.72676061804549663       0.63204922343667713       0.73449257613624142     
  0.40268342653697603       0.36340447545715121       0.42726767960498580       0.42864499502064329       0.35479889147119226       0.45238799526129986       0.48565030334445158       0.49580470325839199       0.48116122840972003       0.48257827513284424     
  0.26613774758684033       0.31879201298701010       0.74923687402245098       0.56750174667411346       0.82733238803490905       0.99569955242585173       0.58519124568728120       0.73926743217443425       0.65076130552584788       0.75598981833193168     
  0.53262833175378921       0.39590832087379452       0.51460746236268617       0.38811762931991423       0.50223883910843070       0.42616317167176226       0.53773230823750151       0.44426172830450544       0.50918336138534692       0.52537452703204890     
  0.27975128122898379       0.33118201014525439       0.76644573155899953       0.58580654823921907       0.84156588312027925       0.99586312682107037       0.59224107748261001       0.75197457734793782       0.67020329802561851       0.77805998508998364     
  0.41261521464772394       0.43701382146347129       0.54359998864341197       0.42917020976668979       0.46064436723579250       0.44068755670540377       0.43740579503497479       0.38034752053995696       0.46053020049898630       0.51223915716072732     
  0.29549258695099806       0.34389671548158723       0.78471925235912932       0.60428202316748902       0.85286758064755908       0.99603802695664045       0.59925908177611753       0.76553138785110109       0.69116701923772339       0.79703815525805266     
  0.48285505220195729       0.44684307644599536       0.48530965095009948       0.49679043059916694       0.40457872997233696       0.41554854373875016       0.44173893696205513       0.54207994599999287       0.40802283964664282       0.43756464737663314     
  0.31309753603024487       0.35671797276428574       0.80361840549577079       0.62343534719429416       0.86365596407658674       0.99621492607339579       0.60733592453978313       0.78021675393473111       0.71351037971410924       0.81295488166471708     
  0.44937084957178985       0.48218174760730498       0.59128585128301159       0.55422868768901468       0.49231716214847598       0.50848572267751435       0.46606537698685324       0.52325487668486126       0.46224916286646800       0.37436909122749734     
  0.32977731236756175       0.37393183528180635       0.82361685187844846       0.64437612706975567       0.87448601862171782       0.99639141956730237       0.61502926816007475       0.79656390752141470       0.73782741665816731       0.82960451214792530     
  0.38302944982929454       0.54390156722368443       0.60700053032619428       0.43958385631501745       0.40803613625510349       0.47613765488833720       0.39874360355310018       0.41384676662966124       0.43344954024172000       0.43729372190908311     
  0.34585039900436598       0.39492923142393976       0.84373960359706712       0.66616419223162593       0.88612440355980227       0.99656791049462023       0.62255462591181776       0.81452101826159262       0.76504893601250434       0.84541204617583554     
  0.33594535706891504       0.47286543981469853       0.45098754726569346       0.52997368887034735       0.38994355914960671       0.45787733372391198       0.51641494972359292       0.43757913916565550       0.45320236155963606       0.53573031354370204     
  0.36658703534825721       0.41656894349222218       0.86278958751475143       0.68493699806654973       0.89868617409965879       0.99674682318146146       0.63076328597212616       0.83332233011279522       0.79107660191145335       0.86015989879719401     
  0.39623834582285083       0.37929348470748370       0.44797818063907874       0.41978038634972231       0.40380093608279044       0.53698071422822513       0.44019723246270404       0.53782091568800072       0.47285305241579229       0.40830698499001350     
  0.39056401690245601       0.44094929104896902       0.87944312977770289       0.70151691651933556       0.91012711877057839       0.99693310640076549       0.63954103356846326       0.85163190078843110       0.81544244960426782       0.87523166209548608     
  0.39134282178417412       0.46426819068670139       0.54218272508026955       0.38072621605535784       0.45792010715171866       0.46453029753337932       0.40503475871704275       0.49127870742522495       0.44479042163648552       0.45270077438561040     
  0.42136175591083191       0.46630836589307140       0.89433105952448744       0.71903831652378303       0.92110313151276124       0.99712646986211984       0.64937239031103910       0.87065969407552057       0.83775643798321076       0.89016381064079309     
  0.45977675631838955       0.43627965845420791       0.40733363171001824       0.45719299454556450       0.56983282601208984       0.53039778646253921       0.37028072526517858       0.40431131064387138       0.40281634847685882       0.39264113396135480     
  0.45374909471449598       0.49366931186586799       0.90946791169418839       0.73741374014281702       0.93212883185066320       0.99733054902780893       0.66041727858898613       0.88914596865818574       0.85844202406770642       0.90568376331938216     
  0.39122760751038149       0.43211779335075695       0.36858381966774723       0.42812746450400280       0.36165100885509427       0.56067256881728078       0.48955067217914222       0.37477462660048899       0.35217923477298019       0.40513179819189271     
  0.49132748892787576       0.52195317419067044       0.92595275973304803       0.75916566266904040       0.94300225286578643       0.99755457797196023       0.67296984594761589       0.90651852784301212       0.87942596370533588       0.92160449747313833     
  0.39909963630240575       0.51119394841074306       0.54715245751224406       0.43170075245210277       0.52367365117163966       0.50868705057255748       0.38308880944186924       0.39558122804748985       0.38463608732691990       0.43852117617887892     
  0.53994236953762453       0.54982345114073738       0.94235708037160926       0.78842152738111715       0.95439048673774951       0.99780246947008633       0.68689115161834924       0.92385954897311107       0.90166069208212662       0.93812558118935552     
  0.43975935079780221       0.39986444442267566       0.41558402317030985       0.41795848910374517       0.53822384687257019       0.58483044073991197       0.40434703131797461       0.39917444860340168       0.38689284740725532       0.45052705240221369     
  0.60044903481852863       0.58388361650939202       0.95730959563940132       0.82495482359714201       0.96573077666346652       0.99807524915216039       0.70416416809153970       0.94265274591864479       0.92555687072155735       0.95418460093969493     
  0.39604686479598245       0.46633391219869069       0.41329199116016968       0.49424605477859973       0.47771324782521712       0.46345243621660609       0.38512692144257726       0.47316415825520930       0.40304876958422980       0.38934951300456561     
  0.68264814129503604       0.63212676379556876       0.97138275485850911       0.86650502897228487       0.97710615770478149       0.99843892033369441       0.73412577810213797       0.96236793347300964       0.94884031714860806       0.97001799298066715     
  0.37456846658016468       0.38768035921791505       0.41857614591102776       0.32608078957432785       0.53013897781625030       0.55701732728126097       0.49254312354204716       0.40841324228681458       0.40731769832519094       0.47184010357290435     
  0.82506994877122286       0.72993275650508171       0.98567506642695224       0.91798348801697449       0.98836867507355453       0.99899414916375706       0.80548739443379391       0.98110642608944709       0.97288161840330356       0.98558313430575228     
  0.38804045654806241       0.35514331250259523       0.43518500709266467       0.46383943258112165       0.41897456272901662       0.36574431724246076       0.38786935073992773       0.51512650432919271       0.42457568165728776       0.66518062292363278     
   1.0000000000000000        1.0000000000000000        1.0000000000000000        1.0000000000000000        1.0000000000000000        1.0000000000000000        1.0000000000000000        1.0000000000000000        1.0000000000000000        1.0000000000000000     
  0.32783930476397311       0.34501297366840544       0.46412637604625728       0.38486944536527656       0.49944842611789464       0.30842443006837977       0.30424413457921934       0.45999475149297286       0.51087667188614672       0.54524555970450039     
  -59.919786225863810       -51.294659100643536       -44.776432992735394       -54.478669775778094       -50.613752167507009        0.0000000000000000       -21.873894392839983       -60.724582345470047       -50.448722749510686       -64.371116805143899     
  -42.556535178279525       -19.264975822989889       -71.315268215544037       -57.945117923078570       -56.900298277481831        0.0000000000000000       -47.236961065713103       -40.154214831475500       -47.758152995135795       -41.045539812405181     
  -52.867421843996141       -44.202665278866959       -70.213155938697540       -36.667884108601967       -46.578256606301878        0.0000000000000000       -53.773600895116829       -50.971533352816493       -41.739315638503115       -28.813234670934555     
  -32.862455772537835       -70.725097915739809       -31.724626869266050       -52.510580363944527       -65.164743814521074        0.0000000000000000       -43.296604496042569       -61.050843155169702       -83.298564259633508       -40.847368008419735     
  -33.464455106173027       -50.406133803462268       -32.624057832940402       -36.760241757629913       -53.741163895036905        0.0000000000000000       -62.641689911171014       -40.173328090995142       -31.461868570018385       -36.954463341557584     
  -16.684599802188966       -53.782999831933530       -42.481748432243087       -57.011850993591736       -40.113099996572458        0.0000000000000000       -49.792663491372565       -57.769759355658344       -45.232342265487688       -48.618481458667247     
   4.4772775529208992       -22.605781688541541       -41.843835877630575       -45.337128946560327       -36.417430543896351        0.0000000000000000       -47.353148675903576       -53.213261237942284       -57.401966848141853       -31.372082084707976     
   17.220947448280004      -0.59002311891110026       -39.379472811829956       -61.089884031490683       -55.524852193243184       -55.628844394859740       -56.138758130071714       -28.534899199863748       -33.872843029882304       -76.919433388860995     
   2.2032576145063317E-005
           1           1           1           1           1           1           1           1           1           1
   6.2523513146073123E-006   3.4973329591541009E-006   1.8484194476283130E-008  -34.442338462315220        1.1831621312504576E-007   1.3449198063786086E-010
   1.5198817354949525E-007   1.4244332826234408E-007   1.4109890896276529E-008  0.90401859169633447        1.4105121639767401E-008   1.8486792857801771E-011
   9.4129598310727439E-003  -44.355960440552224     
