  0.00027328777265405  0.00027627666911489  0.00027874535911510  0.00028108045003739
  0.00028334065260677  0.00028572649538939  0.00028790286685645  0.00029003998261934
  0.00029239277143705  0.00029490642850126  0.00029762800684614  0.00030047731285993
  0.00030272692196540  0.00030505851954393  0.00030779585947150  0.00031087923068085
  0.00031385230744010  0.00031690850589670  0.00032034739517706  0.00032440891820753
  0.00032835123334408  0.00033247009231337  0.00033666146816720  0.00034099916050695
  0.00034604978551399  0.00035099853412427  0.00035608838960700  0.00036141086468264
  0.00036712014122492  0.00037247075642011  0.00037712918754925  0.00038175040333394
  0.00038698530639975  0.00039328148989653  0.00040013076076134  0.00040731600868927
  0.00041497628781904  0.00042290311026956  0.00043066584067371  0.00043847572128753
  0.00044628934847655  0.00045449568762301  0.00046319920041402  0.00047318615997901
  0.00048284164073003  0.00049214440647350  0.00050145993661850  0.00051063478359081
  0.00052098617728504  0.00053330973146882  0.00054740674778850  0.00056283776576681
  0.00057905911467200  0.00059615785040173  0.00061420202165554  0.00063282984177325
  0.00065189761409545  0.00067155833355019  0.00069227014703526  0.00071476812904014
  0.00074078414159164  0.00076944687654968  0.00079894281418812  0.00082817404258110
  0.00085731287318595  0.00088677340192418  0.00091692322555604  0.00094954141440947
  0.00098934122140507  0.00103752146843758  0.00108686649413109  0.00113866330088760
  0.00119106820044109  0.00124422908889311  0.00129504915273841  0.00135991230800886
  0.00143458384993875  0.00151480167677297  0.00160558895032147  0.00171261551620794
  0.00183788856910737  0.00197252778078856  0.00211477968814080  0.00229236850001483
  0.00250150473464908  0.00273930913928449  0.00302784368327233  0.00337553439593797
  0.00383816891823308  0.00444835227962356  0.00518600779080814  0.00649533463099416
  0.00913321618135344  0.02056104831711531  0.02560923330377542  1.00000000000000000
  0.00000287494539516  0.00000314564205348  0.00000336198719281  0.00000361781611524
  0.00000387222204251  0.00000416192657252  0.00000446870248228  0.00000479298076973
  0.00000514490707855  0.00000552439152315  0.00000590827569737  0.00000632831383414
  0.00000675368583438  0.00000720535724171  0.00000767510845421  0.00000815532257552
  0.00000863833924884  0.00000914325013600  0.00000969919353436  0.00001027606628662
  0.00001085442776711  0.00001142139931227  0.00001198670339099  0.00001259323195817
  0.00001327427784598  0.00001396711636407  0.00001470271468790  0.00001554080748222
  0.00001643997930852  0.00001742682380637  0.00001841933304480  0.00001955223308774
  0.00002079811394142  0.00002213806205156  0.00002346651578810  0.00002481300316182
  0.00002619320187660  0.00002764709389585  0.00002928868466686  0.00003102261866439
  0.00003297139790458  0.00003481388257508  0.00003666544067625  0.00003852477621562
  0.00004050517041727  0.00004304863385028  0.00004607914890206  0.00004924575325366
  0.00005251880592579  0.00005598810977791  0.00005980473489896  0.00006387331751023
  0.00006801498019057  0.00007227149058884  0.00007727051336421  0.00008320303807276
  0.00008966614806337  0.00009685391594438  0.00010517944632914  0.00011422723375939
  0.00012390611883674  0.00013405393766010  0.00014480914173044  0.00015549636413115
  0.00016649206925427  0.00017824179036959  0.00019204427645530  0.00020974558618941
  0.00022850296238732  0.00024834786769239  0.00027233399811192  0.00030291321099702
  0.00033594624986001  0.00037088714382531  0.00040753646452478  0.00045177280632826
  0.00050110274855262  0.00055653204758634  0.00062573445263073  0.00070684654640381
  0.00080062290363973  0.00090175422302401  0.00101381310264203  0.00113563207841028
  0.00128951550861462  0.00148605059696429  0.00175266441967279  0.00207413872585606
  0.00244197551670758  0.00294557589949949  0.00350031440569648  0.00416695864240061
  0.00487982187755509  0.00675054381302465  0.00859248973416934  1.00000000000000000
 -0.00115832543593056  0.00857249316001120  0.01781126363258084  0.02911377689597661
  0.04124126907757922  0.05262185334590225  0.06412914395187951  0.07683868310520209
  0.08910358975894019  0.10046193560969818  0.11070502220663352  0.11974884293655562
  0.12861214665066129  0.13762494989723117  0.14693575618302521  0.15674617364937252
  0.16594184034458578  0.17554208635903384  0.18571798052296742  0.19640351228012676
  0.20683069927906939  0.21731724208883288  0.22848948023839966  0.24219514859074151
  0.25497187311158648  0.26604339242699959  0.27541846224145078  0.28470525331354363
  0.29483985218847625  0.30486824182870320  0.31467593603639127  0.32395580599045998
  0.33346159398982744  0.34320994924717907  0.35305617231752939  0.36376245073763064
  0.37426155901201430  0.38410609967391940  0.39383666732871547  0.40391320221187066
  0.41485900306285978  0.42580999987849655  0.43694085706983787  0.44851154544024352
  0.45956366637009155  0.47011457322820660  0.48044149970819783  0.49059999071459243
  0.50078827666338865  0.51102527714551083  0.52169589933653226  0.53265728416353508
  0.54275868476290767  0.55301221345730678  0.56258457478127644  0.57299503663127049
  0.58271647090282874  0.59288206618134065  0.60385480724266805  0.61438568812433514
  0.62416702316450046  0.63386708378307788  0.64356072201056214  0.65311472406014925
  0.66247687009909273  0.67217455040999474  0.68200066171722462  0.69214137883969085
  0.70238144468015384  0.71371108161259544  0.72544092063202814  0.73723679689170418
  0.74842070205545119  0.75812489426117902  0.76761356273388881  0.77794593329834760
  0.78972718976540446  0.80230590844757810  0.81480105328177899  0.82697625734522895
  0.83842949976191194  0.84878618439514908  0.85858770460711020  0.86856393332492943
  0.87959145556642371  0.89066039756399851  0.90130572527365083  0.91183098307777100
  0.92272417641655358  0.93254262301516844  0.94256548456141209  0.95321361535563043
  0.96461277701043335  0.97648733242971564  0.98795649579716771  1.00000000000000000
 -0.00003370701823544  0.00001172916409417  0.00003012717941780  0.00004158088434134
  0.00005273992904654  0.00006413365002130  0.00007686973876306  0.00009026017967216
  0.00010405172406171  0.00011797714749580  0.00013129363075649  0.00015491713894306
  0.00018271327352537  0.00021016326844637  0.00023840115612491  0.00026702624751953
  0.00029612841402307  0.00032598962406748  0.00035641056745852  0.00038792070557620
  0.00042118114143799  0.00045570929919234  0.00049160912104234  0.00052899127355692
  0.00056949729846061  0.00061258312046309  0.00065627509778863  0.00070344798296612
  0.00075089202961909  0.00079808940688171  0.00084598114624804  0.00089392654710650
  0.00094125364296827  0.00099056309236252  0.00104455774595049  0.00111823269467515
  0.00119441696128750  0.00127226712855218  0.00135695574161985  0.00144469577556016
  0.00153579092061853  0.00164082102462615  0.00174850560997760  0.00185689742869159
  0.00196511818573244  0.00207245266380425  0.00218013205411590  0.00228872966040426
  0.00240600064147568  0.00253339010953328  0.00267510403186124  0.00282687294180644
  0.00298302115000189  0.00313798164711968  0.00328121953144132  0.00341216698342674
  0.00354589083054835  0.00368477289019349  0.00383003008102818  0.00399842765451996
  0.00416583915485480  0.00433802325221294  0.00453105698617124  0.00473966034052852
  0.00495338250581419  0.00516256080371970  0.00537485547913221  0.00559420195490764
  0.00581731727226415  0.00605869810806120  0.00628887865018381  0.00657205476146076
  0.00690913985217701  0.00758755585019242  0.00817803051800861  0.00853859162667701
  0.00889815268095859  0.00928309559545966  0.00983531404161335  0.01031480827530561
  0.01071277276226225  0.01109935903942617  0.01152520825821872  0.01223178095515253
  0.01306286097210905  0.01458836141806080  0.01570710620353573  0.01773352229695377
  0.01930498651742118  0.02070940539916160  0.02329586034623817  0.02508799654826107
  0.02722406245726794  0.06404015059896244  0.07161270327683056  1.00000000000000000
 -0.00177543698476733  0.01115265938731093  0.02327329273098618  0.03495639492598791
  0.04615943841633316  0.05488296850483515  0.06355938842550536  0.07269925052081401
  0.08330633547000252  0.09434912019947483  0.10557455789166119  0.11658422559652505
  0.12762576431770581  0.13854845859085627  0.14918147625862588  0.15958639177480574
  0.16912508606609089  0.17843543402030654  0.18782297351809157  0.19750370702834602
  0.20787271335171020  0.21847295876050807  0.22880664146858609  0.23904988302975541
  0.24963738400550164  0.26023855090961251  0.27127649389735392  0.28306363952571789
  0.29519745789949653  0.30780832074332831  0.32115670920811462  0.33466070136184151
  0.34688121099163272  0.35868364468283997  0.37052914999591019  0.38224819129611365
  0.39290704103888979  0.40379726235589453  0.41480760871282479  0.42599593596939184
  0.43718204338781119  0.44884769083669934  0.46086716147744156  0.47263517587767395
  0.48387974288568519  0.49457452529391327  0.50392434571924538  0.51296432565106975
  0.52243473783213523  0.53131602590813565  0.54000116067635140  0.54849400035882756
  0.55877306518658054  0.56948947810830342  0.57948762977269042  0.58935443040160995
  0.59952848192681507  0.61065913155167950  0.62208175944151922  0.63348951076094639
  0.64463343825859754  0.65554852315649448  0.66663608578170641  0.67791267168633862
  0.68826169856349240  0.69781205455536022  0.70718348863968772  0.71697896566369224
  0.72718774433286082  0.73739948628571350  0.74692648205120538  0.75609540078807402
  0.76495742128774791  0.77425986283273296  0.78388396897542101  0.79417053050458386
  0.80471649419660729  0.81543940255645109  0.82631705807590117  0.83712560272534353
  0.84842552628371382  0.85934225326563907  0.86885711238064145  0.87840300289166184
  0.88939124952836868  0.90151166703668373  0.91301663865748461  0.92313167195865353
  0.93380046158003860  0.94514601305804591  0.95613841839040359  0.96548192489662499
  0.97377693458919579  0.98234789084881013  0.99109808066797977  1.00000000000000000
  0.73728217694496734  0.74405574514176875  0.74953545970790592  0.75225692056123794
  0.75649430695084807  0.75997473512583158  0.76233606882757721  0.76426806293545047
  0.76618209749090582  0.76798769619176011  0.77066972989696203  0.77312821075698956
  0.77583386794917897  0.77842147744180601  0.78096800267323085  0.78353971533459998
  0.78580368427091984  0.78773940946613785  0.78948462509053008  0.79147064040279125
  0.79354974592493122  0.79599274140958320  0.79825488067672146  0.80033628759593411
  0.80261782952073479  0.80555913091806697  0.80809671477109557  0.81032467993330948
  0.81226598842821263  0.81434322582869634  0.81647108630331566  0.81870588449902715
  0.82105724459208473  0.82325447975949817  0.82532260206067132  0.82749918649824505
  0.82966068589562370  0.83181707115345405  0.83405339154312808  0.83635060890349378
  0.83876263280242369  0.84116364940165100  0.84366354459567028  0.84621487817348140
  0.84868788020270391  0.85094168352339916  0.85322034385636636  0.85546228901118260
  0.85757369857231758  0.85962287270315763  0.86171408611878053  0.86407342266980602
  0.86664208354180039  0.86879166628188620  0.87085616945874023  0.87294871766772497
  0.87516141823906846  0.87751401616739133  0.88000387403331981  0.88269711625486236
  0.88552065553345194  0.88854251113300020  0.89182826786787495  0.89521217128361597
  0.89822638335813176  0.90110440603074726  0.90383105180184653  0.90661716603418219
  0.90939855185927110  0.91210898189062772  0.91484261843348591  0.91760979721742419
  0.92040840717938521  0.92324842996847445  0.92612923564078087  0.92907035920424375
  0.93214915991635972  0.93508543618369411  0.93792592905367356  0.94066123696800463
  0.94326616710075417  0.94572377455362200  0.94832074254760790  0.95104338984657966
  0.95392209464976085  0.95678365097262297  0.95971662582120743  0.96282377993536672
  0.96609765856062702  0.96940820177656095  0.97289823213753635  0.97633390809797871
  0.98026759784973261  0.98479323265276464  0.99051766658839424  1.00000000000000000
 -0.02183352146817081  0.12691497340456728  0.16564183387714063  0.18843512566989298
  0.20577189056606962  0.22002583866215836  0.23249382070090827  0.24335667231755248
  0.25346162191206184  0.26330518486634835  0.27204362006931193  0.27985744568436838
  0.28738379281937720  0.29453696026764825  0.30126775766876374  0.30781759021796401
  0.31453347187395103  0.32134418342025994  0.32811415915498882  0.33501604772303395
  0.34168058038157212  0.34833814481218889  0.35515412161774468  0.36168128949539297
  0.36804465002346631  0.37374409344193615  0.37972311098125644  0.38555024815790911
  0.39232552586341779  0.39849703825196059  0.40474329346763216  0.40959165998098873
  0.41469027290082827  0.41941119440202157  0.42531853013364063  0.43125120623439239
  0.43710629954041624  0.44261896553806984  0.44792097817393600  0.45319683543394645
  0.45837221492299168  0.46326262319684397  0.46803898870544497  0.47293848647141917
  0.47807109373382389  0.48318595555756394  0.48783132090341125  0.49184908679700384
  0.49551573323301573  0.49925237652020321  0.50326918039728796  0.50798780138831945
  0.51332424143744559  0.51920147271180761  0.52543689085506395  0.53165882378606000
  0.53747669105611684  0.54309892985477848  0.54873470678071123  0.55468989478789521
  0.56093861484781349  0.56733925255413498  0.57399511207445686  0.58080520852282003
  0.58710682231545153  0.59325552680620963  0.59910855884185432  0.60545504058554300
  0.61194363610302482  0.61861179155516732  0.62501909508796261  0.63090657828453811
  0.63657797158944240  0.64241049283468177  0.64878134112465391  0.65507436579781797
  0.66190877933419934  0.66880675919361121  0.67405553773057114  0.67970933505245967
  0.68542127375098105  0.69164881460201566  0.69884718529237466  0.70663019390382353
  0.71553228591609686  0.72547943729120046  0.73586527880193575  0.74669646118375177
  0.75845888569014153  0.77160760381272586  0.78482960675374647  0.79782220390568248
  0.81214212324226209  0.83259253105378739  0.87009139079086550  1.00000000000000000
   1.5013438782599999E-007   1.7025076000000000E-002
  <DiscreteSampler_grid>
  Helicity
  1 # 1 for a reference and 2 for a running grid.
  80 # Attribute 'min_bin_probing_points' of the grid.
  1 # Attribute 'grid_mode' of the grid. 1=='default',2=='initialization'
  0.0300000000000000 # Attribute 'small_contrib_threshold' of the grid.
  0.3330000000000000 # Attribute 'damping_power' of the grid.
 # binID   n_entries weight   weight_sqr   abs_weight
    1   1617   2.450476436834700E-006   2.254768503556115E-010   2.450476436834700E-006
    4   2332   3.338878326693924E-006   9.872600544464554E-010   3.338878326693924E-006
    5   2203   3.296568112843075E-006   2.166433857423057E-009   3.296568112843075E-006
    8   1693   2.554835413355114E-006   3.484527405485377E-010   2.554835413355114E-006
    9   2332   3.428987653927240E-006   1.311757657670825E-009   3.428987653927240E-006
    12   1964   2.864116790822801E-006   4.970185993969406E-010   2.864116790822801E-006
    13   1933   2.917748318504179E-006   4.431879341506689E-010   2.917748318504179E-006
    16   1918   2.844476519423519E-006   4.952335627587725E-010   2.844476519423519E-006
  </DiscreteSampler_grid>
  <DiscreteSampler_grid>
  grouped_processes
  1 # 1 for a reference and 2 for a running grid.
  10 # Attribute 'min_bin_probing_points' of the grid.
  1 # Attribute 'grid_mode' of the grid. 1=='default',2=='initialization'
  0.0300000000000000 # Attribute 'small_contrib_threshold' of the grid.
  0.3330000000000000 # Attribute 'damping_power' of the grid.
 # binID   n_entries weight   weight_sqr   abs_weight
    10   10   6.439118408450000E+000   1.989689521200000E+002   6.439118408450000E+000
    16   10   6.438890967290000E+000   1.989234801840000E+002   6.438890967290000E+000
  </DiscreteSampler_grid>
