  0.00009689493955454  0.00012822668617776  0.00014921442990430  0.00016517285208655
  0.00017837101339639  0.00019126646475156  0.00020426887733195  0.00021754849948883
  0.00023102073135495  0.00024457081326751  0.00025981749757979  0.00027544442203568
  0.00028941738752830  0.00030178498018853  0.00031282529506955  0.00032524565315869
  0.00033827994081400  0.00035149038067392  0.00036414443559566  0.00037671805358553
  0.00039011134934717  0.00040363350192850  0.00041691551387657  0.00042963498660386
  0.00044187606268363  0.00045455225546719  0.00046752063941247  0.00048478734690060
  0.00049781232169155  0.00051050342514375  0.00052284847110983  0.00053517003688026
  0.00055104154745388  0.00056645053586453  0.00058014921425761  0.00059253049114393
  0.00060471259952064  0.00061658577757339  0.00062808193769468  0.00063934972889687
  0.00065060647088905  0.00066113922830950  0.00067161083678404  0.00068220281617300
  0.00069284756632281  0.00070317092737539  0.00071323146074014  0.00072319278236592
  0.00073319720418329  0.00074333154291212  0.00075370555407536  0.00076436871714079
  0.00077547305593256  0.00078795474512514  0.00080246640437027  0.00081686041966467
  0.00083117485707254  0.00084576567819183  0.00086087123837603  0.00087596111656361
  0.00089091747234240  0.00090655088690270  0.00092690747636268  0.00094710951154548
  0.00096793944443642  0.00098967110700677  0.00101232822636783  0.00103743096386713
  0.00106377188327858  0.00109476326845668  0.00112770359692297  0.00116211408442849
  0.00119633075442403  0.00123093002208194  0.00127160592546763  0.00131411672724628
  0.00135707796413959  0.00140458257895191  0.00145659865178966  0.00151077646044992
  0.00157434393072467  0.00166139526368089  0.00176087294849644  0.00186586618985877
  0.00198456017258487  0.00212003076056458  0.00231996841048206  0.00259073137732314
  0.00293398237403412  0.00334584487816494  0.00388427555352392  0.00473265997387700
  0.00681892973840109  0.01018978421978758  0.02148039794692541  1.00000000000000000
  0.00002806423759517  0.00033054262428970  0.00109067568500396  0.00235537782346529
  0.00393306779557703  0.00593876530981356  0.00872831051343360  0.01202209467562172
  0.01552197020148558  0.01959477246968377  0.02429738143805697  0.02918385801299497
  0.03469272030250048  0.03998719062171909  0.04562180734904674  0.05180405289362275
  0.05830723617582850  0.06470321196360716  0.07106322005508721  0.07801007130837755
  0.08564772320385017  0.09459244879775525  0.10395759066911564  0.11268942749330581
  0.11999341511080426  0.12657916229478983  0.13341899511519489  0.14099400521901456
  0.14924701479952257  0.15805533866805152  0.16726544310240357  0.17689705556881716
  0.18714069065084610  0.19755791577570198  0.20780830439043546  0.21655811306223280
  0.22560399496593206  0.23525016948714148  0.24581670302482389  0.25747736652937775
  0.26916524556348648  0.28022948598342384  0.29064994646123860  0.30088288088465226
  0.31130321691251611  0.32235712640378922  0.33328278038919135  0.34394784437493076
  0.35479990973810022  0.36575913159093881  0.37634074007991070  0.38647864192458475
  0.39658218618196817  0.40689322734246564  0.41754352549274482  0.42901193170978191
  0.44305222877761513  0.45688055881841355  0.47059942733166715  0.48390268582469204
  0.49682837135974778  0.51000015943741828  0.52420832766725678  0.53896222123266402
  0.55350825345337773  0.56796463803223951  0.58320332817352161  0.59832699204808526
  0.61277455016728410  0.62624245823653879  0.63882192196102117  0.65186022496208229
  0.66555982256743962  0.67889793979634017  0.69194237361479882  0.70482255342464262
  0.71694936558930356  0.73112903544021846  0.74551697228383562  0.76000385444245178
  0.77504845942594003  0.78956303704696229  0.80422761099799278  0.81861960104111386
  0.83228932019215640  0.84555919432621707  0.85909058802872940  0.87297835861971629
  0.88844944628696010  0.90570282134995839  0.92365871049389725  0.94080464194238023
  0.95654044079049083  0.97123294789241221  0.98570309218356855  1.00000000000000000
 -0.00004458395518442  0.01145819339658591  0.02183485613985948  0.03360949404013511
  0.04478628694758723  0.05716965064758294  0.06902431396292424  0.08153668734773178
  0.09301873585786979  0.10552663962838976  0.11589674650492447  0.12674829715178426
  0.13559833383960249  0.14458449015539612  0.15350549568674990  0.16289980339893426
  0.17329103804456464  0.18472773349014798  0.19688164894291277  0.20955648950829336
  0.22148157475945190  0.23325070590981700  0.24250649873162186  0.25279984739671224
  0.26245032770874749  0.27242465970281465  0.28211836381571997  0.29135372249386315
  0.30025049675974080  0.30887463643390406  0.31758502878752370  0.32655159133428158
  0.33538828613803418  0.34430795381674140  0.35366723454874421  0.36428716046913456
  0.37520036298351034  0.38664247927444917  0.39593259945604353  0.40459235756740497
  0.41343828631952756  0.42411250501871539  0.43652777302584345  0.44836109741886576
  0.45939413320264244  0.46950716598163611  0.47982804249529615  0.49080591438204241
  0.50397359067409087  0.51681799399684825  0.52856857350830333  0.53980686384926457
  0.55088868718295170  0.56270000088429539  0.57295555176512925  0.58154634302894304
  0.59025072818864710  0.59984063924164965  0.61038304314306113  0.62142104454640079
  0.63294929982726911  0.64534906408996440  0.65768255033539769  0.66917979969680574
  0.68038050618328982  0.69222605535848603  0.70452927040524016  0.71626417424619093
  0.72780335789426742  0.73686136016801562  0.74515159250545782  0.75309234430397032
  0.76135567741154653  0.77072292901508699  0.78103936057038992  0.79266811423516526
  0.80555097875861825  0.81789940894144597  0.82969158739339333  0.84114595912554690
  0.85081591010997470  0.86003378341718006  0.86916164330131551  0.87878620805192098
  0.88844472593931689  0.89781683208162733  0.90665553899555118  0.91506745120055200
  0.92388864241018265  0.93418106179400517  0.94632797956943016  0.95836019601089850
  0.96999977511278745  0.98087033029574688  0.99088643191450898  1.00000000000000000
  0.00252209706577628  0.01325200666206537  0.02347281897378786  0.03388008001883343
  0.04719902982175668  0.06250616402777157  0.07647348720611068  0.08963231375180318
  0.10070041462191619  0.11014359426569015  0.11926494262164750  0.12969360264598842
  0.14179093915806898  0.15245925101011334  0.16376846508273388  0.17500604292612740
  0.18562641058867838  0.19693123646990304  0.20889274793336104  0.22200759907505546
  0.23482400280611801  0.24763112717261379  0.26017555855403812  0.27176998636605643
  0.28292515746331653  0.29351159543201505  0.30411748976966846  0.31489165121270374
  0.32534089390595961  0.33622215426321528  0.34742452291877901  0.35797493527356639
  0.36774517672682405  0.37653240258797582  0.38436295621092581  0.39302534757772523
  0.40128005295457270  0.40894776788504944  0.41686241723046247  0.42536785226536561
  0.43373906147731106  0.44260721515157703  0.45134015265964833  0.46020715077164415
  0.46913480296277710  0.47830973002521759  0.48820815390874384  0.49825485495618055
  0.50777206725017787  0.51681181697920708  0.52564029394853640  0.53433314029236345
  0.54364960012613273  0.55318561944428835  0.56315311591661132  0.57302517163383171
  0.58178584116084697  0.59027590616551273  0.59891401825298474  0.60769320022397222
  0.61739552697108402  0.62718327071416169  0.63736012966468336  0.64715783901040258
  0.65847125944063079  0.67040748924922033  0.68227511506842697  0.69316003492132583
  0.70371995041075053  0.71523448765631337  0.72661326540576365  0.73789376371174376
  0.74754436161415949  0.75665757209508377  0.76448896117773590  0.77258682562918291
  0.78064902896440014  0.78866796444157805  0.79740506083301155  0.80759620584117298
  0.81966221511829718  0.83042885867094907  0.83941534795192407  0.84792376007319481
  0.85671363166016212  0.86645614044862829  0.87515812470903154  0.88481622560670836
  0.89545038059591053  0.90954837225050700  0.92136224553359802  0.93383631998030192
  0.94582162182415985  0.96201585600200767  0.97992219431549921  1.00000000000000000
 -0.00345506295204140  0.01229928472019582  0.02593537955784465  0.03787696380587888
  0.04856895432273277  0.05823401936914141  0.06819572971608336  0.07854464924424644
  0.08882965915169526  0.09844978374977788  0.10818304477554887  0.11853721684832211
  0.12863492449793704  0.13847034618240633  0.14826647177578844  0.15829098810592884
  0.16874363981508628  0.17891736923323501  0.18880140242535995  0.19848816700670172
  0.20739003935280281  0.21673873962522941  0.22537817982466873  0.23454131261308786
  0.24427196521255332  0.25428274979967835  0.26529164709104813  0.27486575964950793
  0.28435644723808584  0.29442436844769115  0.30588779461481463  0.31611488595076559
  0.32534188731900437  0.33402403560510935  0.34423375374892651  0.35652824645487258
  0.36871094769722607  0.37988127388909237  0.39088223144971240  0.40189694215485633
  0.41416555826818935  0.42571234770540506  0.43691570309292138  0.44795176733063108
  0.45919714604326639  0.47094456725168382  0.48272061871953209  0.49455724173851029
  0.50621208587571231  0.51756622378950490  0.52907022085576816  0.54097564196289472
  0.55347878034411013  0.56474764442902903  0.57472979691618997  0.58530470093312092
  0.59677756646912883  0.60760407251718607  0.61774764250246583  0.62793894642376802
  0.63817952580646609  0.64803966207942509  0.65749583610983331  0.66673981089195655
  0.67725037130822352  0.68865803481771770  0.70004217088443599  0.71095175639346608
  0.72195245939220609  0.73308008079045073  0.74439153834499472  0.75405796309994955
  0.76350517353701952  0.77323169181927842  0.78324575942312558  0.79314124228852834
  0.80307177732436807  0.81231416845843241  0.82154576321053063  0.83089619218844291
  0.84055750800322460  0.85101359524045805  0.86204987552541357  0.87268576483245164
  0.88314449662277283  0.89381704307046772  0.90446324110457499  0.91493334588025155
  0.92475713320237507  0.93555509648754054  0.94705891216372551  0.95978673649822122
  0.97156139538315966  0.98161833909555296  0.99087243491747290  1.00000000000000000
  0.72512071080987384  0.73290420206087159  0.74510964177917782  0.74916442838852348
  0.75246913804872528  0.75631577478298972  0.76078045901992231  0.76382696901268210
  0.76653956228338771  0.76924862206321898  0.77242050425490993  0.77644787536271886
  0.78065610893462067  0.78391595590135810  0.78689757435512675  0.78982425232228781
  0.79346532343927256  0.79679091769155963  0.79979412319769339  0.80259834152362430
  0.80531358230890648  0.80809690475045570  0.81147287712072169  0.81495725283666787
  0.81811285850308257  0.82062026440178448  0.82314574200472657  0.82551919849610789
  0.82789539626907549  0.82996659488409696  0.83198014121218578  0.83394415781773090
  0.83585183953762920  0.83769100627406101  0.83938410618722059  0.84111048348670148
  0.84298231939267920  0.84512814248280921  0.84751540804088232  0.84984052483226236
  0.85206531026223387  0.85438732236082859  0.85665014017647423  0.85884074064080340
  0.86104706891574623  0.86330042978618093  0.86557721405687726  0.86768717782309668
  0.86962099224334011  0.87143168475935162  0.87335467230039199  0.87526667762089927
  0.87715277711160555  0.87938068530295910  0.88125135108427244  0.88302667042107996
  0.88473024447479787  0.88635018002103527  0.88795995144351536  0.88970827159862687
  0.89172817258418657  0.89381707798898569  0.89577084330061796  0.89791475218731842
  0.89994859157202400  0.90201531367236054  0.90426390368905263  0.90641309728529684
  0.90866135056637842  0.91104847381727838  0.91338639383099185  0.91562804146567489
  0.91791953054394260  0.92035764793813069  0.92300632423439810  0.92574467291351714
  0.92832428543722345  0.93071679202708024  0.93310858154169141  0.93554684144324995
  0.93796468379851738  0.94040942365817204  0.94295587880845122  0.94550130070573879
  0.94813875424728933  0.95090251004032944  0.95378899553203011  0.95696338572679585
  0.96079533188040056  0.96485259287335789  0.96910803441410587  0.97328380035518003
  0.97752715118503419  0.98248854237025784  0.98887222825238374  1.00000000000000000
 -0.01773534135076622  0.11664831257867350  0.15152772577307574  0.17381263226260629
  0.19137402453674335  0.20591861428388222  0.21778318689870296  0.22782645753689351
  0.23844773902838204  0.24927070860712697  0.26060324066968243  0.27274476178211182
  0.28510612242518263  0.29621625158230819  0.30567346703001458  0.31438389279315571
  0.32233806092668804  0.32932872284298731  0.33567366668730636  0.34164199967533909
  0.34776894978589523  0.35404867755337005  0.36020559076040465  0.36641226711985481
  0.37319333615885347  0.38058084722270635  0.38761041475366192  0.39397918672131632
  0.40008953446188261  0.40598663322129230  0.41153495474164231  0.41688135742155596
  0.42223098494915684  0.42742327109513006  0.43292203918175243  0.43789924305092609
  0.44319681525148669  0.44876828423337689  0.45459043932590676  0.46099343433641826
  0.46764023119648590  0.47437572895091396  0.48084986663830181  0.48650382341396931
  0.49224290344581706  0.49780813453627321  0.50319490961064928  0.50862392385887034
  0.51409512934292856  0.51898626863975572  0.52374382420907883  0.52847441959982755
  0.53360939267912511  0.53915991565996690  0.54473243110440950  0.55026293549292293
  0.55596149608587886  0.56128199281815094  0.56645613631657454  0.57145972250236832
  0.57611220211667713  0.58164194823222859  0.58772936684180865  0.59465783910849324
  0.60042526163749221  0.60569501837549433  0.61083178515480396  0.61671450230775560
  0.62247515621155358  0.62883577626588327  0.63580667829212167  0.64313800376358055
  0.65053668958294186  0.65766159048988071  0.66520795470701810  0.67188983140419978
  0.67796683743140651  0.68336561856313927  0.68829134137806980  0.69375428396581662
  0.69966564376991702  0.70621452277780716  0.71404347065275564  0.72201895425806895
  0.72976246555733681  0.73806067893023797  0.74709754266298956  0.75713082824581035
  0.76753876129495802  0.77903756638239041  0.79246457909216195  0.80838046559814203
  0.82690205227075053  0.84877115034295803  0.88171991794187943  1.00000000000000000
   1.7668898419099999E-008   3.1203985714299998E-004
  <DiscreteSampler_grid>
  Helicity
  1 # 1 for a reference and 2 for a running grid.
  80 # Attribute 'min_bin_probing_points' of the grid.
  1 # Attribute 'grid_mode' of the grid. 1=='default',2=='initialization'
  0.0300000000000000 # Attribute 'small_contrib_threshold' of the grid.
  0.3330000000000000 # Attribute 'damping_power' of the grid.
 # binID   n_entries weight   weight_sqr   abs_weight
    1   1754   4.036418760217884E-007   6.819661948794858E-012   4.036418760217884E-007
    2   401   1.111707921971378E-007   1.664707912726635E-013   1.111707921971378E-007
    3   891   1.529670414711621E-007   1.019600765350002E-012   1.529670414711621E-007
    4   82   5.545739878490000E-010   1.723143333680000E-018   5.545739878490000E-010
    5   87   4.732846010979080E-009   1.431842642873333E-016   4.732846010979080E-009
    6   136   2.460471104485294E-008   4.624752072867647E-013   2.460471104485294E-008
    7   121   1.843658789030826E-008   3.465378963685289E-013   1.843658789030826E-008
    8   117   2.462486748820000E-068   6.974850428710000E-134   2.462486748820000E-068
    9   110   4.102805337180000E-069   9.951229304210001E-136   4.102805337180000E-069
    10   160   2.512008781770937E-008   4.724931315493125E-013   2.512008781770937E-008
    11   117   2.099304584959829E-008   3.948660548560342E-013   2.099304584959829E-008
    12   88   5.060016206395455E-009   1.418874662031818E-016   5.060016206395455E-009
    13   83   5.188700371300902E-010   1.218538101166349E-018   5.188700371300902E-010
    14   439   1.122047302634777E-007   6.037250756595567E-013   1.122047302634777E-007
    15   814   1.527589125316383E-007   1.661666054707467E-012   1.527589125316383E-007
    16   1997   4.331406974169632E-007   6.576592760270312E-012   4.331406974169774E-007
  </DiscreteSampler_grid>
  <DiscreteSampler_grid>
  grouped_processes
  1 # 1 for a reference and 2 for a running grid.
  10 # Attribute 'min_bin_probing_points' of the grid.
  1 # Attribute 'grid_mode' of the grid. 1=='default',2=='initialization'
  0.0300000000000000 # Attribute 'small_contrib_threshold' of the grid.
  0.3330000000000000 # Attribute 'damping_power' of the grid.
 # binID   n_entries weight   weight_sqr   abs_weight
    16   10   8.346383955120000E-001   1.634938810980000E+000   8.346383955120000E-001
    10   10   8.346383955110002E-001   1.634938810980000E+000   8.346383955110002E-001
  </DiscreteSampler_grid>
