     
 Soft #           8
 ME*wgt:
   1.0008041303960151        1.2974263243350847E-012   1.2963838626662112E-012
  0.99598023110109579        1.2911726991340243E-012   1.2963838626662112E-012
  0.99942505490122358        1.2956385131182384E-012   1.2963838626662112E-012
  0.99999950708067487        1.2963832236535525E-012   1.2963838626662112E-012
   1.0000006305053217        1.2963846800431357E-012   1.2963838626662112E-012
   1.0000000085606195        1.2963838737640601E-012   1.2963838626662112E-012
  0.99999983593720021        1.2963836499778451E-012   1.2963838626662112E-012
  0.99999736291264230        1.2963804439887162E-012   1.2963838626662112E-012
   1.0000000005019893        1.2963838633169820E-012   1.2963838626662112E-012
   1.0000000000501985        1.2963838627312876E-012   1.2963838626662112E-012
 wgt:
   1.1111111111111109        1.0642962392292535E-004   9.5786661530632825E-005
   1.0101010101010097        9.6754203566295753E-005   9.5786661530632825E-005
   1.0010010010010009        9.5882544074707516E-005   9.5786661530632825E-005
   1.0001000100010002        9.5796241154748313E-005   9.5786661530632825E-005
   1.0000100001000007        9.5787619406826878E-005   9.5786661530632825E-005
   1.0000010000009996        9.5786757317390108E-005   9.5786661530632825E-005
   1.0000001000000101        9.5786671109299935E-005   9.5786661530632825E-005
   1.0000000099999999        9.5786662488499437E-005   9.5786661530632825E-005
   1.0000000009999999        9.5786661626419471E-005   9.5786661530632825E-005
   1.0000000000999998        9.5786661540211466E-005   9.5786661530632825E-005
     
 Collinear #          20
 ME*wgt:
   3.0822191635518430        1.4607838705833662E-014   4.7393900078799370E-015
   1.3530967267817577        6.4128531066045118E-015   4.7393900078799370E-015
   1.0340775006325158        4.9008965738712042E-015   4.7393900078799370E-015
  0.99977704527001510        4.7383333384604370E-015   4.7393900078799370E-015
  0.99865082750951761        4.7329957532596381E-015   4.7393900078799370E-015
  0.99943003972485456        4.7366887438470241E-015   4.7393900078799370E-015
  0.99981872959695917        4.7385308967430410E-015   4.7393900078799370E-015
  0.99975510283041424        4.7382293446814444E-015   4.7393900078799370E-015
  0.99999999999999989        4.7393900078799362E-015   4.7393900078799370E-015
  0.99999999999999989        4.7393900078799362E-015   4.7393900078799370E-015
 wgt:
   1.0000023947646879        2.2628923009744616E-004   2.2628868818928643E-004
   1.0000002295376020        2.2628874013104928E-004   2.2628868818928643E-004
   1.0000000228588541        2.2628869336198653E-004   2.2628868818928643E-004
   1.0000000022849409        2.2628868870634271E-004   2.2628868818928643E-004
   1.0000000002284846        2.2628868824098991E-004   2.2628868818928643E-004
   1.0000000000228484        2.2628868819445674E-004   2.2628868818928643E-004
   1.0000000000022848        2.2628868818980348E-004   2.2628868818928643E-004
   1.0000000000002285        2.2628868818933814E-004   2.2628868818928643E-004
   1.0000000000000229        2.2628868818929160E-004   2.2628868818928643E-004
   1.0000000000000022        2.2628868818928691E-004   2.2628868818928643E-004
     
 Soft #          24
 ME*wgt:
   1.0054636338800800        2.0018841925993572E-013   1.9910060644103997E-013
  0.99998629618329615        1.9909787800282369E-013   1.9910060644103997E-013
  0.99999670044556110        1.9909994949775021E-013   1.9910060644103997E-013
   1.0000048451333046        1.9910157111001919E-013   1.9910060644103997E-013
   1.0000004838585483        1.9910070277757037E-013   1.9910060644103997E-013
   1.0000005981079958        1.9910072552470465E-013   1.9910060644103997E-013
   1.0000008110832366        1.9910076792820423E-013   1.9910060644103997E-013
  0.99999239139451834        1.9909909156307440E-013   1.9910060644103997E-013
   1.0000000005000369        1.9910060654059760E-013   1.9910060644103997E-013
   1.0000000000500036        1.9910060645099573E-013   1.9910060644103997E-013
 wgt:
   1.1111111111111112        2.0005646027597017E-005   1.8005081424837316E-005
   1.0101010101010099        1.8186950934179102E-005   1.8005081424837316E-005
   1.0010010010010011        1.8023104529366682E-005   1.8005081424837316E-005
   1.0001000100010002        1.8006882113048622E-005   1.8005081424837316E-005
   1.0000100001000010        1.8005261477452088E-005   1.8005081424837316E-005
   1.0000010000010002        1.8005099429936748E-005   1.8005081424837316E-005
   1.0000001000000101        1.8005083225345640E-005   1.8005081424837316E-005
   1.0000000100000002        1.8005081604888131E-005   1.8005081424837316E-005
   1.0000000010000001        1.8005081442842397E-005   1.8005081424837316E-005
   1.0000000001000000        1.8005081426637823E-005   1.8005081424837316E-005
     
 Soft #          35
 ME*wgt:
   1.0055610751118456        1.0602012669257910E-013   1.0543380140364602E-013
   1.0000486995035427        1.0543893597743100E-013   1.0543380140364602E-013
  0.99999665818850303        1.0543344906375632E-013   1.0543380140364602E-013
  0.99999900404732200        1.0543369639656915E-013   1.0543380140364602E-013
   1.0000015341122503        1.0543396315093235E-013   1.0543380140364602E-013
  0.99998361448073059        1.0543207381606147E-013   1.0543380140364602E-013
   1.0000722705452985        1.0544142116196635E-013   1.0543380140364602E-013
   1.0011584245063430        1.0555593850298889E-013   1.0543380140364602E-013
   1.0000000005000018        1.0543380145636310E-013   1.0543380140364602E-013
   1.0000000000500000        1.0543380140891770E-013   1.0543380140364602E-013
 wgt:
   1.1111111111111109        5.3314967653639486E-006   4.7983470888275546E-006
   1.0101010101010099        4.8468152412399539E-006   4.7983470888275546E-006
   1.0010010010010006        4.8031502390666196E-006   4.7983470888275546E-006
   1.0001000100009998        4.7988269715247058E-006   4.7983470888275546E-006
   1.0000100001000007        4.7983950727782814E-006   4.7983470888275546E-006
   1.0000010000009998        4.7983518871794407E-006   4.7983470888275546E-006
   1.0000001000000098        4.7983475686623104E-006   4.7983470888275546E-006
   1.0000000100000002        4.7983471368110266E-006   4.7983470888275546E-006
   1.0000000009999999        4.7983470936259014E-006   4.7983470888275546E-006
   1.0000000000999998        4.7983470893073877E-006   4.7983470888275546E-006
     
 Soft #          92
 ME*wgt:
   1.0055418188497549        4.5147269200171317E-014   4.4898450122955147E-014
   1.0000144992896423        4.4899101118587971E-014   4.4898450122955147E-014
  0.99997978087052963        4.4897542315379090E-014   4.4898450122955147E-014
  0.99999744377158528        4.4898335352261167E-014   4.4898450122955147E-014
  0.99999967604102313        4.4898435577699181E-014   4.4898450122955147E-014
   1.0000011513362852        4.4898501816169927E-014   4.4898450122955147E-014
  0.99999528014439287        4.4898238208753584E-014   4.4898450122955147E-014
   1.0000906442844706        4.4902519910840382E-014   4.4898450122955147E-014
   1.0000000005000198        4.4898450145405257E-014   4.4898450122955147E-014
   1.0000000000500018        4.4898450125200150E-014   4.4898450122955147E-014
 wgt:
   1.1111111111111109        5.1332346378571342E-006   4.6199111740714215E-006
   1.0101010101010099        4.6665769435064853E-006   4.6199111740714215E-006
   1.0010010010010006        4.6245357097812009E-006   4.6199111740714215E-006
   1.0001000100009998        4.6203732113925593E-006   4.6199111740714215E-006
   1.0000100001000007        4.6199573736451563E-006   4.6199111740714215E-006
   1.0000010000009998        4.6199157939872148E-006   4.6199111740714215E-006
   1.0000001000000098        4.6199116360625846E-006   4.6199111740714215E-006
   1.0000000099999999        4.6199112202705331E-006   4.6199111740714215E-006
   1.0000000009999996        4.6199111786913315E-006   4.6199111740714215E-006
   1.0000000000999998        4.6199111745334119E-006   4.6199111740714215E-006
     
 Soft #          85
 ME*wgt:
  0.32471387736247509        2.0277919358986309E-011   6.2448576339563878E-011
  0.74697698958913805        4.6647649558254898E-011   6.2448576339563878E-011
   1.0112861281288625        6.3153378973597250E-011   6.2448576339563878E-011
   1.0000082001044555        6.2449088424412961E-011   6.2448576339563878E-011
  0.99996612202551849        6.2446460708288237E-011   6.2448576339563878E-011
  0.99999629783311406        6.2448345144512482E-011   6.2448576339563878E-011
  0.99999962966957745        6.2448553212956214E-011   6.2448576339563878E-011
  0.99999989929459665        6.2448570050654812E-011   6.2448576339563878E-011
   1.0000000001490832        6.2448576348873912E-011   6.2448576339563878E-011
   1.0000000000149081        6.2448576340494870E-011   6.2448576339563878E-011
 wgt:
   1.0090112245251885        4.6588386836475129E-003   4.6172317714699629E-003
   1.0015731171138782        4.6244952177884047E-003   4.6172317714699629E-003
   1.0001627057317988        4.6179830215442247E-003   4.6172317714699629E-003
   1.0000163233784458        4.6173071402915407E-003   4.6172317714699629E-003
   1.0000016328647787        4.6172393107850977E-003   4.6172317714699629E-003
   1.0000001632917459        4.6172325254257999E-003   4.6172317714699629E-003
   1.0000000163292275        4.6172318468657913E-003   4.6172317714699629E-003
   1.0000000016329229        4.6172317790095464E-003   4.6172317714699629E-003
   1.0000000001632925        4.6172317722239222E-003   4.6172317714699629E-003
   1.0000000000163292        4.6172317715453583E-003   4.6172317714699629E-003
     
 Soft #          12
 ME*wgt:
   1.1964562735467954        6.1327571636175624E-013   5.1257679024386844E-013
   1.0068684057813628        5.1609737563337184E-013   5.1257679024386844E-013
   1.0000196836611783        5.1258687963173549E-013   5.1257679024386844E-013
  0.99999423323490610        5.1257383433392652E-013   5.1257679024386844E-013
  0.99999934381452205        5.1257645389842235E-013   5.1257679024386844E-013
  0.99999994901661626        5.1257676411096925E-013   5.1257679024386844E-013
   1.0000000544067362        5.1257681813149862E-013   5.1257679024386844E-013
   1.0000029320072870        5.1257829312275258E-013   5.1257679024386844E-013
  0.99999999874811640        5.1257678960218197E-013   5.1257679024386844E-013
  0.99999999987481236        5.1257679017970015E-013   5.1257679024386844E-013
 wgt:
  0.81878615240199359        1.2501961743709405E-004   1.5268897387960960E-004
  0.98188654136868458        1.4992324846778329E-004   1.5268897387960960E-004
  0.99818873336956360        1.5241241343638589E-004   1.5268897387960960E-004
  0.99981887412925485        1.5266131795626248E-004   1.5268897387960960E-004
  0.99998188742084837        1.5268620828848463E-004   1.5268897387960960E-004
  0.99999818874216406        1.5268869732050920E-004   1.5268897387960960E-004
  0.99999981887421729        1.5268894622369971E-004   1.5268897387960960E-004
  0.99999998188742167        1.5268897111401860E-004   1.5268897387960960E-004
  0.99999999818874197        1.5268897360305047E-004   1.5268897387960960E-004
  0.99999999981887422        1.5268897385195369E-004   1.5268897387960960E-004
     
 Collinear #          73
 ME*wgt:
   4.1310396098903359        3.5383675203619060E-019   8.5653197608914643E-020
   1.1285829852490623        9.6666741453596728E-020   8.5653197608914643E-020
   1.0086234081571457        8.6391820091860964E-020   8.5653197608914643E-020
   1.0004905414558967        8.5695214053171923E-020   8.5653197608914643E-020
  0.99995659489376121        8.5649479822772739E-020   8.5653197608914643E-020
  0.99996706826303949        8.5650376900341161E-020   8.5653197608914643E-020
  0.99998986845851756        8.5652329809989967E-020   8.5653197608914643E-020
  0.99999371165734618        8.5652658992258685E-020   8.5653197608914643E-020
   1.0000000004612715        8.5653197648424025E-020   8.5653197608914643E-020
   1.0000000000461309        8.5653197612865905E-020   8.5653197608914643E-020
 wgt:
   1.0001293967190152        9.7272092603131917E-004   9.7259507541962956E-004
   1.0000124012194376        9.7260713678458367E-004   9.7259507541962956E-004
   1.0000012349809273        9.7259627655599766E-004   9.7259507541962956E-004
   1.0000001234469151        9.7259519548349119E-004   9.7259507541962956E-004
   1.0000000123441799        9.7259508742551814E-004   9.7259507541962956E-004
   1.0000000012344128        9.7259507662021336E-004   9.7259507541962956E-004
   1.0000000001234413        9.7259507553968782E-004   9.7259507541962956E-004
   1.0000000000123441        9.7259507543163537E-004   9.7259507541962956E-004
   1.0000000000012343        9.7259507542082999E-004   9.7259507541962956E-004
   1.0000000000001232        9.7259507541974947E-004   9.7259507541962956E-004
