  0.00027256001562698  0.00027568907520893  0.00027787557380490  0.00028013197160838
  0.00028231812767216  0.00028498781484234  0.00028754630582749  0.00028998763471896
  0.00029238612215786  0.00029474062564883  0.00029721562831342  0.00030000429298173
  0.00030223703867243  0.00030432818579654  0.00030700806915899  0.00031020498654001
  0.00031369667303369  0.00031705769273122  0.00032072151441201  0.00032490731696861
  0.00032913276711332  0.00033354410964131  0.00033765708469252  0.00034171831737342
  0.00034617341510298  0.00035081072364190  0.00035562493736494  0.00036067352980985
  0.00036612408994208  0.00037163392894486  0.00037642908378073  0.00038122843549826
  0.00038631217572304  0.00039223634711552  0.00039913434390235  0.00040650566737460
  0.00041422111621721  0.00042156620583164  0.00042910072380057  0.00043654817677272
  0.00044489583897270  0.00045294880580025  0.00046121188399742  0.00047040108372588
  0.00048028174468209  0.00049025475012412  0.00049995498845472  0.00050916192475193
  0.00051886111425149  0.00053036918391673  0.00054406862501157  0.00055959737624985
  0.00057608300303569  0.00059290447776866  0.00060989993015751  0.00062663782045923
  0.00064462835487795  0.00066398926786985  0.00068559712978590  0.00070776665092495
  0.00073169965224129  0.00075773002540271  0.00078479353588832  0.00081216229078104
  0.00083936928955512  0.00086867640630473  0.00090064410171236  0.00093142563610114
  0.00096659804508197  0.00101048839602631  0.00106034459087642  0.00111287745790277
  0.00116682945715181  0.00122279299208255  0.00127816553691789  0.00134538948333231
  0.00143564221564468  0.00153583869223847  0.00164265457764889  0.00175393451179429
  0.00187430543012392  0.00199682671092302  0.00212965404940261  0.00229739729882569
  0.00249634616397192  0.00273131570147137  0.00301882260502066  0.00338670513276046
  0.00385685575237829  0.00442906437784854  0.00512014281143758  0.00622877300506592
  0.00846656191338319  0.01689967460249011  0.02300193308565977  1.00000000000000000
  0.00000286725718511  0.00000328432727910  0.00000352335254514  0.00000375397112406
  0.00000399703393565  0.00000426728383052  0.00000456303516214  0.00000489490735927
  0.00000524376983685  0.00000560740795446  0.00000598444211112  0.00000636946571049
  0.00000678254678164  0.00000721587990982  0.00000767279524936  0.00000813582691686
  0.00000859997172511  0.00000907924006275  0.00000958905346038  0.00001013228724858
  0.00001068381198207  0.00001123465353285  0.00001179688616620  0.00001234856061564
  0.00001298716172956  0.00001366663077937  0.00001441414564480  0.00001522014627351
  0.00001605451584636  0.00001694303036382  0.00001789800079017  0.00001892988626231
  0.00002008348799380  0.00002133980659219  0.00002269409299757  0.00002418243281666
  0.00002574269644311  0.00002737967839184  0.00002904063731989  0.00003069964518819
  0.00003249863327393  0.00003421109091271  0.00003589537713648  0.00003761655502151
  0.00003934973788400  0.00004111448750058  0.00004358113285833  0.00004647922674789
  0.00004978695613776  0.00005329378856631  0.00005707426308191  0.00006118602065729
  0.00006544666503882  0.00006966507656557  0.00007424659196104  0.00007966298176837
  0.00008571778857137  0.00009208317896700  0.00009961436443437  0.00010832394302168
  0.00011778435147744  0.00012768631467596  0.00013792267313461  0.00014842376971614
  0.00015848144761456  0.00016982656110083  0.00018249436302679  0.00019863043783553
  0.00021827460128032  0.00023787964297670  0.00025940539866901  0.00028514733409793
  0.00031715992010437  0.00035337494944226  0.00039245382360752  0.00043474376921833
  0.00048258058845181  0.00053257353565480  0.00058667202501693  0.00064367364024828
  0.00070658207759595  0.00077938732692257  0.00086034508187499  0.00096416663773090
  0.00110733171341819  0.00135406358726313  0.00163885287202957  0.00186117978267447
  0.00202681016559217  0.00220221863635899  0.00242695292064188  0.00270183478134032
  0.00342940394743885  0.00473267354821499  0.00541247688373305  1.00000000000000000
 -0.00211413867401300  0.00941905197000846  0.01926160676002427  0.03047365858881923
  0.04127028520020271  0.05125705479761879  0.06132036840592475  0.07311527260299026
  0.08480554245585988  0.09582969285006493  0.10592586261198217  0.11533242971132204
  0.12364585899423533  0.13194179189400984  0.14017077975260681  0.14960597916806090
  0.15909568693352741  0.16856034007653842  0.17867436322409733  0.18976213239952300
  0.20153137288390902  0.21326747981051150  0.22461120053312475  0.23601037985413265
  0.24746504351767787  0.25844409912067762  0.26946786199623013  0.27962594624973719
  0.28943112790191933  0.29856007397028111  0.30728176231527921  0.31612309233488101
  0.32563061784943653  0.33561240597819142  0.34591018911479643  0.35616809164711261
  0.36670332744456108  0.37728386097956107  0.38809770468335686  0.39979608368959485
  0.41182030364660388  0.42324335900548726  0.43390841235774702  0.44444939517181536
  0.45509652547698892  0.46572831357410138  0.47653031341933078  0.48749702210607521
  0.49839710917497593  0.50952574446381993  0.52070002137012505  0.53167762353738146
  0.54158663613728431  0.55122397011843693  0.56089770931474692  0.57243102973329241
  0.58451240611162048  0.59676844471627877  0.60909219476159793  0.61994912815571412
  0.63047611120924474  0.64098640579116495  0.65075822263845962  0.65997683375496630
  0.66925960272854945  0.67968887458867622  0.69081599256131099  0.70160983064131544
  0.71249289752096956  0.72382012563371279  0.73511940115743502  0.74563437394787657
  0.75549117876927263  0.76577297218528928  0.77684913742707562  0.78906628548834234
  0.80103126984468898  0.81227880457493451  0.82344966457215840  0.83424623486195937
  0.84464540116112485  0.85404470281283851  0.86378208903716258  0.87410735572037035
  0.88537872040357035  0.89604358683325069  0.90613381467124554  0.91668801911285924
  0.92755635758339239  0.93741827623566343  0.94634663481826242  0.95539959943156916
  0.96524351679221077  0.97617846536884989  0.98808686731265272  1.00000000000000000
 -0.00002789072996270 -0.00001213130028622  0.00000362812939026  0.00001938755906675
  0.00002571664929548  0.00003135373904740  0.00003886800233795  0.00005037708721146
  0.00006220705173596  0.00007558313500631  0.00008971685073355  0.00010416506965088
  0.00011866692482438  0.00013260197531124  0.00015890584592204  0.00018775289285593
  0.00021623774215973  0.00024574192318138  0.00027564626402569  0.00030590389822282
  0.00033658534350767  0.00036799530104202  0.00040006802960709  0.00043321548377014
  0.00046766426484678  0.00050366004177552  0.00054202910975075  0.00058616136441544
  0.00063047627471502  0.00067453354694387  0.00071880774712824  0.00076464422728007
  0.00081196129200359  0.00086037130960282  0.00090849077525482  0.00095557226210409
  0.00101051014754134  0.00107879759576803  0.00116211405245207  0.00125102317027775
  0.00134020329589511  0.00142970055649950  0.00151988277601019  0.00160293778095840
  0.00168321773671058  0.00176359017034889  0.00184452062421623  0.00192830862547497
  0.00202019430118130  0.00212644983355067  0.00224399252784905  0.00237292805931440
  0.00251439775427416  0.00266095090387064  0.00280412375534395  0.00294037657162774
  0.00307781568245474  0.00322285371962397  0.00337659503428718  0.00353042531054380
  0.00368954182378897  0.00385531381671209  0.00402499310986749  0.00419851404211592
  0.00437874535340814  0.00456531346155853  0.00474795852955203  0.00493057866602891
  0.00511862562756991  0.00532721337849911  0.00561444252453460  0.00594212656226745
  0.00627033110207696  0.00656938811738343  0.00689007755676914  0.00725742937600219
  0.00781111458379164  0.00839181586950604  0.00880555148433520  0.00919290732121781
  0.00959335937811047  0.01012666352674730  0.01074202705317447  0.01133062710712814
  0.01197483714817201  0.01309662350554405  0.01399483694587964  0.01505185403119536
  0.01606622492236570  0.01801312052651308  0.01882916980430805  0.01975732593281986
  0.02163586492309143  0.02884961421746025  0.06404015059896689  1.00000000000000000
 -0.00077015335902862  0.01330003678079556  0.02626331659568393  0.03831770720942760
  0.05029361128858071  0.05976569224496602  0.06834555542805708  0.07664851983630278
  0.08588746053472537  0.09630948958142645  0.10762264118624558  0.11877089437327776
  0.12989955764918004  0.14070911740676817  0.15252118985523888  0.16423277618899643
  0.17443563056806519  0.18369611949788198  0.19280097302127033  0.20270853084935328
  0.21410972474485199  0.22549189616983853  0.23597364672830792  0.24621533970789475
  0.25659833173612140  0.26710703036442568  0.27811615754891239  0.28946425527520575
  0.30173467854604868  0.31496657347564155  0.32852837759310693  0.34055070938675991
  0.35149948731128133  0.36238498178841949  0.37324507221627024  0.38398636735380720
  0.39444441587836343  0.40555245658930122  0.41714161697540464  0.42820027447026865
  0.43926204650794098  0.44969845688040533  0.46027198882970521  0.47048515297245908
  0.48070444603911594  0.49145767379881555  0.50214290703555164  0.51246496167911038
  0.52237909684498296  0.53160729894145342  0.54071769701637895  0.54988135471840949
  0.56090972931394179  0.57138322989623735  0.58073251299327999  0.58934572942521735
  0.59884422438639817  0.60940071526329365  0.62038259613065827  0.63136913324674804
  0.64268407098878044  0.65449940552543961  0.66588580763762761  0.67623558785231430
  0.68595789629297754  0.69523841046111445  0.70502690900487919  0.71540266923630524
  0.72642328845245063  0.73727783131034053  0.74757800215395220  0.75706751766586244
  0.76575993347252191  0.77506130758842184  0.78551078856560574  0.79687405688690460
  0.80698779022858935  0.81653405723584249  0.82663835932499818  0.83704611016062602
  0.84886607576359796  0.86001226040422318  0.86999729424116323  0.87962800391125218
  0.89026588952602237  0.90030918609896704  0.90996992919443442  0.91832787322507303
  0.92648295329372543  0.93525548562655980  0.94436526055423575  0.95355168472664509
  0.96333249830728296  0.97327982422907500  0.98610200887079302  1.00000000000000000
  0.73513312724751079  0.74080179510611521  0.74589395505182321  0.74948586043525467
  0.75166523419008568  0.75503250726834914  0.75874945603463595  0.76077448103329448
  0.76226463275806289  0.76359364216691383  0.76507351606758411  0.76686816783523437
  0.76912078183122756  0.77244531823241624  0.77538939086297942  0.77832669389151155
  0.78110539457828465  0.78420467207189004  0.78671789339343534  0.78873280148517178
  0.79068660817880720  0.79284602473882837  0.79502806632833178  0.79720862915904878
  0.79909627322056220  0.80131265188221490  0.80390055466439925  0.80675996530892569
  0.80946502448751467  0.81194959447265247  0.81426536120554038  0.81665548064772742
  0.81908808318583415  0.82141390410525084  0.82353241516187714  0.82553769306993618
  0.82759874085757767  0.82970018988930661  0.83192037025886667  0.83427354365412831
  0.83660166605825093  0.83895540577886651  0.84115920105659414  0.84334912467349787
  0.84548082147784942  0.84762294144346884  0.84973073409900701  0.85205795393580230
  0.85456441574798059  0.85699463666038800  0.85934724081956526  0.86174846914309811
  0.86412291198768965  0.86664280618611866  0.86899559183420094  0.87139978069821766
  0.87389095652230597  0.87625500052378602  0.87878970080615926  0.88146893306798391
  0.88408707953783461  0.88671996102404604  0.88940679509583465  0.89216596763964484
  0.89505522310970964  0.89795217728762966  0.90088709622957719  0.90397204300612644
  0.90704229247191115  0.91010421588876023  0.91311267657653294  0.91608691589018254
  0.91907312124678431  0.92200381626498717  0.92491855760220287  0.92783719162834988
  0.93079532336845316  0.93383002537670734  0.93691621574716466  0.94000685297543785
  0.94301100664759008  0.94567194115228559  0.94805187347842423  0.95045348399208807
  0.95297586904985254  0.95568880770253573  0.95869419956761348  0.96198738907332582
  0.96550748242290307  0.96907695828402085  0.97278008961928630  0.97633116935084641
  0.98024932235392626  0.98472838365928372  0.99044369655710784  1.00000000000000000
 -0.01907977895859410  0.12951392446935406  0.16825262663525056  0.19045128169326742
  0.20724466612225115  0.22194664002327008  0.23491050235749955  0.24613774846501915
  0.25656734258177216  0.26759233653655101  0.27760877508330367  0.28638726856720065
  0.29403094809030156  0.30075821474883957  0.30766345201800088  0.31517559851032179
  0.32261120719404213  0.32932945376914696  0.33602641654610399  0.34237618164997730
  0.34871812786246398  0.35481403739238626  0.36053889638500813  0.36609509212109148
  0.37159832367848994  0.37726988412407014  0.38314431101083013  0.38918030932032577
  0.39516313738123715  0.40056409241347801  0.40556933921937155  0.40990519954532123
  0.41486545042272160  0.41970616624523771  0.42561533586378192  0.43097677344558627
  0.43610627710383026  0.44108696568168521  0.44626899711690515  0.45179095901385424
  0.45701566214119604  0.46185411184963665  0.46640758472931976  0.47078469396250328
  0.47531851824521665  0.47969038253716523  0.48413055451075709  0.48843751302674226
  0.49275613984479644  0.49687368950652683  0.50103968829550516  0.50540598095219713
  0.51062387577447210  0.51645605523311344  0.52229187072998950  0.52831102658493201
  0.53429260750163055  0.54033520276187763  0.54647659460804787  0.55291471801565428
  0.55949678096409083  0.56603502652448878  0.57257453534508140  0.57914637716007100
  0.58527837455713694  0.59131645674090527  0.59701408306178438  0.60320436303311897
  0.60966102104598585  0.61599946849554599  0.62217337955707885  0.62816636238344936
  0.63405148390992327  0.64008891612796992  0.64638234553572715  0.65267945502013502
  0.65900572929936652  0.66524199587979238  0.67067086613239990  0.67578827678587794
  0.68132906278621519  0.68750807086397536  0.69498380187087605  0.70392327169973068
  0.71395939272091102  0.72425458390647435  0.73521377305877600  0.74703230889313255
  0.75962974163408936  0.77252657664091751  0.78567311663391304  0.79943264924252888
  0.81426782510162721  0.83363981851509539  0.86960829242250615  1.00000000000000000
   1.5013438782599999E-007   1.7025076000000000E-002
  <DiscreteSampler_grid>
  Helicity
  1 # 1 for a reference and 2 for a running grid.
  80 # Attribute 'min_bin_probing_points' of the grid.
  1 # Attribute 'grid_mode' of the grid. 1=='default',2=='initialization'
  0.0300000000000000 # Attribute 'small_contrib_threshold' of the grid.
  0.3330000000000000 # Attribute 'damping_power' of the grid.
 # binID   n_entries weight   weight_sqr   abs_weight
    1   1599   2.475675163405767E-006   2.280316725405064E-010   2.475675163405767E-006
    4   2291   3.388748433667057E-006   1.004914261205155E-009   3.388748433667057E-006
    5   2202   3.304323478484570E-006   2.167427022537608E-009   3.304323478484570E-006
    8   1717   2.520997379705598E-006   3.435850994648719E-010   2.520997379705598E-006
    9   2325   3.438328424413791E-006   1.315706637592449E-009   3.438328424413791E-006
    12   1963   2.867818601087087E-006   4.972742084144795E-010   2.867818601087087E-006
    13   1950   2.889174033542979E-006   4.392848097998666E-010   2.889174033542979E-006
    16   1945   2.813648909517831E-006   4.884076259191619E-010   2.813648909517831E-006
  </DiscreteSampler_grid>
  <DiscreteSampler_grid>
  grouped_processes
  1 # 1 for a reference and 2 for a running grid.
  10 # Attribute 'min_bin_probing_points' of the grid.
  1 # Attribute 'grid_mode' of the grid. 1=='default',2=='initialization'
  0.0300000000000000 # Attribute 'small_contrib_threshold' of the grid.
  0.3330000000000000 # Attribute 'damping_power' of the grid.
 # binID   n_entries weight   weight_sqr   abs_weight
    10   10   6.439118408450000E+000   1.989689521200000E+002   6.439118408450000E+000
    16   10   6.438890967290000E+000   1.989234801840000E+002   6.438890967290000E+000
  </DiscreteSampler_grid>
