  0.00000470161203499  0.00000483732671294  0.00000499677561942  0.00000521806540735
  0.00000545345553036  0.00000567657357614  0.00000589304088493  0.00000614018467375
  0.00000642713572631  0.00000677171335201  0.00000715515674708  0.00000755005152674
  0.00000797456170415  0.00000847602936595  0.00000909027445077  0.00000975845151113
  0.00001043087256273  0.00001111031207578  0.00001182105187734  0.00001256578377989
  0.00001338960277744  0.00001427107554380  0.00001535034910529  0.00001643838449434
  0.00001762236494113  0.00001887666738127  0.00002034945329153  0.00002200679663893
  0.00002380657732415  0.00002570574159681  0.00002783389080047  0.00003031278845404
  0.00003300494980899  0.00003588504920068  0.00003892912239037  0.00004215273379313
  0.00004543289350084  0.00004869276325459  0.00005186623992668  0.00005522863528298
  0.00005911184063970  0.00006341515525251  0.00006819157100753  0.00007341696834423
  0.00007897590404820  0.00008527425084447  0.00009221589240496  0.00009973528629099
  0.00010730575956185  0.00011541696403638  0.00012413531299731  0.00013432732467738
  0.00014567320104507  0.00015768475264390  0.00016985982702316  0.00018279833036596
  0.00019675634526743  0.00021158556854111  0.00022601174351466  0.00024012214099993
  0.00025424511518452  0.00026938727591856  0.00028563830021345  0.00030260521815380
  0.00032054194940647  0.00034080827178826  0.00036218064977912  0.00038357531492734
  0.00040614129302594  0.00042950897030499  0.00045307419637217  0.00047761606778466
  0.00050213661566542  0.00052815497402442  0.00055318559781433  0.00057907898888760
  0.00060783335308884  0.00063877799898391  0.00067147989957225  0.00070619026848534
  0.00074332715226545  0.00078524926884005  0.00083486015068303  0.00089515523463096
  0.00096900785825777  0.00104869558953939  0.00114389329957057  0.00125169431490892
  0.00136910526444612  0.00152146123659238  0.00176238574173878  0.00221757768992674
  0.00321915026995135  0.00506333857576885  0.00585008821824347  1.00000000000000000
 -0.00005875057450586  0.00082607200057338  0.00258777866690135  0.00494219497641089
  0.00767495119624183  0.01088305491389519  0.01462532457882913  0.01874275176058684
  0.02316648793169541  0.02790516341488910  0.03273618441817747  0.03766774093167639
  0.04280303650726691  0.04834217947136774  0.05405052149777879  0.05983758132988880
  0.06569093794087126  0.07201075530729968  0.07876184594361978  0.08584412568645441
  0.09290358513094440  0.09991190636263489  0.10719260303027851  0.11491329306003281
  0.12317222282096914  0.13151793144653529  0.13989292639396214  0.14813346483915918
  0.15643787197127032  0.16532782631289883  0.17438263566172929  0.18375426040287299
  0.19348011429664652  0.20331499933822905  0.21323631365146448  0.22307901630408258
  0.23322459010110586  0.24346617436100540  0.25409507337945381  0.26515585793959129
  0.27684161154205855  0.28916167245423102  0.30161270625669395  0.31409252781944830
  0.32725650864515643  0.34120781021199798  0.35555312440111425  0.36967973374440627
  0.38369688716370409  0.39711558151679066  0.41009248051052699  0.42289754866065588
  0.43601744511237694  0.44951150913694593  0.46329797621748736  0.47718821678055823
  0.49108515843420453  0.50551405551047168  0.52007176883387130  0.53484749627146388
  0.54960194740616397  0.56435432175752143  0.57895125329669805  0.59425895503714765
  0.60998708677733282  0.62506163437703488  0.63967793166376730  0.65484160937034985
  0.67037318198093521  0.68847860449123899  0.70470051823629376  0.72083257400707657
  0.73675506671141910  0.75296670010894273  0.76793342133128684  0.78125591671140782
  0.79386666838343545  0.80605165999594286  0.81789904521689594  0.82991811578606134
  0.84054210474512725  0.85131290532452930  0.86222525014558404  0.87300345256038081
  0.88400930917907838  0.89562612604170289  0.90731622546547297  0.91890500807132525
  0.93007197623671234  0.94069435559072845  0.95100744686363947  0.96038107617066037
  0.96974629709418592  0.97917323727971628  0.98887841987685143  1.00000000000000000
 -0.00170308870405910  0.00780302037547770  0.01537683352421565  0.02362210117658998
  0.03211533989037303  0.04113858603614245  0.05089342689369816  0.06098161091478866
  0.07131484228361572  0.08240097579314203  0.09302349499725944  0.10326433807512628
  0.11315523464084049  0.12305174965502956  0.13313452055434141  0.14413210116040887
  0.15574219108679588  0.16722531568758048  0.17889413437603954  0.19011192490528189
  0.20084304097191208  0.21130405970570471  0.22304368550642997  0.23452947135319158
  0.24619002108250346  0.25773735538458403  0.26955904608038189  0.28050914532548976
  0.29144295182367097  0.30064247030253544  0.30955693441250842  0.31836557201022431
  0.32823507383843892  0.33963297556953137  0.35118285510318503  0.36153849826501200
  0.37203587230014529  0.38221029702764786  0.39328791247257894  0.40408121679871112
  0.41455388587232489  0.42491816971560370  0.43517879709284496  0.44582983760182993
  0.45694363219704892  0.46756089193576517  0.47805132655767540  0.48816087570665234
  0.49799740673819937  0.50771488366741135  0.51714505497760110  0.52647178368308056
  0.53604367020018584  0.54626971297604565  0.55703006694355484  0.56765724387664851
  0.57832494428446479  0.58900059048801057  0.59984166582282761  0.61028133944548535
  0.61991606087078899  0.62985218844172197  0.63965082605412038  0.64955200887418063
  0.66014090165836847  0.67173739199251115  0.68414404503946380  0.69657111952849304
  0.70858598623073399  0.71991760794749948  0.73086560840629577  0.74123525239126431
  0.75119422368114430  0.76074549737295172  0.76999728339236007  0.78008520553821503
  0.79091443363706970  0.80220651950214306  0.81329435436272224  0.82442249618362107
  0.83610757740493036  0.84749327185518819  0.85841227986167346  0.86839380004947520
  0.87825665526030272  0.88809417475354335  0.89824483301715263  0.90882004009338790
  0.92015774013558538  0.93162686699973341  0.94292614726578905  0.95353170635579043
  0.96466675173723992  0.97611791514367996  0.98759759192198460  1.00000000000000000
  0.02644858376363929  0.05555820523097214  0.07519511833846124  0.09048201874483128
  0.10187558488137426  0.11361952101387064  0.12500184890321325  0.13804026199914274
  0.15106034482041780  0.16350684296851206  0.17406302241953148  0.18308870727063764
  0.19238230277156343  0.20178927338161881  0.21145034038449245  0.22059691580568583
  0.22937402090932407  0.23863973055899906  0.24750236063487335  0.25618826019718199
  0.26519124719113918  0.27495906242460544  0.28486103777230304  0.29425480007033428
  0.30289752437266904  0.31119616935027117  0.31951664072408992  0.32824153969714820
  0.33709331644398882  0.34622281021372159  0.35536729950985002  0.36403000013745451
  0.37265143056978967  0.38076798842764570  0.38918508774976246  0.39821598059644964
  0.40760835313168148  0.41668994154102618  0.42519135369087507  0.43356884707892362
  0.44204048753225500  0.45052862676204691  0.45909357069612022  0.46776809805822300
  0.47643220366732086  0.48471392023257898  0.49280046825744633  0.50073949718397992
  0.50887139423902505  0.51762419119000913  0.52696700909294580  0.53610678222898245
  0.54448040089258409  0.55300584040367673  0.56139481291961346  0.56990395464308752
  0.57842315728352656  0.58659087468901905  0.59435022469330523  0.60199710848892851
  0.60952268834455048  0.61765381392827901  0.62585269913601893  0.63462925499399359
  0.64362747876487014  0.65292603768508306  0.66263030913544818  0.67180853474167135
  0.68061049289070552  0.68935675028456067  0.69776973043193791  0.70603905247803478
  0.71384128965958893  0.72145572433394844  0.72960774272767548  0.73836539306635385
  0.74713520879913775  0.75546462064357123  0.76348583844255735  0.77257060655770471
  0.78234176370240605  0.79280381249963927  0.80334733515030621  0.81390875649586836
  0.82465823533624527  0.83501961678000436  0.84491601142760253  0.85444325974727797
  0.86347686606073459  0.87380768287063670  0.88525528093530848  0.89808420900406816
  0.91343030251651647  0.92944871773167603  0.94120364351899921  1.00000000000000000
 -0.00141318260855159  0.00884728367271680  0.01832319789609300  0.02818762109212438
  0.03858363977980863  0.04984093612245093  0.06213442300017735  0.07495193905309201
  0.08639377911709224  0.09635895855819719  0.10572701739724572  0.11514281440646251
  0.12473586118049933  0.13452941350865316  0.14427390339684087  0.15456042895478209
  0.16389395838036261  0.17308427017328337  0.18253171746331115  0.19305493639255272
  0.20391919563020061  0.21551209018823150  0.22707993369027449  0.23659977692703668
  0.24580849961427323  0.25520971232401585  0.26451018772944640  0.27357586059260525
  0.28226743574771496  0.29228415034086996  0.30381259295893459  0.31559452424325563
  0.32595186574382495  0.33656927831499678  0.34737133397220937  0.35767629430332182
  0.36837878252663281  0.37826178899026081  0.38916238398508196  0.39921811000149077
  0.40939313293755880  0.41967952078740256  0.43047035079450269  0.44176542208042546
  0.45369966031529196  0.46526070422669308  0.47677834543006714  0.48845310176264195
  0.50023940628952612  0.51068685360255817  0.52120641925888611  0.53166493497720302
  0.54316549541462877  0.55520654239161671  0.56626978930414318  0.57638147652173410
  0.58561687871979895  0.59500233185349238  0.60499076302313959  0.61601544190145452
  0.62755196126195301  0.64032225511897245  0.65332891890532341  0.66603599075262343
  0.67753847375269860  0.68833223439438285  0.69798173190764001  0.70812089364328668
  0.71904356122371205  0.73110058450326598  0.74327473904503016  0.75530218363051127
  0.76725927928571969  0.77847922794681079  0.78900238358112817  0.79966048347766150
  0.81040674333766760  0.82134938323885232  0.83215247706760653  0.84277355643042950
  0.85386339037533254  0.86444829914416776  0.87499958605249906  0.88510579438001258
  0.89482039673240410  0.90422296485557474  0.91363196308279371  0.92297107138432366
  0.93223322242301254  0.94199347629101648  0.95157260194389004  0.96040336189275721
  0.96884526737575039  0.97759563162591501  0.98835772930964050  1.00000000000000000
  0.70349778063190027  0.70607172504842663  0.70738269711290214  0.70856884488492278
  0.71073148714587986  0.71304770778935589  0.71542572497531143  0.71776274351310254
  0.72017438915716803  0.72238891444388875  0.72442260153277427  0.72637838660916054
  0.72839992233111783  0.73058705129814649  0.73275461470792314  0.73468417696451505
  0.73641524881878229  0.73805408544930839  0.73976971914340428  0.74193576460566046
  0.74424550736542328  0.74634629665258467  0.74834379598663459  0.75041830077050220
  0.75254457434239264  0.75471546785379462  0.75687792703390255  0.75896807310790693
  0.76090019509014895  0.76277905370529453  0.76454687709142699  0.76620517969563517
  0.76782304458205441  0.76951939454888452  0.77147837443767264  0.77369786372903593
  0.77582602807627843  0.77783093909773338  0.77991916540002737  0.78210867471878054
  0.78433588530040066  0.78653661546883424  0.78871274354979193  0.79102771639339331
  0.79356903938226497  0.79609725716546420  0.79837470093700968  0.80059237295419428
  0.80279987405928799  0.80516848084101034  0.80751138083801632  0.80980624564200931
  0.81201565658828512  0.81421926041542669  0.81648449334303352  0.81881120029247800
  0.82124248333765437  0.82374150409806202  0.82636543690652497  0.82902955361178521
  0.83166027544736709  0.83431490084712134  0.83702653329618781  0.83980145318926824
  0.84268317379965141  0.84550383328682999  0.84829613129323533  0.85102508622836182
  0.85387650056018649  0.85685967483743586  0.85988216603494028  0.86287707281590420
  0.86598565498582658  0.86908141601362265  0.87218989970239325  0.87510476958325201
  0.87797168594280450  0.88090430377638895  0.88402560520827222  0.88743029747147817
  0.89124153550868590  0.89496627078371560  0.89883110048304649  0.90262370088191402
  0.90659623853830484  0.91046429035628273  0.91429175349280467  0.91834378871834521
  0.92298824637859778  0.92822897695903994  0.93421116460248721  0.94103997671114137
  0.94866633756642049  0.95800092571058948  0.97209454267355544  1.00000000000000000
 -0.03048627824697294  0.15256663224963765  0.20394508681893980  0.23752552058255927
  0.26328853220354798  0.28427616145223000  0.30306876922923814  0.31996627792746485
  0.33418979231502211  0.34789523773085135  0.36048625654467414  0.37328943856639901
  0.38490479825754909  0.39559350447634645  0.40544609681485172  0.41508343898639799
  0.42427712963150088  0.43325478340621287  0.44272555377893608  0.45240680976175240
  0.46139835691514608  0.46970829679446613  0.47743664060595770  0.48465584006440798
  0.49150323016645003  0.49825278130656409  0.50513935781513242  0.51209404905933864
  0.51905010325535428  0.52588196691528000  0.53277851357366646  0.53943597211746985
  0.54636147537916635  0.55307892462215602  0.55984534367625838  0.56592539164933275
  0.57200798400534947  0.57776465604847471  0.58335979006500582  0.58848871890089649
  0.59352132747538144  0.59878514846782005  0.60430193255016862  0.60996208215665959
  0.61540036876332416  0.62045157410205631  0.62548266318569257  0.63073635168959385
  0.63617714373991685  0.64175933996513423  0.64731218742383390  0.65294695509792555
  0.65857427255514767  0.66389331191352374  0.66869783985188058  0.67349314223981471
  0.67824235626234874  0.68307993938022282  0.68791602487450709  0.69270785292317127
  0.69761519671304473  0.70297782016453769  0.70816829777733181  0.71296613696571054
  0.71741813901176843  0.72175547217173031  0.72608141632362477  0.73040646614075178
  0.73479600089563801  0.73918099721987407  0.74352636689038920  0.74789688909329344
  0.75237344162120745  0.75704484592081611  0.76210191381098080  0.76692707782244263
  0.77209725989690958  0.77729887053280444  0.78273143787838551  0.78858656053528409
  0.79407154016247994  0.79972753608397640  0.80554463595707948  0.81156868998558229
  0.81802407476996986  0.82455318916712717  0.83201999103615709  0.83939088458013256
  0.84654947348560194  0.85362471409087692  0.86248629841132551  0.87391377530560366
  0.88903095828978496  0.90769689142271304  0.93319786186715004  1.00000000000000000
   2.2245908066999998E-008   5.7195616022099997E-004
  <DiscreteSampler_grid>
  Helicity
  1 # 1 for a reference and 2 for a running grid.
  80 # Attribute 'min_bin_probing_points' of the grid.
  1 # Attribute 'grid_mode' of the grid. 1=='default',2=='initialization'
  0.0300000000000000 # Attribute 'small_contrib_threshold' of the grid.
  0.3330000000000000 # Attribute 'damping_power' of the grid.
 # binID   n_entries weight   weight_sqr   abs_weight
    1   2873   2.944625997740702E-007   5.021975867184027E-012   2.944625997740702E-007
    4   6163   5.507875696925283E-007   1.261954687036603E-011   5.507875696925283E-007
    13   5396   5.091694002456773E-007   8.974553221434192E-012   5.091694002456773E-007
    16   1560   1.861056920133062E-007   5.073462487043772E-013   1.861056920133062E-007
  </DiscreteSampler_grid>
  <DiscreteSampler_grid>
  grouped_processes
  1 # 1 for a reference and 2 for a running grid.
  10 # Attribute 'min_bin_probing_points' of the grid.
  1 # Attribute 'grid_mode' of the grid. 1=='default',2=='initialization'
  0.0300000000000000 # Attribute 'small_contrib_threshold' of the grid.
  0.3330000000000000 # Attribute 'damping_power' of the grid.
 # binID   n_entries weight   weight_sqr   abs_weight
    41   10   2.889515823010000E+000   1.264762438550000E+001   2.889515823010000E+000
    40   10   2.889515823010000E+000   1.264762438550000E+001   2.889515823010000E+000
    31   10   2.783912885460000E+000   1.169437403730000E+001   2.783912885460000E+000
    32   10   2.783912885460000E+000   1.169437403730000E+001   2.783912885460000E+000
  </DiscreteSampler_grid>
