     
 Soft #          82
 ME*wgt:
   1.0050710432579413        1.6733845150081678E-016   1.6649415245154075E-016
   1.0000073042527255        1.6649536856690759E-016   1.6649415245154075E-016
  0.99999617942890484        1.6649351634879438E-016   1.6649415245154075E-016
  0.99999974040569239        1.6649410923060652E-016   1.6649415245154075E-016
  0.99999842465205935        1.6649389016532055E-016   1.6649415245154075E-016
  0.99999424884954791        1.6649319491862060E-016   1.6649415245154075E-016
  0.99980854925699703        1.6646227702234825E-016   1.6649415245154075E-016
   1.0007283897473040        1.6661542508517252E-016   1.6649415245154075E-016
   1.0000000004999947        1.6649415253478695E-016   1.6649415245154075E-016
   1.0000000000499996        1.6649415245986538E-016   1.6649415245154075E-016
 wgt:
   1.1111111111111116        4.6864327095119122E-005   4.2177894385607194E-005
   1.0101010101010099        4.2603933722835546E-005   4.2177894385607194E-005
   1.0010010010010009        4.2220114500107298E-005   4.2177894385607194E-005
   1.0001000100010000        4.2182112596866879E-005   4.2177894385607194E-005
   1.0000100001000010        4.2178316168768882E-005   4.2177894385607194E-005
   1.0000010000010000        4.2177936563543759E-005   4.2177894385607194E-005
   1.0000001000000101        4.2177898603397055E-005   4.2177894385607194E-005
   1.0000000100000004        4.2177894807386152E-005   4.2177894385607194E-005
   1.0000000010000001        4.2177894427785091E-005   4.2177894385607194E-005
   1.0000000000999998        4.2177894389824978E-005   4.2177894385607194E-005
     
 Soft #          93
 ME*wgt:
   1.0049589951682789        2.0969389469486089E-016   2.0865915495362866E-016
   1.0000002582068350        2.0865920883084865E-016   2.0865915495362866E-016
  0.99999554316596329        2.0865822499440480E-016   2.0865915495362866E-016
  0.99999946167865317        2.0865904262795134E-016   2.0865915495362866E-016
   1.0000003156718957        2.0865922082145966E-016   2.0865915495362866E-016
   1.0000065707260064        2.0866052599576460E-016   2.0865915495362866E-016
   1.0001663843901827        2.0869387257988165E-016   2.0865915495362866E-016
   1.0047615239215737        2.0965269051139572E-016   2.0865915495362866E-016
   1.0000000004999947        2.0865915505795712E-016   2.0865915495362866E-016
   1.0000000000499993        2.0865915496406150E-016   2.0865915495362866E-016
 wgt:
   1.1111111111111112        2.4406931191436310E-004   2.1966238072292679E-004
   1.0101010101010102        2.2188119264942099E-004   2.1966238072292679E-004
   1.0010010010010009        2.1988226298591266E-004   2.1966238072292679E-004
   1.0001000100010002        2.1968434915784260E-004   2.1966238072292679E-004
   1.0000100001000010        2.1966457736870046E-004   2.1966238072292679E-004
   1.0000010000010000        2.1966260038552718E-004   2.1966238072292679E-004
   1.0000001000000098        2.1966240268916700E-004   2.1966238072292679E-004
   1.0000000100000002        2.1966238291955064E-004   2.1966238072292679E-004
   1.0000000009999999        2.1966238094258913E-004   2.1966238072292679E-004
   1.0000000001000000        2.1966238074489302E-004   2.1966238072292679E-004
     
 Collinear #          66
 ME*wgt:
   1.0271379111191701        1.5708545319038798E-014   1.5293511366864803E-014
   1.0015449073591021        1.5317138425121984E-014   1.5293511366864803E-014
  0.99980917307108974        1.5290592953058410E-014   1.5293511366864803E-014
  0.99987188540672078        1.5291552044876226E-014   1.5293511366864803E-014
  0.99995193655362136        1.5292776308001280E-014   1.5293511366864803E-014
  0.99998686952023308        1.5293310555723235E-014   1.5293511366864803E-014
  0.99997603998959983        1.5293144934173397E-014   1.5293511366864803E-014
  0.99919859602362204        1.5281255086042615E-014   1.5293511366864803E-014
   1.0000000003103644        1.5293511371611363E-014   1.5293511366864803E-014
   1.0000000000284988        1.5293511367300648E-014   1.5293511366864803E-014
 wgt:
   1.0673890708027711        3.2766361455246221E-004   3.0697673745715809E-004
   1.0064473842604047        3.0895593444254973E-004   3.0697673745715809E-004
   1.0006419463291776        3.0717380004691164E-004   3.0697673745715809E-004
   1.0000641668316723        3.0699643518179780E-004   3.0697673745715809E-004
   1.0000064163951798        3.0697870714121664E-004   3.0697673745715809E-004
   1.0000006416410490        3.0697693442603393E-004   3.0697673745715809E-004
   1.0000000641615128        3.0697675715324997E-004   3.0697673745715809E-004
   1.0000000064059444        3.0697673942363401E-004   3.0697673745715809E-004
   1.0000000006304028        3.0697673765067707E-004   3.0697673745715809E-004
   1.0000000000605074        3.0697673747573243E-004   3.0697673745715809E-004
     
 Collinear #          95
 ME*wgt:
   1.1264675054882760        1.6835871972356581E-016   1.4945723591963661E-016
   1.0067075041005409        1.5045972094242307E-016   1.4945723591963661E-016
   1.0003497508216630        1.4950950871070300E-016   1.4945723591963661E-016
  0.99995360070682460        1.4945030120952999E-016   1.4945723591963661E-016
  0.99997011728469531        1.4945276973160540E-016   1.4945723591963661E-016
  0.99998904907916342        1.4945559922527760E-016   1.4945723591963661E-016
  0.99999635531580411        1.4945669119521089E-016   1.4945723591963661E-016
  0.99999770735403792        1.4945689326710817E-016   1.4945723591963661E-016
   1.0000000004452350        1.4945723598618018E-016   1.4945723591963661E-016
   1.0000000000445222        1.4945723592629078E-016   1.4945723591963661E-016
 wgt:
   1.0019808496468432       0.12267089070086440       0.12242837849056777     
   1.0001895249225301       0.12245158171951669       0.12242837849056777     
   1.0000188709137212       0.12243068882593529       0.12242837849056777     
   1.0000018862794195       0.12242860942469849       0.12242837849056777     
   1.0000001886198262       0.12242840158298725       0.12242837849056777     
   1.0000000188619014       0.12242838079979979       0.12242837849056777     
   1.0000000018861894       0.12242837872149087       0.12242837849056777     
   1.0000000001886191       0.12242837851366009       0.12242837849056777     
   1.0000000000188620       0.12242837849287701       0.12242837849056777     
   1.0000000000018863       0.12242837849079871       0.12242837849056777     
