  0.00000456670272622  0.00000475010627559  0.00000488159583481  0.00000502931303077
  0.00000522227805767  0.00000544440945636  0.00000568580988128  0.00000595348954862
  0.00000625271254865  0.00000656379109811  0.00000690537499896  0.00000731221693780
  0.00000773616182085  0.00000818822269673  0.00000871496029308  0.00000934155750155
  0.00001000587231606  0.00001072118636949  0.00001150064871112  0.00001234967229422
  0.00001322028108950  0.00001413232081660  0.00001518022977854  0.00001636730891983
  0.00001771263787466  0.00001925126234792  0.00002095803589124  0.00002283128868128
  0.00002478317274207  0.00002683872598891  0.00002912660651549  0.00003174674080581
  0.00003457497045214  0.00003757392369196  0.00004077575800823  0.00004405160883022
  0.00004729101225412  0.00005050051400061  0.00005367903769881  0.00005722022251767
  0.00006126342151407  0.00006587236541962  0.00007102389986633  0.00007651900376553
  0.00008237307521026  0.00008895223164470  0.00009648123395607  0.00010468673280239
  0.00011332576260395  0.00012242865326982  0.00013221064037220  0.00014299530376456
  0.00015416406932600  0.00016544697219765  0.00017693104444599  0.00018881937315897
  0.00020186569060269  0.00021590099723571  0.00023015702638714  0.00024480112427948
  0.00026033468701221  0.00027686470794527  0.00029421401766789  0.00031149689635126
  0.00032945889937391  0.00035041424313312  0.00037008923389645  0.00039169081629268
  0.00041485819701127  0.00044108308512711  0.00046885787969307  0.00049633828094679
  0.00052565057984247  0.00055563549078722  0.00058427163125335  0.00061248356555196
  0.00064089099693811  0.00067070910395108  0.00070190013399478  0.00073455556695144
  0.00076970053656243  0.00080985212346801  0.00086108465870085  0.00092601047038230
  0.00099902056094708  0.00108226579239264  0.00118419405639610  0.00131269096964766
  0.00148872296834625  0.00172204604656604  0.00200266485436440  0.00235385676167939
  0.00289413295411943  0.00439117078563370  0.00506333857576444  1.00000000000000000
 -0.00006024921402190  0.00078592368763822  0.00241267345466038  0.00457786673593894
  0.00732473703945705  0.01057560926749935  0.01424919757469647  0.01818665610488972
  0.02249059429979575  0.02726469644876869  0.03239972578974584  0.03752305825778756
  0.04278489130559921  0.04837895174364310  0.05419475851943110  0.05986044039068612
  0.06555561787555117  0.07181934607703921  0.07839242399374176  0.08499403895345850
  0.09154095487423089  0.09823834524597860  0.10508415603935191  0.11246532861362644
  0.12020697877260045  0.12830058088512386  0.13633756144802592  0.14466885262729964
  0.15319931611772825  0.16204804357356078  0.17112675985096540  0.18043870050627164
  0.18998709416931159  0.19966633011078760  0.20941794452775842  0.21936913020998924
  0.22959366746859808  0.23994498263959119  0.25050466860684240  0.26138535069014618
  0.27254672896961896  0.28389644947268294  0.29558998432231148  0.30765912335606810
  0.31996513108685454  0.33257859300159009  0.34532486994311284  0.35869928941746654
  0.37219913789902775  0.38581951175888007  0.39926589480855379  0.41323171888683097
  0.42757797295545735  0.44216122384850409  0.45632298356309248  0.46991592712761648
  0.48350519133458691  0.49713699699711494  0.51145107066838125  0.52635367996567195
  0.54162672493514330  0.55732874935233234  0.57313745865634735  0.58918523172449688
  0.60630441713554017  0.62334832561579223  0.63969712264304512  0.65508262876052781
  0.67026122776238661  0.68553412449235129  0.70016193315219566  0.71477594214232443
  0.72909905326555113  0.74299636946259762  0.75675044625650600  0.76965822983709375
  0.78251673657757548  0.79545627185744783  0.80847676561716020  0.82119589916997193
  0.83323741047346667  0.84475013648736097  0.85579575049361389  0.86702117861307570
  0.87830056516570654  0.88982984329129422  0.90171094629818327  0.91349360580643335
  0.92557530924998610  0.93725094417433297  0.94890788984038232  0.95955024438375947
  0.96956954874932721  0.97949097009570329  0.98966113115064547  1.00000000000000000
 -0.00178712294503276  0.01020839546659691  0.01929364527142359  0.02819152726467169
  0.03715174349937516  0.04678956782786776  0.05665137649965514  0.06645253625041257
  0.07608979171389019  0.08558835547772627  0.09523236871684321  0.10535521475413127
  0.11581425275310606  0.12634504775060523  0.13727255831649249  0.14853916401409473
  0.15982104745746889  0.17022842468791563  0.18078387814465580  0.19146323682332084
  0.20185678891714240  0.21238955315194938  0.22419231598057707  0.23559431772613892
  0.24785989056148411  0.26044757931969170  0.27267029607310972  0.28281848076684568
  0.29288106769299965  0.30219730596882594  0.31172514713685606  0.32103286355691224
  0.33097346225240648  0.34252811095402491  0.35307372309677970  0.36351635313887304
  0.37414561485117043  0.38407454812429148  0.39469486461543973  0.40431269220228988
  0.41456547118515003  0.42517715679670309  0.43521736891174356  0.44559256051233193
  0.45630148614053961  0.46759293134014701  0.47884045599734415  0.48920129444472821
  0.49915456757677229  0.50913606103407283  0.51904782719182119  0.52867625205410174
  0.53835606041223794  0.54830985761604834  0.55839768465663409  0.56843284294921625
  0.57886932802539293  0.58903847212630867  0.59866796833869473  0.60809456524046046
  0.61752314580172785  0.62778609164625110  0.63821364929460112  0.64839105976724942
  0.65907980347761053  0.67004587149788541  0.68113091087947963  0.69242133747901691
  0.70371850430020833  0.71480929049216635  0.72589287203359232  0.73727729771230532
  0.74850868019506689  0.75927293970783449  0.76923107069830243  0.77939010569891121
  0.78912949722618964  0.79917853728775545  0.80930268798642624  0.81966164613927406
  0.83040505038387602  0.84172177600147347  0.85353202547642582  0.86514939059330687
  0.87522037952467757  0.88526135536271511  0.89553289987575357  0.90611652708928925
  0.91709674834323163  0.92916239818728430  0.94157840562170492  0.95379347801520653
  0.96527642759321675  0.97636705133507906  0.98741928753731634  1.00000000000000000
  0.03859567883624502  0.04733714970693223  0.05763689399264378  0.07067274747885155
  0.08283284246097364  0.09483474252005589  0.10702401500013523  0.11812865080751149
  0.12960950267670698  0.14212883263882317  0.15561420345473934  0.16817070436430304
  0.17907317582390589  0.18991084226841359  0.19943306578796291  0.20880495657741777
  0.21744100257176047  0.22676063186485887  0.23721188628675235  0.24788676658669223
  0.25844054890169971  0.26826198295616960  0.27731117969411978  0.28656453548718630
  0.29580643197662709  0.30537743195667594  0.31463217514348818  0.32460235480172528
  0.33411357930298774  0.34271738244903771  0.35135532829391636  0.35916577321295567
  0.36695129319328934  0.37484603790233989  0.38321368428390973  0.39244134970214706
  0.40224847679650017  0.41145771972556200  0.42017559966657658  0.42853715519070984
  0.43710828410253644  0.44567791006575697  0.45416998936518299  0.46243193112284781
  0.47060054927067818  0.47899298429816189  0.48768000551213070  0.49666740127696718
  0.50523526358931059  0.51382344276268566  0.52257267563203991  0.53108365040919825
  0.53920351121216470  0.54709477670999629  0.55507036723992331  0.56342114786194697
  0.57213271006562882  0.58154086755866330  0.59041172458978730  0.59925923977015350
  0.60775213474247658  0.61675603029085935  0.62610104708111669  0.63551725440255935
  0.64455102386265140  0.65355899323468436  0.66295409326631904  0.67201393257673880
  0.68091470085946504  0.68981557272493121  0.69838798180210127  0.70676898842846858
  0.71511906432719152  0.72354215340610417  0.73219263584576477  0.74100579792337484
  0.74934444256144039  0.75841235302905718  0.76804854239163722  0.77929147643788499
  0.79054381763704618  0.80221870334981071  0.81434559984973443  0.82659770170243896
  0.83852173964128474  0.84993932158892371  0.86092360809959756  0.87121361983906165
  0.88183858715248209  0.89302101843707160  0.90772343369810238  0.92519799453749785
  0.94654080715698352  0.96810651195386732  0.97250110307561477  1.00000000000000000
 -0.00243047817746485  0.01029832007395059  0.02147601470823582  0.03250010964310276
  0.04441992291633992  0.05584593758669361  0.06694703262975572  0.07825241497441507
  0.08941845948408648  0.10005278260778899  0.10973706866232491  0.11890744374485412
  0.12811981192566674  0.13792884566503119  0.14738896550965833  0.15763714577793608
  0.16719232619949817  0.17721366965024021  0.18739949826481028  0.19829448886806106
  0.20909149861767884  0.22023859440551644  0.23079264173892350  0.23954168705339215
  0.24879955195721623  0.25826340985423196  0.26774581055889235  0.27687174851715940
  0.28596624376776175  0.29626376237383634  0.30768150723063120  0.31908676603182734
  0.33022591971910653  0.34135273281044354  0.35187532006841460  0.36202588665346641
  0.37226139555993965  0.38270144206270268  0.39354621533117384  0.40433983345779256
  0.41520600044914158  0.42620273860012770  0.43716954458012630  0.44828303440470002
  0.45936859708363997  0.47060217576563645  0.48242620818873050  0.49454526604214744
  0.50604378379206494  0.51715206540760206  0.52843897498515280  0.54008459624635430
  0.55167341107850010  0.56279130732113136  0.57236423224564825  0.58192909827324324
  0.59090634381257923  0.60082313891314343  0.61129953023513284  0.62197336800590219
  0.63247258169584941  0.64366011965258196  0.65552031273777689  0.66693864166127081
  0.67802454168918247  0.68848018328240390  0.69899640194318824  0.70962259948644701
  0.72065810311281076  0.73223083776259090  0.74416648715150469  0.75607861854355563
  0.76725998988426569  0.77819041170757586  0.78927894484932659  0.80097582179267124
  0.81315597823098207  0.82459504883119583  0.83559512094819355  0.84589324545570777
  0.85588936610782240  0.86506377489432129  0.87409866981733109  0.88292370375382356
  0.89187850575588090  0.90085677315812895  0.91034963370451627  0.91992244680916735
  0.92911913050607275  0.93866506056628252  0.94926620300144549  0.95999455647552068
  0.96997479556784061  0.97935094571041859  0.98962475850896603  1.00000000000000000
  0.70552789889329093  0.70668759846006690  0.70777327030290904  0.70943674703495674
  0.71184464278688975  0.71401532053280292  0.71611339246237027  0.71823886297551931
  0.72025657614140026  0.72211717869729031  0.72389850595021821  0.72566163878345269
  0.72744622546898774  0.72942246773440722  0.73163666665777105  0.73378475961542444
  0.73592655955894881  0.73800022110264230  0.73997626939255212  0.74189393592741482
  0.74377731227778165  0.74562956591435570  0.74754462703649649  0.74942339162951488
  0.75146096542773100  0.75370952195214291  0.75614684309437863  0.75839698446401904
  0.76049476657107506  0.76254586204081465  0.76461817834507084  0.76664022325187153
  0.76856551552431218  0.77047691984745059  0.77256825156664433  0.77480396733632384
  0.77691892416162012  0.77904142094908269  0.78123400787105501  0.78351508240457324
  0.78594205248611970  0.78820985616803574  0.79045061522729887  0.79268799005560708
  0.79500655826473621  0.79733038207037032  0.79962542172778439  0.80194701171614013
  0.80431334319976600  0.80677816031847216  0.80916685794209786  0.81147935644616687
  0.81377732961784688  0.81608328589674684  0.81841677758052722  0.82071535593404721
  0.82311130346973527  0.82561098311928016  0.82828480437974272  0.83078885709700656
  0.83324218397114058  0.83578338698000010  0.83853765454197970  0.84150208917121694
  0.84447068449105067  0.84744887445089534  0.85034950560217537  0.85324527414217155
  0.85625533551512889  0.85917141891753590  0.86199958746558591  0.86482001702860123
  0.86771676355032545  0.87079928247274552  0.87388482508855470  0.87683577830058512
  0.87973862734868125  0.88258375900431973  0.88544409596391416  0.88855223376141890
  0.89207224788785922  0.89573751023871151  0.89987241105736848  0.90406165458057131
  0.90828084601536774  0.91234802957373273  0.91642446152973156  0.92085996622437294
  0.92584014332938502  0.93134906594060696  0.93743513076652929  0.94409101800753992
  0.95136937266424426  0.96049490749976629  0.97392539004815426  1.00000000000000000
 -0.01832269022868534  0.16020449339188053  0.21169629252345973  0.24298578122493564
  0.26609204744516829  0.28529433129670190  0.30256238450072287  0.31803013166980465
  0.33203077332962427  0.34507656589846253  0.35757805957394345  0.36909561964638005
  0.37957020012622544  0.38899897074445045  0.39842231372816445  0.40827297461175704
  0.41829311190051260  0.42784704884322750  0.43690957081493531  0.44652508674779307
  0.45559070236129812  0.46445608381008974  0.47279910119278418  0.48051982133024662
  0.48790689475126925  0.49454444404759224  0.50123351043925646  0.50800201863898442
  0.51508587995441912  0.52218077085108239  0.52899662057972541  0.53560320167044151
  0.54225848888229411  0.54900184910798555  0.55572287427157063  0.56245290490245203
  0.56878258722825681  0.57452008864598847  0.57984939613347952  0.58533594632609398
  0.59116192845598059  0.59693547851568796  0.60236811132616397  0.60769724566597672
  0.61287519909238353  0.61825458800735211  0.62333769905078684  0.62884067825177958
  0.63420211411116145  0.63990687451838202  0.64558724168131454  0.65118245368745808
  0.65667567386139825  0.66190387479222357  0.66714903261475300  0.67258162835279212
  0.67802107872821360  0.68348855431748690  0.68878445470319605  0.69400895097668536
  0.69923228757308298  0.70424409134321186  0.70888363338257210  0.71320241094699666
  0.71755162172795606  0.72211477252585421  0.72673247988326084  0.73102393805346333
  0.73541347137231527  0.73999408139746836  0.74466070536259599  0.74945684164132775
  0.75421153299602883  0.75908255329384533  0.76410336752411090  0.76920239866231244
  0.77428053953356446  0.77917559719913110  0.78426674761320769  0.78950969128239123
  0.79472673193087140  0.80036901299669072  0.80664636351783747  0.81350023503699120
  0.82014617731980954  0.82670145064810807  0.83357311993382277  0.84031174911342077
  0.84718229755044505  0.85484356118544214  0.86451028344347125  0.87630794094074660
  0.89064031942441269  0.90825282045486699  0.93290890266116300  1.00000000000000000
   2.2245908066999998E-008   5.7195616022099997E-004
  <DiscreteSampler_grid>
  Helicity
  1 # 1 for a reference and 2 for a running grid.
  80 # Attribute 'min_bin_probing_points' of the grid.
  1 # Attribute 'grid_mode' of the grid. 1=='default',2=='initialization'
  0.0300000000000000 # Attribute 'small_contrib_threshold' of the grid.
  0.3330000000000000 # Attribute 'damping_power' of the grid.
 # binID   n_entries weight   weight_sqr   abs_weight
    1   2850   2.955211616104719E-007   5.062158070520955E-012   2.955211616104719E-007
    4   6168   5.503133557279510E-007   1.260932988383148E-011   5.503133557279510E-007
    13   5430   5.067238260760474E-007   8.918523304613184E-012   5.067238260760474E-007
    16   1544   1.867663180792499E-007   5.124289001245601E-013   1.867663180792499E-007
  </DiscreteSampler_grid>
  <DiscreteSampler_grid>
  grouped_processes
  1 # 1 for a reference and 2 for a running grid.
  10 # Attribute 'min_bin_probing_points' of the grid.
  1 # Attribute 'grid_mode' of the grid. 1=='default',2=='initialization'
  0.0300000000000000 # Attribute 'small_contrib_threshold' of the grid.
  0.3330000000000000 # Attribute 'damping_power' of the grid.
 # binID   n_entries weight   weight_sqr   abs_weight
    41   10   2.889515823010000E+000   1.264762438550000E+001   2.889515823010000E+000
    40   10   2.889515823010000E+000   1.264762438550000E+001   2.889515823010000E+000
    31   10   2.783912885460000E+000   1.169437403730000E+001   2.783912885460000E+000
    32   10   2.783912885460000E+000   1.169437403730000E+001   2.783912885460000E+000
  </DiscreteSampler_grid>
