   0.0000000000000000        0.0000000000000000        0.0000000000000000        0.0000000000000000        0.0000000000000000        0.0000000000000000        0.0000000000000000        0.0000000000000000        0.0000000000000000        0.0000000000000000     
   5.7609866677300704E-002   1.6533083707805245E-002   1.6533094102148312E-002   3.0570626381363759E-003   1.4485719291916277E-002  0.25290741240518710       0.11750856997359285        6.2154759050078834E-002   2.1324798051951203E-002   1.1923554240388767E-002
  0.69640106062904872       0.87055524343273494       0.77647937246649934        2.2190154684948680       0.76337375939475538       0.72005721608463613       0.64976516490812697       0.67605842409503591        1.0478573533436217       0.82802235224067566     
  0.10468655676499580        3.3082912105428991E-002   3.2908250373149595E-002   6.0656416269517163E-003   2.8958218240107671E-002  0.37885444247039335       0.19086676957157017       0.11371975449798169        4.1552553028901325E-002   2.3886994396100831E-002
  0.80239366603550244       0.81685185765848500       0.94823397627194317        1.7363218735846071       0.77140260842620323        1.2944452511621194       0.95358472623045731       0.88443311543589620        1.0999477162670812       0.82869378379907155     
  0.13942625308052958        4.9721009905528961E-002   5.0750979382526033E-002   9.0482129474553589E-003   4.4763258968553515E-002  0.43682749087539968       0.22034839044330787       0.15035711842451360        5.8602545913687555E-002   3.7433499349652698E-002
  0.82308177441108210       0.99818495633236026       0.81754836979973300        1.7073710513711986       0.93055827288855963        1.0888305544054837       0.84288846111207161       0.78915059416208833        1.3422697543971143        1.0343328110937673     
  0.16956489720700851        6.6058662080514641E-002   6.8463834187778516E-002   1.2029117770692509E-002   6.1276954225636657E-002  0.46520923429833383       0.24539416338441650       0.17996419082060627        7.4930050376556881E-002   5.1164802873267606E-002
  0.75750553165095935       0.86947934755832268        1.0083582768303807        1.2445700049808857       0.87612833758418607       0.84991738960269403       0.96241210653905340       0.82355315131338891        1.1459712565839077       0.94012481412816928     
  0.19606066917728746        8.0402419629953994E-002   8.4465403742606388E-002   1.5056495421626116E-002   7.7045372001612586E-002  0.48943431022968664       0.26281744560283166       0.20228130596640503        9.0391508868781709E-002   6.5050028279122388E-002
  0.74260607810888446       0.98978112222080794       0.86102727268231005        1.0771652755991987       0.75897133036411912       0.79317750780465901       0.79669698088084806       0.92574483114673256        1.0488565141770652       0.79022070224634988     
  0.22065946348167401        9.5013974046505065E-002  0.10067985044032988        1.8415348485862355E-002   9.2691426198390173E-002  0.50789869054420467       0.27939082309199997       0.22177833078642489       0.10526240571539656        7.8984618256180028E-002
  0.90231892277450576       0.78202451254535477       0.92249483141098931       0.88698712154992831       0.92022888550800330       0.83668327806706833       0.90354666744804280       0.91163109349676585        1.3345405739437317       0.81551339228595587     
  0.24373969253658639       0.11001967342210410       0.11580997714437666        2.1785628903795221E-002  0.10867033650037146       0.52608624981494490       0.29334457906974876       0.23883798596024261       0.11999368708810683        9.2559036554559715E-002
  0.84565913074965171       0.85909042136435554       0.73073205074168057       0.96429810051535325       0.88869882868317518        1.0234681950351783       0.72556891843199200       0.89672711677015149       0.98800495500587271       0.89204478230812978     
  0.26461406576020235       0.12542863883520539       0.13135683112146129        2.5492006012627747E-002  0.12448479596328489       0.54382958075280285       0.30593802378958629       0.25512116335203994       0.13499937858066899       0.10689976370091218     
  0.73507665853885906       0.86610916508412361       0.80241066721203225       0.90837347759256126       0.77060950053835509       0.83460400343352481       0.76025328718294738        1.1762372275262765        1.0384012885111686       0.81400490891250277     
  0.28454923342052846       0.13988803950584519       0.14525565844680477        2.9403993685369063E-002  0.14096932310813381       0.56171769667739668       0.31671540328174441       0.26780836612667053       0.14906279657398627       0.12271502308361251     
  0.72369466523436554       0.81630469673642592       0.83674257440049649        1.1775451362892650       0.71593177535553887       0.83377736180846107       0.68448914084098400       0.74272030906641862       0.94323038606635468       0.87228927711528459     
  0.30299056236695909       0.15446301739856236       0.15891273992522004        3.3587014245624797E-002  0.15790430537707323       0.57403738483705213       0.32721026874067088       0.28091823273306810       0.16343882007851313       0.13826926300829273     
  0.81068113116256002       0.83093909556622725       0.71344858707594883       0.84364803042558234       0.80195902203809277       0.75358797321525539       0.87313493242848061       0.79941254002567985       0.80019735702044004       0.80905463137682254     
  0.32076803252444819       0.16881952414280180       0.17358057306289459        3.8010224988628813E-002  0.17396024554699019       0.58647660254519396       0.33753695330626377       0.29397530151506657       0.17807668429433590       0.15392612208009196     
  0.79161356587546716       0.73419187017285348       0.86226793365530063       0.80951273209925367       0.91337004823266887       0.84208343195249413       0.68555348951390793        1.0143372610381591       0.88888994426447465       0.69551856926201960     
  0.33791631473316669       0.18218841185762741       0.18803239588374915        4.2629631565558497E-002  0.18882905512913181       0.59804677722780375       0.34795538379946728       0.30695477626805390       0.19234718541478868       0.16919399582400946     
  0.83281137869121236       0.81830541850132621       0.70024513607669581       0.94761156922388201       0.73060909580239164       0.78564423101693437       0.71531400644085508       0.94752581818654091       0.94445952982819792       0.77484632915623486     
  0.35508402745554568       0.19478773231176771       0.20431906307640904        4.7521612725228569E-002  0.20383021633642950       0.60944393035506728       0.35876182206883489       0.31928046970469337       0.20486687868465184       0.18530927055863811     
  0.77091403583341256       0.80027038555350993       0.87472328571162838       0.95278668789748377       0.72048763045857334       0.77619490545846193       0.82130844768666478       0.87360497164504114       0.69904304114167326       0.74083499452207291     
  0.37229435497626412       0.20722278600397515       0.21990147558404002        5.2754940573943428E-002  0.21913292777034971       0.61964754315932780       0.36932004453321748       0.33137102888210535       0.21760164932111589       0.20113741134438731     
  0.85514191928966765       0.85437896860897455       0.90345676782595674       0.86301998331433738       0.80021041754625211       0.74023109033008361       0.79010323776546931       0.81384728538631712       0.77311067055108862       0.78955726684977845     
  0.38924620930634396       0.22109493773179148       0.23472579319664155        5.8476040314014731E-002  0.23457458415108884       0.62972940297968283       0.37933350969555563       0.34334372205786529       0.23093363708459366       0.21858075297439294     
  0.93922032380991216       0.83502237602221197       0.76428504762420424       0.90281722550913279        1.0042203184413254       0.91511225853325062       0.84549644170609406       0.89980260000322021       0.85921971123769136       0.85198668038769709     
  0.40497501556222187       0.23501466982374683       0.24952404670449854        6.4445244825294914E-002  0.24996889787599080       0.63978787120871938       0.38872043518564275       0.35520331224802715       0.24471830495959071       0.23620389834189151     
  0.79721043382696588       0.90844216405103340       0.73382859206412188       0.87469269536446226       0.92266883079112227       0.81039464617376156       0.81094016384741063       0.82448108568389566       0.79761463840009661       0.79884829352301279     
  0.42011548824666289       0.24944111975327751       0.26475510417154385        7.1013995269770994E-002  0.26561831398565222       0.64996731289501986       0.39769409785776882       0.36673994486660338       0.25960538868866045       0.25297274537660863     
  0.83117022298422094       0.89256814038639209       0.83758490215963366       0.85493938127280800       0.81469155518997827       0.88077715545465207       0.99285700414968669       0.85092883810079889       0.89544939578204352       0.80108552482972428     
  0.43454841493806995       0.26373978097273015       0.28000543269495204        7.7579820807329627E-002  0.28146255054004266       0.65835556694727182       0.40652557854283056       0.37853189762815886       0.27401111486400842       0.27020355536664592     
  0.82222819045242457       0.83087796731969199       0.84077188762722865       0.75411497498318958       0.82792483789493243       0.85188411759622451       0.81579712537789950       0.91696800846491922        1.0125359366733655       0.83169994833240868     
  0.44873243467648699       0.27758398290015779       0.29638466428998306        8.4624360216359967E-002  0.29724709850563280       0.66668986594133173       0.41486956155147575       0.39072341399168325       0.28775616954330868       0.28720525070251790     
  0.67124354090890492       0.82610513708530986        1.0681564896991458       0.82479518002878649       0.78764763233174362       0.80621566955535717       0.73617307383604191       0.77672920000069046       0.89743556936617541       0.80606242459539590     
  0.46277919572179405       0.29105919497061711       0.31331508529319496        9.1861623565033398E-002  0.31311567270995871       0.67437464808510261       0.42301147182342985       0.40292257591401093       0.30194996490536213       0.30443732550955938     
  0.96454804352091761       0.75426859366858678       0.93193706281535793       0.79968238879068498       0.87735121030243080       0.74224312371983969       0.86631196545302147       0.79800940114133811       0.81478131918081431       0.77662091633765173     
  0.47633274640916534       0.30512718979099668       0.32910735764512311        9.9632843030385443E-002  0.32804807693305610       0.68222285618817979       0.43090699060789178       0.41511684821353451       0.31633439826372062       0.32106225715610776     
  0.83886343270217167       0.89514025021716170       0.87450315582773352       0.75566834938575900       0.82707059523886117       0.78906777127972993       0.85312656802083853       0.85640485789676235       0.79077613720967543       0.88544460714860052     
  0.48999696812565202       0.31945840917244567       0.34447965303446421       0.10748941825772075       0.34205481856421616       0.68986641415700733       0.43880128356137665       0.42736254196360690       0.33075850195854745       0.33771593938495564     
  0.80974567298743005       0.85240798960768560       0.89496749729990688       0.87593242448527486       0.99572321628458027       0.78681396800280645       0.75129115579708983       0.82887553689169069       0.80496628559368322       0.83165401848047171     
  0.50375103604794924       0.33366311598730924       0.36060350219064968       0.11636919287534411       0.35646041745736667       0.69730842288348671       0.44668745504605578       0.43915542178325118       0.34509896865225259       0.35406388082465234     
  0.84122689488086799       0.86612619573136629       0.87968542619214674       0.70804609552152609       0.80901527070930668       0.73432038754047402       0.97548898674948026       0.81498862006541095       0.80424087884492645       0.74401854484363994     
  0.51749168173771132       0.34789568065769827       0.37704944198437373       0.12532555437719475       0.37093723308638116       0.70443131036928008       0.45449802288349345       0.45103657203892972       0.35995403531820719       0.37088972443473217     
  0.73504486323533114       0.76514247106319533        1.0509862785418660       0.66404298540644713       0.89482160000913891       0.83239140398605649       0.83944498532928169       0.78841991518069454       0.82794464706734450       0.85346201016955792     
  0.53119481198626783       0.36119100854841041       0.39336989086752788       0.13498906208265427       0.38591756568631247       0.71157356586130571       0.46211993085998637       0.46359690964524691       0.37506474345932511       0.38766791219096031     
  0.86232880657266064       0.90835937338832573       0.92595463858583182       0.78691301292317295       0.87640979343410774       0.80750838684447424       0.77222671090119632       0.89511126473040514       0.99349130155865817       0.86587914522438503     
  0.54485468116261160       0.37445111284331550       0.40987569996180623       0.14479573226879650       0.40135136496960500       0.71846439245977312       0.46966772677847124       0.47621261210377291       0.39053625475069792       0.40399177256419871     
  0.94000974484649158       0.82999999660485402       0.83961972883165992       0.83686659005113573       0.77024930068167552       0.87789966992889690       0.80306536450598831       0.81370187294998464       0.87416294855380372       0.76896180716579110     
  0.55870954248172111       0.38827211398094219       0.42581845475155994       0.15512252128685516       0.41713161302348489       0.72533092239587649       0.47729991487620427       0.48805273611741218       0.40647483456833694       0.41954482401020082     
  0.83795967053209341       0.90550569121867108       0.81637583189374174       0.66654640724883540       0.96224192630010175       0.91810577664762527       0.97775556429034405       0.79407819690844550       0.81651091294761136       0.78848566522413910     
  0.57251266382447408       0.40220631665027756       0.44151602201057022       0.16547717935889819       0.43330058226817481       0.73189531345756054       0.48498733419697693       0.50040753882407829       0.42236196806231668       0.43504656946855663     
  0.81038009843775927       0.94362466079701979       0.83110410094149989       0.68005566292061959       0.78059761903113689       0.85173234453327951       0.96331021447693532       0.78873235251111884       0.88897189583817982       0.99856970681520552     
  0.58635370670596287       0.41652575868130609       0.45806671931594273       0.17673277368269474       0.44936058048988231       0.73820698135816754       0.49280734564824313       0.51245250774952800       0.43824946896540873       0.45128602059612677     
  0.94043644546675231       0.87718786773551527       0.75574975947372947       0.88009909132810604       0.73932730341116493       0.69980956293006091       0.86320605452666033       0.79297406028183148       0.89303516452541731       0.89842708129268889     
  0.59959287596602517       0.43073513812802083       0.47478333614628204       0.18810322595129286       0.46527810273265757       0.74429750165695308       0.50062686608775542       0.52476109938224424       0.45367631638608985       0.46742454955103940     
  0.80572388095544378       0.82095815809687411       0.81650660829839095       0.76721773917154346       0.75592285514177482       0.73539159761465189       0.87065437862879203       0.76545905584761975       0.87124165769254780       0.75335721860159588     
  0.61212305182992854       0.44490276936952100       0.49088597597573586       0.19998877429881082       0.48098073783475909       0.75056691734037972       0.50820119186505286       0.53763520801692233       0.46866034067178436       0.48333604673478575     
  0.89913541945033615       0.97762287951675120       0.82565718581356662       0.80375850739155030       0.73709953874382250       0.73493721438760651       0.83691728300047130       0.72943161879641605       0.85590624510988778       0.84122721843843673     
  0.62429631133435337       0.45924414449003265       0.50694719900895913       0.21213521674832334       0.49651519776689346       0.75696139182894939       0.51583293762692883       0.55078619270126028       0.48342717959231468       0.49952210184163198     
   1.0023608306841028       0.88795585832336921       0.96019614625442040       0.70505700252257864       0.76881690455183516       0.76114363243903149       0.85931465350830960       0.94712855155975628       0.67155280756405233       0.82556610768952476     
  0.63588969875097512       0.47335443959370460       0.52228311172135722       0.22565067036065009       0.51128684034950644       0.76320055597952297       0.52341869916297601       0.56513220052426727       0.49798116395681230       0.51495819873409432     
  0.72614380405512990       0.75292723765203295       0.78123056025513293       0.78122832488412730       0.85852684076814367       0.68939589106068899       0.84467393372306310       0.97615449338539273       0.79179196252620498       0.87926168756733025     
  0.64718867702444338       0.48730226147692057       0.53741586884642856       0.23941288674638236       0.52557682163252739       0.76898450675697627       0.53113714011737023       0.57952998130877043       0.51258984293535759       0.53022562212938606     
  0.92617019253416244       0.84229730635029620       0.78773684195457350       0.76896500871162710       0.77189206754092576       0.73549348010168636       0.67085730525386245       0.76171713250974882       0.90455792325322248       0.84236705952573199     
  0.65815127578353605       0.50121436763786886       0.55290729091941548       0.25411127747364570       0.54033559362354833       0.77468632910182056       0.53878393037075656       0.59433440101517709       0.52706761054921858       0.54459700671025191     
  0.90009813694051954       0.79489678840559930       0.82157818747729217       0.91084520095154475       0.79601412709196007       0.78102232932920090       0.96627177211621040       0.84830648817957055       0.83103867443350554       0.86388809250376120     
  0.66904848762069757       0.51524792454910806       0.56871133097394355       0.26920971506616354       0.55513174366224949       0.78019134502111587       0.54629562439909263       0.60914888433459846       0.54155480965648994       0.55960944829197212     
  0.82986772921480323       0.80808533344417943       0.78741664152902147       0.93275079863946520       0.83690100352409613       0.73149288958079139       0.81358708525255874       0.83856492701568697       0.73307409816532920       0.84006524425425233     
  0.68006241788231503       0.52969873842558757       0.58367025386798566       0.28509468237234820       0.56921373095725569       0.78584933696366543       0.55400455437957030       0.62377129455808611       0.55604544394931954       0.57519155075021655     
  0.79694480193782613       0.75334757328283608       0.79110213104673133       0.75617741419597173       0.82546285836941347       0.72945707656658010       0.94545681687748140       0.71669814616724858       0.74543621004964822       0.73261723861728856     
  0.69141111480559059       0.54407763733462500       0.59820381330334949       0.30074491237898543       0.58291362999204033       0.79158654919584537       0.56134063374934595       0.63805644173030052       0.57031787641734533       0.59077819590214520     
  0.75459225673627028       0.97037609744329634       0.74291119296022035       0.75013406502719115       0.81779761837009080       0.82783681337194892       0.78760816173194459       0.80887102803323274       0.73958379505635419       0.91443064015564413     
  0.70289251931057839       0.55864982478723191       0.61307431825054259       0.31573695925694362       0.59674443283228273       0.79722499404585290       0.56865339892009592       0.65226472219452003       0.58443385114825441       0.60752259993975588     
  0.86145479708297812       0.87332557430917945       0.89384744645553293       0.76941041544782574       0.69843903655233319       0.72536610117264344       0.79075104723162559       0.68162859225136951       0.72980274245395027       0.73778967762678982     
  0.71367992514879353       0.57350725567309402       0.62842783321863216       0.33136308153862348       0.61099113484916656       0.80273775798953273       0.57607840093094387       0.66695811275139261       0.59883668251026145       0.62407882417722471     
  0.85489530551856618       0.83498847925437192       0.88555331340011034       0.80396675523746008       0.82130512526926547       0.74854073002562671       0.76393604339736898       0.89954907875086632       0.75496762361256264       0.77327690471381327     
  0.72364556565468852       0.58871688457978977       0.64388130104637475       0.34798696178325211       0.62677680329940821       0.80835644702192710       0.58334622841802175       0.68196996588733205       0.61317211622011902       0.64132039988369882     
  0.69495444934813488        1.0148293402562552       0.69718001317982126       0.72320164301513667       0.90573428153767011       0.76622479091505669       0.77560928266795204       0.75205699063351261       0.71669610209659107       0.94111334631831456     
  0.73386582144320123       0.60412866044867042       0.65898472230343308       0.36586775207969913       0.64256910792202171       0.81413399539570541       0.59041948760245344       0.69726473995767824       0.62655682466451312       0.65873897839046680     
  0.73006091227784664       0.83212434122612267       0.77974744062137580       0.78219024098360723       0.79388564791705529       0.85801877060460252       0.81239523577664918       0.83433067687519924       0.86955132501237808       0.74108168174445244     
  0.74460836485735526       0.61969290037812663       0.67546047788103780       0.38495242116563910       0.65896215037510608       0.81991166716700437       0.59814385392623182       0.71324364268536389       0.63919444898652300       0.67644116749578720     
  0.97693369389731588       0.88645006761924572        1.0092115343470873       0.71559152606955567       0.87965995416756415       0.73625675966509019       0.89189752300884007       0.79618623143396861       0.79997600331627605       0.84124184507401645     
  0.75549957122511524       0.63543399040104365       0.69220909053174307       0.40381538716679272       0.67517257536549913       0.82586240744472661       0.60598152716271159       0.72949449702401725       0.65196256451865353       0.69484427183805408     
  0.79239230513111081       0.68429032871739615       0.77631320366917478       0.84005659365319063       0.94139706571073500       0.83878426666365624       0.91627436207430435       0.81663224243814914       0.79500023340276427       0.98100665589294467     
  0.76622660321778147       0.65140990684990785       0.70849819311064444       0.42248018649263042       0.69202201835950261       0.83185469873508477       0.61374193984616698       0.74594877310567942       0.66562738733233573       0.71127061243324152     
  0.79255900760922648       0.80061251384775911       0.76208422623093197       0.72046844614383654       0.82627067262572373       0.86098533706746061       0.87996952557822217       0.81451207930006730       0.79353006812786964       0.90879064645482155     
  0.77717952753758712       0.66774321516976665       0.72484362476465380       0.44294651500427595       0.70890106749687520       0.83799065832366371       0.62154442477217886       0.76156593211440693       0.67910358408194038       0.72758874839322984     
  0.91189685994788716       0.76927568936980051       0.77687202228145047       0.77351462858777198       0.89725336758132512       0.76592419574930837       0.75447282115113290       0.85456159692677713       0.76204956611016283       0.78190032828593403     
  0.78806688441979211       0.68460862229694919       0.73976377945081584       0.46446367314016296       0.72569059741037978       0.84420475501853265       0.62964545222878132       0.77623842493755613       0.69223328493841740       0.74400909233760648     
  0.71123069585930165       0.78137157979653027       0.69867684016212783       0.85058870859407421       0.93642875223683053       0.89602777731474381       0.99309479791356148       0.86581129834016746       0.78278435616100139       0.80216493677268785     
  0.79884702370783589       0.70204428385817996       0.75459103572965758       0.48827235459177942       0.74212299928863967       0.85058608700575966       0.63793760971967317       0.79079420419977786       0.70613661713502696       0.76070758943654160     
  0.74666924032475435       0.77135392348225795       0.74072340484267218       0.70269803815442555       0.93647177741011522       0.82922726474334985       0.85659318683931496       0.83037463208023399       0.94501531035741893       0.87083195329959562     
  0.80937840004439643       0.71922295422153015       0.76921999013501874       0.51163948554330452       0.75899815423319550       0.85692973562867725       0.64728296406820784       0.80471458643432869       0.72213188229965297       0.77806411236258255     
  0.89421643814357110       0.82285929052789342        1.0367804492276405       0.74699670135166463       0.86194567329014493       0.93414037727177335       0.81928950786511279       0.86961053121206966       0.73717023943649362       0.83269343222524195     
  0.81997344735819633       0.73663391698892167       0.78469463804114936       0.53566109040788168       0.77586411733408456       0.86309923294436508       0.65611767890834782       0.81913565731380245       0.73846344094696204       0.79518638228507865     
  0.79442135763001820       0.91207801911059694       0.72097569293996777       0.79154618078462691       0.87868765446281438       0.83328253870252345       0.86947214673424289       0.71344599268962372       0.87156194091092154       0.89771246267062599     
  0.83075224765096289       0.75403580635824308       0.80223304260069161       0.55957060034317740       0.79135205388024876       0.86918890680614713       0.66539378581322484       0.83374341779728112       0.75493907031779051       0.81081885681986898     
  0.79995475276277872       0.96060171015708173        1.0722412140117925       0.70654296665399685       0.92904568888375749       0.73013213989912118       0.81125346477698423       0.79086401443322107       0.81089373509604490       0.80705247595463370     
  0.84164958820690328       0.77115808597002200       0.81953458195360873       0.58500828243351244       0.80657954278027166       0.87502651054865488       0.67476451519222458       0.84791665308744080       0.77128456970226145       0.82614727874693006     
  0.79119152259840064       0.86053233622747882       0.93883774607136250       0.67398717093786964       0.93565255147355719       0.83329200638963485       0.94592913903575160       0.88273288111373405       0.79932595332329326       0.87252276163645515     
  0.85267047692229103       0.78776465619694913       0.83601843458035474       0.61131236638689335       0.82179455060090423       0.88103014555175041       0.68505714625483760       0.86137556042692731       0.78903212979263548       0.84118328637788453     
  0.90548804611854050       0.76309484182395981       0.86593845711024653       0.76177334183525525       0.87007452700378818       0.74149831154979939       0.87202145183574731       0.77286557538347811       0.86593567248611947       0.76187886999460697     
  0.86346192030923041       0.80384504111231847       0.85237893057045555       0.63949110201850257       0.83745329931948964       0.88788504578807625       0.69552769232890099       0.87448660864169980       0.80696095917344812       0.85656739071926913     
  0.92608138720468725       0.83889873916521618       0.86304833131816527       0.85145511969459553       0.81805753791343849       0.84020378301493659       0.92155071865152083       0.94935735590230319       0.74965878806421959        1.1642766747035080     
  0.87428362943054860       0.82018737361122818       0.86882034326115043       0.66831603743379986       0.85357420003766760       0.89408127150722727       0.70722417694942918       0.88670402430965600       0.82635549599838842       0.87279763088687845     
  0.72092170578706738       0.85032717777071631       0.87330868475177548       0.85853345707027429       0.76880214499674637       0.91256384789855371       0.82612865076343422       0.92275904169380851       0.68995161391167303        1.0030119554600725     
  0.88545071293301947       0.83624825468559283       0.88514456757371474       0.69835149210118752       0.86907196636754303       0.90250535647216878       0.71928216631943243       0.89893949436172227       0.84607927685966322       0.88883758618656028     
  0.97749356681446331       0.71062042376718637       0.85148661457383423       0.70110507436422376       0.88672701498828876        1.1315140672013224       0.98537078430874403       0.82621295231884040       0.78092024044509700       0.86199245217267662     
  0.89815440737027352       0.85470105683119846       0.90053789294425779       0.73011463477305150       0.88581155818485746       0.91033791811531495       0.73311287177179263       0.91176248104297064       0.86732153758834607       0.90344053818510461     
  0.90179210569257051       0.76951675097697458       0.87716668264819109       0.78826733105166880       0.84747429568065757       0.94058145239475333       0.93944720296180062       0.76317772340114054       0.68958162732558237       0.95877376271697090     
  0.91115574678029310       0.87361366053240352       0.91573096561817080       0.76367216799857263       0.90270931600182269       0.91916834430083050       0.74691802276986241       0.92478106852049324       0.88823326985306095       0.91828789582484394     
   1.0288798524105112       0.85432516167792572       0.88813630528469889       0.82640373317440807       0.87864729670316533        1.0540291213063242       0.94152436206809476       0.94692298787436457       0.68439597656599471       0.82046038389219655     
  0.92487953533706335       0.89323521090686464       0.93076498802553242       0.79888099400502521       0.91914826920871784       0.92846280908967815       0.76339542025915241       0.93698881938684708       0.90847861342508718       0.93236843217843091     
  0.98642760129366247       0.82541785086028507       0.79824531829527756       0.74916763482583126       0.81160793392212072        1.0399451178412693       0.89489511786762654       0.87770868845891292       0.74478605223467864       0.77656720738875751     
  0.93821747812258460       0.91340697017515637       0.94644691524384372       0.83560385385330915       0.93608632337270359       0.93789009876153784       0.78019596983631445       0.94911537499071996       0.92809999540128740       0.94598325750007495     
  0.99877506737537891       0.94170603968609679        1.0273036835050757       0.69226607762200199       0.88015953677789671        1.1059565939650027       0.76893816079218247       0.77385100200970847       0.74036411768114463       0.93394867732548914     
  0.95145939271384028       0.93478043418389356       0.95981892158198534       0.87356342619925220       0.95169027366370618       0.94841112539709271       0.80380338536548934       0.96147678056039731       0.94525757160535773       0.95928930506589238     
  0.99834725143409808       0.79412026237594713       0.86174814555041324       0.77947432133390826       0.80097772367293740        1.0180277238759645        1.0454219593503578       0.78625553306532270       0.75290441556245424       0.86343630467794730     
  0.96446046245960027       0.95663057088643577       0.97270533319677965       0.91247338559977142       0.96748812221001201       0.95902886805695942       0.83181280144969327       0.97372999526282977       0.96249060346227511       0.97293482761093619     
  0.90758683374266558       0.90742783266775384       0.77281805052444585       0.81180917043297229       0.80348975508172915        1.0964567874595348       0.87794635354884432        1.0404321287786296       0.72253947580540878       0.75815557655681287     
  0.98192405792888793       0.97834447828071436       0.98654622739866304       0.95573963662468564       0.98371287958511566       0.97787274616416642       0.89974876872753085       0.98690646008806560       0.98137067544815937       0.98643775437740489     
   1.1397710120595237       0.78806844515905949       0.70011535940551650       0.81884654284798875        1.0177370824987320        1.2067187653242935       0.88530952740983171       0.98899352944208352       0.88865660999392448       0.95556487446135574     
   1.0000000000000000        1.0000000000000000        1.0000000000000000        1.0000000000000000        1.0000000000000000        1.0000000000000000        1.0000000000000000        1.0000000000000000        1.0000000000000000        1.0000000000000000     
  0.98203058135532195       0.78645825973212213       0.89839071594098430       0.79917411562094653        1.0349607663949640       0.76791876366801304       0.69640106062904872       0.98535015457072439       0.78445028239607328       0.83221937202935092     
   9.4113370865373920        6.3353040197009305        7.1262744140353238        3.1796436097535064        8.5050139419690947        7.1612261104484407        9.6233563952550565        10.568319597356918        8.9441579298880249        7.2157052781101427     
   7.3911381462509400        5.8793097350100725        5.4502329678733625        8.0849255932074797        9.3500332066366632        7.2385829629999092        8.5482272004445985        10.331756244911283        8.0654620067534761        9.9449333774847535     
   9.6589581273763745        4.8719537961832211        8.8850650876214328        7.9368170834278615        11.647749200832550        7.6084446278330056        9.1290443358510807        7.1832007534027307        8.5015873664610400        7.8634424939102656     
   7.8585643307200694        8.0145497891554385        9.7386741097222309        12.857869949072779        5.8329312443193100        6.7707001715148190        5.2064509985221035        7.8571657576148901        7.6333015906680091        5.6398295876265223     
   10.042375711702325        6.0028091017978342        7.9953850382259075        11.432602236045561        9.5603689927684723        7.6577082552083278        7.2820797055296511        6.7073237673110864        7.0375153092444709        6.8260423788711933     
   7.2493079608062621        10.144166463290404        8.6866470979922337        14.468043485700189        7.1627405008975495        7.6869862761909236        10.233343318021106        8.0509823332154280        8.0737125436440333        10.236314807695045     
   6.1735132904203454        12.444611793831251        8.8807367611027352        9.7836810709811601        8.1641168365131396        9.2779024593045705        9.0860260061722897        8.7769704848641954        7.8467383481661201        8.7550571843089386     
   9.0871246990202046        15.035338038252849        7.8418442591570914        8.5050046593020276        6.3990974776929912        8.7260673380462652        9.1085573890242788        8.3574015207690451        9.1804302797186708        8.6396406054520849     
   1.0128201933304532E-002
           1           1           1           1           1           1           1           1           1           1
   1.3757617834352549E-002   6.2819202966833626E-003   4.7902725169102415E-006   8.6634824835344819        2.8192699847309018E-004   1.5379224673622749E-006
   1.2544428457463488E-004   1.0799654888135772E-004   2.6250240156229150E-005  0.24829808390623215        2.6213422686414554E-005   1.0351514901188867E-007
   1.8762097354189097E-002   7.1691525831201606     
