   0.0000000000000000        0.0000000000000000        0.0000000000000000        0.0000000000000000        0.0000000000000000        0.0000000000000000        0.0000000000000000        0.0000000000000000        0.0000000000000000        0.0000000000000000     
   6.3590594975086723E-004   9.3673779421390166E-004   1.1491010705658276E-002   1.2509751815957390E-002   7.2911098937226641E-003  0.89071577928844525        8.9267012596546486E-002   3.8780510975378865E-002   6.0715127233867136E-003   1.4603603766771833E-002
   1.4747143968496088        1.0870988406003950       0.49843463482807726       0.47093411821453762       0.45061904134098002       0.36268402650107340       0.40411999046555713       0.36268402650107340       0.49218425727841575       0.53663709109338509     
   1.2755166920853345E-003   1.8734755884278033E-003   2.3817154336181472E-002   2.4063112063521089E-002   1.4378140734448078E-002  0.89414546505774384       0.14680381300505968        6.5549278661514027E-002   1.1209428849016125E-002   2.9411172425313444E-002
   1.0992765265265316       0.72337963377826453       0.51516319346036854       0.63931207122360123       0.57157545246991215       0.36268402650107340       0.36268402650107340       0.36268402650107340       0.51740868305362542       0.57225242853279057     
   1.9697015120783297E-003   2.8918026447435985E-003   3.7568541128826557E-002   3.4125230628911762E-002   2.1400352459315472E-002  0.89852498471343800       0.18241841660826888        8.5966571960245292E-002   1.5789311473839832E-002   4.5360097843779035E-002
  0.79027700236179921       0.78135592373893159       0.52365380896234126       0.48047602518080385       0.55322810907333164       0.36268402650107340       0.38871511488966015       0.38871511488966015       0.72485211877937750       0.59954638920616332     
   2.6986890587365805E-003   3.9367875591143735E-003   5.1484353673885846E-002   4.3109404250958182E-002   2.8755538917043407E-002  0.91947725560956883       0.21367835920446890       0.10609128841853499        2.0413645834328122E-002   6.2372454143393097E-002
  0.74528408768968912       0.72718024692588779       0.44730969316130759       0.63856532127259524       0.47497335195065277       0.36268402650107340       0.36268402650107340       0.42932805261055323       0.53723596764970183       0.60828555755046543     
   3.5130037473768559E-003   5.2710123608925227E-003   6.4091405076136435E-002   5.1352784480014867E-002   3.6869435664060139E-002  0.92371295245479512       0.23973617456654445       0.12688412662870432        2.5069268970925741E-002   7.7320723428063245E-002
  0.89956435678062197        1.0213948208555361       0.51648835945727933       0.54358992528778571       0.46036585656637424       0.36268402650107340       0.39727344793756936       0.41158756508419081       0.47307270009877750       0.53278625447205374     
   4.5061788215077919E-003   6.8042995710296495E-003   7.5909571331463963E-002   5.9786214863299984E-002   4.5627635251155395E-002  0.92710464226841172       0.26225209069136673       0.14841726636458380        2.9797819553595128E-002   8.9200577826649294E-002
  0.65740871779700394       0.68820167963921208       0.50588006189431334       0.48366936444986636       0.53741733901443078       0.36268402650107340       0.47487310712719782       0.51917336545693504       0.51924396396242689       0.42548604150453451     
   5.6229817284815546E-003   8.5951654064020441E-003   8.7536901609760451E-002   6.9028287964332025E-002   5.5383192601004792E-002  0.93179017064611069       0.28371240659223707       0.16797824385970705        3.5188062029006574E-002  0.10050428242600053     
  0.81907091148964906       0.60637012447325722       0.48484791298581092       0.70510335948197145       0.62108553927697918       0.36268402650107340       0.57990281052654058       0.41224572395002279       0.65970497605206857       0.50811256236744395     
   6.8287508719701183E-003   1.0613826908609011E-002   9.9336156311257848E-002   7.8253625959869025E-002   6.4040061189777536E-002  0.95336826317190937       0.29844541285615661       0.18613788664945946        4.1254186435785795E-002  0.11114684131581018     
  0.66530912577197943       0.63003369224194572       0.63353425478338565       0.48641407256128277       0.46548700582287444       0.36268402650107340       0.46103016350220954       0.58424175055363969       0.67735705690028969       0.48958731537179134     
   8.1295365536619181E-003   1.2769677674083274E-002  0.11200262283541497        8.7679538736787840E-002   7.2463774937673170E-002  0.96570677261895810       0.31071001009252613       0.20259342107699391        4.7869859826982525E-002  0.12351216803477270     
  0.58934597409558576       0.62449748628988866       0.54369305104299293       0.59253310276112514       0.47973535465910550       0.36268402650107340       0.46121707752252955       0.43404615384056672       0.60208430648568112       0.58027846506678515     
   1.0152142076260239E-002   1.5667527418794243E-002  0.12365469102846718        9.7196635199797904E-002   8.1429370978162247E-002  0.97319598089947446       0.32153049100304282       0.21788105305353028        5.4920729926723422E-002  0.13667785744868699     
  0.74905817511951123       0.68166269742677810       0.49183243095304024       0.54240553788342316       0.56795579832296472       0.36268402650107340       0.47959597290759193       0.54480272552219167       0.58081319495406680       0.47792949299302045     
   1.2296877285147601E-002   1.8905708902222720E-002  0.13551836382445506       0.10700957069174934        9.0982788875196369E-002  0.97789461203949601       0.33216668795397808       0.23272067575555372        6.2280176363024277E-002  0.15026719110510767     
  0.74954594400471952       0.57419925240077674       0.56976759761212981       0.64155268196952797       0.49046331803127169       0.36268402650107340       0.62835767959516886       0.51739623788025912       0.65443310973537050       0.44829332321341558     
   1.4555977140287011E-002   2.2344675211963771E-002  0.14639380063615653       0.11726677876342484       0.10301090025340950       0.98031340804586176       0.34198908113754611       0.24641353149597142        7.0132257176812082E-002  0.16547686976512888     
  0.61784259732594948       0.51149403335523058       0.41210931177899912       0.53913010337932299       0.68659333131761247       0.40373975207676649       0.47541080325899221       0.52829068000321711       0.62057073777729033       0.41965443601872243     
   1.6917398246822191E-002   2.6254385666428980E-002  0.15552075384995370       0.12723186039388371       0.11470061246495179       0.98210316631000094       0.35336514369207661       0.25949738312222992        7.8812839787468100E-002  0.18295974962361036     
  0.62963014897952008       0.53756529106763129       0.59298342018916705       0.51835191546912485       0.63619046616200881       0.43321239281629448       0.61558768056581614       0.47502164874260011       0.56365542335706931       0.66138206369455721     
   1.9448600155833214E-002   3.0776024046154923E-002  0.16396612462827451       0.13552385443355475       0.12468168071405580       0.98314974428347257       0.36528401104766856       0.27308076319350422        8.6130451434529270E-002  0.20060324775544139     
  0.67015082185707031       0.53185386188219397       0.47103257901070844       0.54747072153869569       0.55303630992486119       0.38647202746816400       0.62950139179476283       0.67047108852307158       0.57676112781770750       0.50449559845066283     
   2.1936293421276426E-002   3.5811896229381308E-002  0.17159306012442199       0.14290937651614480       0.13493427860911208       0.98409685899291743       0.37875227401624639       0.28568539314388353        9.2300733648319533E-002  0.21539037956150653     
  0.45110684077323926       0.53502679315544843       0.46479863831869517       0.44651641303623602       0.47347267959821704       0.53244927007651710       0.62787500123985329       0.55268481363187227       0.51117055486622398       0.54126621095209748     
   2.4706917520653137E-002   4.1249281818139374E-002  0.17692622919622100       0.15079017928773381       0.14552237858487627       0.98497302783801666       0.38913568409004107       0.30000869086826210        9.7826127305820243E-002  0.22923948256132429     
  0.56678599736785162       0.56377549404961769       0.45028941119328242       0.56426636991452783       0.49946718881863023       0.54972618737637302       0.78685602751784933       0.58145798813157656       0.40241688492357292       0.46234645491215237     
   2.8317388398824070E-002   4.7073742864221217E-002  0.18295861797326030       0.15854630711669676       0.15606489503425083       0.98575502721167818       0.39671608205166847       0.31328953156232381       0.10327747554596581       0.24228849984877465     
  0.49630253006772396       0.52079884650857344       0.42601026444703688       0.70593559705206077       0.55869944782761927       0.62555994250904889       0.50735716822997223       0.63967405280318812       0.51318141104993253       0.49518142036253354     
   3.1976048081596667E-002   5.2679489301449930E-002  0.18899408156846437       0.17001808184191733       0.16682293342141186       0.98648434765669968       0.40364906038195636       0.32612964331089178       0.10894591610248987       0.25539245624283624     
  0.56174125019712673       0.54178929133475151       0.38871511488966015       0.73810356436364621       0.50027385241176048       0.67959234682776370       0.53172335118999758       0.60487106570686311       0.49823320481248506       0.49567956924672579     
   3.6133581823522457E-002   5.7630239059717432E-002  0.19690354386891140       0.18336972459502071       0.17807695435509677       0.98703669621249113       0.40986965191180041       0.33935127996652914       0.11513976191186587       0.27081126857838517     
  0.55931826918765282       0.47884170598500653       0.44058283506800150       0.69399804461796633       0.37405569483594697       0.48831076942271984       0.48100734897566988       0.55420775748137419       0.52351961762334553       0.48414178788651102     
   4.0131883663789336E-002   6.2412164484572749E-002  0.20915121275149232       0.19721017319684131       0.18883941334587462       0.98754929053925311       0.41572843735711101       0.35283609603224070       0.12339270119141814       0.28745875771632057     
  0.43621557028512026       0.39672403226506919       0.63784769437977773       0.68800501545858894       0.46123340862783868       0.51322422403134160       0.55465622666694658       0.61397538728813073       0.62812285437183513       0.58771590934364859     
   4.4145131917516643E-002   6.7116008754119133E-002  0.22271341484950646       0.21085958271189861       0.19969631954584766       0.98802013483677764       0.42176845121220125       0.36553036719482007       0.13162006912340402       0.30404275282262000     
  0.62869699469961615       0.52073150703484206       0.41880283024589815       0.57376856542215227       0.52378886138146807       0.47856444207913229       0.46325961767018298       0.53880322446813922       0.51135368947460003       0.45797959225500079     
   4.8211119297332627E-002   7.2380851935509222E-002  0.23779125336129842       0.22249032187154588       0.21220030713078589       0.98848190115888013       0.42853237653530851       0.37815580275785993       0.14455497767151951       0.32281033524572034     
  0.48190458295231592       0.49728570715022807       0.47722086484281673       0.49704693455477766       0.56732488519648760       0.60926309590026750       0.43202200459932943       0.78732527158595544       0.63492496587346026       0.59307627463202894     
   5.2474620600396246E-002   7.9405691495576539E-002  0.25732666025488499       0.23390195901815855       0.22448825097225050       0.98889786371024146       0.43579026237507773       0.39130025833135479       0.15605974161871022       0.34594352978572296     
  0.42081978188311087       0.52744467476680690       0.61209871847719977       0.54613577422542603       0.53110229102563711       0.56708238227388352       0.63067317058745498       0.61385184424417394       0.60644931112619105       0.67737066776390109     
   5.7132818558426487E-002   8.6527597265109765E-002  0.27513574971181476       0.24615191758440591       0.23626557925114877       0.98930199252545958       0.44316694221772124       0.40532771307592969       0.16678485484879232       0.37146532159532863     
  0.42549134183041082       0.46945134533565336       0.58554232953631635       0.57267889994746490       0.49446842293048754       0.56271041214152739       0.74730378089625848       0.69798240030099068       0.54238222983826279       0.65174313622506352     
   6.2028202243660548E-002   9.3774455541115756E-002  0.29059496347421021       0.25926616134479397       0.24797623143213721       0.98964121200397781       0.45020892331931650       0.41895227573885407       0.17735520203169960       0.39575575590561374     
  0.46053193589138058       0.61153817198896432       0.54934598754072106       0.54219917338600099       0.56461508091842194       0.60669108788151827       0.54002395880314691       0.57632790099977071       0.56501511221419431       0.53759434886319846     
   6.6777412666493799E-002  0.10084128043084938       0.30565865981880735       0.27321358381920940       0.26019596638394044       0.98995754658336010       0.45686436612786102       0.42842158366245647       0.18880771458485895       0.41466154664738902     
  0.49792762778521665       0.41661454462548403       0.55964164547784023       0.67807736753536818       0.48783379458077325       0.55248111373989239       0.57160556531835416       0.64664730638025103       0.55622418690911712       0.80019506882397851     
   7.1594266360305303E-002  0.10895394296371577       0.31991586018121632       0.29059940173086179       0.27404363538828153       0.99026667586698902       0.46351334022456575       0.43889359585934673       0.20200083489155268       0.43266145453764082     
  0.49993868754963122       0.58844670584901482       0.45349791104073145       0.71806529853172063       0.46141349878529481       0.52178961417291125       0.60898150663123962       0.54742263080122178       0.56834649763581513       0.49756183349853822     
   7.6620348916796144E-002  0.11832625991030092       0.33680007827540714       0.30905211875252614       0.28975044423967106       0.99056919956408784       0.46986028996190188       0.45065745904195931       0.21465714804602906       0.45049465791160648     
  0.46267265840081290       0.51291266913390088       0.49883173308260620       0.83285230857464421       0.50831376920564952       0.55746427688365852       0.63146956713803148       0.60103547852129380       0.61781938547525861       0.66761645710294260     
   8.1636915589124281E-002  0.12834231849218386       0.35600332123635220       0.32679334477597560       0.30585210967850912       0.99086592590760769       0.47580398426653753       0.45906325111023916       0.22745484573685873       0.46756372473098207     
  0.52185163521022082       0.56811475180222770       0.63808092053303778       0.70014184712119110       0.54976427121672877       0.59289351309783678       0.72810150528890494       0.77174033329904013       0.45556240090255884       0.51114416497536264     
   8.6141816342605398E-002  0.13852024293225387       0.37411143647241069       0.34479032004074528       0.32277706223637775       0.99113986990557945       0.48191067189532355       0.46673253084124611       0.24396883419112209       0.48369659055591335     
  0.57222008604806651       0.53507271824764113       0.46017792162712196       0.51810995407700966       0.49144171890272043       0.66072166457474335       0.56214790559318595       0.49428599714134069       0.59265821301286070       0.57478832010693104     
   9.0789599450856823E-002  0.14818408932329558       0.39240855518582257       0.35677652430829881       0.34009572664114646       0.99141381390355132       0.48822180438854362       0.47470655569797582       0.26245783212214169       0.49874586433361501     
  0.45728926359514038       0.63679227317073028       0.61087055922296485       0.48241650353349697       0.57197427770914244       0.61093419920715275       0.58727871008518029       0.57238594032226031       0.56376606198353418       0.53485552485031662     
   9.5555910821845877E-002  0.15756404992288908       0.41114287022924390       0.37097455836244675       0.35661075173380713       0.99167149087474959       0.49406557268550710       0.48267704828144881       0.28131069220607535       0.51362684869905750     
  0.41941661896103544       0.45762540550361341       0.62016603013424287       0.58080777151352458       0.64313739687463123       0.52788847501202929       0.61411544398168050       0.46753723550576071       0.51353693507076936       0.51739064117449896     
  0.10068928064448653       0.16607549414498260       0.43157087369524932       0.38472594765690998       0.37213554193558912       0.99192413194094831       0.49951627123065601       0.49413493355733762       0.29910463492915568       0.52707234078117293     
  0.50224423299355170       0.50541728664880115       0.61387421897090388       0.50913696561441257       0.50094106611244560       0.55134425909123497       0.52810299349455581       0.60555000041237728       0.57354654016372364       0.59507979901446917     
  0.10581707854215484       0.17464748163173888       0.45283823760704744       0.39418693760921747       0.38727930527181526       0.99217389635943931       0.50488138476948508       0.50667469179999147       0.31446599648609197       0.53857838008834680     
  0.47524223477321215       0.48734893414764852       0.50738855239335745       0.42708124191641916       0.40826495805166774       0.70736357764473001       0.49969268982684734       0.64837379629726055       0.44445573915887787       0.53471965891385076     
  0.11087778597011973       0.18412060972127284       0.47297730144849370       0.40356657407915125       0.40597315643837617       0.99241887278010543       0.51019973957657860       0.51900061555068977       0.32934769552688614       0.55328466691074529     
  0.44461174371067108       0.56981076491349247       0.62243001021240918       0.52302550289888461       0.47622140299632926       0.57999175816045601       0.47531890676804023       0.64181523882561098       0.43609272270747890       0.51008216661513739     
  0.11535062400117255       0.19391647549198601       0.49251521392042480       0.41339454093751443       0.43967624240427394       0.99266384920077144       0.51599200681424584       0.53195344927621568       0.34538319469373802       0.56890030735005981     
  0.53879196998142886       0.52600182358982939       0.63300297918239334       0.47146635158083211       0.46505786541524041       0.64364161952473486       0.55347323042486773       0.63146956713803148       0.61236587946676446       0.68408984664072903     
  0.11920211698571662       0.20428882614426530       0.51195496698110343       0.42422361587403795       0.47339768364322898       0.99290791059957373       0.52380243690837891       0.54579668467499498       0.36415385993895449       0.58383216902189705     
  0.50445467387091414       0.50231265682372039       0.56894200428936670       0.45654679136179505       0.50377085893959561       0.59057341128066232       0.63003789365687501       0.62748231644783869       0.62109671142274470       0.61730603513842297     
  0.12306038061324352       0.21506866540286984       0.52794423012786496       0.43778721955024236       0.50329113581137208       0.99315188403618970       0.53163022441794761       0.56135232431086624       0.38607715002028214       0.59939591062393938     
  0.41693416999147176       0.46482730537584077       0.57006562364903446       0.51948648931851793       0.64010193884751954       0.56681709536875846       0.50867182437228242       0.56095889335892180       0.56042843478626947       0.54653192026987341     
  0.12690447594471657       0.22594254752936224       0.54369723420342586       0.45223222482423708       0.53877505251770907       0.99338913109656335       0.53791036400659897       0.58002315479354127       0.40878155989860365       0.61536958683030840     
  0.44651641303623602       0.74190722577016621       0.63216668409495158       0.70321692885189957       0.77625611085209223       0.59793751108492932       0.45041062113939079       0.61825333173398256       0.55635674286506687       0.60382988241801128     
  0.13101883533319447       0.23715335832175793       0.55850022312270808       0.46673406732408568       0.57770950778616270       0.99361778806089474       0.54354533863725607       0.60123395277638170       0.43167292657205325       0.63258771226585486     
  0.39124180895148231       0.49182166075128447       0.50551070872132531       0.47114953295267992       0.72244547376130164       0.64847256911778484       0.55644780231282942       0.65722576939094934       0.56782461457100408       0.68752222924320494     
  0.13596607466038704       0.24574571473472417       0.57265326808780526       0.48125371830255709       0.61699135311604136       0.99384644502522601       0.54944109036705546       0.62313861080482891       0.45587105519829030       0.64903228511342792     
  0.50382195299856258       0.59467860701079267       0.51928761337391494       0.54014366503647659       0.68938257459597696       0.72738058572794917       0.67159898549719310       0.57914794780557188       0.56106115366420783       0.48585403698094648     
  0.14486757319715771       0.25420219851064957       0.58994295112609985       0.49678647910182888       0.65034567467227056       0.99406853245224980       0.55514989728297781       0.64227084480879415       0.48039016478401769       0.66125869874753518     
  0.59308797785861189       0.51741819290930102       0.53792238386269497       0.53085279489290571       0.65578103142136135       0.63568707535369184       0.57845539249327960       0.52993138101939197       0.56375642332300091       0.54198644353187431     
  0.15628749773465214       0.26415526408023604       0.60949149982906758       0.51278154019236943       0.67470484187699331       0.99428975722559121       0.56110271154916036       0.65989476792881974       0.50497055263170443       0.67423981411981804     
  0.51184377888461496       0.42336374750985917       0.46316654026743775       0.49744340504767515       0.54327765202525236       0.58410623624512736       0.59519497194790638       0.70229431869994074       0.48831829716587632       0.47942980817055353     
  0.16439795464260912       0.27505879217762752       0.63153659753249014       0.53057387438571568       0.70010476464163995       0.99450342721814722       0.56777818840403771       0.67308824052960237       0.53012691264266065       0.68809588752099615     
  0.47221710229556535       0.57580996086962977       0.63137962996945174       0.57439799647296474       0.68690093764743776       0.75774802832716126       0.63979949663703550       0.63924009700031914       0.66463993004372834       0.44877909809697397     
  0.17245910809512394       0.28927057732285100       0.64568005004416396       0.54669855018578928       0.72893703802010801       0.99469726212813392       0.57403921772498490       0.68470166319786474       0.55268787763781357       0.70211328446202093     
  0.44910553999171104       0.69401437690897849       0.48467292975509735       0.65048665776458781       0.61223358114973059       0.69616444616030826       0.54522552125238866       0.52715475309806681       0.62999137888894308       0.55689387302098237     
  0.18031201203297570       0.30437790332614245       0.65940442535485633       0.56127531439350486       0.75542922492794884       0.99489109703812062       0.58132821951526659       0.69645931046556686       0.57472270453742513       0.71735393225982746     
  0.48725166547729210       0.49706224136082061       0.44779983882767938       0.45582204870699922       0.66354696520277523       0.65893327850896921       0.55312939046110343       0.49352606087496487       0.64733421306282923       0.54344105419000444     
  0.18783019221402072       0.31767169552936170       0.67238091180320758       0.57747497873586962       0.78093287104739084       0.99508346654589785       0.58925184428766064       0.70774458677720886       0.59874847637074802       0.73331695533533936     
  0.38403678810961162       0.57441504828212309       0.50017865339368828       0.55479878472773092       0.62401567802976143       0.69427551601027149       0.51946820827961337       0.49589884893549069       0.55520064230407651       0.52145491280386780     
  0.19845260921542707       0.33002982991913615       0.69011352105259594       0.59571644227562781       0.80249227190584826       0.99527240337929690       0.59740332760100423       0.72241536987453681       0.62004577165083008       0.74781631930708270     
  0.50362333330029097       0.44208974237944387       0.47284264472892179       0.59700749684669352       0.73396186135701313       0.66621155962161571       0.50614072937141530       0.63088756716656014       0.63405827213836541       0.53505986330071653     
  0.21133254279424529       0.34297656720997677       0.70970943762472527       0.61691689481025047       0.82094083964031339       0.99546134021269606       0.60516961191422369       0.73829021065273581       0.63914008571546022       0.76058273046149871     
  0.57737416048932877       0.47401290798429918       0.56868372914052923       0.61358599125830116       0.49254739623437233       0.56804933271890812       0.67710957539683059       0.53486715998155843       0.47496864039183007       0.49679011518839133     
  0.22412771208797003       0.35783459148790558       0.72635233726619119       0.63751599673120951       0.83815043780381981       0.99565640837354163       0.61246580893018121       0.75330438836884173       0.66100479987448779       0.77246818662134598     
  0.58915770898135889       0.48486492224344957       0.53230761274679750       0.49560528956747030       0.55665007974234171       0.64246359877121728       0.62856678071784644       0.60624050925444839       0.53155727755183901       0.46176963001904747     
  0.23741785961996550       0.37279012256547700       0.74229000734503281       0.65898639757556310       0.85301169063080362       0.99587033365394617       0.62110256622113047       0.76569849703413606       0.68874393012656299       0.78592543392782266     
  0.58813158386125153       0.55911631142021134       0.57614709640154305       0.54273734875629198       0.58837385409686538       0.80728129839382634       0.62793468421243515       0.47907244010225741       0.66618077856680580       0.55149381444349366     
  0.25410081738611340       0.38928346638526079       0.75849833501631281       0.67892299059932948       0.86421998182700621       0.99608425893435071       0.63258158006648180       0.77753423533416433       0.71891369474497391       0.80336733516746650     
  0.67790097580407660       0.56071400803617799       0.52078070010985777       0.56298840419539598       0.42390824535658739       0.70722927338904651       0.78297568875451884       0.46145642630071670       0.49977792416364347       0.60108919500180280     
  0.27034878264961049       0.40882632846313693       0.77693620093764182       0.70013568737398935       0.87455546748225610       0.99629818421475524       0.64660453696664810       0.78957052312337006       0.74769937184496171       0.82338585955409294     
  0.53641071946086372       0.61617032183168396       0.48913741833867119       0.60861227623170666       0.52115877078134842       0.71697819673807484       0.59027519177220189       0.45648418966698101       0.52245746226836176       0.58933929265185037     
  0.29591553568006523       0.42943228768078273       0.79810692865330213       0.72332909776038201       0.88426798188028211       0.99653871598835353       0.65874266932162406       0.80136281430216894       0.77466706451165279       0.84263712074028785     
  0.59562501256695988       0.52751510748330255       0.80759615230028825       0.43535523416376531       0.48460883695416118       0.91539163517663391       0.52961305743784781       0.51367509694878000       0.51287256326024500       0.51844453257691214     
  0.32296177478648652       0.44786443945750243       0.82102583014806740       0.74900025324621755       0.89292292936293505       0.99677968773506564       0.67118574587367241       0.81333700443834489       0.80282338739305414       0.86301428455296347     
  0.50490715521555052       0.48190024739761461       0.66099862291805411       0.54958191373446352       0.50828062855589007       0.64040335517359537       0.52319751097724487       0.52053065622667927       0.55227970883220645       0.57975129563981609     
  0.34956475695275613       0.46716411359019777       0.84218844534519866       0.77495466645463196       0.90488991125093743       0.99702167819898357       0.68224809614301851       0.82775595872715346       0.83188993574003189       0.88281417824154496     
  0.79635142876156439       0.45348256204968951       0.67640309437856394       0.52664269505966443       0.54223167560598251       0.64535345762489715       0.61415675693140048       0.51548879225446242       0.50872916514700817       0.57137574376865041     
  0.37735651078827720       0.48813121515456720       0.86117315145343754       0.79954231957499788       0.91698251649371310       0.99728028348949971       0.69156547612883990       0.84916129322636591       0.86759034722870831       0.89861449750011901     
  0.44384949669052787       0.40852921183194724       0.68216005238622379       0.52368947886255923       0.57354017785154343       0.73374222367132214       0.50812295627710657       0.51600398296241667       0.55888593082535587       0.47234619465336602     
  0.41102157262377731       0.50950830802347546       0.88194001358601271       0.82606231388282725       0.92887664474750420       0.99753888878001584       0.70037653973563008       0.86873464969120162       0.89652795835766730       0.91267597876363671     
  0.46920284882453100       0.54342272669657521       0.54145572677483100       0.49917253908111803       0.58185779485853617       0.77789931524149225       0.42256969831364777       0.54999815710809874       0.56141543428443030       0.55266983785846902     
  0.45397845723612384       0.53416716143587062       0.90470751012912121       0.85324373470290749       0.94048564612747032       0.99782603442570073       0.70951551892959808       0.88782259231890603       0.91476872192884617       0.92283609061982841     
  0.45367112546509530       0.49183640831954484       0.70144498601491967       0.49235064241678089       0.70951194137382401       0.61998559764391414       0.62709952499642441       0.49903714548044253       0.51213766424399376       0.42456445117727276     
  0.50155430559318381       0.56265083051347642       0.92507346751521158       0.87784918562043202       0.95220454790818754       0.99817078024250250       0.72508086906154301       0.90642748440743526       0.92973444866262323       0.93484273802602968     
  0.57162717936595497       0.51047209157983875       0.79402903806430070       0.50070657407250263       0.64217686593851631       0.59443799509278172       0.67178951366561035       0.49087403963685022       0.40947841411392050       0.57498673619347795     
  0.55967111307593653       0.60033655556434096       0.94119528395593233       0.90299121220777778       0.96422341558383429       0.99852746813651883       0.75744608363751720       0.92511676815393773       0.94257405073461920       0.95276838586615609     
  0.51235741476026708       0.45755235872690764       0.55509241599145698       0.45625550051863972       0.48536692361785472       0.48147394920479364       0.66444138437689459       0.52121488607764344       0.39345785321652632       0.68197723303884594     
  0.63417238956631883       0.68118421727134604       0.95777066712887182       0.92973115943888862       0.97637864728906787       0.99895960963779828       0.79655902376520749       0.94776971384927788       0.95694173296324492       0.96771550923173977     
  0.48820440787894992       0.55932561482459442       0.59404439095557882       0.45104877584334813       0.59265786760699346       0.58147129396817276       0.63649323824421955       0.49945647687441164       0.50081186934329835       0.56079840199901843     
  0.75720530454112445       0.79148083405994352       0.97703901643015689       0.95681129705765677       0.98814567752429394       0.99943880058050993       0.85335299734899162       0.97280548428421820       0.97548294098044597       0.98301868803618164     
  0.37990990088697063       0.41611103780239089       0.77839421983448465       0.39184551514863719       0.55562375799603358       0.45614893864036971       0.39781590475656642       0.68997587895540258       0.50897075356106913       0.62750061079904229     
   1.0000000000000000        1.0000000000000000        1.0000000000000000        1.0000000000000000        1.0000000000000000        1.0000000000000000        1.0000000000000000        1.0000000000000000        1.0000000000000000        1.0000000000000000     
  0.36268402650107340       0.41661454462548403       0.76748005772698402       0.38438485155167307       0.59655377512234153       0.36855954887386599       0.48275170643790505       0.49230522997444032       0.42946509877321631       0.67575991758695964     
  -61.561959490378847       -61.427901142063597       -35.828299729418177       -65.763279380706820       -40.481090589267431        0.0000000000000000       -68.590357272959977       -54.756182551822079       -63.080949849843819       -82.808834031979885     
  -56.076043271252296       -44.474873777082848       -89.454038340538318       -61.938318222367478       -52.975783971414558        0.0000000000000000       -37.545466598656859       -49.253854985426500       -60.596625422789437       -32.764912754117333     
  -40.899801949227765       -65.597702777656465       -53.242358384822666       -37.352760774555641       -58.754398084401927        0.0000000000000000       -39.234749587978413       -46.124973971158028       -65.245172208361140       -31.041950126153552     
  -22.270513983252624       -51.220474878497079       -51.107811966895333       -43.605707856362820       -55.977644614737059        0.0000000000000000       -58.267172502725913       -50.156663183503241       -46.120001314002550       -49.374644267207209     
  -30.267209950847938       -31.411299197602791       -53.653699511728632       -30.022714904894766       -38.896122738206905        0.0000000000000000       -57.942224548284074       -38.565024746007076       -38.256341512089385       -61.391216408340910     
  -33.673032924770943       -34.374160159583056       -53.695671071369482       -77.459087305649561       -64.993383296701538        0.0000000000000000       -63.650721917429195       -42.274494946184156       -50.238382644345194       -36.225526209932035     
  -17.195450994903737       -38.188228678918001       -41.943655139671378       -51.791517993614498       -54.131196795067360        0.0000000000000000       -49.675169056532994       -67.327495925307701       -44.613192939616603       -60.295054712846472     
  -30.813431751511708       -15.952341839746319       -46.655742077179006       -68.023270140416457       -49.890812276667440       -63.205975851977087       -47.821850542604786       -60.690114240404249       -57.498407569365817       -60.903456469099396     
   6.1254074589592788E-004
           1           1           1           1           1           1           1           1           1           1
   3.8943852440497885E-005   2.1442589900578013E-005  -2.3046434689397440E-007  -36.763489806762976        2.7978355716712864E-006   5.4106575022481136E-009
   1.2478379877918888E-006   1.0948278262424768E-006   4.1082565795864929E-007  0.51371553018600780        4.1066239749686488E-007   6.5107490274217240E-010
   3.3991509307259166E-002  -54.537936784437377     
