     
 Collinear #          36
 ME*wgt:
   0.0000000000000000        0.0000000000000000        2.2142449268213151E-022
   0.0000000000000000        0.0000000000000000        2.2142449268213151E-022
   0.0000000000000000        0.0000000000000000        2.2142449268213151E-022
   0.0000000000000000        0.0000000000000000        2.2142449268213151E-022
   0.0000000000000000        0.0000000000000000        2.2142449268213151E-022
   0.0000000000000000        0.0000000000000000        2.2142449268213151E-022
   0.0000000000000000        0.0000000000000000        2.2142449268213151E-022
   0.0000000000000000        0.0000000000000000        2.2142449268213151E-022
   0.0000000000000000        0.0000000000000000        2.2142449268213151E-022
   0.0000000000000000        0.0000000000000000        2.2142449268213151E-022
 wgt:
   1.0000000441020547        6.2753068610625780E-005   6.2753065843086639E-005
   1.0000000042271802        6.2753066108355159E-005   6.2753065843086639E-005
   1.0000000004209704        6.2753065869503821E-005   6.2753065843086639E-005
   1.0000000000420797        6.2753065845727268E-005   6.2753065843086639E-005
   1.0000000000042080        6.2753065843350697E-005   6.2753065843086639E-005
   1.0000000000004210        6.2753065843113053E-005   6.2753065843086639E-005
   1.0000000000000424        6.2753065843089296E-005   6.2753065843086639E-005
   1.0000000000000042        6.2753065843086910E-005   6.2753065843086639E-005
   1.0000000000000007        6.2753065843086680E-005   6.2753065843086639E-005
   1.0000000000000002        6.2753065843086653E-005   6.2753065843086639E-005
     
 Collinear #          37
 ME*wgt:
   0.0000000000000000        0.0000000000000000        5.3273452727332889E-023
   0.0000000000000000        0.0000000000000000        5.3273452727332889E-023
   0.0000000000000000        0.0000000000000000        5.3273452727332889E-023
   0.0000000000000000        0.0000000000000000        5.3273452727332889E-023
   0.0000000000000000        0.0000000000000000        5.3273452727332889E-023
   0.0000000000000000        0.0000000000000000        5.3273452727332889E-023
   0.0000000000000000        0.0000000000000000        5.3273452727332889E-023
   0.0000000000000000        0.0000000000000000        5.3273452727332889E-023
   0.0000000000000000        0.0000000000000000        5.3273452727332889E-023
   0.0000000000000000        0.0000000000000000        5.3273452727332889E-023
 wgt:
   1.0000000120541994        3.3252147099056058E-004   3.3252146698228049E-004
   1.0000000011553944        3.3252146736647398E-004   3.3252146698228049E-004
   1.0000000001150617        3.3252146702054096E-004   3.3252146698228049E-004
   1.0000000000115015        3.3252146698610496E-004   3.3252146698228049E-004
   1.0000000000011504        3.3252146698266300E-004   3.3252146698228049E-004
   1.0000000000001150        3.3252146698231876E-004   3.3252146698228049E-004
   1.0000000000000113        3.3252146698228429E-004   3.3252146698228049E-004
   1.0000000000000013        3.3252146698228093E-004   3.3252146698228049E-004
   1.0000000000000000        3.3252146698228049E-004   3.3252146698228049E-004
   1.0000000000000000        3.3252146698228049E-004   3.3252146698228049E-004
     
 Collinear #          45
 ME*wgt:
   0.0000000000000000        0.0000000000000000        5.3720899215476707E-023
   0.0000000000000000        0.0000000000000000        5.3720899215476707E-023
   0.0000000000000000        0.0000000000000000        5.3720899215476707E-023
   0.0000000000000000        0.0000000000000000        5.3720899215476707E-023
   0.0000000000000000        0.0000000000000000        5.3720899215476707E-023
   0.0000000000000000        0.0000000000000000        5.3720899215476707E-023
   0.0000000000000000        0.0000000000000000        5.3720899215476707E-023
   0.0000000000000000        0.0000000000000000        5.3720899215476707E-023
   0.0000000000000000        0.0000000000000000        5.3720899215476707E-023
   0.0000000000000000        0.0000000000000000        5.3720899215476707E-023
 wgt:
   1.0000000221100107        5.9157492534777852E-005   5.9157491226805092E-005
   1.0000000021192434        5.9157491352174215E-005   5.9157491226805092E-005
   1.0000000002110481        5.9157491239290168E-005   5.9157491226805092E-005
   1.0000000000210962        5.9157491228053090E-005   5.9157491226805092E-005
   1.0000000000021094        5.9157491226929884E-005   5.9157491226805092E-005
   1.0000000000002109        5.9157491226817567E-005   5.9157491226805092E-005
   1.0000000000000211        5.9157491226806339E-005   5.9157491226805092E-005
   1.0000000000000020        5.9157491226805214E-005   5.9157491226805092E-005
   1.0000000000000000        5.9157491226805092E-005   5.9157491226805092E-005
   1.0000000000000000        5.9157491226805092E-005   5.9157491226805092E-005
     
 Collinear #          61
 ME*wgt:
   0.0000000000000000        0.0000000000000000        3.6497438615012477E-022
   0.0000000000000000        0.0000000000000000        3.6497438615012477E-022
   0.0000000000000000        0.0000000000000000        3.6497438615012477E-022
   0.0000000000000000        0.0000000000000000        3.6497438615012477E-022
   0.0000000000000000        0.0000000000000000        3.6497438615012477E-022
   0.0000000000000000        0.0000000000000000        3.6497438615012477E-022
   0.0000000000000000        0.0000000000000000        3.6497438615012477E-022
   0.0000000000000000        0.0000000000000000        3.6497438615012477E-022
   0.0000000000000000        0.0000000000000000        3.6497438615012477E-022
   0.0000000000000000        0.0000000000000000        3.6497438615012477E-022
 wgt:
   1.0000000414609760        8.6839239630993745E-005   8.6839236030554273E-005
   1.0000000039740329        8.6839236375656244E-005   8.6839236030554273E-005
   1.0000000003957603        8.6839236064921801E-005   8.6839236030554273E-005
   1.0000000000395599        8.6839236033989622E-005   8.6839236030554273E-005
   1.0000000000039559        8.6839236030897802E-005   8.6839236030554273E-005
   1.0000000000003957        8.6839236030588629E-005   8.6839236030554273E-005
   1.0000000000000395        8.6839236030557702E-005   8.6839236030554273E-005
   1.0000000000000040        8.6839236030554612E-005   8.6839236030554273E-005
   1.0000000000000004        8.6839236030554314E-005   8.6839236030554273E-005
   1.0000000000000002        8.6839236030554286E-005   8.6839236030554273E-005
