     
 Collinear #          36
 
 part:           1
 comp:           0
   1.0000000476944872        276.25001317560202        276.24999999999994     
   1.0000000045700743        276.25000126248295        276.24999999999994     
   1.0000000004551044        276.25000012572252        276.24999999999994     
   1.0000000000454921        276.25000001256711        276.24999999999994     
   1.0000000000045490        276.25000000125664        276.24999999999994     
   1.0000000000004550        276.25000000012562        276.24999999999994     
   1.0000000000000457        276.25000000001256        276.24999999999994     
   1.0000000000000044        276.25000000000119        276.24999999999994     
   1.0000000000000007        276.25000000000011        276.24999999999994     
   1.0000000000000004        276.25000000000006        276.24999999999994     
 comp:           1
   0.0000000000000000        0.0000000000000000     
   0.0000000000000000        0.0000000000000000     
   0.0000000000000000        0.0000000000000000     
   0.0000000000000000        0.0000000000000000     
   0.0000000000000000        0.0000000000000000     
   0.0000000000000000        0.0000000000000000     
   0.0000000000000000        0.0000000000000000     
   0.0000000000000000        0.0000000000000000     
   0.0000000000000000        0.0000000000000000     
   0.0000000000000000        0.0000000000000000     
 comp:           2
   0.0000000000000000        0.0000000000000000     
   0.0000000000000000        0.0000000000000000     
   0.0000000000000000        0.0000000000000000     
   0.0000000000000000        0.0000000000000000     
   0.0000000000000000        0.0000000000000000     
   0.0000000000000000        0.0000000000000000     
   0.0000000000000000        0.0000000000000000     
   0.0000000000000000        0.0000000000000000     
   0.0000000000000000        0.0000000000000000     
   0.0000000000000000        0.0000000000000000     
 comp:           3
   1.0000000476944872        276.25001317560202        276.24999999999994     
   1.0000000045700743        276.25000126248295        276.24999999999994     
   1.0000000004551044        276.25000012572252        276.24999999999994     
   1.0000000000454921        276.25000001256711        276.24999999999994     
   1.0000000000045490        276.25000000125664        276.24999999999994     
   1.0000000000004550        276.25000000012562        276.24999999999994     
   1.0000000000000457        276.25000000001256        276.24999999999994     
   1.0000000000000044        276.25000000000119        276.24999999999994     
   1.0000000000000007        276.25000000000011        276.24999999999994     
   1.0000000000000004        276.25000000000006        276.24999999999994     
 
 part:           2
 comp:           0
  0.99999999640756809        276.25025033654600        276.25025132895621     
  0.99999999965710595        276.25025123423165        276.25025132895621     
  0.99999999996586575        276.25025131952663        276.25025132895621     
  0.99999999999658862        276.25025132801380        276.25025132895621     
  0.99999999999965905        276.25025132886202        276.25025132895621     
  0.99999999999996581        276.25025132894677        276.25025132895621     
  0.99999999999999667        276.25025132895530        276.25025132895621     
  0.99999999999999956        276.25025132895610        276.25025132895621     
   1.0000000000000000        276.25025132895621        276.25025132895621     
   1.0000000000000002        276.25025132895627        276.25025132895621     
 comp:           1
   0.0000000000000000        0.0000000000000000     
   0.0000000000000000        0.0000000000000000     
   0.0000000000000000        0.0000000000000000     
   0.0000000000000000        0.0000000000000000     
   0.0000000000000000        0.0000000000000000     
   0.0000000000000000        0.0000000000000000     
   0.0000000000000000        0.0000000000000000     
   0.0000000000000000        0.0000000000000000     
   0.0000000000000000        0.0000000000000000     
   0.0000000000000000        0.0000000000000000     
 comp:           2
   0.0000000000000000        0.0000000000000000     
   0.0000000000000000        0.0000000000000000     
   0.0000000000000000        0.0000000000000000     
   0.0000000000000000        0.0000000000000000     
   0.0000000000000000        0.0000000000000000     
   0.0000000000000000        0.0000000000000000     
   0.0000000000000000        0.0000000000000000     
   0.0000000000000000        0.0000000000000000     
   0.0000000000000000        0.0000000000000000     
   0.0000000000000000        0.0000000000000000     
 comp:           3
  0.99999999640756809       -276.25025033654600       -276.25025132895621     
  0.99999999965710595       -276.25025123423165       -276.25025132895621     
  0.99999999996586575       -276.25025131952663       -276.25025132895621     
  0.99999999999658862       -276.25025132801380       -276.25025132895621     
  0.99999999999965905       -276.25025132886202       -276.25025132895621     
  0.99999999999996581       -276.25025132894677       -276.25025132895621     
  0.99999999999999667       -276.25025132895530       -276.25025132895621     
  0.99999999999999956       -276.25025132895610       -276.25025132895621     
   1.0000000000000000       -276.25025132895621       -276.25025132895621     
   1.0000000000000002       -276.25025132895627       -276.25025132895621     
 
 part:           3
 comp:           0
  0.99999990296645647        145.83733951891122        145.83735367002643     
  0.99999996990968176        145.83734928173405        145.83735367002643     
  0.99999999050282673        145.83735228498381        145.83735367002643     
  0.99999999699730457        145.83735323212127        145.83735367002643     
  0.99999999905048276        145.83735353155134        145.83735367002643     
  0.99999999969973685        145.83735362623685        145.83735367002643     
  0.99999999990504840        145.83735365617895        145.83735367002643     
  0.99999999996997369        145.83735366564747        145.83735367002643     
  0.99999999999050493        145.83735366864170        145.83735367002643     
  0.99999999999699762        145.83735366958857        145.83735367002643     
 comp:           1
  0.99999957646350279        59.722545888623792        59.722571183312397     
  0.99999986866040436        59.722563339374048        59.722571183312397     
  0.99999995854630574        59.722568707591194        59.722571183312397     
  0.99999998689369818        59.722570400570355        59.722571183312397     
  0.99999999585550292        59.722570935792376        59.722571183312397     
  0.99999999868939737        59.722571105039840        59.722571183312397     
  0.99999999958555119        59.722571158560449        59.722571183312397     
  0.99999999986893973        59.722571175485143        59.722571183312397     
  0.99999999995855504        59.722571180837200        59.722571183312397     
  0.99999999998689415        59.722571182529684        59.722571183312397     
 comp:           2
  0.99999949481687533        33.088440272129567        33.088456987859658     
  0.99999984334160641        33.088451804275138        33.088456987859658     
  0.99999995055513058        33.088455351805223        33.088456987859658     
  0.99999998436714999        33.088456470592774        33.088456987859658     
  0.99999999505655357        33.088456824288642        33.088456987859658     
  0.99999999843674792        33.088456936134058        33.088456987859658     
  0.99999999950565632        33.088456971502588        33.088456987859658     
  0.99999999984367482        33.088456982687099        33.088456987859658     
  0.99999999995056565        33.088456986223953        33.088456987859658     
  0.99999999998436773        33.088456987342411        33.088456987859658     
 comp:           3
   1.0000000000000000       -31.335319224369172       -31.335319224369172     
   1.0000000000000000       -31.335319224369172       -31.335319224369172     
   1.0000000000000000       -31.335319224369172       -31.335319224369172     
   1.0000000000000000       -31.335319224369172       -31.335319224369172     
   1.0000000000000000       -31.335319224369172       -31.335319224369172     
   1.0000000000000000       -31.335319224369172       -31.335319224369172     
   1.0000000000000000       -31.335319224369172       -31.335319224369172     
   1.0000000000000000       -31.335319224369172       -31.335319224369172     
   1.0000000000000000       -31.335319224369172       -31.335319224369172     
   1.0000000000000000       -31.335319224369172       -31.335319224369172     
 
 part:           4
 comp:           0
  0.99999986755360026        177.43409553504830        177.43411903555855     
  0.99999995892807780        177.43411174799823        177.43411903555855     
  0.99999998703678861        177.43411673544256        177.43411903555855     
  0.99999999590145672        177.43411830833713        177.43411903555855     
  0.99999999870395173        177.43411880559538        177.43411903555855     
  0.99999999959015429        177.43411896283794        177.43411903555855     
  0.99999999987039545        177.43411901256229        177.43411903555855     
  0.99999999995901545        177.43411902828649        177.43411903555855     
  0.99999999998703948        177.43411903325892        177.43411903555855     
  0.99999999999590172        177.43411903483138        177.43411903555855     
 comp:           1
  0.99999961888057443        80.748867194516620        80.748897969490230     
  0.99999988181402977        80.748888426103377        80.748897969490230     
  0.99999996269788205        80.748894957385318        80.748897969490230     
  0.99999998820629066        80.748897017161198        80.748897969490230     
  0.99999999627057334        80.748897668343133        80.748897969490230     
  0.99999999882065382        80.748897874259328        80.748897969490230     
  0.99999999962705810        80.748897939375581        80.748897969490230     
  0.99999999988206534        80.748897959967138        80.748897969490230     
  0.99999999996270583        80.748897966478765        80.748897969490230     
  0.99999999998820688        80.748897968537946        80.748897969490230     
 comp:           2
  0.99999975449939127        82.840177675958714        82.840198013277757     
  0.99999992386972247        82.840191706630492        82.840198013277757     
  0.99999997597159307        82.840196022759770        82.840198013277757     
  0.99999999240300386        82.840197383941089        82.840198013277757     
  0.99999999759766500        82.840197814267853        82.840198013277757     
  0.99999999924031635        82.840197950345413        82.840198013277757     
  0.99999999975976694        82.840197993376805        82.840198013277757     
  0.99999999992403166        82.840198006984522        82.840198013277757     
  0.99999999997597677        82.840198011287669        82.840198013277757     
  0.99999999999240330        82.840198012648443        82.840198013277757     
 comp:           3
   1.0000000000000000       -107.85530915716676       -107.85530915716676     
   1.0000000000000000       -107.85530915716676       -107.85530915716676     
   1.0000000000000000       -107.85530915716676       -107.85530915716676     
   1.0000000000000000       -107.85530915716676       -107.85530915716676     
   1.0000000000000000       -107.85530915716676       -107.85530915716676     
   1.0000000000000000       -107.85530915716676       -107.85530915716676     
   1.0000000000000000       -107.85530915716676       -107.85530915716676     
   1.0000000000000000       -107.85530915716676       -107.85530915716676     
   1.0000000000000000       -107.85530915716676       -107.85530915716676     
   1.0000000000000000       -107.85530915716676       -107.85530915716676     
 
 part:           5
 comp:           0
   1.0000001642537164        229.22856494605250        229.22852729441499     
   1.0000000509354308        229.22853897026877        229.22852729441499     
   1.0000000160763531        229.22853097957372        229.22852729441499     
   1.0000000050828166        229.22852845954156        229.22852729441499     
   1.0000000016072972        229.22852766285337        229.22852729441499     
   1.0000000005082710        229.22852741092521        229.22852729441499     
   1.0000000001607292        229.22852733125873        229.22852729441499     
   1.0000000000508271        229.22852730606601        229.22852729441499     
   1.0000000000160729        229.22852729809935        229.22852729441499     
   1.0000000000050828        229.22852729558014        229.22852729441499     
 comp:           1
   1.0000002830356618       -140.47150891123786       -140.47146915280263     
   1.0000000877699706       -140.47148148197934       -140.47146915280263     
   1.0000000277021519       -140.47147304416461       -140.47146915280263     
   1.0000000087585139       -140.47147038312394       -140.47146915280263     
   1.0000000027696325       -140.47146954185698       -140.47146915280263     
   1.0000000008758330       -140.47146927583216       -140.47146915280263     
   1.0000000002769627       -140.47146919170797       -140.47146915280263     
   1.0000000000875833       -140.47146916510559       -140.47146915280263     
   1.0000000000276963       -140.47146915669316       -140.47146915280263     
   1.0000000000087585       -140.47146915403295       -140.47146915280263     
 comp:           2
   1.0000002266389236       -115.92868127508301       -115.92865500113741     
   1.0000000702812202       -115.92866314874475       -115.92865500113741     
   1.0000000221823140       -115.92865757270323       -115.92865500113741     
   1.0000000070133217       -115.92865581418238       -115.92865500113741     
   1.0000000022177649       -115.92865525823991       -115.92865500113741     
   1.0000000007013174       -115.92865508244020       -115.92865500113741     
   1.0000000002217759       -115.92865502684761       -115.92865500113741     
   1.0000000000701317       -115.92865500926769       -115.92865500113741     
   1.0000000000221776       -115.92865500370843       -115.92865500113741     
   1.0000000000070133       -115.92865500195046       -115.92865500113741     
 comp:           3
   1.0000000000000000        139.19062838153593        139.19062838153593     
   1.0000000000000000        139.19062838153593        139.19062838153593     
   1.0000000000000000        139.19062838153593        139.19062838153593     
   1.0000000000000000        139.19062838153593        139.19062838153593     
   1.0000000000000000        139.19062838153593        139.19062838153593     
   1.0000000000000000        139.19062838153593        139.19062838153593     
   1.0000000000000000        139.19062838153593        139.19062838153593     
   1.0000000000000000        139.19062838153593        139.19062838153593     
   1.0000000000000000        139.19062838153593        139.19062838153593     
   1.0000000000000000        139.19062838153593        139.19062838153593     
 
 part:           6
 comp:           0
   1.0484750345227203        2.6351213609353231E-004   2.5132895626216460E-004
   1.0046463298917967        2.5249671350431954E-004   2.5132895626216460E-004
   1.0004627119837053        2.5144524918207926E-004   2.5132895626216460E-004
   1.0000462520749553        2.5134058074788811E-004   2.5132895626216460E-004
   1.0000046250163486        2.5133011866269617E-004   2.5132895626216460E-004
   1.0000004624997232        2.5132907250173731E-004   2.5132895626216460E-004
   1.0000000462499536        2.5132896788611716E-004   2.5132895626216460E-004
   1.0000000046249955        2.5132895742455987E-004   2.5132895626216460E-004
   1.0000000004624992        2.5132895637840403E-004   2.5132895626216460E-004
   1.0000000000462497        2.5132895627378850E-004   2.5132895626216460E-004
 comp:           1
   9.5828097447235480E-005   0.0000000000000000     
   2.9716501915079931E-005   0.0000000000000000     
   9.3791881031319674E-006   0.0000000000000000     
   2.9653923887471580E-006   0.0000000000000000     
   9.3772147594372304E-007   0.0000000000000000     
   2.9653300036860777E-007   0.0000000000000000     
   9.3771950298254321E-008   0.0000000000000000     
   2.9653293864279797E-008   0.0000000000000000     
   9.3771947045746887E-009   0.0000000000000000     
   2.9653294963071030E-009   0.0000000000000000     
 comp:           2
   6.3326994724453899E-005   0.0000000000000000     
   1.9637839111244717E-005   0.0000000000000000     
   6.1981382428440747E-006   0.0000000000000000     
   1.9596485076991839E-006   0.0000000000000000     
   6.1968341793274745E-007   0.0000000000000000     
   1.9596072811848404E-007   0.0000000000000000     
   6.1968211412201173E-008   0.0000000000000000     
   1.9596068732762900E-008   0.0000000000000000     
   6.1968209262815687E-009   0.0000000000000000     
   1.9596069458887580E-009   0.0000000000000000     
 comp:           3
  0.94362761658149219       -2.3716094397558047E-004  -2.5132895626216460E-004
  0.99459987563821128       -2.4997174864263035E-004  -2.5132895626216460E-004
  0.99946225018098545       -2.5119380416142151E-004  -2.5132895626216460E-004
  0.99994624754072137       -2.5131544671267759E-004  -2.5132895626216460E-004
  0.99999462497919611       -2.5132760536379607E-004  -2.5132895626216460E-004
  0.99999946250017047       -2.5132882117289345E-004  -2.5132895626216460E-004
  0.99999994625004018       -2.5132894275324330E-004  -2.5132895626216460E-004
  0.99999999462500433       -2.5132895491127255E-004  -2.5132895626216460E-004
  0.99999999946250018       -2.5132895612707534E-004  -2.5132895626216460E-004
  0.99999999994624977       -2.5132895624865561E-004  -2.5132895626216460E-004
 
 part: i_fks+j_fks
 comp:           0
   1.0000000405094995        276.25051384868209        276.25050265791248     
   1.0000000038842742        276.25050373094518        276.25050265791248     
   1.0000000003868350        276.25050276477583        276.25050265791248     
   1.0000000000386680        276.25050266859455        276.25050265791248     
   1.0000000000038667        276.25050265898068        276.25050265791248     
   1.0000000000003866        276.25050265801929        276.25050265791248     
   1.0000000000000386        276.25050265792316        276.25050265791248     
   1.0000000000000038        276.25050265791350        276.25050265791248     
   1.0000000000000004        276.25050265791259        276.25050265791248     
   1.0000000000000002        276.25050265791253        276.25050265791248     
 comp:           1
   9.5828097447235480E-005   0.0000000000000000     
   2.9716501915079931E-005   0.0000000000000000     
   9.3791881031319674E-006   0.0000000000000000     
   2.9653923887471580E-006   0.0000000000000000     
   9.3772147594372304E-007   0.0000000000000000     
   2.9653300036860777E-007   0.0000000000000000     
   9.3771950298254321E-008   0.0000000000000000     
   2.9653293864279797E-008   0.0000000000000000     
   9.3771947045746887E-009   0.0000000000000000     
   2.9653294963071030E-009   0.0000000000000000     
 comp:           2
   6.3326994724453899E-005   0.0000000000000000     
   1.9637839111244717E-005   0.0000000000000000     
   6.1981382428440747E-006   0.0000000000000000     
   1.9596485076991839E-006   0.0000000000000000     
   6.1968341793274745E-007   0.0000000000000000     
   1.9596072811848404E-007   0.0000000000000000     
   6.1968211412201173E-008   0.0000000000000000     
   1.9596068732762900E-008   0.0000000000000000     
   6.1968209262815687E-009   0.0000000000000000     
   1.9596069458887580E-009   0.0000000000000000     
 comp:           3
  0.99999994512074242       -276.25048749748998       -276.25050265791248     
  0.99999999474414647       -276.25050120598030       -276.25050265791248     
  0.99999999947662832       -276.25050251333079       -276.25050265791248     
  0.99999999994768518       -276.25050264346049       -276.25050265791248     
  0.99999999999476896       -276.25050265646740       -276.25050265791248     
  0.99999999999947675       -276.25050265776792       -276.25050265791248     
  0.99999999999994771       -276.25050265789804       -276.25050265791248     
  0.99999999999999467       -276.25050265791100       -276.25050265791248     
  0.99999999999999956       -276.25050265791236       -276.25050265791248     
   1.0000000000000002       -276.25050265791253       -276.25050265791248     
     
 Collinear #          37
 
 part:           1
 comp:           0
   1.0000000130361058        276.25000360122419        276.25000000000000     
   1.0000000012491166        276.25000034506849        276.25000000000000     
   1.0000000001243916        276.25000003436315        276.25000000000000     
   1.0000000000124341        276.25000000343488        276.25000000000000     
   1.0000000000012432        276.25000000034345        276.25000000000000     
   1.0000000000001243        276.25000000003433        276.25000000000000     
   1.0000000000000127        276.25000000000347        276.25000000000000     
   1.0000000000000013        276.25000000000034        276.25000000000000     
   1.0000000000000000        276.25000000000000        276.25000000000000     
   1.0000000000000000        276.25000000000000        276.25000000000000     
 comp:           1
   0.0000000000000000        0.0000000000000000     
   0.0000000000000000        0.0000000000000000     
   0.0000000000000000        0.0000000000000000     
   0.0000000000000000        0.0000000000000000     
   0.0000000000000000        0.0000000000000000     
   0.0000000000000000        0.0000000000000000     
   0.0000000000000000        0.0000000000000000     
   0.0000000000000000        0.0000000000000000     
   0.0000000000000000        0.0000000000000000     
   0.0000000000000000        0.0000000000000000     
 comp:           2
   0.0000000000000000        0.0000000000000000     
   0.0000000000000000        0.0000000000000000     
   0.0000000000000000        0.0000000000000000     
   0.0000000000000000        0.0000000000000000     
   0.0000000000000000        0.0000000000000000     
   0.0000000000000000        0.0000000000000000     
   0.0000000000000000        0.0000000000000000     
   0.0000000000000000        0.0000000000000000     
   0.0000000000000000        0.0000000000000000     
   0.0000000000000000        0.0000000000000000     
 comp:           3
   1.0000000130361058        276.25000360122419        276.25000000000000     
   1.0000000012491166        276.25000034506849        276.25000000000000     
   1.0000000001243916        276.25000003436315        276.25000000000000     
   1.0000000000124341        276.25000000343488        276.25000000000000     
   1.0000000000012432        276.25000000034345        276.25000000000000     
   1.0000000000001243        276.25000000003433        276.25000000000000     
   1.0000000000000127        276.25000000000347        276.25000000000000     
   1.0000000000000013        276.25000000000034        276.25000000000000     
   1.0000000000000000        276.25000000000000        276.25000000000000     
   1.0000000000000000        276.25000000000000        276.25000000000000     
 
 part:           2
 comp:           0
  0.99999999901809367        276.25006842326758        276.25006869451926     
  0.99999999990627819        276.25006866862861        276.25006869451926     
  0.99999999999067046        276.25006869194198        276.25006869451926     
  0.99999999999906741        276.25006869426164        276.25006869451926     
  0.99999999999990674        276.25006869449351        276.25006869451926     
  0.99999999999999056        276.25006869451664        276.25006869451926     
  0.99999999999999922        276.25006869451903        276.25006869451926     
   1.0000000000000000        276.25006869451926        276.25006869451926     
   1.0000000000000000        276.25006869451926        276.25006869451926     
   1.0000000000000000        276.25006869451926        276.25006869451926     
 comp:           1
   0.0000000000000000        0.0000000000000000     
   0.0000000000000000        0.0000000000000000     
   0.0000000000000000        0.0000000000000000     
   0.0000000000000000        0.0000000000000000     
   0.0000000000000000        0.0000000000000000     
   0.0000000000000000        0.0000000000000000     
   0.0000000000000000        0.0000000000000000     
   0.0000000000000000        0.0000000000000000     
   0.0000000000000000        0.0000000000000000     
   0.0000000000000000        0.0000000000000000     
 comp:           2
   0.0000000000000000        0.0000000000000000     
   0.0000000000000000        0.0000000000000000     
   0.0000000000000000        0.0000000000000000     
   0.0000000000000000        0.0000000000000000     
   0.0000000000000000        0.0000000000000000     
   0.0000000000000000        0.0000000000000000     
   0.0000000000000000        0.0000000000000000     
   0.0000000000000000        0.0000000000000000     
   0.0000000000000000        0.0000000000000000     
   0.0000000000000000        0.0000000000000000     
 comp:           3
  0.99999999901809367       -276.25006842326758       -276.25006869451926     
  0.99999999990627819       -276.25006866862861       -276.25006869451926     
  0.99999999999067046       -276.25006869194198       -276.25006869451926     
  0.99999999999906741       -276.25006869426164       -276.25006869451926     
  0.99999999999990674       -276.25006869449351       -276.25006869451926     
  0.99999999999999056       -276.25006869451664       -276.25006869451926     
  0.99999999999999922       -276.25006869451903       -276.25006869451926     
   1.0000000000000000       -276.25006869451926       -276.25006869451926     
   1.0000000000000000       -276.25006869451926       -276.25006869451926     
   1.0000000000000000       -276.25006869451926       -276.25006869451926     
 
 part:           3
 comp:           0
   1.0000000218638068        192.25053878258461        192.25053457925608     
   1.0000000067800141        192.25053588271740        192.25053457925608     
   1.0000000021399229        192.25053499065740        192.25053457925608     
   1.0000000006765737        192.25053470932772        192.25053457925608     
   1.0000000002139473        192.25053462038755        192.25053457925608     
   1.0000000000676559        192.25053459226297        192.25053457925608     
   1.0000000000213947        192.25053458336922        192.25053457925608     
   1.0000000000067657        192.25053458055677        192.25053457925608     
   1.0000000000021394        192.25053457966740        192.25053457925608     
   1.0000000000006766        192.25053457938614        192.25053457925608     
 comp:           1
  0.99999985003169178        28.500870117948384        28.500874392176300     
  0.99999995349450033        28.500873066728897        28.500874392176300     
  0.99999998532183132        28.500873973835660        28.500874392176300     
  0.99999999535924333        28.500874259910677        28.500874392176300     
  0.99999999853249188        28.500874350351037        28.500874392176300     
  0.99999999953593410        28.500874378950016        28.500874392176300     
  0.99999999985324950        28.500874387993782        28.500874392176300     
  0.99999999995359334        28.500874390853671        28.500874392176300     
  0.99999999998532496        28.500874391758050        28.500874392176300     
  0.99999999999535927        28.500874392044036        28.500874392176300     
 comp:           2
   1.0000001086883665       -92.497349207126220       -92.497339153741521     
   1.0000000337044996       -92.497342271318047       -92.497339153741521     
   1.0000000106378888       -92.497340137717927       -92.497339153741521     
   1.0000000033633525       -92.497339464842668       -92.497339153741521     
   1.0000000010635650       -92.497339252118465       -92.497339153741521     
   1.0000000003363283       -92.497339184850986       -92.497339153741521     
   1.0000000001063563       -92.497339163579198       -92.497339153741521     
   1.0000000000336327       -92.497339156852462       -92.497339153741521     
   1.0000000000106355       -92.497339154725282       -92.497339153741521     
   1.0000000000033633       -92.497339154052611       -92.497339153741521     
 comp:           3
   1.0000000000000000        109.39474600897819        109.39474600897819     
   1.0000000000000000        109.39474600897819        109.39474600897819     
   1.0000000000000000        109.39474600897819        109.39474600897819     
   1.0000000000000000        109.39474600897819        109.39474600897819     
   1.0000000000000000        109.39474600897819        109.39474600897819     
   1.0000000000000000        109.39474600897819        109.39474600897819     
   1.0000000000000000        109.39474600897819        109.39474600897819     
   1.0000000000000000        109.39474600897819        109.39474600897819     
   1.0000000000000000        109.39474600897819        109.39474600897819     
   1.0000000000000000        109.39474600897819        109.39474600897819     
 
 part:           4
 comp:           0
  0.99999997393309126        247.75827805501513        247.75828451330773     
  0.99999999191659428        247.75828251057700        247.75828451330773     
  0.99999999744869750        247.75828388120141        247.75828451330773     
  0.99999999919336158        247.75828431345639        247.75828451330773     
  0.99999999974492348        247.75828445011041        247.75828451330773     
  0.99999999991933786        247.75828449332300        247.75828451330773     
  0.99999999997449240        247.75828450698802        247.75828451330773     
  0.99999999999193379        247.75828451130926        247.75828451330773     
  0.99999999999744915        247.75828451267574        247.75828451330773     
  0.99999999999919342        247.75828451310790        247.75828451330773     
 comp:           1
  0.99999981018722006        29.019689553193803        29.019695061502794     
  0.99999994113864188        29.019693353364129        29.019695061502794     
  0.99999998142204771        29.019694522376284        29.019695061502794     
  0.99999999412625939        29.019694891048633        29.019695061502794     
  0.99999999814259566        29.019695007601488        29.019695061502794     
  0.99999999941263829        29.019695044457738        29.019695061502794     
  0.99999999981425991        29.019695056112674        29.019695061502794     
  0.99999999994126376        29.019695059798288        29.019695061502794     
  0.99999999998142608        29.019695060963784        29.019695061502794     
  0.99999999999412637        29.019695061332342        29.019695061502794     
 comp:           2
  0.99999988345084756        111.16389327201414        111.16390622807319     
  0.99999996385785284        111.16390221037094        111.16390622807319     
  0.99999998859273542        111.16390495999710        111.16390622807319     
  0.99999999639339621        111.16390582714902        111.16390622807319     
  0.99999999885951352        111.16390610129226        111.16390622807319     
  0.99999999963934716        111.16390618798161        111.16390622807319     
  0.99999999988595156        111.16390621539512        111.16390622807319     
  0.99999999996393474        111.16390622406404        111.16390622807319     
  0.99999999998859512        111.16390622680538        111.16390622807319     
  0.99999999999639344        111.16390622767227        111.16390622807319     
 comp:           3
   1.0000000000000000       -204.24836557794080       -204.24836557794080     
   1.0000000000000000       -204.24836557794080       -204.24836557794080     
   1.0000000000000000       -204.24836557794080       -204.24836557794080     
   1.0000000000000000       -204.24836557794080       -204.24836557794080     
   1.0000000000000000       -204.24836557794080       -204.24836557794080     
   1.0000000000000000       -204.24836557794080       -204.24836557794080     
   1.0000000000000000       -204.24836557794080       -204.24836557794080     
   1.0000000000000000       -204.24836557794080       -204.24836557794080     
   1.0000000000000000       -204.24836557794080       -204.24836557794080     
   1.0000000000000000       -204.24836557794080       -204.24836557794080     
 
 part:           5
 comp:           0
   1.0000000200457053        112.49118316240121        112.49118090743616     
   1.0000000062162167        112.49118160670571        112.49118090743616     
   1.0000000019619759        112.49118112814115        112.49118090743616     
   1.0000000006203127        112.49118097721586        112.49118090743616     
   1.0000000001961564        112.49118092950202        112.49118090743616     
   1.0000000000620299        112.49118091441399        112.49118090743616     
   1.0000000000196156        112.49118090964274        112.49118090743616     
   1.0000000000062030        112.49118090813394        112.49118090743616     
   1.0000000000019615        112.49118090765681        112.49118090743616     
   1.0000000000006202        112.49118090750594        112.49118090743616     
 comp:           1
   1.0000000434795879       -57.520571954649746       -57.520569453679094     
   1.0000000134831151       -57.520570229235553       -57.520569453679094     
   1.0000000042555706       -57.520569698461941       -57.520569453679094     
   1.0000000013454722       -57.520569531071423       -57.520569453679094     
   1.0000000004254674       -57.520569478152225       -57.520569453679094     
   1.0000000001345444       -57.520569461418162       -57.520569453679094     
   1.0000000000425466       -57.520569456126402       -57.520569453679094     
   1.0000000000134546       -57.520569454453003       -57.520569453679094     
   1.0000000000042546       -57.520569453923827       -57.520569453679094     
   1.0000000000013454       -57.520569453756487       -57.520569453679094     
 comp:           2
   1.0000003151365422       -18.666572956849063       -18.666567074331660     
   1.0000000977245296       -18.666568898513145       -18.666567074331660     
   1.0000000308440322       -18.666567650083856       -18.666567074331660     
   1.0000000097518738       -18.666567256365663       -18.666567074331660     
   1.0000000030837544       -18.666567131894766       -18.666567074331660     
   1.0000000009751668       -18.666567092534677       -18.666567074331660     
   1.0000000003083749       -18.666567080087958       -18.666567074331660     
   1.0000000000975167       -18.666567076151960       -18.666567074331660     
   1.0000000000308373       -18.666567074907288       -18.666567074331660     
   1.0000000000097518       -18.666567074513690       -18.666567074331660     
 comp:           3
   1.0000000000000000        94.853619568962614        94.853619568962614     
   1.0000000000000000        94.853619568962614        94.853619568962614     
   1.0000000000000000        94.853619568962614        94.853619568962614     
   1.0000000000000000        94.853619568962614        94.853619568962614     
   1.0000000000000000        94.853619568962614        94.853619568962614     
   1.0000000000000000        94.853619568962614        94.853619568962614     
   1.0000000000000000        94.853619568962614        94.853619568962614     
   1.0000000000000000        94.853619568962614        94.853619568962614     
   1.0000000000000000        94.853619568962614        94.853619568962614     
   1.0000000000000000        94.853619568962614        94.853619568962614     
 
 part:           6
 comp:           0
   1.0484750699643768        7.2024490906089488E-005   6.8694519277922938E-005
   1.0046463334451485        6.9013696920342357E-005   6.8694519277922938E-005
   1.0004627123390559        6.8726305079618353E-005   6.8694519277922938E-005
   1.0000462521104903        6.8697696544418657E-005   6.8694519277922938E-005
   1.0000046250199019        6.8694836991441748E-005   6.8694519277922938E-005
   1.0000004625000782        6.8694551049143480E-005   6.8694519277922938E-005
   1.0000000462499889        6.8694522455043695E-005   6.8694519277922938E-005
   1.0000000046249991        6.8694519595635022E-005   6.8694519277922938E-005
   1.0000000004624994        6.8694519309694114E-005   6.8694519277922938E-005
   1.0000000000462497        6.8694519281100030E-005   6.8694519277922938E-005
 comp:           1
   1.2283507559914856E-005   0.0000000000000000     
   3.8091425264657914E-006   0.0000000000000000     
   1.2022499962769821E-006   0.0000000000000000     
   3.8011211094394824E-007   0.0000000000000000     
   1.2019970478643445E-007   0.0000000000000000     
   3.8010411426186066E-008   0.0000000000000000     
   1.2019945188705349E-008   0.0000000000000000     
   3.8010403514008627E-009   0.0000000000000000     
   1.2019944771790229E-009   0.0000000000000000     
   3.8010404922469339E-010   0.0000000000000000     
 comp:           2
   2.8891961148886573E-005   0.0000000000000000     
   8.9594602639691072E-006   0.0000000000000000     
   2.8278046815419852E-006   0.0000000000000000     
   8.9405931392530826E-007   0.0000000000000000     
   2.8272097231658900E-007   0.0000000000000000     
   8.9404050497948667E-008   0.0000000000000000     
   2.8272037747353996E-008   0.0000000000000000     
   8.9404031887765691E-009   0.0000000000000000     
   2.8272036766730558E-009   0.0000000000000000     
   8.9404035200597312E-010   0.0000000000000000     
 comp:           3
  0.94362758634027089       -6.4822043421031633E-005  -6.8694519277922938E-005
  0.99459987258301552       -6.8323560120973654E-005  -6.8694519277922938E-005
  0.99946224987524168       -6.8657578791611024E-005  -6.8694519277922938E-005
  0.99994624751014438       -6.8690826776472312E-005  -6.8694519277922938E-005
  0.99999462497613845       -6.8694150043242659E-005  -6.8694519277922938E-005
  0.99999946249986449       -6.8694482354609518E-005  -6.8694519277922938E-005
  0.99999994625000943       -6.8694515585593171E-005  -6.8694519277922938E-005
  0.99999999462500155       -6.8694518908690000E-005  -6.8694519277922938E-005
  0.99999999946249962       -6.8694519240999606E-005  -6.8694519277922938E-005
  0.99999999994624955       -6.8694519274230579E-005  -6.8694519277922938E-005
 
 part: i_fks+j_fks
 comp:           0
   1.0000000110722840        276.25014044775850        276.25013738903851     
   1.0000000010616721        276.25013768232554        276.25013738903851     
   1.0000000001057323        276.25013741824705        276.25013738903851     
   1.0000000000105689        276.25013739195816        276.25013738903851     
   1.0000000000010569        276.25013738933052        276.25013738903851     
   1.0000000000001055        276.25013738906767        276.25013738903851     
   1.0000000000000107        276.25013738904147        276.25013738903851     
   1.0000000000000013        276.25013738903885        276.25013738903851     
   1.0000000000000002        276.25013738903857        276.25013738903851     
   1.0000000000000000        276.25013738903851        276.25013738903851     
 comp:           1
   1.2283507559914856E-005   0.0000000000000000     
   3.8091425264657914E-006   0.0000000000000000     
   1.2022499962769821E-006   0.0000000000000000     
   3.8011211094394824E-007   0.0000000000000000     
   1.2019970478643445E-007   0.0000000000000000     
   3.8010411426186066E-008   0.0000000000000000     
   1.2019945188705349E-008   0.0000000000000000     
   3.8010403514008627E-009   0.0000000000000000     
   1.2019944771790229E-009   0.0000000000000000     
   3.8010404922469339E-010   0.0000000000000000     
 comp:           2
   2.8891961148886573E-005   0.0000000000000000     
   8.9594602639691072E-006   0.0000000000000000     
   2.8278046815419852E-006   0.0000000000000000     
   8.9405931392530826E-007   0.0000000000000000     
   2.8272097231658900E-007   0.0000000000000000     
   8.9404050497948667E-008   0.0000000000000000     
   2.8272037747353996E-008   0.0000000000000000     
   8.9404031887765691E-009   0.0000000000000000     
   2.8272036766730558E-009   0.0000000000000000     
   8.9404035200597312E-010   0.0000000000000000     
 comp:           3
  0.99999998500008891       -276.25013324531102       -276.25013738903851     
  0.99999999856344046       -276.25013699218874       -276.25013738903851     
  0.99999999985694932       -276.25013734952074       -276.25013738903851     
  0.99999999998570099       -276.25013738508841       -276.25013738903851     
  0.99999999999857037       -276.25013738864357       -276.25013738903851     
  0.99999999999985700       -276.25013738899901       -276.25013738903851     
  0.99999999999998579       -276.25013738903459       -276.25013738903851     
  0.99999999999999878       -276.25013738903817       -276.25013738903851     
   1.0000000000000000       -276.25013738903851       -276.25013738903851     
   1.0000000000000000       -276.25013738903851       -276.25013738903851     
     
 Collinear #          45
 
 part:           1
 comp:           0
   1.0000000239110369        276.25000660542389        276.24999999999994     
   1.0000000022911502        276.25000063293015        276.24999999999994     
   1.0000000002281610        276.25000006302946        276.24999999999994     
   1.0000000000228069        276.25000000630035        276.24999999999994     
   1.0000000000022808        276.25000000063000        276.24999999999994     
   1.0000000000002283        276.25000000006298        276.24999999999994     
   1.0000000000000231        276.25000000000631        276.24999999999994     
   1.0000000000000024        276.25000000000063        276.24999999999994     
   1.0000000000000004        276.25000000000006        276.24999999999994     
   1.0000000000000000        276.24999999999994        276.24999999999994     
 comp:           1
   0.0000000000000000        0.0000000000000000     
   0.0000000000000000        0.0000000000000000     
   0.0000000000000000        0.0000000000000000     
   0.0000000000000000        0.0000000000000000     
   0.0000000000000000        0.0000000000000000     
   0.0000000000000000        0.0000000000000000     
   0.0000000000000000        0.0000000000000000     
   0.0000000000000000        0.0000000000000000     
   0.0000000000000000        0.0000000000000000     
   0.0000000000000000        0.0000000000000000     
 comp:           2
   0.0000000000000000        0.0000000000000000     
   0.0000000000000000        0.0000000000000000     
   0.0000000000000000        0.0000000000000000     
   0.0000000000000000        0.0000000000000000     
   0.0000000000000000        0.0000000000000000     
   0.0000000000000000        0.0000000000000000     
   0.0000000000000000        0.0000000000000000     
   0.0000000000000000        0.0000000000000000     
   0.0000000000000000        0.0000000000000000     
   0.0000000000000000        0.0000000000000000     
 comp:           3
   1.0000000239110369        276.25000660542389        276.24999999999994     
   1.0000000022911502        276.25000063293015        276.24999999999994     
   1.0000000002281610        276.25000006302946        276.24999999999994     
   1.0000000000228069        276.25000000630035        276.24999999999994     
   1.0000000000022808        276.25000000063000        276.24999999999994     
   1.0000000000002283        276.25000000006298        276.24999999999994     
   1.0000000000000231        276.25000000000631        276.24999999999994     
   1.0000000000000024        276.25000000000063        276.24999999999994     
   1.0000000000000004        276.25000000000006        276.24999999999994     
   1.0000000000000000        276.24999999999994        276.24999999999994     
 
 part:           2
 comp:           0
  0.99999999819897434        276.25012550308026        276.25012600061382     
  0.99999999982809407        276.25012595312478        276.25012600061382     
  0.99999999998288736        276.25012599588644        276.25012600061382     
  0.99999999999828970        276.25012600014134        276.25012600061382     
  0.99999999999982903        276.25012600056658        276.25012600061382     
  0.99999999999998290        276.25012600060910        276.25012600061382     
  0.99999999999999833        276.25012600061336        276.25012600061382     
  0.99999999999999978        276.25012600061376        276.25012600061382     
   1.0000000000000000        276.25012600061382        276.25012600061382     
   1.0000000000000000        276.25012600061382        276.25012600061382     
 comp:           1
   0.0000000000000000        0.0000000000000000     
   0.0000000000000000        0.0000000000000000     
   0.0000000000000000        0.0000000000000000     
   0.0000000000000000        0.0000000000000000     
   0.0000000000000000        0.0000000000000000     
   0.0000000000000000        0.0000000000000000     
   0.0000000000000000        0.0000000000000000     
   0.0000000000000000        0.0000000000000000     
   0.0000000000000000        0.0000000000000000     
   0.0000000000000000        0.0000000000000000     
 comp:           2
   0.0000000000000000        0.0000000000000000     
   0.0000000000000000        0.0000000000000000     
   0.0000000000000000        0.0000000000000000     
   0.0000000000000000        0.0000000000000000     
   0.0000000000000000        0.0000000000000000     
   0.0000000000000000        0.0000000000000000     
   0.0000000000000000        0.0000000000000000     
   0.0000000000000000        0.0000000000000000     
   0.0000000000000000        0.0000000000000000     
   0.0000000000000000        0.0000000000000000     
 comp:           3
  0.99999999819897434       -276.25012550308026       -276.25012600061382     
  0.99999999982809407       -276.25012595312478       -276.25012600061382     
  0.99999999998288736       -276.25012599588644       -276.25012600061382     
  0.99999999999828970       -276.25012600014134       -276.25012600061382     
  0.99999999999982903       -276.25012600056658       -276.25012600061382     
  0.99999999999998290       -276.25012600060910       -276.25012600061382     
  0.99999999999999833       -276.25012600061336       -276.25012600061382     
  0.99999999999999978       -276.25012600061376       -276.25012600061382     
   1.0000000000000000       -276.25012600061382       -276.25012600061382     
   1.0000000000000000       -276.25012600061382       -276.25012600061382     
 
 part:           3
 comp:           0
   1.0000000728219538        247.35048417079906        247.35046615825482     
   1.0000000225822459        247.35047174398386        247.35046615825482     
   1.0000000071274582        247.35046792123492        247.35046615825482     
   1.0000000022534692        247.35046671565149        247.35046615825482     
   1.0000000007125960        247.35046633451574        247.35046615825482     
   1.0000000002253422        247.35046621399331        247.35046615825482     
   1.0000000000712594        247.35046617588088        247.35046615825482     
   1.0000000000225342        247.35046616382866        247.35046615825482     
   1.0000000000071259        247.35046616001742        247.35046615825482     
   1.0000000000022533        247.35046615881220        247.35046615825482     
 comp:           1
   1.0000005738114111        25.882611217526005        25.882596365796861     
   1.0000001779401673        25.882600971350385        25.882596365796861     
   1.0000000561618687        25.882597819411838        25.882596365796861     
   1.0000000177565460        25.882596825382375        25.882596365796861     
   1.0000000056150053        25.882596511127776        25.882596365796861     
   1.0000000017756172        25.882596411754442        25.882596365796861     
   1.0000000005614993        25.882596380329922        25.882596365796861     
   1.0000000001775617        25.882596370392619        25.882596365796861     
   1.0000000000561500        25.882596367250166        25.882596365796861     
   1.0000000000177562        25.882596366256436        25.882596365796861     
 comp:           2
   1.0000001090761215       -193.19072595233936       -193.19070487984658     
   1.0000000338247426       -193.19071141447245       -193.19070487984658     
   1.0000000106758400       -193.19070694231962       -193.19070487984658     
   1.0000000033753516       -193.19070553193311       -193.19070487984658     
   1.0000000010673593       -193.19070508605049       -193.19070487984658     
   1.0000000003375280       -193.19070494505385       -193.19070487984658     
   1.0000000001067357       -193.19070490046693       -193.19070487984658     
   1.0000000000337528       -193.19070488636731       -193.19070487984658     
   1.0000000000106735       -193.19070488190860       -193.19070487984658     
   1.0000000000033753       -193.19070488049866       -193.19070487984658     
 comp:           3
   1.0000000000000000        86.975260057669445        86.975260057669445     
   1.0000000000000000        86.975260057669445        86.975260057669445     
   1.0000000000000000        86.975260057669445        86.975260057669445     
   1.0000000000000000        86.975260057669445        86.975260057669445     
   1.0000000000000000        86.975260057669445        86.975260057669445     
   1.0000000000000000        86.975260057669445        86.975260057669445     
   1.0000000000000000        86.975260057669445        86.975260057669445     
   1.0000000000000000        86.975260057669445        86.975260057669445     
   1.0000000000000000        86.975260057669445        86.975260057669445     
   1.0000000000000000        86.975260057669445        86.975260057669445     
 
 part:           4
 comp:           0
   1.0000000211328877        87.310587379718427        87.310585534593628     
   1.0000000065533536        87.310586106770771        87.310585534593628     
   1.0000000020683837        87.310585715185425        87.310585534593628     
   1.0000000006539553        87.310585591690852        87.310585534593628     
   1.0000000002067948        87.310585552649002        87.310585534593628     
   1.0000000000653941        87.310585540303222        87.310585534593628     
   1.0000000000206795        87.310585536399159        87.310585534593628     
   1.0000000000065394        87.310585535164591        87.310585534593628     
   1.0000000000020679        87.310585534774177        87.310585534593628     
   1.0000000000006539        87.310585534650727        87.310585534593628     
 comp:           1
   1.0000004465535888        11.739721284558438        11.739716042146108     
   1.0000001384772419        11.739717667829606        11.739716042146108     
   1.0000000437064935        11.739716555247931        11.739716042146108     
   1.0000000138185632        11.739716204372117        11.739716042146108     
   1.0000000043697297        11.739716093445494        11.739716042146108     
   1.0000000013818273        11.739716058368368        11.739716042146108     
   1.0000000004369720        11.739716047276037        11.739716042146108     
   1.0000000001381828        11.739716043768334        11.739716042146108     
   1.0000000000436973        11.739716042659101        11.739716042146108     
   1.0000000000138183        11.739716042308331        11.739716042146108     
 comp:           2
   1.0000005557499638       -13.384152252758250       -13.384144814520255     
   1.0000001723392757       -13.384147121134079       -13.384144814520255     
   1.0000000543941034       -13.384145542538812       -13.384144814520255     
   1.0000000171976360       -13.384145044695906       -13.384144814520255     
   1.0000000054382661       -13.384144887306794       -13.384144814520255     
   1.0000000017197272       -13.384144837537335       -13.384144814520255     
   1.0000000005438254       -13.384144821798893       -13.384144814520255     
   1.0000000001719727       -13.384144816821962       -13.384144814520255     
   1.0000000000543825       -13.384144815248119       -13.384144814520255     
   1.0000000000171974       -13.384144814750426       -13.384144814520255     
 comp:           3
   1.0000000000000000       -28.964911994632082       -28.964911994632082     
   1.0000000000000000       -28.964911994632082       -28.964911994632082     
   1.0000000000000000       -28.964911994632082       -28.964911994632082     
   1.0000000000000000       -28.964911994632082       -28.964911994632082     
   1.0000000000000000       -28.964911994632082       -28.964911994632082     
   1.0000000000000000       -28.964911994632082       -28.964911994632082     
   1.0000000000000000       -28.964911994632082       -28.964911994632082     
   1.0000000000000000       -28.964911994632082       -28.964911994632082     
   1.0000000000000000       -28.964911994632082       -28.964911994632082     
   1.0000000000000000       -28.964911994632082       -28.964911994632082     
 
 part:           5
 comp:           0
  0.99999990884244461        217.83892844948556        217.83894830715155     
  0.99999997173184207        217.83894214924575        217.83894830715155     
  0.99999999107794124        217.83894636357965        217.83894830715155     
  0.99999999717913723        217.83894769265777        217.83894830715155     
  0.99999999910798187        217.83894811283525        217.83894830715155     
  0.99999999971791953        217.83894824570345        217.83894830715155     
  0.99999999991079835        217.83894828771997        217.83894830715155     
  0.99999999997179201        217.83894830100675        217.83894830715155     
  0.99999999999107980        217.83894830520839        217.83894830715155     
  0.99999999999717926        217.83894830653708        217.83894830715155     
 comp:           1
  0.99999965234034327       -37.622299328182756       -37.622312407942971     
  0.99999989218997853       -37.622308351880662       -37.622312407942971     
  0.99999996597276164       -37.622311127759581       -37.622312407942971     
  0.99999998924170141       -37.622312003190899       -37.622312407942971     
  0.99999999659799210       -37.622312279951565       -37.622312407942971     
  0.99999999892419256       -37.622312367468609       -37.622312407942971     
  0.99999999965979991       -37.622312395143858       -37.622312407942971     
  0.99999999989241928       -37.622312403895535       -37.622312407942971     
  0.99999999996597988       -37.622312406663056       -37.622312407942971     
  0.99999999998924183       -37.622312407538224       -37.622312407942971     
 comp:           2
  0.99999991016176093        206.57483113604610        206.57484969436683     
  0.99999997214096514        206.57484393939089        206.57484969436683     
  0.99999999120706962        206.57484787796855        206.57484969436683     
  0.99999999721996324        206.57484912008115        206.57484969436683     
  0.99999999912089188        206.57484951276521        206.57484969436683     
  0.99999999972200215        206.57484963693946        206.57484969436683     
  0.99999999991208932        206.57484967620670        206.57484969436683     
  0.99999999997220013        206.57484968862408        206.57484969436683     
  0.99999999999120892        206.57484969255083        206.57484969436683     
  0.99999999999722011        206.57484969379257        206.57484969436683     
 comp:           3
   1.0000000000000000       -58.010348063037362       -58.010348063037362     
   1.0000000000000000       -58.010348063037362       -58.010348063037362     
   1.0000000000000000       -58.010348063037362       -58.010348063037362     
   1.0000000000000000       -58.010348063037362       -58.010348063037362     
   1.0000000000000000       -58.010348063037362       -58.010348063037362     
   1.0000000000000000       -58.010348063037362       -58.010348063037362     
   1.0000000000000000       -58.010348063037362       -58.010348063037362     
   1.0000000000000000       -58.010348063037362       -58.010348063037362     
   1.0000000000000000       -58.010348063037362       -58.010348063037362     
   1.0000000000000000       -58.010348063037362       -58.010348063037362     
 
 part:           6
 comp:           0
   1.0484750588436693        1.3210850101307389E-004   1.2600061384271006E-004
   1.0046463323301957        1.2658605456843195E-004   1.2600061384271006E-004
   1.0004627122275558        1.2605891586741461E-004   1.2600061384271006E-004
   1.0000462520993405        1.2600644163561847E-004   1.2600061384271006E-004
   1.0000046250187873        1.2600119659791629E-004   1.2600061384271006E-004
   1.0000004624999670        1.2600067211798982E-004   1.2600061384271006E-004
   1.0000000462499778        1.2600061967023567E-004   1.2600061384271006E-004
   1.0000000046249982        1.2600061442546266E-004   1.2600061384271006E-004
   1.0000000004624992        1.2600061390098525E-004   1.2600061384271006E-004
   1.0000000000462497        1.2600061384853754E-004   1.2600061384271006E-004
 comp:           1
  -3.3173901687786227E-005  -0.0000000000000000     
  -1.0287299331801677E-005  -0.0000000000000000     
  -3.2469001860812934E-006  -0.0000000000000000     
  -1.0265635995211161E-006  -0.0000000000000000     
  -3.2462170515950895E-007  -0.0000000000000000     
  -1.0265420029858704E-007  -0.0000000000000000     
  -3.2462102215744191E-008  -0.0000000000000000     
  -1.0265417893027235E-008  -0.0000000000000000     
  -3.2462101089787053E-009  -0.0000000000000000     
  -1.0265418273408293E-009  -0.0000000000000000     
 comp:           2
   4.7069051508510625E-005   0.0000000000000000     
   1.4596215624233159E-005   0.0000000000000000     
   4.6068898841018939E-006   0.0000000000000000     
   1.4565478428608060E-006   0.0000000000000000     
   4.6059206133594590E-007   0.0000000000000000     
   1.4565172004467951E-007   0.0000000000000000     
   4.6059109225308753E-008   0.0000000000000000     
   1.4565168972607801E-008   0.0000000000000000     
   4.6059107627735601E-009   0.0000000000000000     
   1.4565169512314460E-009   0.0000000000000000     
 comp:           3
  0.94362759582920819       -1.1889765631340095E-004  -1.2600061384271006E-004
  0.99459987354165935       -1.2532019459413087E-004  -1.2600061384271006E-004
  0.99946224997117639       -1.2593285700898435E-004  -1.2600061384271006E-004
  0.99994624751973893       -1.2599384099720159E-004  -1.2600061384271006E-004
  0.99999462497709812       -1.2599993658652501E-004  -1.2600061384271006E-004
  0.99999946249996075       -1.2600054611737517E-004  -1.2600061384271006E-004
  0.99999994625001887       -1.2600060707017944E-004  -1.2600061384271006E-004
  0.99999999462500266       -1.2600061316545710E-004  -1.2600061384271006E-004
  0.99999999946249996       -1.2600061377498472E-004  -1.2600061384271006E-004
  0.99999999994624966       -1.2600061383593748E-004  -1.2600061384271006E-004
 
 part: i_fks+j_fks
 comp:           0
   1.0000000203089539        276.25025761158128        276.25025200122764     
   1.0000000019473347        276.25025253917937        276.25025200122764     
   1.0000000001939351        276.25025205480227        276.25025200122764     
   1.0000000000193858        276.25025200658297        276.25025200122764     
   1.0000000000019384        276.25025200176316        276.25025200122764     
   1.0000000000001941        276.25025200128124        276.25025200122764     
   1.0000000000000195        276.25025200123304        276.25025200122764     
   1.0000000000000020        276.25025200122820        276.25025200122764     
   1.0000000000000002        276.25025200122769        276.25025200122764     
   1.0000000000000002        276.25025200122769        276.25025200122764     
 comp:           1
  -3.3173901687786227E-005   0.0000000000000000     
  -1.0287299331801677E-005   0.0000000000000000     
  -3.2469001860812934E-006   0.0000000000000000     
  -1.0265635995211161E-006   0.0000000000000000     
  -3.2462170515950895E-007   0.0000000000000000     
  -1.0265420029858704E-007   0.0000000000000000     
  -3.2462102215744191E-008   0.0000000000000000     
  -1.0265417893027235E-008   0.0000000000000000     
  -3.2462101089787053E-009   0.0000000000000000     
  -1.0265418273408293E-009   0.0000000000000000     
 comp:           2
   4.7069051508510625E-005   0.0000000000000000     
   1.4596215624233159E-005   0.0000000000000000     
   4.6068898841018939E-006   0.0000000000000000     
   1.4565478428608060E-006   0.0000000000000000     
   4.6059206133594590E-007   0.0000000000000000     
   1.4565172004467951E-007   0.0000000000000000     
   4.6059109225308753E-008   0.0000000000000000     
   1.4565168972607801E-008   0.0000000000000000     
   4.6059107627735601E-009   0.0000000000000000     
   1.4565169512314460E-009   0.0000000000000000     
 comp:           3
  0.99999997248693528       -276.25024440073656       -276.25025200122764     
  0.99999999736504031       -276.25025127331935       -276.25025200122764     
  0.99999999973761411       -276.25025192874347       -276.25025200122764     
  0.99999999997377265       -276.25025199398232       -276.25025200122764     
  0.99999999999737754       -276.25025200050317       -276.25025200122764     
  0.99999999999973788       -276.25025200115522       -276.25025200122764     
  0.99999999999997391       -276.25025200122042       -276.25025200122764     
  0.99999999999999756       -276.25025200122695       -276.25025200122764     
  0.99999999999999978       -276.25025200122758       -276.25025200122764     
   1.0000000000000000       -276.25025200122764       -276.25025200122764     
     
 Collinear #          61
 
 part:           1
 comp:           0
   1.0000000448382742        276.25001238657325        276.25000000000000     
   1.0000000042963926        276.25000118687842        276.25000000000000     
   1.0000000004278502        276.25000011819361        276.25000000000000     
   1.0000000000427673        276.25000001181445        276.25000000000000     
   1.0000000000042766        276.25000000118138        276.25000000000000     
   1.0000000000004277        276.25000000011812        276.25000000000000     
   1.0000000000000429        276.25000000001182        276.25000000000000     
   1.0000000000000042        276.25000000000119        276.25000000000000     
   1.0000000000000004        276.25000000000011        276.25000000000000     
   1.0000000000000000        276.25000000000000        276.25000000000000     
 comp:           1
   0.0000000000000000        0.0000000000000000     
   0.0000000000000000        0.0000000000000000     
   0.0000000000000000        0.0000000000000000     
   0.0000000000000000        0.0000000000000000     
   0.0000000000000000        0.0000000000000000     
   0.0000000000000000        0.0000000000000000     
   0.0000000000000000        0.0000000000000000     
   0.0000000000000000        0.0000000000000000     
   0.0000000000000000        0.0000000000000000     
   0.0000000000000000        0.0000000000000000     
 comp:           2
   0.0000000000000000        0.0000000000000000     
   0.0000000000000000        0.0000000000000000     
   0.0000000000000000        0.0000000000000000     
   0.0000000000000000        0.0000000000000000     
   0.0000000000000000        0.0000000000000000     
   0.0000000000000000        0.0000000000000000     
   0.0000000000000000        0.0000000000000000     
   0.0000000000000000        0.0000000000000000     
   0.0000000000000000        0.0000000000000000     
   0.0000000000000000        0.0000000000000000     
 comp:           3
   1.0000000448382742        276.25001238657325        276.25000000000000     
   1.0000000042963926        276.25000118687842        276.25000000000000     
   1.0000000004278502        276.25000011819361        276.25000000000000     
   1.0000000000427673        276.25000001181445        276.25000000000000     
   1.0000000000042766        276.25000000118138        276.25000000000000     
   1.0000000000004277        276.25000000011812        276.25000000000000     
   1.0000000000000429        276.25000000001182        276.25000000000000     
   1.0000000000000042        276.25000000000119        276.25000000000000     
   1.0000000000000004        276.25000000000011        276.25000000000000     
   1.0000000000000000        276.25000000000000        276.25000000000000     
 
 part:           2
 comp:           0
  0.99999999662270189        276.25023534498655        276.25023627796594     
  0.99999999967763975        276.25023618891385        276.25023627796594     
  0.99999999996791034        276.25023626910115        276.25023627796594     
  0.99999999999679268        276.25023627707992        276.25023627796594     
  0.99999999999967926        276.25023627787732        276.25023627796594     
  0.99999999999996791        276.25023627795707        276.25023627796594     
  0.99999999999999667        276.25023627796503        276.25023627796594     
  0.99999999999999978        276.25023627796588        276.25023627796594     
   1.0000000000000000        276.25023627796594        276.25023627796594     
   1.0000000000000000        276.25023627796594        276.25023627796594     
 comp:           1
   0.0000000000000000        0.0000000000000000     
   0.0000000000000000        0.0000000000000000     
   0.0000000000000000        0.0000000000000000     
   0.0000000000000000        0.0000000000000000     
   0.0000000000000000        0.0000000000000000     
   0.0000000000000000        0.0000000000000000     
   0.0000000000000000        0.0000000000000000     
   0.0000000000000000        0.0000000000000000     
   0.0000000000000000        0.0000000000000000     
   0.0000000000000000        0.0000000000000000     
 comp:           2
   0.0000000000000000        0.0000000000000000     
   0.0000000000000000        0.0000000000000000     
   0.0000000000000000        0.0000000000000000     
   0.0000000000000000        0.0000000000000000     
   0.0000000000000000        0.0000000000000000     
   0.0000000000000000        0.0000000000000000     
   0.0000000000000000        0.0000000000000000     
   0.0000000000000000        0.0000000000000000     
   0.0000000000000000        0.0000000000000000     
   0.0000000000000000        0.0000000000000000     
 comp:           3
  0.99999999662270189       -276.25023534498655       -276.25023627796594     
  0.99999999967763975       -276.25023618891385       -276.25023627796594     
  0.99999999996791034       -276.25023626910115       -276.25023627796594     
  0.99999999999679268       -276.25023627707992       -276.25023627796594     
  0.99999999999967926       -276.25023627787732       -276.25023627796594     
  0.99999999999996791       -276.25023627795707       -276.25023627796594     
  0.99999999999999667       -276.25023627796503       -276.25023627796594     
  0.99999999999999978       -276.25023627796588       -276.25023627796594     
   1.0000000000000000       -276.25023627796594       -276.25023627796594     
   1.0000000000000000       -276.25023627796594       -276.25023627796594     
 
 part:           3
 comp:           0
   1.0000000334255659        155.98394535142313        155.98394013757166     
   1.0000000103653370        155.98394175439776        155.98394013757166     
   1.0000000032715302        155.98394064787783        155.98394013757166     
   1.0000000010343508        155.98394029891378        155.98394013757166     
   1.0000000003270841        155.98394018859153        155.98394013757166     
   1.0000000001034328        155.98394015370553        155.98394013757166     
   1.0000000000327083        155.98394014267365        155.98394013757166     
   1.0000000000103431        155.98394013918502        155.98394013757166     
   1.0000000000032709        155.98394013808186        155.98394013757166     
   1.0000000000010345        155.98394013773304        155.98394013757166     
 comp:           1
   1.0000012679048722        24.032308440636381        24.032277969994052     
   1.0000003931800610        24.032287419006568        24.032277969994052     
   1.0000001240963605        24.032280952312284        24.032277969994052     
   1.0000000392352086        24.032278912905493        24.032277969994052     
   1.0000000124070252        24.032278268163129        24.032277969994052     
   1.0000000039234382        24.032278064283211        24.032277969994052     
   1.0000000012407000        24.032277999810898        24.032277969994052     
   1.0000000003923437        24.032277979422965        24.032277969994052     
   1.0000000001240701        24.032277972975738        24.032277969994052     
   1.0000000000392346        24.032277970936949        24.032277969994052     
 comp:           2
   1.0000000118286958        82.749981935962168        82.749980957137808     
   1.0000000036681045        82.749981260673380        82.749980957137808     
   1.0000000011577352        82.749981052940370        82.749980957137808     
   1.0000000003660381        82.749980987427449        82.749980957137808     
   1.0000000001157492        82.749980966716052        82.749980957137808     
   1.0000000000366029        82.749980960166710        82.749980957137808     
   1.0000000000115750        82.749980958095634        82.749980957137808     
   1.0000000000036604        82.749980957440698        82.749980957137808     
   1.0000000000011575        82.749980957233589        82.749980957137808     
   1.0000000000003659        82.749980957168091        82.749980957137808     
 comp:           3
   1.0000000000000000       -35.789381777390560       -35.789381777390560     
   1.0000000000000000       -35.789381777390560       -35.789381777390560     
   1.0000000000000000       -35.789381777390560       -35.789381777390560     
   1.0000000000000000       -35.789381777390560       -35.789381777390560     
   1.0000000000000000       -35.789381777390560       -35.789381777390560     
   1.0000000000000000       -35.789381777390560       -35.789381777390560     
   1.0000000000000000       -35.789381777390560       -35.789381777390560     
   1.0000000000000000       -35.789381777390560       -35.789381777390560     
   1.0000000000000000       -35.789381777390560       -35.789381777390560     
   1.0000000000000000       -35.789381777390560       -35.789381777390560     
 
 part:           4
 comp:           0
  0.99999998934974565        164.09678804993951        164.09678979761205     
  0.99999999669732909        164.09678925565436        164.09678979761205     
  0.99999999895760328        164.09678962655809        164.09678979761205     
  0.99999999967042819        164.09678974353037        164.09678979761205     
  0.99999999989578225        164.09678978051025        164.09678979761205     
  0.99999999996704347        164.09678979220399        164.09678979761205     
  0.99999999998957834        164.09678979590188        164.09678979761205     
  0.99999999999670419        164.09678979707121        164.09678979761205     
  0.99999999999895783        164.09678979744103        164.09678979761205     
  0.99999999999967060        164.09678979755799        164.09678979761205     
 comp:           1
  0.99999759594004722       -13.333846784757727       -13.333878840201862     
  0.99999925449576443       -13.333868899738711       -13.333878840201862     
  0.99999976470230301       -13.333875702770879       -13.333878840201862     
  0.99999992560656703       -13.333877848248841       -13.333878840201862     
  0.99999997647518091       -13.333878526524774       -13.333878840201862     
  0.99999999256081318       -13.333878741008647       -13.333878840201862     
  0.99999999764752301       -13.333878808834219       -13.333878840201862     
  0.99999999925608141       -13.333878830282542       -13.333878840201862     
  0.99999999976475229       -13.333878837065098       -13.333878840201862     
  0.99999999992560828       -13.333878839209932       -13.333878840201862     
 comp:           2
   1.0000000075397184        136.57456693732132        136.57456590758756     
   1.0000000023380831        136.57456622691024        136.57456590758756     
   1.0000000007379510        136.57456600837290        136.57456590758756     
   1.0000000002333160        136.57456593945258        136.57456590758756     
   1.0000000000737794        136.57456591766396        136.57456590758756     
   1.0000000000233311        136.57456591077400        136.57456590758756     
   1.0000000000073779        136.57456590859519        136.57456590758756     
   1.0000000000023330        136.57456590790619        136.57456590758756     
   1.0000000000007376        136.57456590768831        136.57456590758756     
   1.0000000000002334        136.57456590761942        136.57456590758756     
 comp:           3
   1.0000000000000000       -40.374943835750230       -40.374943835750230     
   1.0000000000000000       -40.374943835750230       -40.374943835750230     
   1.0000000000000000       -40.374943835750230       -40.374943835750230     
   1.0000000000000000       -40.374943835750230       -40.374943835750230     
   1.0000000000000000       -40.374943835750230       -40.374943835750230     
   1.0000000000000000       -40.374943835750230       -40.374943835750230     
   1.0000000000000000       -40.374943835750230       -40.374943835750230     
   1.0000000000000000       -40.374943835750230       -40.374943835750230     
   1.0000000000000000       -40.374943835750230       -40.374943835750230     
   1.0000000000000000       -40.374943835750230       -40.374943835750230     
 
 part:           5
 comp:           0
  0.99999998508657062        232.41926659864788        232.41927006481626     
  0.99999999537530904        232.41926898994896        232.41927006481626     
  0.99999999854034449        232.41926972556419        232.41927006481626     
  0.99999999953850460        232.41926995755583        232.41927006481626     
  0.99999999985406518        232.41927003089819        232.41927006481626     
  0.99999999995385147        232.41927005409045        232.41927006481626     
  0.99999999998540656        232.41927006142447        232.41927006481626     
  0.99999999999538502        232.41927006374365        232.41927006481626     
  0.99999999999854061        232.41927006447708        232.41927006481626     
  0.99999999999953870        232.41927006470905        232.41927006481626     
 comp:           1
  0.99999575619862546       -10.698353727911257       -10.698399129792190     
  0.99999868398793457       -10.698385050569854       -10.698399129792190     
  0.99999958463735861       -10.698394686076869       -10.698399129792190     
  0.99999986867592350       -10.698397724834804       -10.698399129792190     
  0.99999995847247491       -10.698398685514151       -10.698399129792190     
  0.99999998686786851       -10.698398989299406       -10.698399129792190     
  0.99999999584725630       -10.698399085364480       -10.698399129792190     
  0.99999999868678691       -10.698399115742912       -10.698399129792190     
  0.99999999958472563       -10.698399125349418       -10.698399129792190     
  0.99999999986867905       -10.698399128387265       -10.698399129792190     
 comp:           2
  0.99999999335018186       -219.32454540625702       -219.32454686472536     
  0.99999999793787697       -219.32454641245116       -219.32454686472536     
  0.99999999934914818       -219.32454672197758       -219.32454686472536     
  0.99999999979422194       -219.32454681959319       -219.32454686472536     
  0.99999999993492861       -219.32454685045360       -219.32454686472536     
  0.99999999997942268       -219.32454686021225       -219.32454686472536     
  0.99999999999349287       -219.32454686329820       -219.32454686472536     
  0.99999999999794231       -219.32454686427405       -219.32454686472536     
  0.99999999999934930       -219.32454686458266       -219.32454686472536     
  0.99999999999979416       -219.32454686468023       -219.32454686472536     
 comp:           3
   1.0000000000000000        76.164325613140790        76.164325613140790     
   1.0000000000000000        76.164325613140790        76.164325613140790     
   1.0000000000000000        76.164325613140790        76.164325613140790     
   1.0000000000000000        76.164325613140790        76.164325613140790     
   1.0000000000000000        76.164325613140790        76.164325613140790     
   1.0000000000000000        76.164325613140790        76.164325613140790     
   1.0000000000000000        76.164325613140790        76.164325613140790     
   1.0000000000000000        76.164325613140790        76.164325613140790     
   1.0000000000000000        76.164325613140790        76.164325613140790     
   1.0000000000000000        76.164325613140790        76.164325613140790     
 
 part:           6
 comp:           0
   1.0484750374434813        2.4773154919597169E-004   2.3627796594950006E-004
   1.0046463301846298        2.3737579139465417E-004   2.3627796594950006E-004
   1.0004627120129901        2.3638729460274973E-004   2.3627796594950006E-004
   1.0000462520778834        2.3628889429638331E-004   2.3627796594950006E-004
   1.0000046250166414        2.3627905873902457E-004   2.3627796594950006E-004
   1.0000004624997525        2.3627807522800083E-004   2.3627796594950006E-004
   1.0000000462499563        2.3627797687734569E-004   2.3627796594950006E-004
   1.0000000046249962        2.3627796704228472E-004   2.3627796594950006E-004
   1.0000000004624994        2.3627796605877848E-004   2.3627796594950006E-004
   1.0000000000462497        2.3627796596042784E-004   2.3627796594950006E-004
 comp:           1
  -1.0792796739567713E-004  -0.0000000000000000     
  -3.3468698002687779E-005  -0.0000000000000000     
  -1.0563464537883760E-005  -0.0000000000000000     
  -3.3398218476219906E-006  -0.0000000000000000     
  -1.0561242027291686E-006  -0.0000000000000000     
  -3.3397515854272137E-007  -0.0000000000000000     
  -1.0561219806493898E-007  -0.0000000000000000     
  -3.3397508902301927E-008  -0.0000000000000000     
  -1.0561219440174926E-008  -0.0000000000000000     
  -3.3397510139833581E-009  -0.0000000000000000     
 comp:           2
  -3.4670264840628655E-006  -0.0000000000000000     
  -1.0751324717995951E-006  -0.0000000000000000     
  -3.3933569027603872E-007  -0.0000000000000000     
  -1.0728684211485486E-007  -0.0000000000000000     
  -3.3926429540712968E-008  -0.0000000000000000     
  -1.0728458504566329E-008  -0.0000000000000000     
  -3.3926358159683299E-009  -0.0000000000000000     
  -1.0728456271348615E-009  -0.0000000000000000     
  -3.3926356982937731E-010  -0.0000000000000000     
  -1.0728456668887374E-010  -0.0000000000000000     
 comp:           3
  0.94362761408929963       -2.2295841327079952E-004  -2.3627796594950006E-004
  0.99459987538643102       -2.3500203548993214E-004  -2.3627796594950006E-004
  0.99946225015578904       -2.3615090751012024E-004  -2.3627796594950006E-004
  0.99994624753820138       -2.3626526542716149E-004  -2.3627796594950006E-004
  0.99999462497894420       -2.3627669595045807E-004  -2.3627796594950006E-004
  0.99999946250014549       -2.3627783895012773E-004  -2.3627796594950006E-004
  0.99999994625003730       -2.3627795324956822E-004  -2.3627796594950006E-004
  0.99999999462500444       -2.3627796467950705E-004  -2.3627796594950006E-004
  0.99999999946250029       -2.3627796582250071E-004  -2.3627796594950006E-004
  0.99999999994624966       -2.3627796593680004E-004  -2.3627796594950006E-004
 
 part: i_fks+j_fks
 comp:           0
   1.0000000380835690        276.25048307653577        276.25047255593188     
   1.0000000036516621        276.25047356470526        276.25047255593188     
   1.0000000003636695        276.25047265639574        276.25047255593188     
   1.0000000000363523        276.25047256597423        276.25047255593188     
   1.0000000000036351        276.25047255693607        276.25047255593188     
   1.0000000000003635        276.25047255603232        276.25047255593188     
   1.0000000000000362        276.25047255594188        276.25047255593188     
   1.0000000000000038        276.25047255593290        276.25047255593188     
   1.0000000000000004        276.25047255593199        276.25047255593188     
   1.0000000000000000        276.25047255593188        276.25047255593188     
 comp:           1
  -1.0792796739567713E-004   0.0000000000000000     
  -3.3468698002687779E-005   0.0000000000000000     
  -1.0563464537883760E-005   0.0000000000000000     
  -3.3398218476219906E-006   0.0000000000000000     
  -1.0561242027291686E-006   0.0000000000000000     
  -3.3397515854272137E-007   0.0000000000000000     
  -1.0561219806493898E-007   0.0000000000000000     
  -3.3397508902301927E-008   0.0000000000000000     
  -1.0561219440174926E-008   0.0000000000000000     
  -3.3397510139833581E-009   0.0000000000000000     
 comp:           2
  -3.4670264840628655E-006   0.0000000000000000     
  -1.0751324717995951E-006   0.0000000000000000     
  -3.3933569027603872E-007   0.0000000000000000     
  -1.0728684211485486E-007   0.0000000000000000     
  -3.3926429540712968E-008   0.0000000000000000     
  -1.0728458504566329E-008   0.0000000000000000     
  -3.3926358159683299E-009   0.0000000000000000     
  -1.0728456271348615E-009   0.0000000000000000     
  -3.3926356982937731E-010   0.0000000000000000     
  -1.0728456668887374E-010   0.0000000000000000     
 comp:           3
  0.99999994840721196       -276.25045830339980       -276.25047255593188     
  0.99999999505889514       -276.25047119094933       -276.25047255593188     
  0.99999999950797103       -276.25047242000863       -276.25047255593188     
  0.99999999995081801       -276.25047254234534       -276.25047255593188     
  0.99999999999508193       -276.25047255457326       -276.25047255593188     
  0.99999999999950817       -276.25047255579602       -276.25047255593188     
  0.99999999999995082       -276.25047255591829       -276.25047255593188     
  0.99999999999999523       -276.25047255593057       -276.25047255593188     
  0.99999999999999956       -276.25047255593176       -276.25047255593188     
   1.0000000000000000       -276.25047255593188       -276.25047255593188     
