  0.00000312283711984  0.00000316202020622  0.00000335281345026  0.00000363998018717
  0.00000390424756665  0.00000409053707900  0.00000428612811619  0.00000451292897318
  0.00000476172951563  0.00000501033929669  0.00000528634726093  0.00000556548596162
  0.00000586637945539  0.00000617683873644  0.00000650693340910  0.00000687030292606
  0.00000726472757216  0.00000767966874456  0.00000811817956120  0.00000859297568001
  0.00000908707913718  0.00000959333901461  0.00001010576329309  0.00001064214195672
  0.00001122658329264  0.00001184006749006  0.00001248010884884  0.00001315330123307
  0.00001386944055104  0.00001463957398007  0.00001547764192484  0.00001637036190421
  0.00001731508315054  0.00001828420144196  0.00001927653841399  0.00002027099365255
  0.00002137619796234  0.00002251658717286  0.00002380536384665  0.00002516483041635
  0.00002659173750824  0.00002819743447706  0.00002999555155501  0.00003201075111444
  0.00003416912805346  0.00003650246106513  0.00003889463705079  0.00004151899262120
  0.00004426705085950  0.00004723763817813  0.00005052129235025  0.00005421311308173
  0.00005824873933331  0.00006249190161475  0.00006694858639153  0.00007183023675562
  0.00007725175196051  0.00008328052894480  0.00009000794815162  0.00009745507758644
  0.00010550334973413  0.00011407713101212  0.00012329313433615  0.00013346911551454
  0.00014513756818991  0.00015821591128529  0.00017253502709836  0.00018770964029060
  0.00020434897115476  0.00022315774352692  0.00024360042448421  0.00026628016492221
  0.00029075480473490  0.00032012386854430  0.00035372203344998  0.00039325357435426
  0.00044021100314186  0.00049522364883039  0.00055637767005765  0.00062438035225514
  0.00070046985926798  0.00079267431379137  0.00090782902351206  0.00104212557701194
  0.00119366137282628  0.00136159675975528  0.00154426309019274  0.00174747299581879
  0.00198990078737021  0.00231496913784488  0.00288978077705925  0.00372167966772118
  0.00509564083873387  0.00819130193777894  0.07642486918457919  1.00000000000000000
  0.00024614839694323  0.00024940077584193  0.00025162476456905  0.00025528196718223
  0.00026027168122157  0.00026550557853914  0.00027073804379815  0.00027587079241368
  0.00028113432965782  0.00028629420340081  0.00029130776164620  0.00029655882633915
  0.00030223533072422  0.00030824445092995  0.00031448802842981  0.00032090742544718
  0.00032738669730305  0.00033402024683356  0.00034054944139134  0.00034712152737339
  0.00035361799431578  0.00036017173982017  0.00036682062502397  0.00037388242218417
  0.00038132774933777  0.00038891325967294  0.00039713343426765  0.00040570875945422
  0.00041497984501191  0.00042445420031955  0.00043483430169952  0.00044546712703287
  0.00045632687119041  0.00046780091165430  0.00047988280980905  0.00049224457449707
  0.00050448059802250  0.00051645414297845  0.00052861705377290  0.00054154772077333
  0.00055550526362288  0.00057034324463577  0.00058587029389435  0.00060200133598907
  0.00061864776511349  0.00063680010825050  0.00065559885507759  0.00067477706393838
  0.00069435198327441  0.00071454414011022  0.00073535863296464  0.00075796516893764
  0.00078157760995271  0.00080577640003729  0.00083123251906389  0.00085892222354016
  0.00088967640326448  0.00092077618174916  0.00095243646562920  0.00098519205030878
  0.00101938055497599  0.00105602546755095  0.00109365078594975  0.00113407395336010
  0.00117695137990654  0.00122204598637380  0.00126894416821255  0.00131853736223077
  0.00137084808437953  0.00142619046989395  0.00148387809603505  0.00155027330371263
  0.00162344673650389  0.00170595314603370  0.00178959493298812  0.00188173208976689
  0.00197168618501331  0.00207418745190265  0.00219862948021897  0.00232704753923827
  0.00248978237430580  0.00264355616368128  0.00281431758971660  0.00298123081985799
  0.00317022925904962  0.00339366496327413  0.00366428214736519  0.00401124666081886
  0.00445090381782452  0.00492769500945180  0.00548170156018517  0.00616149689142565
  0.00726292265064558  0.01032416922086740  0.01600712972871323  1.00000000000000000
 -0.00028520843665366  0.01190242091609784  0.02232220551059680  0.03295588298606886
  0.04363158657713782  0.05436564677606828  0.06443999328357509  0.07416356358063228
  0.08411382361138676  0.09512496749324466  0.10593367709616883  0.11644832269940161
  0.12644225978729129  0.13647758490664613  0.14693198333291002  0.15681459207317874
  0.16653299899472634  0.17671499825905698  0.18758521993504748  0.19852089359479000
  0.20896322325373062  0.21921680701011140  0.22944000424531236  0.23952508287774643
  0.24949670365895324  0.25962472045434509  0.27027578875874875  0.28126315167256388
  0.29218951115069969  0.30291116763459414  0.31339500613531207  0.32364173389368694
  0.33373274121555718  0.34407202319750113  0.35455236027833564  0.36496098871125304
  0.37525407369594194  0.38561874673114882  0.39647871871086454  0.40749502091833534
  0.41847381662791466  0.42923785566260020  0.44021819514435556  0.45126550837842960
  0.46181825981707658  0.47189987163314517  0.48167584663825741  0.49172915174479059
  0.50212170015967605  0.51274697146847270  0.52357385330722017  0.53469927966453590
  0.54586890940592914  0.55653403164397974  0.56689107359095325  0.57762060828700934
  0.58879328973742540  0.59971690460198934  0.61029482345063668  0.62093077737338143
  0.63174131682982937  0.64242150478426452  0.65272500695861924  0.66304321817407330
  0.67378417903473475  0.68416972085417227  0.69403707815754145  0.70352710098575566
  0.71379715127443599  0.72499054631389892  0.73627491948985102  0.74734182779853864
  0.75808936261719673  0.76879649081472889  0.77952724166055720  0.79046420227519487
  0.80159845282715270  0.81249918707355517  0.82267503504852235  0.83259283477606250
  0.84259818525427554  0.85314418999105524  0.86402163840479285  0.87481282479279165
  0.88563772617167102  0.89616374347901173  0.90662938636571033  0.91726686601305041
  0.92801194374167961  0.93903226959918862  0.94975494891235546  0.96040969822214806
  0.97119175692960291  0.98112169553135919  0.99101679064059167  1.00000000000000000
 -0.00001896876059246  0.00051099064455251  0.00083741146804195  0.00111216459363960
  0.00135714190962471  0.00160013958260626  0.00184135765963708  0.00207724679745963
  0.00230570209207249  0.00252749646459379  0.00274518089668394  0.00296004401984057
  0.00317376014142499  0.00338845516965921  0.00360700732937198  0.00383021460705991
  0.00405669464184770  0.00427599915068315  0.00450187662464744  0.00473290729481569
  0.00496309770686671  0.00521357729235010  0.00545802027131896  0.00570195929089881
  0.00594659314386228  0.00618408106895547  0.00642495733122244  0.00666934576955007
  0.00691695350149617  0.00716514054921481  0.00741369829003214  0.00766651610507427
  0.00792484839689160  0.00817026097583421  0.00841112454577534  0.00865049573232296
  0.00890165615375995  0.00917107749501193  0.00945368207623982  0.00974390670898623
  0.01003358757894162  0.01033350326393391  0.01064200371267238  0.01096551582824384
  0.01127697135402851  0.01156553287913444  0.01185454654539960  0.01211596505976161
  0.01238428590576852  0.01267513030803645  0.01298512744556329  0.01329406567907846
  0.01364003966988038  0.01403058141305034  0.01458569982510066  0.01509473726194463
  0.01549378138043857  0.01588156143481190  0.01625471683697495  0.01662722732114531
  0.01703063609264666  0.01738148679487467  0.01781687038125894  0.01827032982900625
  0.01891219945720269  0.01957544653105886  0.02016776032474374  0.02079134370488045
  0.02177948656789982  0.02222116971669915  0.02263409864446311  0.02306290499772238
  0.02348961916991337  0.02389365928519254  0.02424593647687585  0.02459741287797122
  0.02517358910173809  0.02594810282458459  0.02712066331901053  0.02868592159155454
  0.02957901768177811  0.03035979618687194  0.03098394865768985  0.03170242509999506
  0.03299484777383164  0.03375078522610798  0.03449132137245612  0.03661960301657217
  0.04798805420638817  0.05296445381267403  0.06070189845572150  0.06657200290278710
  0.07690707988359895  0.08584267864883464  0.12139849943220400  1.00000000000000000
 -0.00201626679332438  0.01436820049404425  0.02914809353633676  0.04566679941802662
  0.06241510453548618  0.07890166773103570  0.09465979969138438  0.10933448831337045
  0.12443680803083682  0.13935994113871025  0.15389123971375579  0.16720828163201312
  0.18018338063961997  0.19286925116962772  0.20527710981155953  0.21739957861123424
  0.23056955775521532  0.24376769316109273  0.25588481557009557  0.26648175449501749
  0.27717562494533882  0.28756529403122810  0.29778161498219380  0.30745397454743967
  0.31635624622766723  0.32515051009642004  0.33379817171579268  0.34213270223231101
  0.35095309734568320  0.35993474681561449  0.36893523532152972  0.37735094362110100
  0.38527376144863251  0.39324850421593027  0.40106415913763199  0.40846261285270585
  0.41574046408388787  0.42288740739561159  0.43007860224101602  0.43738768641978887
  0.44459364502892684  0.45179250774479707  0.45902141698185556  0.46642362065175741
  0.47415640622579719  0.48166580534452486  0.48882127202830578  0.49559462900559453
  0.50222090534965746  0.50917690415803807  0.51577890379472346  0.52234698440534422
  0.52872002400937923  0.53520411523500533  0.54214138513926813  0.54925540749923685
  0.55661729844107388  0.56370705842261770  0.57087008570502973  0.57824887275778802
  0.58600282916948998  0.59387388901815119  0.60174132388073853  0.60941625304306346
  0.61707028858585800  0.62469457262016470  0.63246957849411889  0.64073438571220886
  0.64969577801720868  0.65920763636101842  0.66852137170386217  0.67788448882140662
  0.68724868233432801  0.69650638506067430  0.70583278723217069  0.71528055393927603
  0.72511816978337684  0.73564426610232447  0.74667234444554464  0.75787525914737364
  0.76973678517807609  0.78146925458475935  0.79404270072215555  0.80733554766412263
  0.82181492903255227  0.83670373239009532  0.85186499846206531  0.86663267705348834
  0.88170341319541345  0.89811674383680373  0.91468637143214626  0.93088393566072702
  0.94742991378466845  0.96438456827224062  0.98266446138408814  1.00000000000000000
  0.71792760659714727  0.72303730777852304  0.72686331394917481  0.72979916336473261
  0.73256304732294408  0.73588589104508551  0.74001601100476111  0.74342167611014043
  0.74637989877130828  0.74940585878692612  0.75225039594699938  0.75510284513836701
  0.75784359440977722  0.76108769043459501  0.76444618577527212  0.76754210694289526
  0.77048268370007689  0.77340015226715075  0.77643973583469783  0.77939540146683217
  0.78229891136582341  0.78515189412754260  0.78795889609636227  0.79079301566757909
  0.79387977466078441  0.79726795904896486  0.80058744167253659  0.80379132437615453
  0.80660742234261895  0.80922442680899098  0.81175107120094447  0.81425501427283953
  0.81678935688783072  0.81922854932303291  0.82164243789986924  0.82411790560925469
  0.82666012647775167  0.82926341175202023  0.83184092067239923  0.83439590897905347
  0.83715050099475719  0.83985773785664353  0.84263610606678430  0.84535701830013266
  0.84800727764052186  0.85065995495872870  0.85315413060679934  0.85572680629082942
  0.85847483464820173  0.86114178186008505  0.86391590838354004  0.86665354642578740
  0.86939721938576420  0.87213970038790245  0.87486462753170602  0.87757229409829074
  0.88031617904478943  0.88312258496749285  0.88581372797206681  0.88855239053334012
  0.89130101071324053  0.89422794584640697  0.89693776975927819  0.89966899345407680
  0.90229138232473216  0.90501629214878709  0.90763004326589014  0.91018524445042159
  0.91270495589082790  0.91523763515984735  0.91776975438889952  0.92033085399222514
  0.92286655140825402  0.92534328071743543  0.92783376043323151  0.93040922433494544
  0.93310596502427667  0.93583789938452766  0.93849572500940182  0.94112039604682973
  0.94378995422391054  0.94657177817295401  0.94942654414360139  0.95216346620719750
  0.95480374122230793  0.95749501084916477  0.96039353362392421  0.96339843963816552
  0.96643360980294457  0.96957717058588488  0.97287005661662929  0.97642206015833655
  0.98044656636059413  0.98508954625663003  0.99113197720782520  1.00000000000000000
 -0.01835764671478626  0.13002095508462513  0.16616553516184202  0.18839049963205054
  0.20602018946231501  0.22060782242734178  0.23293357672008802  0.24404598938015937
  0.25470276498577682  0.26480822191151038  0.27394737331017760  0.28227202325986306
  0.29034961704498247  0.29818349279703432  0.30586248098804542  0.31295155342045455
  0.31977720363812090  0.32654680766756577  0.33331377447738514  0.34020425904247503
  0.34699928948959274  0.35358797460831004  0.35986664332127499  0.36581205740761152
  0.37179373299625446  0.37776117514738156  0.38402874725235969  0.39024141596707812
  0.39598788187029049  0.40146644382094299  0.40666040862272079  0.41200049196512828
  0.41753326454517431  0.42314557383482204  0.42867476138847077  0.43381196003709321
  0.43889439370441391  0.44398172704268707  0.44934594012205620  0.45481761531914033
  0.46028488262641198  0.46558356204439516  0.47102459687072040  0.47648012664388428
  0.48176426730494820  0.48710827575469379  0.49251140673119215  0.49803238198329736
  0.50335598434653661  0.50855282648744271  0.51415387302066229  0.51983807872972543
  0.52516423051631900  0.53013159795489484  0.53482325147117638  0.53977757753366129
  0.54508380966387182  0.55088551425795340  0.55693126639104895  0.56289529447213260
  0.56823842265624103  0.57326030780334136  0.57831336488614749  0.58381975798578911
  0.58965032808824969  0.59565018917023360  0.60182854950105980  0.60785054353006285
  0.61391977608373172  0.61989121502517996  0.62585087701452036  0.63147094172806284
  0.63686906938147281  0.64232770485149560  0.64824630490924617  0.65460195885270389
  0.66089644917407508  0.66724657836623869  0.67389442320685422  0.68118689408621247
  0.68882840130104417  0.69631341884235332  0.70363332417206503  0.71122480811134425
  0.71954045882406670  0.72859790440308414  0.73816687710644191  0.74817182022482098
  0.75902194886273100  0.77076666995249965  0.78353922280773447  0.79812207256817946
  0.81532891826609555  0.83783526518242035  0.87645129976091063  1.00000000000000000
   1.5404601098900000E-007   1.9725577305000001E-003
  <DiscreteSampler_grid>
  Helicity
  1 # 1 for a reference and 2 for a running grid.
  80 # Attribute 'min_bin_probing_points' of the grid.
  1 # Attribute 'grid_mode' of the grid. 1=='default',2=='initialization'
  0.0300000000000000 # Attribute 'small_contrib_threshold' of the grid.
  0.3330000000000000 # Attribute 'damping_power' of the grid.
 # binID   n_entries weight   weight_sqr   abs_weight
    1   1769   2.494626827716825E-006   2.206272352395445E-010   2.494626827716825E-006
    4   2257   3.239349969421717E-006   4.831139078343795E-010   3.239349969421717E-006
    5   2001   2.789948774881254E-006   2.414778761837156E-010   2.789948774881254E-006
    8   1725   2.420429430155890E-006   2.213184369377826E-010   2.420429430155890E-006
    9   1881   2.848384188301329E-006   2.452458537460978E-010   2.848384188301329E-006
    12   1882   2.758368268303415E-006   2.439709378643289E-010   2.758368268303415E-006
    13   2190   3.232827775339558E-006   3.346467575792652E-010   3.232827775339558E-006
    16   2287   3.088564510227812E-006   4.752767804464690E-010   3.088564510227812E-006
  </DiscreteSampler_grid>
  <DiscreteSampler_grid>
  grouped_processes
  1 # 1 for a reference and 2 for a running grid.
  10 # Attribute 'min_bin_probing_points' of the grid.
  1 # Attribute 'grid_mode' of the grid. 1=='default',2=='initialization'
  0.0300000000000000 # Attribute 'small_contrib_threshold' of the grid.
  0.3330000000000000 # Attribute 'damping_power' of the grid.
 # binID   n_entries weight   weight_sqr   abs_weight
    16   10   2.635718235140000E+001   2.558656874190000E+003   2.635718235140000E+001
    10   10   2.635636047120000E+001   2.558637513980000E+003   2.635636047120000E+001
  </DiscreteSampler_grid>
