     
 Soft #          97
 ME*wgt:
   1.0054421931317974        6.8518258921096604E-014   6.8147387675936693E-014
  0.99986305376046569        6.8138055147460384E-014   6.8147387675936693E-014
  0.99994354410122810        6.8143540353916494E-014   6.8147387675936693E-014
  0.99999308536424725        6.8146916461573413E-014   6.8147387675936693E-014
  0.99999926328114230        6.8147337470471089E-014   6.8147387675936693E-014
  0.99999959627592261        6.8147360163195481E-014   6.8147387675936693E-014
  0.99999975523213436        6.8147370995646061E-014   6.8147387675936693E-014
   1.0000469360427604        6.8150586244638654E-014   6.8147387675936693E-014
   1.0000000005001162        6.8147387710018299E-014   6.8147387675936693E-014
   1.0000000000500111        6.8147387679344825E-014   6.8147387675936693E-014
 wgt:
   1.1111111111111114        5.2865115722161864E-004   4.7578604149945666E-004
   1.0101010101010102        4.8059196111056228E-004   4.7578604149945666E-004
   1.0010010010010011        4.7626230380325992E-004   4.7578604149945666E-004
   1.0001000100010002        4.7583362486194295E-004   4.7578604149945666E-004
   1.0000100001000012        4.7579079940745080E-004   4.7578604149945666E-004
   1.0000010000010000        4.7578651728597400E-004   4.7578604149945666E-004
   1.0000001000000103        4.7578608907806569E-004   4.7578604149945666E-004
   1.0000000100000002        4.7578604625731716E-004   4.7578604149945666E-004
   1.0000000009999999        4.7578604197524269E-004   4.7578604149945666E-004
   1.0000000001000000        4.7578604154703525E-004   4.7578604149945666E-004
     
 Soft #          30
 ME*wgt:
  0.97057026467493390        2.1596948824756692E-013   2.2251813815860104E-013
  0.96645101183391036        2.1505287977477783E-013   2.2251813815860104E-013
  0.98594375449816618        2.1939036858003276E-013   2.2251813815860104E-013
  0.99978110412725218        2.2246942985654659E-013   2.2251813815860104E-013
  0.99999968800719952        2.2251806873454397E-013   2.2251813815860104E-013
   1.0000001855699348        2.2251817945127744E-013   2.2251813815860104E-013
   1.0000000158877116        2.2251814169390507E-013   2.2251813815860104E-013
   1.0000000709098198        2.2251815393732212E-013   2.2251813815860104E-013
   1.0000000005024545        2.2251813827040629E-013   2.2251813815860104E-013
   1.0000000000502454        2.2251813816978156E-013   2.2251813815860104E-013
 wgt:
   1.1111111111111112        6.4656246366588438E-005   5.8190621729929594E-005
   1.0101010101010102        5.8778405787807678E-005   5.8190621729929594E-005
   1.0010010010010009        5.8248870600530119E-005   5.8190621729929594E-005
   1.0001000100010000        5.8196441374066991E-005   5.8190621729929594E-005
   1.0000100001000010        5.8191203641966007E-005   5.8190621729929594E-005
   1.0000010000010002        5.8190679920609523E-005   5.8190621729929594E-005
   1.0000001000000101        5.8190627548992355E-005   5.8190621729929594E-005
   1.0000000100000004        5.8190622311835828E-005   5.8190621729929594E-005
   1.0000000010000003        5.8190621788120229E-005   5.8190621729929594E-005
   1.0000000001000000        5.8190621735748656E-005   5.8190621729929594E-005
