   0.0000000000000000        0.0000000000000000        0.0000000000000000        0.0000000000000000        0.0000000000000000        0.0000000000000000        0.0000000000000000        0.0000000000000000        0.0000000000000000        0.0000000000000000     
   5.5706659820234906E-002   2.1760713043487194E-002   1.6270088406313575E-002   3.6027653164263165E-002   1.5756318133554527E-002  0.27258485968215329        6.3192161455486340E-002   6.6811842771492380E-002   2.0470396551334986E-002   1.8574391639128711E-002
  0.69147586459727306       0.79659331145960965       0.84420291767351108       0.92797038524094866       0.89777788996852093       0.93406938685409646       0.68582476861635899       0.73341696736464790       0.90977592301161059       0.86035175499460748     
  0.10501491308976021        4.3907239519883713E-002   3.2273762231468855E-002   7.2027243493404697E-002   3.1901094082088244E-002  0.41498491946932864       0.10525082658051817       0.11831443589448089        4.1412823746476576E-002   3.7089481000229831E-002
  0.72731458211604394       0.78350290041994319       0.88885291322288684       0.86002205209277260       0.85850078858830514        1.2782508736457814       0.92915737014426469       0.87140381693584468        1.2637876662026879       0.95706898895777881     
  0.14253969256864418        6.4104455255388201E-002   4.9640225994271273E-002  0.10824587205590186        4.4791608842222531E-002  0.46534680504808146       0.12681228478968817       0.15407091583078777        5.8423484328983394E-002   5.3922590305935360E-002
  0.92488045608233682       0.81594029979951344       0.89340775546690010       0.79994713308932708       0.78779136219920087        1.0609757853131592       0.86284325166597986       0.78707808716084537        1.3363988859804681       0.88381489191437468     
  0.17576444979309636        8.4875391372292192E-002   6.6768746566216911E-002  0.14311511563101692        5.8141937859852347E-002  0.49656891272310488       0.14318462379440627       0.18305304472450207        7.5923387947837886E-002   7.0619891363077239E-002
  0.83342157476566570       0.97625117181495813       0.94130547394917252       0.87199663032627939       0.75078927171777321        1.0362950758045306       0.86592208155052086       0.96591574211560582        1.6470053452859235       0.96481833463664290     
  0.20279451598931697       0.10468350951720766        8.2918119505702687E-002  0.17742851645532851        7.2225618027876651E-002  0.52261742266614220       0.15585808148803196       0.20773100577748652        9.0545971085131058E-002   8.6315654719829757E-002
  0.80758778618250227       0.73154322600586008       0.74481770939639069       0.76592671711910532       0.68853489155588543        1.0219031124771454        1.1265788844877989       0.95152664120169628        1.1625606807935676       0.81069739824903875     
  0.22842980499268770       0.12496756897499579        9.9657647210149747E-002  0.20886220693729210        8.6256648436221967E-002  0.54209033256689521       0.16695376045088953       0.22785314618237054       0.10503077102646485       0.10189612351530836     
  0.77609836924593723       0.89371837735840931        1.0558959164610728       0.81185107778685806       0.93479433168606763       0.75766464002878153       0.81367349353107910        1.0112359995131741        1.0225513328562894       0.76198880139529268     
  0.25210755866312617       0.14537935890785308       0.11533129085327962       0.23830769163337648       0.10135084698179847       0.56020628389442528       0.17687962909581420       0.24429327111861521       0.11815124410859083       0.11847978820192909     
  0.92621498490363208       0.93167045108574142       0.87903278300683718       0.71354704781995903       0.84997385223855737       0.82664096777049123       0.76299694791544703        1.0008206225411302       0.95658561652653795       0.80889405631460487     
  0.27462917503597467       0.16605604446848460       0.13169953655591202       0.26696397176690634       0.11739211242377166       0.57617312529559739       0.18601666739527115       0.25872481134191089       0.13139597024336674       0.13561363091420309     
   1.0095700321952967       0.87696275860065231       0.80090770308999892       0.73203536117788481       0.95342778676895634       0.85817835413166177        1.0010300408031685        1.0645824750577404        1.0243131536401988       0.84175646675588345     
  0.29582214847240029       0.18527599177527282       0.15011345419381367       0.29645935933536560       0.13372880728412756       0.59206451343786370       0.19448095821833072       0.27111794707452591       0.14487744235404032       0.15356516366545914     
  0.76402362830774939       0.95897517377982144       0.99003237317748183       0.84010322102462909       0.76761506078871455        1.0064830272198304       0.98647036736576144       0.86537252807491072        1.0401328288255050       0.89903714518738043     
  0.31446554639965657       0.20428696340081126       0.16878497879575841       0.32850562742427514       0.14989877542364158       0.60519938955843566       0.20274894986762146       0.28346364502635496       0.15840502885587643       0.17223347918429319     
  0.82588387653134843       0.98143105404412367        1.2708634490002384       0.73935567559953053       0.89168429749819622       0.87185757455048751       0.86888712063463880       0.92534742431231509       0.88971419187509604       0.80841819569020312     
  0.33057902755773033       0.22135897387572112       0.18527380769294685       0.35903323571853935       0.16699249998687901       0.61828412434388536       0.21035916104240887       0.29555042202382603       0.17186593425902280       0.18940880321693226     
  0.79624190238642700       0.88640833628535654       0.87356658425679623       0.87693403295789429       0.75554427164921256        1.0168626331829098       0.88921081811496006        1.0034688122336690       0.81673231528553503       0.88863368692632649     
  0.34705866281124764       0.23775539401449086       0.20173265865057760       0.38760877584682790       0.18440576026974406       0.63021928631679847       0.21748394778555205       0.30723570176346399       0.18534408748265518       0.20415121157711502     
  0.76394937355675852       0.89348970160954810       0.84247486393868509       0.80137578054608249        1.0112924543582600       0.82476082177799792       0.87908266520126299        1.0794422185341104        1.0066487651333085       0.94012693957694116     
  0.36355860263981910       0.25564382945141606       0.21928394007995455       0.41327463610445370       0.20225629582888008       0.64200814047179688       0.22463105901726732       0.31842639599362998       0.19953920719108301       0.21841432163809613     
  0.73841392018450658       0.95953715402969109       0.85813292641158334       0.71385060868965045       0.93529989896225629       0.84304892046788005       0.96001676796039037       0.84619985895969108       0.89051782858292927       0.74063945253544861     
  0.37994277960894990       0.27347518915196933       0.23652713434069073       0.43904928348435124       0.22017974945654079       0.65207983620354137       0.23180295994153127       0.33014415566079713       0.21372879868593508       0.23278785920345266     
  0.88541879972084170       0.84545912029948955       0.96406822300375206       0.83429730776124733        1.0358469880140431       0.86710990448774283       0.83781325271703344       0.81914796421772151       0.93047520458413446       0.79072685017472610     
  0.39640028147273487       0.29050951089759958       0.25336643365213457       0.46558266460063297       0.23747653129224086       0.66226772708846815       0.23908028365135678       0.34213593252847413       0.22850620873494429       0.24921069758226730     
  0.91125560993821941       0.75878362448103642       0.78188249220442119       0.82652688265905294       0.93283173934419350       0.97234756830544966       0.91965671511350666       0.83812255686675918       0.97588855285345755       0.79546967118413248     
  0.41166049539329713       0.30802716631352478       0.27038047026072098       0.49236050781293417       0.25439705016976244       0.67150355105644310       0.24639995429710107       0.35403914396254832       0.24364130818881452       0.26681220637068814     
  0.81465248459054329       0.84383306460639063       0.98563412842879561       0.79266612125759672        1.0629593365823859       0.74597805137495232       0.98076241787593743       0.80407338795994221        1.0292569371376896       0.89063266574114308     
  0.42674388909289596       0.32461654615330049       0.28698130808693301       0.51918339840885352       0.27091926155634516       0.68088933080775571       0.25298415487169051       0.36583595441795985       0.26037819574170273       0.28477059795993709     
  0.78691225824707367        1.0231685184747847       0.85717355465228584       0.80448065955248049        1.0117067499400074       0.84477560712133171       0.84882343061168075       0.88197116935993902       0.93267564039390904        1.0096899760633551     
  0.44083845533913435       0.34095327836732131       0.30365672424970053       0.54376342857908500       0.28774922081782589       0.69004010462620413       0.25944716958420627       0.37744781038635400       0.27656891686997959       0.30318225042431074     
  0.78101833083373051       0.91291166933818624       0.84991815702532036       0.84515174688778927       0.90532448232328233       0.92322945075637308       0.76156793369504405       0.83532739761567654       0.81423795203412941       0.88488071281197289     
  0.45475878856923257       0.35730730770156438       0.32115371112909058       0.56758733082483870       0.30653071342345073       0.69890863030985761       0.26618945392385251       0.38897088006968694       0.29270392141996371       0.32092853979052754     
  0.74932828592856859       0.93276182671638119        1.0123443974456714       0.76030361561959547        1.1186903771675047       0.87665527590098202       0.95047722629404852       0.77891554309729694       0.79515807979086206       0.81600182036182689     
  0.46844698277295849       0.37402649562507734       0.33833481732718157       0.59047810308421222       0.32464798388619204       0.70662896537811248       0.27310546606023356       0.40078086723132256       0.30862126294805936       0.33805711827671425     
  0.80742394662559325       0.94668636244952986       0.86139061849878584       0.79225407401877102       0.97218527005755428       0.94253425902377763       0.92214570523465411       0.88426237823748477       0.85594556106318642       0.99002455350534613     
  0.48148369786937234       0.38877454704032516       0.35489122820463570       0.61345212191230436       0.33931744001850600       0.71413195337597246       0.27946336866727961       0.41351595595378515       0.32516416906395967       0.35426067947649675     
  0.73375624797197547       0.99690801105649707       0.88680772151814824       0.78402136889869667       0.89947765968676807       0.87903885852905472       0.83206780734483954       0.99627182898039246       0.99736056461275457        1.0128284646601047     
  0.49438832940785393       0.40307411316853137       0.37041129615811158       0.63527087759589851       0.35424070482675768       0.72111261314666431       0.28565944007727001       0.42703784540099787       0.34106648419085783       0.36971212699843359     
   1.0198405812426417       0.85462101467512852       0.90643982209856988       0.77357393266214669        1.0711521772085846       0.77340417295180175       0.91707291141974356       0.75238259875828029        1.1137405546466721       0.71606152420468405     
  0.50730344236701908       0.41776797963183532       0.38504845277285549       0.65695344968895808       0.37012230633437176       0.72830617051603108       0.29197251209785363       0.44085257781904363       0.35742135160789373       0.38515186251993611     
  0.72528532840194448       0.86757456925915610       0.75281548466501846       0.81448719324896934       0.95040293976864454       0.74475072098345041       0.77299402745905810       0.87825887171835559       0.86489299685748811       0.83388442789539963     
  0.52045990445027535       0.43243163666060086       0.39924414968832017       0.67713403089830237       0.38553190392706504       0.73562812092649821       0.29847136126198537       0.45485044183242940       0.37377651640491460       0.40034295080603222     
  0.89547191308075436       0.76406255208917251       0.83117811578486911       0.95194077186600690       0.91296686542554617       0.80872960324229892       0.86890935285584470        1.1730807339146783       0.83210824607921874       0.90836864535084216     
  0.53371530667848677       0.44650597732543579       0.41373764119924022       0.69720554163310633       0.40094693749733645       0.74307227289020106       0.30549249407614359       0.46941012842351337       0.38921062862492600       0.41562463333609345     
  0.81951875423446696       0.89196004676909579       0.81982058415788683       0.74671182017229976       0.80916728940482407       0.85144673505576307       0.78909619504719164       0.86440638113879686       0.90180305256082838       0.84092665340952510     
  0.54545550858427605       0.46048963944532662       0.42873767508584026       0.71566406785576608       0.41607782943593574       0.74999218244884891       0.31235915700745231       0.48397078771153257       0.40455586121045067       0.43079298529050958     
  0.82774409303217888       0.93228666484839340       0.93726894528777049       0.86881633245552059       0.87348446720077755       0.85608353625750944       0.96864509683100253       0.92512619665319396       0.85701260084748931       0.80200909228772843     
  0.55644206855554046       0.47440479344337017       0.44376552562079402       0.73344831965155743       0.43153489852687793       0.75639048864845604       0.31939500984697000       0.49909755338479789       0.41991950549676660       0.44573358056194656     
  0.85014822452595984       0.76523149702100879       0.92778506291107210       0.93705738356941637       0.85069166727058165       0.88749021483206436       0.91910485977215939       0.83588689314350761       0.98231758908613143       0.92007456661262710     
  0.56759607136109913       0.48974247544496918       0.45813203042583883       0.74899569745424477       0.44758788076246803       0.76271907955943596       0.32637363050215257       0.51395731203173567       0.43515664417808519       0.46076431494776288     
  0.91733286669289871        1.0099823423053669       0.99323412343425610       0.86880058934565574       0.69818208602425258       0.73868387190360441       0.85762987582226158        1.0643164476260221       0.79582374378557841        1.2948141669118518     
  0.57887024027584566       0.50430375643099146       0.47290898484390492       0.76481255974041951       0.46341818078463304       0.76890106104255507       0.33299349111610244       0.52953876701677149       0.45081448243961214       0.47515705371103173     
  0.82662379900522986       0.78178478396641016       0.76233097684339457       0.81298834538345732       0.85895574150513987       0.81690623763335601       0.87172385505250916       0.92223081073438362        1.0800316492831563        1.1074780954032823     
  0.58937409230642290       0.51822508139018364       0.48856631949081691       0.77981125937706008       0.47948734040551411       0.77503613397392168       0.33959103488329795       0.54466914866396487       0.46660093545553027       0.48848836453575967     
  0.80069948068673924       0.96089316620499077       0.76417836036915054       0.85737058309814629       0.91821157295790268       0.81564934009889323       0.85162960406220123        1.0077505637529363       0.93539317091287089       0.92881173648913140     
  0.59978293023280727       0.53221584701775393       0.50348383902916438       0.79446663727674327       0.49641253460411072       0.78115804247523513       0.34674097745403382       0.56001813732923544       0.48202103888161318       0.50156425365685919     
  0.85181006193708519       0.80742316390601121       0.79458752162593904       0.97146328992632092       0.81047363220395607       0.83667543683221224       0.80911951973629159       0.93887882944434708       0.84891685166327790       0.97664609615529341     
  0.61138031573069751       0.54670894520414071       0.51781033777099439       0.80857078378107294       0.51285103461555126       0.78724259602186120       0.35414230388558388       0.57524175059886284       0.49755253524213955       0.51282809299275056     
  0.84555608916435709       0.81020464478177867       0.81088822459726051       0.92200717959895340       0.93135269134472654       0.76688781172839016       0.94725342121405198       0.84623871793390160       0.93633890829618072       0.80623885807667006     
  0.62261991672713768       0.56245696367191333       0.53186071283795666       0.82219560696701033       0.52764196672847163       0.79321978419832584       0.36097547318327272       0.59011572135370671       0.51184527493386955       0.52528698081139458     
  0.73339763854096152       0.87795524064785935       0.83107311365913072        1.0417543971245853       0.78606823675776305       0.91895800823771345       0.84079864044316133       0.97183472382344638       0.91452742396867670       0.87014219470434351     
  0.63436026932079437       0.57836883336111233       0.54566933639177451       0.83386957857969246       0.54092956468965303       0.79921142370277520       0.36751839798680686       0.60543760506073596       0.52633885361641930       0.53921078911781728     
   1.0049805157630414        1.0142662542356045       0.79904899080622760       0.77841685318257359       0.79835352671487647       0.73479277328976345       0.86179228639520566       0.90346449617976055       0.80617044995406062        1.1961636888013265     
  0.64599935266387543       0.59296426996403873       0.55919310614464812       0.84583202896228171       0.55567186928093137       0.80514666974037896       0.37515022582779872       0.61905185244980310       0.54093286143999308       0.55271465134724451     
  0.95679158714252521       0.81685040946287957       0.74198222364040090       0.83059617534305052       0.81489019131152107       0.83063821839156582       0.91201853169666036       0.82707725268216159       0.80382890337325352        1.0144608672006701     
  0.65869949458236032       0.60675295917462657       0.57232869866493119       0.85764430868463093       0.57041610677097232       0.81107314224734217       0.38274710392479477       0.63242322431789633       0.55529893274958986       0.56606222734849221     
   1.1274257909185141       0.88264849671151058       0.79909135238867524       0.91783085779426465       0.95293568596302292       0.78709831909595929       0.90845760551484755       0.87153679428583208       0.75176364510484717        1.0491409501254745     
  0.67175027135293286       0.62160062772236779       0.58682388883815206       0.86895744908031614       0.58502599122868837       0.81704471664425682       0.39059873252571314       0.64925768469792766       0.56851693610150078       0.58002994744265424     
  0.93012360372816794       0.91398064708984217       0.87319917700520822       0.83972237130386329       0.95723049948618000       0.93506673972585519        1.0256784210511551       0.89029806989811811       0.83425843079049933       0.98640337814119372     
  0.68534057168807139       0.63647031271887999       0.60163188064408257       0.87862801525418777       0.59887019337233083       0.82276833142387196       0.39857470545456208       0.66561124616665213       0.58208953975663835       0.59493610463399194     
   1.0346851489451965        1.0273257921722008       0.95248614267606257       0.82593257888543747       0.76369932971994936       0.88302733890394125       0.89392526425074070       0.82706318250019906       0.82647940948748155       0.99172331438476569     
  0.69898804740882303       0.65218237306843729       0.61591075779496307       0.88813171329453344       0.61328778438076836       0.82807941893996539       0.40694423666676016       0.68265261613151729       0.59618467417321219       0.61004839289216195     
  0.91458239844924039       0.84986226240656493       0.91920191199602674       0.82564196532408196       0.78335438180979899       0.85252012232236607       0.91724902165023903       0.77014570428619877       0.76408027425328040       0.94722673195365925     
  0.71171761876936945       0.66798614367869802       0.62979675774278898       0.89651168767061962       0.62780901330106920       0.83342879763020372       0.41553234567842179       0.69964242652413389       0.61028975767255988       0.62564499293221987     
  0.96798465023064439        1.0734038862253168       0.87531171067318803       0.91656444535314285       0.88257582235473886       0.86643306318012381       0.98706897233536173       0.78517111134876871       0.84093217334463466       0.80450282282362218     
  0.72422063677633208       0.68278989785631528       0.64507841667459598       0.90491770583566578       0.64364537569405056       0.83880002383136532       0.42391405124849990       0.71460492826027622       0.62166089563117610       0.64189360294466713     
  0.96978580094520594       0.90249234703351822       0.93177870041980559       0.85834947784751414       0.78420640219744808       0.84712366533069461       0.81958459292322050       0.74546302235474016       0.89023851051898184       0.88903256197992542     
  0.73636075863762041       0.69768728631082433       0.66119262701710435       0.91166719191830758       0.65993579087189802       0.84406588664161264       0.43236925113143260       0.72987328070961044       0.63269882106244957       0.65732122397161497     
  0.87611084246075244       0.95354234753513956        1.1433490620308653       0.80668756126938168       0.78723763998688323       0.74408703621665573       0.79432028086491779       0.90537148493665964       0.79756201778429425       0.86524230071598818     
  0.74824137396823176       0.71116057431303004       0.67699572553533516       0.91835084939616829       0.67626679226935660       0.84899030630878747       0.44102547557713989       0.74527880323344753       0.64398476091073187       0.67353156266093117     
  0.91829933348131731       0.85582487372084759        1.0467246503399239       0.73013775793936264        1.0008583443963319       0.83120197656280126       0.91407549155231171       0.87281636327057277       0.75001283804217789       0.80580977326140280     
  0.75922111073184095       0.72431104117963363       0.69278647770148871       0.92492484246184781       0.69281584180770983       0.85388517075223369       0.44935612603626651       0.76012086194335660       0.65649164538175619       0.69095530388851389     
  0.95442152294466698       0.92596450130044250       0.84921724361867523        1.0095955709518574       0.90881342444976521       0.86071431830265965       0.73651957729946549       0.86625885720545104       0.92442458359388857       0.91158757108003041     
  0.77003723742466634       0.73732674383528085       0.70911553264771310       0.93133196665302254       0.70960253908785509       0.85866912725300493       0.45885438745201484       0.77479686867300313       0.66876994354521624       0.70753943870336178     
  0.92280931598817306       0.77844808595565418       0.77310236126887133       0.82513181970082061       0.97798779034021677       0.84039883770680801       0.87160288191018820       0.77559880234249412       0.77745956007677663       0.90098155709181360     
  0.78041394496775107       0.75035621668620489       0.72520672779782391       0.93742327885983967       0.72651456649660928       0.86399108869592933       0.46901946154452806       0.78937438975097129       0.68046655531590350       0.72415461334859477     
  0.83516818284904515       0.85789646593297475       0.89769825465174358       0.86542768714616702       0.87045677822927348       0.87135183589453591       0.89069847069578423       0.85914581108306787       0.87198972582734291       0.97572056586651401     
  0.79067954764713588       0.76214412626179739       0.74208327835084364       0.94332058428879939       0.74381807804565425       0.86937689290230336       0.47953943035858132       0.80482592716508350       0.69179530601617445       0.74056880885301313     
  0.85979248188488600       0.81378826035549678       0.96548753911004126       0.86034640033046406       0.88990538478861081       0.96774949033271840       0.86279349275782291       0.89226701861574287       0.69895821846679906       0.83259353457316254     
  0.80137969818302468       0.77436292851569322       0.75926751782365653       0.94891905106654628       0.76207246547155638       0.87488798232990794       0.49059470677404987       0.82019890183043875       0.70283404935033444       0.75813605419844143     
  0.85318354882970471       0.86868649048693380        1.0043240902338086       0.80135541564113699       0.88558099692086312       0.80479500779539792       0.80739964796815655       0.92037038328526477       0.73099170357482357       0.82723761788813832     
  0.81220243754709098       0.78711702515542736       0.77555272409936415       0.95415493418932262       0.77977752286205793       0.87979490893047985       0.50142674706385981       0.83418800395650627       0.71805697040783700       0.77672082821544486     
  0.94829088391814476       0.91560722401236871       0.83685887220738475       0.87579928418903341        1.0036784335923532       0.85624008645713268       0.86298795621120217       0.82632349127556959       0.76755159200237955       0.93607372326565852     
  0.82336020033128210       0.79986419366950900       0.79175655078163343       0.95873215022976865       0.79615991141381059       0.88458727011310567       0.51200736984931239       0.84809081329674540       0.73443340083679742       0.79525325344715914     
  0.78740408038824150       0.89650142095842922       0.86550647860058927       0.87927601787793486        1.0314732476556496       0.68661664620342489       0.89392037130985358       0.74414766859496628       0.73132486189543655       0.86537973990221584     
  0.83477202395384498       0.81363578732970832       0.80682019093949708       0.96318650699987240       0.81242513291607332       0.88976707543776890       0.52370964094756622       0.86073273042156195       0.75174272799419595       0.81424697288240921     
  0.79623080205897834       0.89666420591230889       0.87144073333362371       0.85730275183148275       0.75462387991845059       0.84247486393868509       0.78607165323558870       0.82347079609245755       0.80725614825748393        1.0708821837446327     
  0.84650486807267888       0.82718031694321970       0.82199300092241145       0.96690802092638739       0.82823414983344568       0.89482414514816488       0.53618731791107654       0.87323471041475653       0.76866532581455882       0.82967241805444158     
  0.97371578745734078        1.0094956599445550       0.87724121571402691       0.89288799261102725       0.94758001686380822       0.75014260186064952       0.79526311062186550       0.80388680313034455       0.81010071028830744       0.82501319878217771     
  0.85812121291212207       0.84012053879632342       0.83625344525791956       0.97064287917742609       0.84477563586256155       0.90132866734522232       0.54914093700359279       0.88429982948441266       0.78661961945724468       0.84482630953874260     
  0.91468344782113820       0.81685335570028461        1.0187310892536698       0.76087103223808605       0.96036699913555923       0.80013870729967396       0.93569175795551995       0.78852653441011711       0.85149559574593547       0.75973546859680863     
  0.86977616840491057       0.85361600182913322       0.85131379549423047       0.97410219496326977       0.85995817190853063       0.90787641104449190       0.56308521134778222       0.89513626193950746       0.80464741589190547       0.86028777116959376     
  0.98597217613288468       0.86848222081753701       0.80777594272909936       0.86279552055341502       0.86648125552170985       0.98950262859139881       0.79537234400362589       0.89848569621941055       0.75155637524846819       0.80711999163464521     
  0.88164903951933327       0.86617002702064738       0.86498020654979535       0.97740773792731439       0.87476485662975756       0.91425807901034317       0.57863217802309008       0.90663063229237140       0.82353807891801811       0.87597865758040427     
  0.95025944519409911       0.74467693869312612       0.78493536900947147       0.85555815944945368       0.79142694145203973       0.79169438541713577       0.97935762885851707       0.79527685615966925       0.73341696736464790       0.77113174502568260     
  0.89342530206004456       0.87872161483912747       0.87805319952047456       0.98016341926783834       0.88878458176277164       0.92060797397859817       0.59524716222731078       0.91840059771968141       0.84271377884262522       0.89327679446268604     
  0.96959183972020802       0.75553188243121538       0.73170802549166203       0.89347982276550175       0.78307284710929825       0.89128263058835111        1.1121519472513448        1.1031697128988893       0.72045530181851924       0.87174100071857019     
  0.90509762792621740       0.89217980760282967       0.89341601293734496       0.98295666840705265       0.90277272419082844       0.92803589872968606       0.61286721241586395       0.92972254709655666       0.86228830673798340       0.91050325897536277     
  0.87167399745510277       0.96359021144157941       0.88228190741618817       0.96024275698486783       0.80280176428872840        1.1703257428058016       0.85743045394894923       0.90103533973021110       0.71894672261434023       0.85834454518098735     
  0.91661122003899009       0.90640746260036775       0.90886613360761714       0.98557626235505358       0.91703844853587191       0.93585391541195539       0.63180645827833581       0.94135456743306090       0.88260167895076536       0.92607163028959250     
  0.91522833749525312       0.95850969351823401       0.90506331254755046       0.99615349282317422        1.0388362792150507        1.0576126743644572       0.84462592631721145       0.86623032982808557       0.77064198109626791       0.86101424262578941     
  0.92732469563239872       0.92155841819161322       0.92408457729515092       0.98809785818542450       0.93109076629074583       0.94437750801423015       0.65372506399907027       0.95230886969087136       0.90311255212438579       0.94066022955389206     
   1.0408553444473800       0.73255080363556391       0.85510700189281175       0.90395096726585411       0.85502791310237236        1.2198065051267646       0.92540898870344768       0.89023502423736256       0.76015745731137585       0.82112041026134264     
  0.93807057354810663       0.93645774256545600       0.93937363604766688       0.99059230181392022       0.94467701608123722       0.95315142521793383       0.67921963385307238       0.96314145955470576       0.92368325892227310       0.95299650864369012     
  0.91849894027820933       0.80889472613849100       0.89711556791421732        1.0065982962471227       0.83948546430509108        1.0653718751463639       0.90301869789235722       0.78064139428235879       0.87302124042711671       0.88277903014052306     
  0.94971409563836784       0.95289869469749477       0.95470711561009780       0.99313204868128147       0.95830152548600456       0.96229882847747250       0.71246891860650630       0.97356114248676806       0.94434684617167741       0.96520117222082880     
   1.0295859396991596       0.87028598269961355       0.88307647084958552        1.1777545981671760       0.98719979732562757        1.0956267438044018       0.93634778439115107       0.95136987274145812       0.85530501327858544       0.80864323026257146     
  0.96282657887579703       0.96938284315780165       0.97041190762128227       0.99557424477987333       0.97224813499941265       0.97180504757929520       0.75679225412669016       0.98349286221374554       0.96382520253763970       0.97718471027973919     
  0.95534330490379038       0.95336266199304753       0.92252684156525344        1.4767578226311064       0.97337277071626505        1.0455344666888318       0.92282666388317969        1.0098574583608120       0.74009674340734932       0.71768551257881741     
  0.98019348817198870       0.98474475368296022       0.98525235174826031       0.99779301941027010       0.98612621221899455       0.98439956758787617       0.85406769172311403       0.99184415167767148       0.98194583542974001       0.98861793472189685     
   1.2938015483095784       0.87454434622157640       0.94377349716219749        2.2995905023065597       0.77259312671895408       0.86239674778428654        1.0219897028850504       0.94754200133051847       0.85059124675822395       0.81046521097562585     
   1.0000000000000000        1.0000000000000000        1.0000000000000000        1.0000000000000000        1.0000000000000000        1.0000000000000000        1.0000000000000000        1.0000000000000000        1.0000000000000000        1.0000000000000000     
   1.1366729347252351       0.92553647474251122       0.80530341273552475        1.7780307213381470       0.74588879838912392       0.84266747553519439       0.73341696736464790       0.71473608060777827       0.94332183556786786       0.72406846385432500     
   5.4412526043455900        15.746351592935129        7.0637101206554620        13.147283678349098        3.7819598190441841        8.2352618926040630        9.7876504941039144        6.4182144438353745        2.1010341865959061        4.9388587722488744     
   6.9637927548627223       -1.8841643489968751        9.8862244500440202        10.969459458743600        15.434971350520573        7.4976641829416817        11.201942109289675        5.2007311363677022        34.546413881149476        11.198318080971536     
   6.9384104968065756       0.91831365242524599        4.1028906045496631        11.098009878571693        5.8432347976399512        7.3925103050819043        6.6594485424577545       -1.0773398172041593        7.3434806506821815        5.6468311631418668     
   4.5936951627206275        14.419488375688482        11.212983004244951        22.049847806187373        5.6768795359774566        6.2531938291288656        11.861675341119412        7.6079564589910840        12.400445902689754        16.939887299011634     
   8.8227372185444093        5.8218384408489730        7.7303110705496678        9.7944770747199446        8.1594972972257889        6.1807157827720269        8.0533205196777544        14.849448213435517        4.4422284668631864        6.3503638878766688     
   8.7980711948447290        6.6404291027202635        19.719763012490279        7.9523539429083536        7.7555035990301606        5.6368402012103775        5.9292348973472260        6.3800218811976457        10.684376526877152       0.64128090159299111     
   7.8399402050537246        8.1874497945033724        15.140238681720625        5.5736387380318035        8.5471852917689777        10.842329292358734      -0.94947177865046306        6.2797547550595461        9.1082872516280418        7.8168838801180058     
   18.650151747566195        20.255089131383638        3.6112290022532094        4.9765171089849556        11.890663094524006        11.467220978572698        14.914163266965833        12.809762955784374        2.3827376473550994        16.453572323458491     
   7.4135886443239207E-002
           1           1           1           1           1           1           1           1           1           1
   2.1781870544501845E-002   9.8694624526946793E-003  -2.3130542148831998E-004   8.3838705301555549        1.1290415464880188E-003   3.7901427629375251E-006
   2.1537273396737358E-004   2.2203315646290701E-004   9.7417818442583717E-005  0.76342125820690443        9.7215562877299577E-005   1.7487892585564392E-007
   2.6860162274021770E-002   7.5334087508675696     
