+0.0002738384842965 +0.0002781978281165 +0.0002798208863885 +0.0002815684055411 
+0.0002832638203816 +0.0002851514286844 +0.0002873131847639 +0.0002892348545770 
+0.0002910595658597 +0.0002929750073213 +0.0002956305566642 +0.0002983801453834 
+0.0003021961446389 +0.0003059674770027 +0.0003091892348303 +0.0003125298291462 
+0.0003160526545648 +0.0003193458541622 +0.0003225017399781 +0.0003260170622734 
+0.0003301637416820 +0.0003337447479389 +0.0003374003983572 +0.0003414600830814 
+0.0003460720992382 +0.0003514586798336 +0.0003569687733767 +0.0003628471707001 
+0.0003693701627737 +0.0003768058017630 +0.0003844353722474 +0.0003921183910701 
+0.0003992508987373 +0.0004061021344499 +0.0004130420310243 +0.0004201398485196 
+0.0004272897153702 +0.0004343843765990 +0.0004417549715578 +0.0004493465092961 
+0.0004585379790236 +0.0004697904967944 +0.0004821107299158 +0.0004945218970610 
+0.0005067442432338 +0.0005192775371918 +0.0005326542326214 +0.0005477912154923 
+0.0005642712076281 +0.0005802814431276 +0.0005964953008348 +0.0006136103834683 
+0.0006323444568024 +0.0006553530800826 +0.0006781637420053 +0.0006998306061537 
+0.0007227708574174 +0.0007483045559465 +0.0007761897827288 +0.0008075188680681 
+0.0008421244489451 +0.0008791347576854 +0.0009179952544779 +0.0009587816463963 
+0.0010022611106800 +0.0010477478645515 +0.0010936015727737 +0.0011426708929081 
+0.0011994538411998 +0.0012639084982156 +0.0013322321947026 +0.0014044856894209 
+0.0014830046854115 +0.0015667957557377 +0.0016644517473783 +0.0017632868408694 
+0.0018780901705285 +0.0019990537221752 +0.0021342852676732 +0.0022832537662509 
+0.0024423624382334 +0.0026166870619213 +0.0028155131609819 +0.0030516131157624 
+0.0033385262539244 +0.0036787823233295 +0.0041009194992169 +0.0046695709719782 
+0.0053797865398390 +0.0063085238736119 +0.0075061205230038 +0.0093232295424232 
+0.0129927909746420 +0.0166058383279602 +0.0166058383279702 +0.0605986527105668 
+0.0000032104794581 +0.0000039593554920 +0.0000046309003140 +0.0000053610574317 
+0.0000060720013663 +0.0000067395481112 +0.0000074775928182 +0.0000082735492422 
+0.0000089993283467 +0.0000096630285672 +0.0000103651064832 +0.0000111158463419 
+0.0000119705888751 +0.0000129811490739 +0.0000140517103029 +0.0000151374375412 
+0.0000162482611997 +0.0000174589848647 +0.0000186990697552 +0.0000199571908620 
+0.0000213746191586 +0.0000225334441378 +0.0000238840340561 +0.0000253494403957 
+0.0000267710371823 +0.0000284882171819 +0.0000302320117549 +0.0000320187435549 
+0.0000337908702465 +0.0000355159450486 +0.0000373447399529 +0.0000391725434302 
+0.0000411062091264 +0.0000434288361896 +0.0000457515287329 +0.0000481841706061 
+0.0000505140174116 +0.0000530338601691 +0.0000556122145207 +0.0000585942432119 
+0.0000617065712854 +0.0000647340250104 +0.0000681495451468 +0.0000717515988466 
+0.0000756303581533 +0.0000795104139086 +0.0000834798327077 +0.0000874259697627 
+0.0000915748753344 +0.0000960955068659 +0.0001009935078375 +0.0001062037567730 
+0.0001118794268150 +0.0001176090886996 +0.0001239665070986 +0.0001310351776152 
+0.0001389465167253 +0.0001474583632922 +0.0001565497527930 +0.0001654714234538 
+0.0001739414007453 +0.0001822581614367 +0.0001910728392951 +0.0002008779662673 
+0.0002142709556578 +0.0002294789566640 +0.0002456544067780 +0.0002624600321691 
+0.0002815471119692 +0.0003042304665480 +0.0003297700168301 +0.0003587111644874 
+0.0003914449827179 +0.0004293550674251 +0.0004717053248127 +0.0005206614188034 
+0.0005772516339161 +0.0006449520104734 +0.0007185497758294 +0.0008061370339094 
+0.0009158573159124 +0.0010632959221281 +0.0012647084716522 +0.0014718360350229 
+0.0017220950537889 +0.0020346869150096 +0.0024550312098690 +0.0030525714778636 
+0.0038129232467612 +0.0046175230786399 +0.0054273779373547 +0.0074364969323376 
+0.0099563484702618 +0.0123215729212345 +0.0123215729212445 +0.0166127938836683 
-0.0027645496631375 +0.0112896363481987 +0.0220426589206708 +0.0333518626057079 
+0.0436956541553311 +0.0539381060502420 +0.0644405541161008 +0.0752361965756034 
+0.0865147562741085 +0.0963875017133892 +0.1056992272075458 +0.1151244089410529 
+0.1254033492574801 +0.1360881338057466 +0.1472331698516431 +0.1582750587608635 
+0.1691326711912663 +0.1812946934650964 +0.1937491708152233 +0.2061008202661827 
+0.2182493534265051 +0.2302330253350595 +0.2419324235585270 +0.2534172052058121 
+0.2648297364639765 +0.2771802619673114 +0.2895833886810703 +0.3011141341572459 
+0.3122258192488232 +0.3234842475995272 +0.3351717948905152 +0.3467858559414978 
+0.3581895358774629 +0.3688186269100684 +0.3787955529413777 +0.3888893932864173 
+0.3994737906074346 +0.4105296248971683 +0.4210112405452305 +0.4300768681478149 
+0.4384512044453249 +0.4471451672854403 +0.4572628591013773 +0.4689450839360677 
+0.4793023988412243 +0.4896423218686383 +0.4998549641665481 +0.5104600052950531 
+0.5210114012954850 +0.5306622970249470 +0.5396660457909741 +0.5485633675718588 
+0.5575488855500963 +0.5667668981884836 +0.5767155301359829 +0.5870711400864861 
+0.5980137766292175 +0.6093178516072818 +0.6203323371281543 +0.6312545243269373 
+0.6420279690775942 +0.6527202727067299 +0.6641671176917139 +0.6756462889686705 
+0.6855983342097689 +0.6945352367473443 +0.7036936277288472 +0.7137116213384118 
+0.7242770862873359 +0.7344789431452996 +0.7446299047893592 +0.7553683040475506 
+0.7664973171365476 +0.7772277277079261 +0.7874318035474677 +0.7973505687859967 
+0.8072768666422256 +0.8170549940065414 +0.8271188273935777 +0.8378876385260872 
+0.8487240980361674 +0.8588857857687564 +0.8686773244221750 +0.8788676585497657 
+0.8887461497941960 +0.8982506128376682 +0.9080836662939754 +0.9184253437336963 
+0.9287821814641497 +0.9388488455745764 +0.9491286183213746 +0.9595760653214792 
+0.9700267442892858 +0.9799534383560071 +0.9900048418602969 +1.0000000000000000 
-0.0000023058587814 +0.0000075522420868 +0.0000085600979082 +0.0000097491531814 
+0.0000114161403666 +0.0000130882149656 +0.0000172836073182 +0.0000203004048860 
+0.0000237548262528 +0.0000288632537382 +0.0000347676583984 +0.0000405585987385 
+0.0000462954014779 +0.0000521378568312 +0.0000584447998997 +0.0000656647425513 
+0.0000728303833997 +0.0000801097776515 +0.0000875803678781 +0.0000941644682626 
+0.0001022650962732 +0.0001120408905322 +0.0001226697141780 +0.0001349551720433 
+0.0001471792133082 +0.0001594784035116 +0.0001721768455878 +0.0001851202110031 
+0.0001987561286805 +0.0002131196043240 +0.0002280238243924 +0.0002431968299337 
+0.0002588302389905 +0.0002748301662071 +0.0002914193510528 +0.0003096326359011 
+0.0003286562199459 +0.0003489677489463 +0.0003703393067148 +0.0003925721133784 
+0.0004156569475736 +0.0004398192520071 +0.0004646209090025 +0.0004919628128036 
+0.0005224353642629 +0.0005545378949245 +0.0005875440160859 +0.0006214612188358 
+0.0006562038969240 +0.0006914352230129 +0.0007271549112803 +0.0007641362000008 
+0.0008038783698280 +0.0008481007279019 +0.0008939372466410 +0.0009383606057982 
+0.0009788189258625 +0.0010395010021003 +0.0011084568189428 +0.0011834361483517 
+0.0012672899572220 +0.0013655837639594 +0.0014719760911362 +0.0015912913449964 
+0.0017217105977813 +0.0018675634921246 +0.0020394247485260 +0.0022293597262425 
+0.0024297021497278 +0.0026472995788822 +0.0028988972067521 +0.0032019530513153 
+0.0035392550575462 +0.0038793791608269 +0.0041383695507526 +0.0043937669062654 
+0.0046669757141262 +0.0050093562462235 +0.0054333936775812 +0.0058828169030040 
+0.0063468157458175 +0.0068894259945797 +0.0074165393848718 +0.0079592016257958 
+0.0087387604125549 +0.0097933613024366 +0.0107935575071532 +0.0117375791564674 
+0.0125950162602178 +0.0138149235481754 +0.0157215158490264 +0.0203462087510614 
+0.0289503790189822 +0.0364794436552563 +0.0364794436552663 +0.0706059744264866 
-0.0012455231391363 +0.0050841790290216 +0.0099499595805207 +0.0150338962006621 
+0.0202910104732773 +0.0260026850782384 +0.0318269748253450 +0.0375685077296626 
+0.0434378201494912 +0.0496234262705534 +0.0556865189702524 +0.0616031755537005 
+0.0672715616500827 +0.0727244608566481 +0.0782100271145242 +0.0840704134899088 
+0.0902776661602956 +0.0963432066049013 +0.1021344570447544 +0.1079315846347044 
+0.1140152183206556 +0.1209930248006417 +0.1286760566887473 +0.1372952685858852 
+0.1462778256888119 +0.1556508619959321 +0.1653384783000470 +0.1751756449435618 
+0.1849987898045551 +0.1950859278820506 +0.2061416940163315 +0.2184570327719697 
+0.2317742412774916 +0.2450141098258944 +0.2579129978817339 +0.2709548414175919 
+0.2849614609796566 +0.2999639696306204 +0.3176504135364809 +0.3375891243664555 
+0.3589137895161272 +0.3826536604256573 +0.4067420924500076 +0.4307533786208522 
+0.4569168855210587 +0.4843053849409341 +0.5105374187113437 +0.5348144253618173 
+0.5573201838700225 +0.5796555802227805 +0.6012680043356134 +0.6228637848951581 
+0.6439651000084838 +0.6624610398132583 +0.6788017066297490 +0.6941525651347840 
+0.7096672708205858 +0.7237855876299039 +0.7371086732488846 +0.7506709844835704 
+0.7647426275391920 +0.7792278446774989 +0.7925990849437113 +0.8043483811311967 
+0.8146005332881548 +0.8242712949539986 +0.8331373501824829 +0.8414319548227851 
+0.8494458512395965 +0.8572540189139412 +0.8647514866170256 +0.8715589508945608 
+0.8778402398881990 +0.8837208208942098 +0.8897337522846775 +0.8957771657769900 
+0.9016093132666579 +0.9071747295980923 +0.9122547078164492 +0.9173736802689538 
+0.9229608680067176 +0.9286026417615365 +0.9342793366156499 +0.9396828885388215 
+0.9442534947611607 +0.9487118946336160 +0.9533354053448638 +0.9576360471649346 
+0.9628630513074828 +0.9686605550195376 +0.9744696488453926 +0.9800165828455941 
+0.9852021499853271 +0.9902009338732788 +0.9951485583402229 +1.0000000000000000 
+0.7406563513010155 +0.7473717014092607 +0.7507855792667972 +0.7542759518725067 
+0.7580838386336149 +0.7620472220690843 +0.7648863983029189 +0.7674553382481867 
+0.7701736770680252 +0.7729492800129961 +0.7758677015707792 +0.7789770955454364 
+0.7817922774443691 +0.7846954890635852 +0.7876874763637066 +0.7905894022497225 
+0.7933000319133232 +0.7958626516122158 +0.7990113371879212 +0.8027717674641446 
+0.8058688237880128 +0.8085649394161720 +0.8114552434632026 +0.8141920366184174 
+0.8167708749676497 +0.8194192947082838 +0.8221142614338012 +0.8248133849819757 
+0.8273876540583579 +0.8299108378350959 +0.8324540404961370 +0.8349083679831550 
+0.8371743096136095 +0.8393419778550413 +0.8416465515041573 +0.8440321973608864 
+0.8464283632466166 +0.8487908923637743 +0.8511756200409925 +0.8536151947596420 
+0.8560259766837128 +0.8584438807295838 +0.8609424341896106 +0.8635551186397982 
+0.8661774181605880 +0.8686780035896623 +0.8711089434495648 +0.8735135052342953 
+0.8761651083517090 +0.8790761436271196 +0.8818609728689801 +0.8845390168853517 
+0.8871658471412087 +0.8897186598437385 +0.8921921336803242 +0.8945322461931031 
+0.8968999181191025 +0.8994030876282756 +0.9018136492500706 +0.9042019434939351 
+0.9066769428176005 +0.9092589571052859 +0.9120485846180134 +0.9150698532252649 
+0.9177064676764071 +0.9203132794429308 +0.9228376259811196 +0.9253105235779138 
+0.9277477754204754 +0.9301874880793782 +0.9326590765707025 +0.9351492117253055 
+0.9376561725875407 +0.9401347800623338 +0.9424760957297339 +0.9447513892957160 
+0.9470506796179806 +0.9494066443540512 +0.9516859778597466 +0.9538551732707438 
+0.9561102232353506 +0.9585484960747945 +0.9612750995887341 +0.9640814652768640 
+0.9667071051933659 +0.9692724641056047 +0.9718474810736643 +0.9743038718803032 
+0.9766427311411769 +0.9790589321807879 +0.9815783149496929 +0.9841926538697909 
+0.9869520854512475 +0.9900843517596837 +0.9940579720911170 +1.0000000000000000 
-0.0148118404408077 +0.0737802851308099 +0.1022440252353010 +0.1196760740112781 
+0.1324496435826245 +0.1434531718742292 +0.1534399597982037 +0.1628929535335290 
+0.1718545190245611 +0.1800393798366032 +0.1873788620344250 +0.1939158463629815 
+0.1998931281895378 +0.2057479153810105 +0.2116168300962843 +0.2173359103144022 
+0.2227911950669140 +0.2278677411181437 +0.2325948494703809 +0.2370150674824754 
+0.2414099303098845 +0.2458913457555762 +0.2504095541720114 +0.2553767121777695 
+0.2600276504440285 +0.2643833412361755 +0.2688800866539573 +0.2738591019563823 
+0.2792683890021506 +0.2849245812703958 +0.2905030910749079 +0.2956344721716024 
+0.3004263524941019 +0.3051725989006523 +0.3098714623183358 +0.3144668701989349 
+0.3192520461317239 +0.3243818333156990 +0.3302202763937310 +0.3361498412293226 
+0.3416933317308202 +0.3470128895882990 +0.3521720535506342 +0.3569882128236149 
+0.3618264826172615 +0.3664255861948751 +0.3710258823113907 +0.3758473455688726 
+0.3808358119036162 +0.3859137434331863 +0.3910116320419427 +0.3968053999875289 
+0.4024923921757859 +0.4081595531423532 +0.4138720220590810 +0.4193436753047419 
+0.4249226310939190 +0.4305089683696799 +0.4359306607501085 +0.4411128464743412 
+0.4462562331926554 +0.4515593097708924 +0.4571089116147745 +0.4628640359578868 
+0.4685437619153197 +0.4742843848498804 +0.4799746950582300 +0.4855594878514268 
+0.4907792660970479 +0.4959897434041284 +0.5013440708697032 +0.5075072610412038 
+0.5141127853857852 +0.5213525571071790 +0.5299001778017636 +0.5386530226876397 
+0.5470865254402919 +0.5555378572800826 +0.5640865885157733 +0.5732017447480351 
+0.5834964427464087 +0.5933439963986822 +0.6023080766281144 +0.6112166656721016 
+0.6205718118445160 +0.6305199255606001 +0.6414162989196381 +0.6538907464468255 
+0.6682360622134402 +0.6846149283472391 +0.7026264599272474 +0.7227616149580407 
+0.7461723802283196 +0.7761901811894067 +0.8235948842088368 +1.0000000000000000 
2.25126965382e-07 0.0573408795699 
  <DiscreteSampler_grid>
  Helicity
  1 # grid_type. 1=='ref', 2=='run'
  80 # Attribute 'min_bin_probing_points' of the grid.
  1 # Attribute 'grid_mode' of the grid. 1=='default',2=='initialization'
  0.003 # Attribute 'small_contrib_threshold' of the grid.
  0.500 # Attribute 'damping_power' of the grid.
#  binID   n_entries weight   weight_sqr   abs_weight
    5   6751 2.87342267165e-05 2.57383561943e-07 2.87342267165e-05
    12   5774 2.48210210985e-05 6.16719896462e-08 2.48210210985e-05
    13   4477 1.87116177274e-05 4.27728307302e-07 1.87116177274e-05
    7   4458 1.84382149059e-05 1.65812340266e-07 1.84382149059e-05
    10   3909 1.65007387373e-05 6.18330535053e-08 1.65007387373e-05
    2   3313 1.40820490279e-05 1.20157552286e-08 1.40820490279e-05
    4   3119 1.36711786304e-05 1.55181978649e-08 1.36711786304e-05
    15   3067 1.32630033732e-05 1.34945184711e-08 1.32630033732e-05
  </DiscreteSampler_grid>
  <DiscreteSampler_grid>
  grouped_processes
  1 # grid_type. 1=='ref', 2=='run'
  10 # Attribute 'min_bin_probing_points' of the grid.
  1 # Attribute 'grid_mode' of the grid. 1=='default',2=='initialization'
  0.003 # Attribute 'small_contrib_threshold' of the grid.
  0.500 # Attribute 'damping_power' of the grid.
#  binID   n_entries weight   weight_sqr   abs_weight
    17   10 944.766431783 6674024.08562 944.766431783
    14   10 941.766509511 6641486.28294 941.766509511
    16   10 937.22199154 6648942.34828 937.22199154
    13   10 934.428536255 6624068.26906 934.428536255
  </DiscreteSampler_grid>
