  0.00000459770320794  0.00000488825487079  0.00000510827840205  0.00000536177029985
  0.00000570412191540  0.00000582033644204  0.00000593714659816  0.00000605456413546
  0.00000617455834926  0.00000634185030312  0.00000656802398676  0.00000678022958140
  0.00000700723828446  0.00000724925880555  0.00000750200254758  0.00000775163387163
  0.00000798980337969  0.00000822733184857  0.00000849430198246  0.00000886696016819
  0.00000924558797865  0.00000961636808266  0.00001003639692196  0.00001048342682486
  0.00001094284633201  0.00001142044030529  0.00001193765931982  0.00001257019604877
  0.00001329239858562  0.00001399892567691  0.00001472776171478  0.00001551360681124
  0.00001637380523923  0.00001735575345656  0.00001844637391806  0.00001952498522810
  0.00002060038052290  0.00002171149887926  0.00002283609339178  0.00002399509495363
  0.00002569485415546  0.00002740372076557  0.00002927058092307  0.00003132158383928
  0.00003346304754118  0.00003572448625825  0.00003803003141694  0.00004059470635572
  0.00004352541363250  0.00004672884312340  0.00004995276967785  0.00005324119864463
  0.00005658692243153  0.00006035024607904  0.00006455629951352  0.00006931899861089
  0.00007463328704889  0.00008047996156421  0.00008676491922407  0.00009267328458612
  0.00009864364476431  0.00010513015675395  0.00011256381385874  0.00012151328182446
  0.00013151316002204  0.00014195879437541  0.00015348084542628  0.00016658129824117
  0.00018182675712920  0.00019789439539034  0.00021463120452569  0.00023186393531711
  0.00025175915941430  0.00027404016081495  0.00029978790330094  0.00032945604993650
  0.00036474897936847  0.00040102294860158  0.00044631316174807  0.00050057695219904
  0.00056359579010896  0.00063629605621965  0.00072238797395842  0.00082632904762536
  0.00094496036535239  0.00111226364582326  0.00133518247617233  0.00157787155732982
  0.00183599332699556  0.00212628941521159  0.00258159777835821  0.00333095395661791
  0.00434098031885123  0.00564125328504652  0.00703162428146605  1.00000000000000000
  0.00025697596848296  0.00026131534076059  0.00026821264894911  0.00027539137373519
  0.00028355820039024  0.00029277925231101  0.00030196913893231  0.00031221123170445
  0.00032232350215916  0.00033377354062144  0.00034501596514411  0.00035754107128262
  0.00037080825557810  0.00038468525559832  0.00039883679055863  0.00041500289924826
  0.00043340411381807  0.00045244961761875  0.00047143901994977  0.00049082076422502
  0.00051035751853170  0.00053029820282192  0.00055138403915065  0.00057339162912674
  0.00059370940646099  0.00061517399746257  0.00063858183307634  0.00066391126094202
  0.00069040546327725  0.00071768161274064  0.00074635516157878  0.00077553863311157
  0.00080552228605266  0.00083675417048696  0.00086800491310745  0.00089975058010821
  0.00093252397728827  0.00096668410050754  0.00100199675389935  0.00103845178397841
  0.00107752151621738  0.00111917437554105  0.00116134448871207  0.00120437355030508
  0.00125044723499073  0.00129479950706285  0.00133677855681238  0.00138028869858723
  0.00142626685631339  0.00147504163167699  0.00152781923013629  0.00158663317413262
  0.00164277405948289  0.00170056939770982  0.00175294524591404  0.00181407982416630
  0.00188394345293783  0.00195618435579786  0.00202259705938488  0.00209804043246379
  0.00217302807751675  0.00225133675225680  0.00233216401131291  0.00240553313809511
  0.00249102738166334  0.00258197627860876  0.00269558411695133  0.00279866826241627
  0.00287734182318545  0.00295461770935984  0.00303038009163641  0.00310794809959913
  0.00319413524796774  0.00328032239633634  0.00342407428859176  0.00355877120502342
  0.00368338104320010  0.00379582492982343  0.00390853105173851  0.00402273784756552
  0.00415791797033499  0.00438268358317648  0.00468832796668630  0.00491817772734046
  0.00517143803927475  0.00539704944089546  0.00585244812921346  0.00629431466273103
  0.00722430437619721  0.00796534861856630  0.00897896216629131  0.01188762753021243
  0.01304560818922242  0.01966911803472836  0.03362669080960688  1.00000000000000000
 -0.00119016503743357  0.00771285260897858  0.01600118854711884  0.02570848701767726
  0.03559059752771913  0.04518577779447737  0.05466758799860597  0.06367781835611422
  0.07272916997964257  0.08208374399909037  0.09204127111830565  0.10221634904869061
  0.11274346276185870  0.12398362993615814  0.13613359077614898  0.14905454784982808
  0.16142962381819506  0.17373809898057641  0.18639417998650765  0.20039384601895424
  0.21467890239466264  0.22670236527344059  0.23773828234630395  0.24811495768983649
  0.25873432532396634  0.27016210570624410  0.28217226544794716  0.29285273637217585
  0.30123151108036245  0.31022001900837970  0.31952779517930141  0.32824102465410876
  0.33693973326192994  0.34593647199157207  0.35620479801013138  0.36748188503491558
  0.37882239654085409  0.39004667508203583  0.40090441867107840  0.41099741728008304
  0.42062684993614563  0.43025202681698832  0.43972177804919421  0.45043271352961189
  0.46113147332972015  0.47375504511005673  0.48593062533123527  0.49860432012149164
  0.51122970003752122  0.52369634587311586  0.53649940170940125  0.54730128786393240
  0.55841071163954892  0.56906997338838228  0.58129680937636408  0.59245976787030630
  0.60201197847597698  0.61132600133378878  0.62045894080988495  0.63039620371803895
  0.64076769335190842  0.65132216256642683  0.66199597447220937  0.67308426398391996
  0.68526003368105337  0.69848262314118792  0.71243734082046539  0.72535198810367485
  0.73564306743193564  0.74600380594794835  0.75667278732010745  0.76949069720165875
  0.78215269784609021  0.79541010171890236  0.80764763760494418  0.81811962138396854
  0.82754999681182728  0.83695784959647113  0.84628140591530332  0.85632026824186458
  0.86605039887754809  0.87541727599881891  0.88433078819659383  0.89267341615158935
  0.90096706520229752  0.90919576822439718  0.91726523121652825  0.92524250014132170
  0.93355381507852786  0.94276404644624578  0.95286372471620884  0.96269469068640579
  0.97202321773969613  0.98022398510738040  0.99007662877823877  1.00000000000000000
 -0.00145544538428198  0.00950315554602029  0.01856208703405482  0.02968730609385945
  0.04040489188570154  0.05186606335234633  0.06286302602998924  0.07423991114221393
  0.08487051450005723  0.09625862735427224  0.10619120643687716  0.11628793193751463
  0.12555484306839229  0.13563228529887628  0.14648537512140286  0.15934313453613047
  0.17367649883071795  0.18434905893126810  0.19286271012461742  0.20023363094254601
  0.20981966939182484  0.22017877901082936  0.22946659022377552  0.23827794387699872
  0.24677208075756793  0.25700173955792988  0.26834611045536133  0.28037396344742077
  0.29278244137336479  0.30332288668131657  0.31384692332520492  0.32463744031302588
  0.33621012923735066  0.34694164435718827  0.35682739270788466  0.36635292331397595
  0.37623179236422000  0.38652321280027863  0.39714005261571850  0.40798842224922244
  0.41963263705573661  0.43157502592687791  0.44269562903963366  0.45261036769225388
  0.46298517416363022  0.47300422868411707  0.48395567875692103  0.49468462392629853
  0.50470933891335845  0.51567090109208102  0.52609633718712856  0.53729073884447454
  0.54798033332806761  0.55825865564012322  0.56894745986604622  0.57958068842877153
  0.59052703423007002  0.60105874636815670  0.61114171945684770  0.62229819358988969
  0.63189226368889895  0.64150182383015864  0.65148518212341189  0.66202100589797186
  0.67251276249913650  0.68280082963068234  0.69348594841489952  0.70528457664572342
  0.71673500058238093  0.72717054310327656  0.73630019535800650  0.74408499701484643
  0.75224909794559669  0.76075338646168433  0.77041403936659658  0.78133584389077393
  0.79312968429063202  0.80542711285643298  0.81747884212271693  0.82958580094860601
  0.84147841309477811  0.85170855009846891  0.86148177808572013  0.87061179691872204
  0.88084532356063217  0.89216232092643999  0.90464774985689400  0.91712620637414055
  0.92855249337637547  0.93906143247421026  0.94921748733761979  0.95930323166929454
  0.96945307324708019  0.98014578213125814  0.98982996597504347  1.00000000000000000
  0.00129585979704713  0.01169795384088805  0.02374302923081430  0.03650755659496756
  0.04869341001875423  0.06020808750307615  0.07156358287065821  0.08137258371134466
  0.09133962434904803  0.10104706584370711  0.11153226283721876  0.12091938549983890
  0.13002029543222504  0.13985076136340679  0.15022469626231458  0.16129781630428908
  0.17233005375323951  0.18368520703895158  0.19560141123502142  0.20699799796830445
  0.21773611072183163  0.22692670199403148  0.23563633416288809  0.24437727315581245
  0.25308286865688312  0.26234893278431498  0.27219779402632949  0.28303980145437430
  0.29580128082501500  0.30808968734453884  0.31850265572540104  0.32741484282045141
  0.33605351460581734  0.34494126213730303  0.35428368500204910  0.36419805671165278
  0.37371985898683963  0.38348663557575696  0.39387875183644577  0.40386625777433371
  0.41391992952146506  0.42326746158783263  0.43284134193981139  0.44247983850399270
  0.45259046626607335  0.46335557205088157  0.47469674543491502  0.48618176131731272
  0.49738607181004252  0.50895916458188850  0.52040888735368962  0.53097830050495742
  0.54127722813477352  0.55185498107403386  0.56343039570685260  0.57538406395486907
  0.58708709406407145  0.59892190411790991  0.61043970603323516  0.62056571768711322
  0.63093726396395855  0.64135169545544601  0.65169281162229165  0.66189772013719406
  0.67149882713967535  0.68109802195260249  0.69146509235752895  0.70309877998402714
  0.71547285711639819  0.72744827990411587  0.73925394179650250  0.74895406541603271
  0.75897291197950112  0.76906250756216343  0.78172459354165680  0.79482048135339189
  0.80710689087799670  0.81784501813890298  0.82741127431566741  0.83661156059175057
  0.84564588773677496  0.85473561520624908  0.86385999105614131  0.87338081306627569
  0.88360553691378063  0.89419595983026767  0.90506908079811521  0.91637425437344033
  0.92723561843244839  0.93739646007877886  0.94803088453892281  0.95966539695989894
  0.96999879114466081  0.97984334074741120  0.98980478955954243  1.00000000000000000
  0.70826668082584621  0.71213086311451834  0.71602686485553180  0.71996896940589328
  0.72389010656859132  0.72797148361367559  0.73238663839105289  0.73606424400887982
  0.73904141249394462  0.74177028442127591  0.74488957327519822  0.74747758695065292
  0.74974511784943121  0.75175556002382027  0.75362600745956243  0.75554650239719467
  0.75750476315732207  0.75950655083407126  0.76202705058978426  0.76445034619074959
  0.76686981586667957  0.76935253924580027  0.77178715246880281  0.77400472854242819
  0.77627453392159729  0.77871361799490602  0.78109349207502676  0.78340817385433714
  0.78558543290063376  0.78801291712043042  0.79050339147896653  0.79312546410450568
  0.79560591999014596  0.79805458973187016  0.80052619259884172  0.80311212218639272
  0.80563849326430159  0.80850359325583232  0.81128575708445161  0.81437741575546807
  0.81747932554812930  0.82037544249062444  0.82294793098664787  0.82555997200592302
  0.82832563961206929  0.83118301720545884  0.83407060772354658  0.83677461635591133
  0.83954520197223204  0.84227000631741322  0.84488918588195405  0.84754750299374759
  0.85013034786273112  0.85288294069811177  0.85561572626976612  0.85882652358399558
  0.86206872656381250  0.86518610581333277  0.86801493880928748  0.87059531927776290
  0.87300183549562749  0.87548825244045991  0.87811778985898814  0.88105998747412984
  0.88420788225131897  0.88732534815523934  0.89026477582936059  0.89309764205600317
  0.89624783824226006  0.89954599651883160  0.90275426215433885  0.90580371264081150
  0.90893594267652722  0.91219987410539782  0.91508175236007272  0.91768515430517816
  0.92013743980646601  0.92250843758569234  0.92503125261045960  0.92776160719880529
  0.93084443902862979  0.93435154629026029  0.93742137344120258  0.94053951035772243
  0.94356775381313196  0.94670454043079943  0.95025195068949320  0.95408855988345376
  0.95817066741173740  0.96250978729613668  0.96685965987324785  0.97137053316145194
  0.97610377450387398  0.98191409778334637  0.98953346826741673  1.00000000000000000
 -0.01333884949711027  0.10583220037655658  0.14637592308884767  0.17111930140227591
  0.18532850891594674  0.19828960633216836  0.20984094718124130  0.22295961477035314
  0.23507642680413018  0.24628203986629180  0.25698413873111126  0.26748860523794671
  0.27735017298328446  0.28633116791632940  0.29467109393004975  0.30275940024079978
  0.30953333637268249  0.31662326516801337  0.32375722376753147  0.33130102895243185
  0.33874740767944261  0.34573784931544876  0.35236909658215348  0.35872325910601693
  0.36475338267286933  0.37123490192976455  0.37798583465240793  0.38501000842700628
  0.39171815848946617  0.39799157011386943  0.40402154329558876  0.40986393403417126
  0.41548753918005532  0.42109319519108923  0.42640725121460182  0.43174888208906348
  0.43743094707144498  0.44379705201604464  0.45082429181425449  0.45764406529744445
  0.46397759429793245  0.46941699635095141  0.47416666492007592  0.47883679981302341
  0.48344571878891096  0.48828603869939707  0.49336909819034808  0.49854014092134519
  0.50362635032516945  0.50847697435056272  0.51319536077320715  0.51734037676624178
  0.52129348637402040  0.52534140795848372  0.52976420840256799  0.53459716145927660
  0.53966793417279613  0.54463910831814599  0.54925284858698853  0.55423615539634741
  0.55979332020862149  0.56595485702742876  0.57172805238106927  0.57758018773428144
  0.58374515465844190  0.59046860589101291  0.59717500301430304  0.60259670308191804
  0.60769546982493816  0.61265489475565971  0.61818393763003132  0.62413731797192962
  0.62980506360779109  0.63547713768096714  0.64112986047403087  0.64705122573998786
  0.65360851117346752  0.66053983121530491  0.66833869000863722  0.67742413990262029
  0.68723985282874622  0.69687038819782920  0.70620659357829452  0.71464791615112666
  0.72352155772349724  0.73332394686064961  0.74333171009837584  0.75325605652759797
  0.76404603933701276  0.77592494778269161  0.78854625437867476  0.80346676290338825
  0.82138333548318598  0.84390106494738948  0.88029796003120331  1.00000000000000000
   1.0919148674000000E-006   1.7812946896599999E-002
  <DiscreteSampler_grid>
  Helicity
  1 # 1 for a reference and 2 for a running grid.
  80 # Attribute 'min_bin_probing_points' of the grid.
  1 # Attribute 'grid_mode' of the grid. 1=='default',2=='initialization'
  0.0300000000000000 # Attribute 'small_contrib_threshold' of the grid.
  0.3330000000000000 # Attribute 'damping_power' of the grid.
 # binID   n_entries weight   weight_sqr   abs_weight
    1   1245   2.804109259812007E-005   1.562604460867181E-008   2.804109259812007E-005
    4   1361   2.694032896553338E-005   3.602246701530108E-008   2.694032896553338E-005
    5   515   1.293967364922549E-005   2.661648660926098E-009   1.293967364922549E-005
    8   424   9.693861635174963E-006   1.370345274403409E-009   9.693861635174963E-006
    9   468   1.067939299170029E-005   1.621428171798516E-009   1.067939299170029E-005
    12   568   1.311252147896786E-005   2.756045973454484E-009   1.311252147896786E-005
    13   1143   2.634414391794692E-005   1.331715755021413E-008   2.634414391794692E-005
    16   1268   2.683323980930561E-005   2.051863960363747E-008   2.683323980930561E-005
  </DiscreteSampler_grid>
  <DiscreteSampler_grid>
  grouped_processes
  1 # 1 for a reference and 2 for a running grid.
  10 # Attribute 'min_bin_probing_points' of the grid.
  1 # Attribute 'grid_mode' of the grid. 1=='default',2=='initialization'
  0.0300000000000000 # Attribute 'small_contrib_threshold' of the grid.
  0.3330000000000000 # Attribute 'damping_power' of the grid.
 # binID   n_entries weight   weight_sqr   abs_weight
    10   10   6.967613357940000E+000   1.194288321000000E+002   6.967613357940000E+000
  </DiscreteSampler_grid>
