     
 Soft #          24
 ME*wgt:
   1.0054341385115639        6.0263241530852439E-014   5.9937532676248320E-014
  0.99987306117267927        5.9929924276137899E-014   5.9937532676248320E-014
  0.99987858266594165        5.9930255220820735E-014   5.9937532676248320E-014
   1.0000018260791697        5.9937642126928215E-014   5.9937532676248320E-014
   1.0000005778538072        5.9937567311379780E-014   5.9937532676248320E-014
  0.99999997860114986        5.9937531393654041E-014   5.9937532676248320E-014
   1.0000003232710823        5.9937552052319382E-014   5.9937532676248320E-014
   1.0000043270771575        5.9937792030576843E-014   5.9937532676248320E-014
   1.0000000005000902        5.9937532706222498E-014   5.9937532676248320E-014
   1.0000000000500089        5.9937532679245727E-014   5.9937532676248320E-014
 wgt:
   1.1111111111111114        5.6697015070180195E-006   5.1027313563162161E-006
   1.0101010101010102        5.1542740972891071E-006   5.1027313563162161E-006
   1.0010010010010009        5.1078391955117269E-006   5.1027313563162161E-006
   1.0001000100010000        5.1032416804842641E-006   5.1027313563162161E-006
   1.0000100001000010        5.1027823841400579E-006   5.1027313563162161E-006
   1.0000010000010002        5.1027364590526758E-006   5.1027313563162161E-006
   1.0000001000000101        5.1027318665894033E-006   5.1027313563162161E-006
   1.0000000100000002        5.1027314073435307E-006   5.1027313563162161E-006
   1.0000000010000001        5.1027313614189476E-006   5.1027313563162161E-006
   1.0000000000999998        5.1027313568264883E-006   5.1027313563162161E-006
     
 Soft #          49
 ME*wgt:
   1.0055607930328270        1.7088644668607224E-015   1.6994143752429851E-015
   1.0000499526499540        1.6994992654943983E-015   1.6994143752429851E-015
   1.0000004655620582        1.6994151664258395E-015   1.6994143752429851E-015
  0.99999872127057865        1.6994122021518243E-015   1.6994143752429851E-015
   1.0000075299463438        1.6994271717420465E-015   1.6994143752429851E-015
  0.99993940804666315        1.6993114044064604E-015   1.6994143752429851E-015
  0.99826896232193907        1.6964726249288010E-015   1.6994143752429851E-015
   1.0289566899247531        1.7486237903605642E-015   1.6994143752429851E-015
   1.0000000005000005        1.6994143760926930E-015   1.6994143752429851E-015
   1.0000000000500000        1.6994143753279558E-015   1.6994143752429851E-015
 wgt:
   1.1111111111111109        9.2778355907983794E-006   8.3500520317185432E-006
   1.0101010101010102        8.4343959916348932E-006   8.3500520317185432E-006
   1.0010010010010009        8.3584104421607023E-006   8.3500520317185432E-006
   1.0001000100010000        8.3508871204305865E-006   8.3500520317185432E-006
   1.0000100001000007        8.3501355330738722E-006   8.3500520317185432E-006
   1.0000010000009998        8.3500603817789239E-006   8.3500520317185432E-006
   1.0000001000000101        8.3500528667238310E-006   8.3500520317185432E-006
   1.0000000100000002        8.3500521152190647E-006   8.3500520317185432E-006
   1.0000000009999999        8.3500520400685940E-006   8.3500520317185432E-006
   1.0000000000999998        8.3500520325535466E-006   8.3500520317185432E-006
     
 Collinear #          38
 ME*wgt:
   1.0012041920855261        2.9982049583951994E-016   2.9945988861172117E-016
  0.99995691030455724        2.9944698497632359E-016   2.9945988861172117E-016
  0.99994344302138893        2.9944295206520610E-016   2.9945988861172117E-016
  0.99997385310439180        2.9945205866527480E-016   2.9945988861172117E-016
  0.99997965094803409        2.9945379488688609E-016   2.9945988861172117E-016
  0.99963548007672609        2.9935072951610083E-016   2.9945988861172117E-016
  0.99826249137195200        2.9893957447150403E-016   2.9945988861172117E-016
   1.0326779104813057        3.0924561204451679E-016   2.9945988861172117E-016
  0.99999999969567888        2.9945988852058920E-016   2.9945988861172117E-016
  0.99999999989964650        2.9945988858166932E-016   2.9945988861172117E-016
 wgt:
   1.0020514025649163        6.1534460039890180E-006   6.1408486513149481E-006
   1.0002048565351105        6.1421066442922941E-006   6.1408486513149481E-006
   1.0000204817100737        6.1409744263966312E-006   6.1408486513149481E-006
   1.0000020478065481        6.1408612265850267E-006   6.1408486513149481E-006
   1.0000002046926924        6.1408499083017918E-006   6.1408486513149481E-006
   1.0000000201171797        6.1408487748515043E-006   6.1408486513149481E-006
   1.0000000018725832        6.1408486628141980E-006   6.1408486513149481E-006
   1.0000000005344969        6.1408486545972127E-006   6.1408486513149481E-006
  0.99999999970590814        6.1408486495089748E-006   6.1408486513149481E-006
  0.99999999990102872        6.1408486507071808E-006   6.1408486513149481E-006
