     
 Collinear #          59
 ME*wgt:
   0.0000000000000000        0.0000000000000000        7.3089220590222064E-024
   0.0000000000000000        0.0000000000000000        7.3089220590222064E-024
   0.0000000000000000        0.0000000000000000        7.3089220590222064E-024
   0.0000000000000000        0.0000000000000000        7.3089220590222064E-024
   0.0000000000000000        0.0000000000000000        7.3089220590222064E-024
   0.0000000000000000        0.0000000000000000        7.3089220590222064E-024
   0.0000000000000000        0.0000000000000000        7.3089220590222064E-024
   0.0000000000000000        0.0000000000000000        7.3089220590222064E-024
   0.0000000000000000        0.0000000000000000        7.3089220590222064E-024
   0.0000000000000000        0.0000000000000000        7.3089220590222064E-024
 wgt:
   1.0000000123728812        8.9696123831676497E-005   8.9696122721877029E-005
   1.0000000011859402        8.9696122828251276E-005   8.9696122721877029E-005
   1.0000000001181042        8.9696122732470511E-005   8.9696122721877029E-005
   1.0000000000118061        8.9696122722935983E-005   8.9696122721877029E-005
   1.0000000000011811        8.9696122721982956E-005   8.9696122721877029E-005
   1.0000000000001186        8.9696122721887668E-005   8.9696122721877029E-005
   1.0000000000000124        8.9696122721878141E-005   8.9696122721877029E-005
   1.0000000000000016        8.9696122721877165E-005   8.9696122721877029E-005
   1.0000000000000007        8.9696122721877084E-005   8.9696122721877029E-005
   1.0000000000000002        8.9696122721877057E-005   8.9696122721877029E-005
