     
 Collinear #          59
 
 part:           1
 comp:           0
  0.99999999899213488        276.25007023219985        276.25007051062266     
  0.99999999990380040        276.25007048404751        276.25007051062266     
  0.99999999999042377        276.25007050797723        276.25007051062266     
  0.99999999999904299        276.25007051035828        276.25007051062266     
  0.99999999999990452        276.25007051059629        276.25007051062266     
  0.99999999999999034        276.25007051061999        276.25007051062266     
  0.99999999999999900        276.25007051062238        276.25007051062266     
   1.0000000000000000        276.25007051062266        276.25007051062266     
   1.0000000000000002        276.25007051062272        276.25007051062266     
   1.0000000000000000        276.25007051062266        276.25007051062266     
 comp:           1
   0.0000000000000000        0.0000000000000000     
   0.0000000000000000        0.0000000000000000     
   0.0000000000000000        0.0000000000000000     
   0.0000000000000000        0.0000000000000000     
   0.0000000000000000        0.0000000000000000     
   0.0000000000000000        0.0000000000000000     
   0.0000000000000000        0.0000000000000000     
   0.0000000000000000        0.0000000000000000     
   0.0000000000000000        0.0000000000000000     
   0.0000000000000000        0.0000000000000000     
 comp:           2
   0.0000000000000000        0.0000000000000000     
   0.0000000000000000        0.0000000000000000     
   0.0000000000000000        0.0000000000000000     
   0.0000000000000000        0.0000000000000000     
   0.0000000000000000        0.0000000000000000     
   0.0000000000000000        0.0000000000000000     
   0.0000000000000000        0.0000000000000000     
   0.0000000000000000        0.0000000000000000     
   0.0000000000000000        0.0000000000000000     
   0.0000000000000000        0.0000000000000000     
 comp:           3
  0.99999999899213488        276.25007023219985        276.25007051062266     
  0.99999999990380040        276.25007048404751        276.25007051062266     
  0.99999999999042377        276.25007050797723        276.25007051062266     
  0.99999999999904299        276.25007051035828        276.25007051062266     
  0.99999999999990452        276.25007051059629        276.25007051062266     
  0.99999999999999034        276.25007051061999        276.25007051062266     
  0.99999999999999900        276.25007051062238        276.25007051062266     
   1.0000000000000000        276.25007051062266        276.25007051062266     
   1.0000000000000002        276.25007051062272        276.25007051062266     
   1.0000000000000000        276.25007051062266        276.25007051062266     
 
 part:           2
 comp:           0
   1.0000000133807461        276.25000369643112        276.25000000000000     
   1.0000000012821399        276.25000035419117        276.25000000000000     
   1.0000000001276801        276.25000003527163        276.25000000000000     
   1.0000000000127627        276.25000000352571        276.25000000000000     
   1.0000000000012761        276.25000000035254        276.25000000000000     
   1.0000000000001277        276.25000000003524        276.25000000000000     
   1.0000000000000127        276.25000000000352        276.25000000000000     
   1.0000000000000013        276.25000000000034        276.25000000000000     
   1.0000000000000002        276.25000000000006        276.25000000000000     
   1.0000000000000000        276.25000000000000        276.25000000000000     
 comp:           1
   0.0000000000000000        0.0000000000000000     
   0.0000000000000000        0.0000000000000000     
   0.0000000000000000        0.0000000000000000     
   0.0000000000000000        0.0000000000000000     
   0.0000000000000000        0.0000000000000000     
   0.0000000000000000        0.0000000000000000     
   0.0000000000000000        0.0000000000000000     
   0.0000000000000000        0.0000000000000000     
   0.0000000000000000        0.0000000000000000     
   0.0000000000000000        0.0000000000000000     
 comp:           2
   0.0000000000000000        0.0000000000000000     
   0.0000000000000000        0.0000000000000000     
   0.0000000000000000        0.0000000000000000     
   0.0000000000000000        0.0000000000000000     
   0.0000000000000000        0.0000000000000000     
   0.0000000000000000        0.0000000000000000     
   0.0000000000000000        0.0000000000000000     
   0.0000000000000000        0.0000000000000000     
   0.0000000000000000        0.0000000000000000     
   0.0000000000000000        0.0000000000000000     
 comp:           3
   1.0000000133807461       -276.25000369643112       -276.25000000000000     
   1.0000000012821399       -276.25000035419117       -276.25000000000000     
   1.0000000001276801       -276.25000003527163       -276.25000000000000     
   1.0000000000127627       -276.25000000352571       -276.25000000000000     
   1.0000000000012761       -276.25000000035254       -276.25000000000000     
   1.0000000000001277       -276.25000000003524       -276.25000000000000     
   1.0000000000000127       -276.25000000000352       -276.25000000000000     
   1.0000000000000013       -276.25000000000034       -276.25000000000000     
   1.0000000000000002       -276.25000000000006       -276.25000000000000     
   1.0000000000000000       -276.25000000000000       -276.25000000000000     
 
 part:           3
 comp:           0
   1.0000000020744693        260.28685536480617        260.28685482484912     
   1.0000000006432972        260.28685499229090        260.28685482484912     
   1.0000000002030389        260.28685487769746        260.28685482484912     
   1.0000000000641942        260.28685484155801        260.28685482484912     
   1.0000000000202995        260.28685483013282        260.28685482484912     
   1.0000000000064193        260.28685482651997        260.28685482484912     
   1.0000000000020299        260.28685482537747        260.28685482484912     
   1.0000000000006419        260.28685482501618        260.28685482484912     
   1.0000000000002034        260.28685482490204        260.28685482484912     
   1.0000000000000642        260.28685482486583        260.28685482484912     
 comp:           1
  0.99999976681022074        54.520473223313004        54.520485936933085     
  0.99999992768734014        54.520481994411732        54.520485936933085     
  0.99999997717651823        54.520484692585768        54.520485936933085     
  0.99999999278396190        54.520485543511178        54.520485936933085     
  0.99999999771813197        54.520485812524534        54.520485936933085     
  0.99999999927841132        54.520485897591719        54.520485936933085     
  0.99999999977181364        54.520485924492256        54.520485936933085     
  0.99999999992784117        54.520485932998952        54.520485936933085     
  0.99999999997718136        54.520485935689003        54.520485936933085     
  0.99999999999278411        54.520485936539671        54.520485936933085     
 comp:           2
   1.0000000825674260        100.48462437647427        100.48461607971817     
   1.0000000256043391        100.48461865256036        100.48461607971817     
   1.0000000080812983        100.48461689176432        100.48461607971817     
   1.0000000025550422        100.48461633646059        100.48461607971817     
   1.0000000008079597        100.48461616090569        100.48461607971817     
   1.0000000002554987        100.48461610539186        100.48461607971817     
   1.0000000000807958        100.48461608783690        100.48461607971817     
   1.0000000000255500        100.48461608228554        100.48461607971817     
   1.0000000000080798        100.48461608053005        100.48461607971817     
   1.0000000000025548        100.48461607997490        100.48461607971817     
 comp:           3
   1.0000000000000000       -197.62238066353825       -197.62238066353825     
   1.0000000000000000       -197.62238066353825       -197.62238066353825     
   1.0000000000000000       -197.62238066353825       -197.62238066353825     
   1.0000000000000000       -197.62238066353825       -197.62238066353825     
   1.0000000000000000       -197.62238066353825       -197.62238066353825     
   1.0000000000000000       -197.62238066353825       -197.62238066353825     
   1.0000000000000000       -197.62238066353825       -197.62238066353825     
   1.0000000000000000       -197.62238066353825       -197.62238066353825     
   1.0000000000000000       -197.62238066353825       -197.62238066353825     
   1.0000000000000000       -197.62238066353825       -197.62238066353825     
 
 part:           4
 comp:           0
   1.0484750696119471        7.3928630026895076E-005   7.0510622683910755E-005
   1.0046463334098146        7.0838238545833845E-005   7.0510622683910755E-005
   1.0004627123355225        7.0543248818811968E-005   7.0510622683910755E-005
   1.0000462521101370        7.0513883948996960E-005   7.0510622683910755E-005
   1.0000046250198669        7.0510948796941486E-005   7.0510622683910755E-005
   1.0000004625000751        7.0510655295079051E-005   7.0510622683910755E-005
   1.0000000462499887        7.0510625945026254E-005   7.0510622683910755E-005
   1.0000000046249991        7.0510623010022316E-005   7.0510622683910755E-005
   1.0000000004624998        7.0510622716521903E-005   7.0510622683910755E-005
   1.0000000000462497        7.0510622687171845E-005   7.0510622683910755E-005
 comp:           1
   2.6986668584510074E-005   0.0000000000000000     
   8.3686248766226715E-006   0.0000000000000000     
   2.6413239086539763E-006   0.0000000000000000     
   8.3510019522803231E-007   0.0000000000000000     
   2.6407681850550536E-007   0.0000000000000000     
   8.3508262664595345E-008   0.0000000000000000     
   2.6407626288962812E-008   0.0000000000000000     
   8.3508245281668598E-009   0.0000000000000000     
   2.6407625373007004E-009   0.0000000000000000     
   8.3508248376034152E-010   0.0000000000000000     
 comp:           2
  -1.7611176501433651E-005  -0.0000000000000000     
  -5.4612643022223521E-006  -0.0000000000000000     
  -1.7236963283219671E-006  -0.0000000000000000     
  -5.4497637929952646E-007  -0.0000000000000000     
  -1.7233336697612783E-007  -0.0000000000000000     
  -5.4496491425340931E-008  -0.0000000000000000     
  -1.7233300438786505E-008  -0.0000000000000000     
  -5.4496480081451245E-009  -0.0000000000000000     
  -1.7233299841044719E-009  -0.0000000000000000     
  -5.4496482100797129E-010  -0.0000000000000000     
 comp:           3
  0.94362758664098745        6.6535768715771972E-005   7.0510622683910755E-005
  0.99459987261339633        7.0129856339308890E-005   7.0510622683910755E-005
  0.99946224987828214        7.0472705587980078E-005   7.0510622683910755E-005
  0.99994624751044880        7.0506832562401689E-005   7.0510622683910755E-005
  0.99999462497616931        7.0510243687633509E-005   7.0510622683910755E-005
  0.99999946249986793        7.0510584784441751E-005   7.0510622683910755E-005
  0.99999994625000965        7.0510618893965469E-005   7.0510622683910755E-005
  0.99999999462500155        7.0510622304916271E-005   7.0510622683910755E-005
  0.99999999946249996        7.0510622646011289E-005   7.0510622683910755E-005
  0.99999999994624977        7.0510622680120791E-005   7.0510622683910755E-005
 
 part:           5
 comp:           0
   1.0000000182730140        181.32427909224256        181.32427577890155     
   1.0000000056665010        181.32427680637576        181.32427577890155     
   1.0000000017884736        181.32427610319522        181.32427577890155     
   1.0000000005654568        181.32427588143261        181.32427577890155     
   1.0000000001788099        181.32427581132410        181.32427577890155     
   1.0000000000565443        181.32427578915443        181.32427577890155     
   1.0000000000178808        181.32427578214379        181.32427577890155     
   1.0000000000056544        181.32427577992684        181.32427577890155     
   1.0000000000017883        181.32427577922581        181.32427577890155     
   1.0000000000005653        181.32427577900407        181.32427577890155     
 comp:           1
   1.0000000739427639       -119.77806741463432       -119.77805855791362     
   1.0000000229298125       -119.77806130440204       -119.77805855791362     
   1.0000000072371580       -119.77805942476637       -119.77805855791362     
   1.0000000022881526       -119.77805883198410       -119.77805855791362     
   1.0000000007235637       -119.77805864458067       -119.77805855791362     
   1.0000000002288105       -119.77805858532010       -119.77805855791362     
   1.0000000000723561       -119.77805856658031       -119.77805855791362     
   1.0000000000228810       -119.77805856065427       -119.77805855791362     
   1.0000000000072358       -119.77805855878030       -119.77805855791362     
   1.0000000000022882       -119.77805855818769       -119.77805855791362     
 comp:           2
  0.99999992738648769       -79.596609261941822       -79.596615041731610     
  0.99999997748239144       -79.596613249406190       -79.596615041731610     
  0.99999999289294250       -79.596614476033892       -79.596615041731610     
  0.99999999775298098       -79.596614862876507       -79.596615041731610     
  0.99999999928944383       -79.596614985173744       -79.596615041731610     
  0.99999999977530296       -79.596615023846482       -79.596615041731610     
  0.99999999992894451       -79.596615036075832       -79.596615041731610     
  0.99999999997753031       -79.596615039943103       -79.596615041731610     
  0.99999999999289446       -79.596615041166032       -79.596615041731610     
  0.99999999999775291       -79.596615041552752       -79.596615041731610     
 comp:           3
   1.0000000000000000        110.43590244453361        110.43590244453361     
   1.0000000000000000        110.43590244453361        110.43590244453361     
   1.0000000000000000        110.43590244453361        110.43590244453361     
   1.0000000000000000        110.43590244453361        110.43590244453361     
   1.0000000000000000        110.43590244453361        110.43590244453361     
   1.0000000000000000        110.43590244453361        110.43590244453361     
   1.0000000000000000        110.43590244453361        110.43590244453361     
   1.0000000000000000        110.43590244453361        110.43590244453361     
   1.0000000000000000        110.43590244453361        110.43590244453361     
   1.0000000000000000        110.43590244453361        110.43590244453361     
 
 part:           6
 comp:           0
  0.99999996525082158        110.88886554295223        110.88886939624933     
  0.99999998922420363        110.88886820133345        110.88886939624933     
  0.99999999659891925        110.88886901910733        110.88886939624933     
  0.99999999892468960        110.88886927700938        110.88886939624933     
  0.99999999965996345        110.88886935854306        110.88886939624933     
  0.99999999989247124        110.88886938432559        110.88886939624933     
  0.99999999996599642        110.88886939247871        110.88886939624933     
  0.99999999998924716        110.88886939505696        110.88886939624933     
  0.99999999999659994        110.88886939587231        110.88886939624933     
  0.99999999999892464        110.88886939613009        110.88886939624933     
 comp:           1
  0.99999991700077717        65.257567204652730        65.257572620980540     
  0.99999997426175957        65.257570941365444        65.257572620980540     
  0.99999999187643951        65.257572090856698        65.257572620980540     
  0.99999999743159607        65.257572453372731        65.257572620980540     
  0.99999999918781490        65.257572567979309        65.257572620980540     
  0.99999999974316511        65.257572604220115        65.257572620980540     
  0.99999999991878175        65.257572615680431        65.257572620980540     
  0.99999999997431654        65.257572619304497        65.257572620980540     
  0.99999999999187839        65.257572620450546        65.257572620980540     
  0.99999999999743172        65.257572620812937        65.257572620980540     
 comp:           2
  0.99999983078176757       -20.887997503355940       -20.888001037986555     
  0.99999994752505594       -20.887999941889870       -20.888001037986555     
  0.99999998343774188       -20.888000692034090       -20.888001037986555     
  0.99999999476355594       -20.888000928607706       -20.888001037986555     
  0.99999999834412268       -20.888001003398589       -20.888001037986555     
  0.99999999947636664       -20.888001027048901       -20.888001037986555     
  0.99999999983441257       -20.888001034527765       -20.888001037986555     
  0.99999999994763655       -20.888001036892788       -20.888001037986555     
  0.99999999998344169       -20.888001037640684       -20.888001037986555     
  0.99999999999476363       -20.888001037877178       -20.888001037986555     
 comp:           3
   1.0000000000000000        87.186478219004641        87.186478219004641     
   1.0000000000000000        87.186478219004641        87.186478219004641     
   1.0000000000000000        87.186478219004641        87.186478219004641     
   1.0000000000000000        87.186478219004641        87.186478219004641     
   1.0000000000000000        87.186478219004641        87.186478219004641     
   1.0000000000000000        87.186478219004641        87.186478219004641     
   1.0000000000000000        87.186478219004641        87.186478219004641     
   1.0000000000000000        87.186478219004641        87.186478219004641     
   1.0000000000000000        87.186478219004641        87.186478219004641     
   1.0000000000000000        87.186478219004641        87.186478219004641     
 
 part: i_fks+j_fks
 comp:           0
   1.0000000113650060        276.25014416082985        276.25014102124533     
   1.0000000010897396        276.25014132228608        276.25014102124533     
   1.0000000001085274        276.25014105122602        276.25014102124533     
   1.0000000000108484        276.25014102424223        276.25014102124533     
   1.0000000000010849        276.25014102154506        276.25014102124533     
   1.0000000000001084        276.25014102127528        276.25014102124533     
   1.0000000000000109        276.25014102124834        276.25014102124533     
   1.0000000000000013        276.25014102124567        276.25014102124533     
   1.0000000000000004        276.25014102124544        276.25014102124533     
   1.0000000000000000        276.25014102124533        276.25014102124533     
 comp:           1
   2.6986668584510074E-005   0.0000000000000000     
   8.3686248766226715E-006   0.0000000000000000     
   2.6413239086539763E-006   0.0000000000000000     
   8.3510019522803231E-007   0.0000000000000000     
   2.6407681850550536E-007   0.0000000000000000     
   8.3508262664595345E-008   0.0000000000000000     
   2.6407626288962812E-008   0.0000000000000000     
   8.3508245281668598E-009   0.0000000000000000     
   2.6407625373007004E-009   0.0000000000000000     
   8.3508248376034152E-010   0.0000000000000000     
 comp:           2
  -1.7611176501433651E-005   0.0000000000000000     
  -5.4612643022223521E-006   0.0000000000000000     
  -1.7236963283219671E-006   0.0000000000000000     
  -5.4497637929952646E-007   0.0000000000000000     
  -1.7233336697612783E-007   0.0000000000000000     
  -5.4496491425340931E-008   0.0000000000000000     
  -1.7233300438786505E-008   0.0000000000000000     
  -5.4496480081451245E-009   0.0000000000000000     
  -1.7233299841044719E-009   0.0000000000000000     
  -5.4496482100797129E-010   0.0000000000000000     
 comp:           3
  0.99999998460353090        276.25013676796857        276.25014102124533     
  0.99999999852546151        276.25014061390385        276.25014102124533     
  0.99999999985316745        276.25014098068283        276.25014102124533     
  0.99999999998532318        276.25014101719086        276.25014102124533     
  0.99999999999853262        276.25014102083998        276.25014102124533     
  0.99999999999985334        276.25014102120480        276.25014102124533     
  0.99999999999998535        276.25014102124129        276.25014102124533     
  0.99999999999999878        276.25014102124499        276.25014102124533     
   1.0000000000000002        276.25014102124538        276.25014102124533     
   1.0000000000000000        276.25014102124533        276.25014102124533     
