   0.0000000000000000        0.0000000000000000        0.0000000000000000        0.0000000000000000        0.0000000000000000        0.0000000000000000        0.0000000000000000        0.0000000000000000        0.0000000000000000        0.0000000000000000     
   5.1579932304960552E-002   4.4042604428696864E-003   1.9292848973422067E-002   1.7128007574208477E-002   1.6653530330906718E-002  0.11637988472012696       0.15045498807762628        6.8681827019606984E-002   1.6070459746959538E-002   1.6133365599448734E-002
  0.93209693852647801        1.6202260299890656        1.0939068830365484        1.0621790334964654        1.0889737916459512        1.0934609954173136       0.82342365740507573       0.87471959363498530        1.2946365956066144       0.98243894831305967     
   9.7190454610077387E-002   8.8266122112019806E-003   3.8899941853686379E-002   3.5005786722416048E-002   3.2828309257506405E-002  0.21497669071536629       0.21306631055310551       0.12598265306296197        3.1752100648520243E-002   3.1967593247977745E-002
  0.96453398636654275        1.3072644971023779        1.1635178773378669        1.1868967924123814       0.99735153636598273        1.4620679592934607       0.86249287986282430        1.2039570392428895        1.2609278396956338        1.0669199396684048     
  0.13639966506454163        1.3326371003984252E-002   5.7719572455999471E-002   5.1952398480103350E-002   4.8974993109944805E-002  0.25769463983248497       0.25438172640439372       0.16449848758058200        4.7240178239385200E-002   4.2222082458154044E-002
   1.1073273664509151        1.2118132820283956        1.0460910053669630        1.3012060740546501       0.97572559741768727        1.2368539622943497       0.83300631629297162        1.0217093933219106        1.2658142288477057        1.0153010030135603     
  0.17036602077452628        1.7948074832692319E-002   7.7268577042014452E-002   6.9644129518438708E-002   6.5516663315631940E-002  0.29843985919840343       0.28768725814472967       0.19895518987170124        6.1556092252096836E-002   5.2703955326526906E-002
  0.91037436915796943        1.7975004591276025        1.0145521691363293        1.1415602665448561        1.2335275796534937        1.3819265745936362        1.1345900961672979        1.3747406832204769        1.1848436968814950       0.93051953130648557     
  0.20171458821981675        2.2808569353672238E-002   9.3753399088710707E-002   8.6817239486274150E-002   8.3422482050019495E-002  0.32705947939229296       0.31557965948501071       0.22266216848671067        7.5558467746778268E-002   6.2866598698272658E-002
   1.2205714277251887        1.1487506390512390       0.98210027130359756        1.1788634502959767        1.0787201821135046        1.1820770133960075        1.2594968191486300        1.1745520108446552        1.6701540157958592       0.94087678307602141     
  0.22960629494394957        2.8190994877451841E-002  0.11012473016407380       0.10409216953029500       0.10090026080260361       0.35499150472325375       0.33948423541791123       0.24527317802660645        8.9727225173965891E-002   7.5265835448273838E-002
   1.0341621393630123        1.3706780508099219        1.0771443323312635       0.95746300261249262        1.1846631582567972        1.2044841279353611       0.96111827178617670        1.1453525852326081        1.5020748385914973       0.92385605795804959     
  0.25594369272426931        3.3555705016886775E-002  0.12582550670989623       0.12091813929963570       0.11819907780846203       0.37630571534208684       0.35925580087120568       0.26420641804558270       0.10498500688597523        8.9816981422794068E-002
   1.0127240921336993        1.2058357728378737       0.95333475944323676        1.0899914007617015        1.2072758775948189       0.98134946182701410        1.0113435426312571        1.3271233600425771        1.0821680648807039       0.93534862930720286     
  0.28035339232653889        3.9940480395064114E-002  0.14205201388975949       0.13735328773212921       0.13559352630055654       0.39702808948761531       0.37864083846251584       0.28404601691847636       0.12056479643622176       0.10491987459540369     
   1.0635502610020127        1.1012754106308034        1.0894239226768845       0.93758274767102878        1.3140048991953521        1.0324905349470037        1.0000130792830548        1.0919016123447862        1.1870464300605237        1.0042608710396435     
  0.30455540740027154        4.6176861158060425E-002  0.15702759990442419       0.15293370610994503       0.15225589205609844       0.41615677026995840       0.39717365155412809       0.30174413173943865       0.13724102003752051       0.12126224639162585     
   1.1264468077607874        1.2799680649917324        1.2948664801143346        1.0099909663145246        1.1275224862965720        1.1670068956738791        1.0870635805339459        1.3043213176025934        1.1575425655931406        1.2383068990535746     
  0.32617680939996779        5.3592112772067754E-002  0.17168622197874003       0.16848638563197932       0.16839282965810218       0.43343986340804536       0.41494101344464962       0.31925900276031760       0.15452747312781326       0.13744601304623696     
  0.94874721805409501        1.2643725046128329        1.1302666231814165        1.0714353769313121        1.0480710965594573        1.1384157209812653        1.0805352758571440        1.0914986763472834        1.2145390746143090        1.0106128132316463     
  0.34728143665473349        6.1079086111138478E-002  0.18685757872728626       0.18521918206316679       0.18468669095493315       0.44865505553492518       0.43025591771585997       0.33488453241291183       0.16903847240619610       0.15308725055804406     
  0.96281613059095017        1.0876668959768754        1.0697812411677710        1.1983877076680260       0.99245548024296759        1.0365053760597815        1.0109823846759554        1.0302375290108858       0.95244018419438836        1.1094456531576407     
  0.36759075313952100        6.8766925869522474E-002  0.20174041360639913       0.20309411638823283       0.20068343190479226       0.46346656163772215       0.44543424874835336       0.35080606317081003       0.18239707305361436       0.16940477115822061     
  0.89527870374846563        1.1728713997861866        1.0640106330164689        1.1658967070869084        1.0243156938640994        1.2458871082030807        1.1330780504638283        1.2048075411388399        1.1850828917170724        1.1121479284489864     
  0.38767134695211453        7.6292110322293910E-002  0.21456338905128497       0.22038933303541497       0.21696962419702409       0.47745022912724799       0.45978962672980067       0.36611121331648883       0.19465830940698325       0.18618572040661285     
  0.85154620920195345        1.1139782225368977       0.82433202257281724        1.5053305838308306        1.2517902330765094        1.1427691546761001       0.93609415130031526       0.93234168636305670        1.0711054011593433        1.1009425411984743     
  0.40923106606658555        8.4602450635580514E-002  0.22691798599186991       0.23667291233261240       0.23370902930458315       0.49067076322842201       0.47459371831673824       0.38151998675041654       0.20584719695136300       0.20278391825541847     
   1.1019622156380631        1.0746477918418038       0.98422713147436769        1.2150601311911797        1.0432787067519904       0.98054992399740781        1.1388134571505775        1.0653965662598459        1.1518763727622165        1.0539685106687411     
  0.43044367203633055        9.2991684301907157E-002  0.24108351448114293       0.25292655063325309       0.24729903521955324       0.50352988939615184       0.48604213338748259       0.39553161505188877       0.22110907396081525       0.21898192822238582     
   1.2387145379321647       0.91352277082858335        1.1990882345698775        1.1440179522111920       0.94923910144885260       0.91312805955734844        1.1538129280691121        1.0349486640086751        1.1118056734123625        1.1928741106986271     
  0.44978893600535375       0.10164494323387964       0.25504200259070275       0.26924734445404513       0.25978127423644820       0.51610573415738614       0.49703624256250578       0.41023168622917622       0.23563562033064042       0.23512214987039107     
  0.92377670541418500        1.1268265821432639        1.0219683363836798        1.0072728715463124        1.0377079782429235        1.0689776353196734        1.0234974116738824       0.92406420195488459       0.99420310856710337        1.2197182736855385     
  0.46795972587426415       0.11061696524761155       0.26885530703839250       0.28607989949785184       0.27603075993260084       0.52857066237645178       0.50814472374543695       0.42386552597732519       0.25084347180015126       0.25148850661176486     
  0.85549469634899045        1.1492994891830173        1.0528251602735286        1.1178380601425173        1.0929954668813135        1.1049905099148098        1.0400059895203075       0.89363369430047623       0.96333544814435268        1.2075282460737700     
  0.48454230455659580       0.12015198959686911       0.28243826646686704       0.30355629269367002       0.29251167022299041       0.54007469195160529       0.51920888865993609       0.43714120337422502       0.26669743366390525       0.26779770259879304     
  0.84275639864544805        1.0130752342851357       0.96611912458570048       0.98242084825104581        1.2646369447915393        1.0091373313002279       0.96439597090518481        1.0575293997852522        1.0927656969209207        1.0740491986026730     
  0.50049858164267791       0.13065087453011931       0.29689832398532351       0.32015876145146344       0.30878829288417792       0.55087934216877366       0.53095514622472828       0.44964763755150111       0.28424308793347342       0.28375867734515908     
  0.93287438024229741       0.99749184418414427       0.91894616428616105        1.1458551131066463        1.1529339970017281        1.0149149289980275       0.99877363205039227        1.0706982199831376       0.89527823735696710        1.1693253608392873     
  0.51680174175612392       0.14200568548109582       0.31139141133428710       0.33580884647982401       0.32495077246063275       0.56146456764594654       0.54273101738271590       0.46240119662990931       0.30229973636914437       0.29931661816672750     
  0.91510865956003784        1.1213448176535188        1.2617997694731939        1.1396587413116217        1.0087098173884224        1.0574564390762071        1.2915769230109226        1.2713809085580283        1.1060670775070678       0.91673322532383950     
  0.53392703032223021       0.15491374640879563       0.32583120438549101       0.34869454643774778       0.34055236918020676       0.57205758600783718       0.55429422913552073       0.47525541271121735       0.32096569534644143       0.31483100625446758     
  0.98725036088058427       0.97653515438933747        1.1784292838137698       0.94723890570186575       0.97125302024054150       0.90198340711765512        1.0771645299562873        1.0176558342193627        1.1860353744809435        1.2637873428032904     
  0.55118084862547900       0.16755830867792870       0.34084301947493473       0.35959927606297964       0.35592272989305351       0.58303822768819447       0.56533119836235346       0.48809195385790805       0.33936150520049385       0.33116373149498490     
   1.2661841587910858        1.0865180003161063        1.1537316115970000       0.97397575173305839        1.3036708626523501        1.0537820262880861        1.0095977487460641        1.1170628606604334       0.98797925180851431        1.0358079179318889     
  0.56795068456647080       0.17993248694917599       0.35583816427113368       0.37275435718298267       0.37259905229375351       0.59410308168772774       0.57388389228926184       0.50129676460601746       0.35651036210446019       0.34817745630024421     
   1.1405436796318027        1.0139449661181199        1.2517720144252873       0.93322676892340528        1.1926773806563837        1.0785999272089797        1.0554722002075401        1.0909827130997225        1.3005183009511168        1.2476519120719616     
  0.58329622405712156       0.19281168404364671       0.37110049142053603       0.38658941295941357       0.38989939847044286       0.60499469991217214       0.58268481052177867       0.51458546425497587       0.37358912094523700       0.36497917807672803     
   1.0728847053287109        1.2435022680895076        1.0888869048584282        1.0357920687375588        1.2074460799056681        1.0418072732803036        1.2637787767790061        1.1810137544368280        1.1597351048494651        1.1694657976798037     
  0.59745139954082027       0.20588424703743433       0.38499162761292011       0.40388327557679665       0.40620082905911670       0.61548214931977130       0.59267440634228929       0.52837352467818077       0.39005849812828575       0.38158451524248838     
   1.1120615331783941       0.95457096974817457        1.1776097124287528       0.99899676322400166        1.1607735850676790       0.92912854390590149       0.99740523959055583        1.0341236938800307        1.1176470501654170        1.1449285379051617     
  0.61007906876077178       0.21955043329962837       0.39817688914340799       0.42043949907152817       0.42230836433464053       0.62535930249575622       0.60220288010928813       0.54188182003283525       0.40626507635452191       0.39816749368008159     
  0.85436431236409605       0.95927216582773378        1.2465509324596926        1.1816262965365405        1.0700088411546014        1.0266786913900192        1.1950975815703202        1.0948548172519355        1.0513249134979175        1.0976879442695766     
  0.62174912890529732       0.23376021905820224       0.40655879164695041       0.43592085025002342       0.43820573913250466       0.63500384792372533       0.61072872166360526       0.55446829210861837       0.42370220698138433       0.41470729941911066     
   1.0926658943057810       0.97430335385215905       0.90034235312993904        1.2313015728408490       0.97786405644485097       0.93209693852647801        1.2496225313021090        1.0228713604182966        1.1544890774608754        1.2287198975323868     
  0.63472882640226613       0.24758497888133829       0.41388238902792712       0.45051593325839778       0.45352660484309226       0.64477168328793322       0.61936338539873403       0.56710956065480400       0.44085551514401822       0.43076081081098000     
  0.96099364104575480        1.0670865118200823       0.90988621253408486       0.92450186139982016        1.0037472919951540        1.0732788576682994        1.1316371264652814        1.1732990181259499        1.0869856573106833        1.2184252419052206     
  0.64859905966659159       0.26137508614620275       0.42264436422003637       0.46427748630134463       0.46818366464503364       0.65433970055161117       0.62793666809642401       0.58082272667915114       0.45881532435626421       0.44609508579456597     
   1.0621874527097539        1.0511725197566684       0.94275403009151726        1.0821035955851006       0.99977758575940368        1.0844614098805077        1.1254738359992786        1.1077452093847568        1.1159966425428962        1.5539136270338252     
  0.66254410042745682       0.27632998545353449       0.43188728813215777       0.47869001727994837       0.48248785893853791       0.66376202792072347       0.63620870011356623       0.59454764399982818       0.47719122296790756       0.46106184613036993     
   1.0010630858060727        1.1543437452020500        1.0805784316891645       0.97923824365883294        1.0327174464914752       0.95480958932577875        1.2351410744467468        1.0246088710715269        1.0048229074227655        1.0450858037393644     
  0.67628134100897974       0.29221619547856331       0.44608676644634560       0.49371140534375157       0.49750231336597889       0.67320663727971586       0.64362521796216088       0.60749813788085882       0.49636363943410411       0.47599670737071459     
   1.1980473772787343       0.99659094905678125        1.1804864419504562       0.98414179276410774        1.2137686727590704       0.88488793812096744        1.0044295721941243        1.1284080386733173        1.1082298645764357        1.0032735528433043     
  0.68934199027430243       0.30902317410381830       0.45967039952186212       0.50870272576636621       0.51300524886812648       0.68227674621516299       0.65072451338086279       0.62031869675852280       0.51553918118113351       0.49052578878271569     
   1.1488742194800499        1.2567460773569668        1.2460798293696098        1.0209825763464992        1.0950042725447231        1.0093137765050015        1.0190005770418866        1.0771099438722187        1.1657759659867968        1.1257786933106482     
  0.70204581589326209       0.32654120062404274       0.47333126508583839       0.52421848231840762       0.52859771032050429       0.69059599013673190       0.65808067960447203       0.63307686336292202       0.53236856778400310       0.50389349785907578     
  0.84520476699436942        1.2157056746361472        1.0894800845630903        1.1271317288680625        1.1445339933533094       0.83431712789622825        1.0726363939499601       0.95168169526083302        1.1998982861580993        1.0138432432154927     
  0.71492439718180545       0.34503431341583385       0.48725026579337166       0.53927305394589653       0.54399400913383855       0.69902797240230341       0.66557624344199906       0.64564647279903986       0.54885642320886796       0.51752653360693435     
   1.0660313618350215       0.94746620339746968        1.1844261532184026        1.1767293304114790        1.1824302577453398       0.98186981319341438        1.0454203960484794        1.0204204681136331        1.0221039943916397        1.1349711249404959     
  0.72774639452744672       0.36424055416104284       0.50186203174502053       0.55426662017505846       0.55991532145295586       0.70813090477081997       0.67274433507307485       0.65765007187812419       0.56414490690310293       0.53135710689323223     
   1.2304700418709869        1.1093729382988708        1.2076870370844925       0.97358473242536625        1.1038243627397923        1.0576211013881949        1.1092539704696316        1.3015738856638817        1.1043130969973265        1.4488290713254339     
  0.74020378317484026       0.38482793492465700       0.51646458432443187       0.56990588191041280       0.57641827276828217       0.71706826571902693       0.67963297686412150       0.67038968937453569       0.57865731070702775       0.54576864932829539     
   1.2390946023449276        1.0012799577507971        1.0812441191574957        1.1781292098758267        1.1739069028176314        1.1086883201138134        1.2239220530104267        1.2780594704841961        1.0714894247837186        1.0211072614123036     
  0.75247595335401529       0.40580596548482228       0.53108347785810073       0.58601609056532389       0.59207928203217686       0.72541488825897638       0.68617697557191026       0.68210873736883548       0.59379617305397747       0.56138320131562258     
   1.0147246704681452        1.2090985155535510        1.1399356384699517        1.0877503906034787        1.0565805312318541       0.93465973935547619        1.1139867789434121       0.95281288389989516        1.1493429497237364       0.97053929097663350     
  0.76359959971996372       0.42804238163330766       0.54573342084527621       0.60237647700764840       0.60713887298021163       0.73403172719338605       0.69244359478218787       0.69310913957330722       0.60880413597466088       0.57747862310691644     
  0.98973016768520805        1.1532145760407155        1.1539429179191962        1.2032883519015125        1.1718602123534980        1.2227058230202519        1.0836207219610008        1.2315960904303278        1.1813525414409916        1.0226297367965318     
  0.77393894637596816       0.45110057594112807       0.55998956270916167       0.61890176924442386       0.62120916846872698       0.74256294907646159       0.69960225749623273       0.70379035849841898       0.62384313870961106       0.59406840943485906     
   1.0967486765411800        1.0720534817118881        1.0692598485743927        1.2846561719259073        1.0609782535163139        1.2816905290483418        1.1415195130183942       0.99306224258175202        1.1669423852716032        1.0831376731686624     
  0.78479411360537044       0.47499326231273414       0.57488045149700084       0.63434476726371203       0.63452029979745539       0.75117486513270038       0.70709120176338358       0.71441351081322224       0.63894989363265198       0.61101701851106704     
   1.0764408175343194        1.0765897851050308        1.1364240693318681       0.95541475654828578        1.0760352830201847        1.2371586402126291        1.1184534414430938        1.2541311807606841        1.0087301337796426        1.3042563578240451     
  0.79544770288631006       0.49934393761681528       0.59219229413532892       0.64936456382607233       0.64894550609659230       0.76030253109550894       0.71492524764773180       0.72608600784577104       0.65346366524698252       0.62786709351303094     
   1.0663426479641009       0.95601856718606670        1.2087359219565512        1.0187507430788867        1.1191723419903399        1.0491525387940990       0.96173464429803490        1.2285585125966429        1.0502619338708032        1.0308252637361157     
  0.80618640946510289       0.52787999076973191       0.60894932792074741       0.66341173224280148       0.66444036364184633       0.76946340405977176       0.72275567108273375       0.73849137408771592       0.66793716938322445       0.64607633769503081     
   1.0570995210241430        1.1438026474926339        1.1083414141493899        1.0503417646472093        1.1451534786558168       0.90084781551873894        1.1072333946044095        1.1757574981143022        1.0378482109280964       0.96774155455968613     
  0.81713635313381927       0.55823726313441047       0.62513917552447029       0.67826377408103511       0.68042405794099214       0.77707521010460046       0.72997139968667879       0.75059416969772941       0.68250429429783022       0.66400153209958457     
  0.95085202738497931        1.0395744685999089        1.1679196558666702        1.4012017141497424        1.1152959826673032        1.1395640893860359        1.2167285480783836       0.96414191053522613       0.94075118047687456        1.0312269247571246     
  0.82796008910528229       0.58715837199578869       0.64085223326963225       0.69345150384915488       0.69664385060156997       0.78472585959539964       0.73692241449206708       0.76246298399649426       0.69730848252404021       0.68176614021067805     
   1.1843959796834169       0.94622167234192733        1.1672041982505088        1.1747726146151820       0.93232676607794973       0.94322145394314139        1.0789351325679768        1.2258273879366290        1.0166449390886672        1.0630550523875912     
  0.83865205759603567       0.61558752944326389       0.65804987348030741       0.71000568112783979       0.71262750135598540       0.79355183451841571       0.74404243682966564       0.77416125021347415       0.71154919609207978       0.70193251584634853     
  0.98294890384803513       0.96069677569703082        1.2584688333907594        1.1439515568700018        1.0162659493612747        1.1996704772440661        1.0994915694992435        1.2068240830618331        1.1232245593355819        1.1463615418926669     
  0.84910314733140968       0.64227998926689667       0.67599689294688725       0.72684066912945144       0.72831384700482327       0.80210942514671013       0.75115640951693186       0.78567596246228077       0.72573964510903011       0.72209915216576581     
   1.0943942155770607       0.93061366061063677        1.2526641466077175       0.97244702672950178       0.96231121096373562        1.2432087758324559        1.0340112131936361        1.0278453121907776       0.82164335790479248        1.3224077527077283     
  0.85884012879956728       0.66924334494112747       0.69428536735935020       0.74290859496992878       0.74497918703512689       0.81066789818068785       0.75818975728388716       0.79820348544429365       0.74075586891040390       0.74101219964865683     
   1.2883616259952277        1.0645905806353129        1.0819855936829006        1.3077866343062601        1.2516554532460586        1.2077322029645612        1.1919908980895908        1.0342767785649922       0.99055694381995885        1.1510230887166082     
  0.86868681177826212       0.69654039786402000       0.71293116335918283       0.75947705815442856       0.76109573020151322       0.81907505736441466       0.76542779802791139       0.81149548953200645       0.75596791149892395       0.76049966474819664     
  0.86967719495565954       0.84377943733656025        1.2410687595201284        1.0941923936374909        1.5170271212018687        1.1085195081320987        1.2489474284675004        1.1034151036009567        1.0147465503611628        1.2564154079982546     
  0.87797226860937150       0.72604795903132857       0.73003624241621956       0.77517040284291594       0.77817980008621457       0.82796299739931822       0.77281093782056054       0.82433922551464223       0.77264190212846429       0.77872219534334053     
   1.1341469017594663       0.91028920607793540        1.2501131492193294        1.1018853791793790        1.2083108187856719       0.97135812494910412        1.0995172789825662        1.2956575626143516       0.94087282592856747        1.2372143672125493     
  0.88729881866616767       0.75550956005850201       0.74532024056730839       0.79103059038806911       0.79563194988821717       0.83694947891631788       0.78069357382983651       0.83690861252394377       0.78882636236316528       0.79673351635347944     
   1.3805958801854143       0.97067121873635986        1.0506101714701950        1.0671317670777678       0.98566616208986568        1.1246930876638714        1.4261650879483478       0.91888573048998845        1.0627247597799436        1.0328137977674254     
  0.89634207921377052       0.78441762757802935       0.76048879268562641       0.80791867762641689       0.80886392426686438       0.84658163779760420       0.78865954636873781       0.84983776166521408       0.80729922838029755       0.81435997423715223     
   1.2337959046790896        1.1751206799687490        1.0035990704372495        1.3856427031474599       0.97547258197079090        1.0565504923111586        1.0153333334022265        1.3688612073469659        1.0444128145612324       0.99684332434389300     
  0.90512184541008978       0.81327149122012166       0.77546003477405656       0.82420670433592857       0.82222851301973410       0.85651131431901839       0.79642216817976086       0.86289059657144696       0.82508817844196214       0.83230421038237723     
   1.1349151947451313       0.98453258222054407        1.0195187016704472        1.1088092555975360        1.0570224568022373       0.88723479274217099        1.3124502537459184        1.2151158527233057       0.95188784735637255        1.0074240383975372     
  0.91445206044023697       0.84028886978263639       0.79232635699032672       0.84034436782957667       0.83349672524654139       0.86646549144398588       0.80416721168869598       0.87588425677189452       0.84124803905611645       0.84738969195396807     
   1.4040556370683657        1.0676141282384488        1.1126138742901757        1.2517581216334086       0.91560003266940315        1.0973165358833019        1.1833243821150146        1.2269511423808832        1.0178118416684192       0.93431252835204714     
  0.92336701242979036       0.86598459658956362       0.81001819612164749       0.85694857350265841       0.84507179499575791       0.87617910458822201       0.81209963309456334       0.88887991317223625       0.85717951969560413       0.86172989177073178     
   1.1296937017871380        1.0808584941393089        1.1616858790246583        1.3957588097306943        1.0178571367964153        1.0523848963687787        1.0226747413659478        1.0697395556057312        1.0328846596118832        1.0524157293628897     
  0.93197400009415221       0.88742344836182852       0.82876725881554947       0.87141747522342250       0.86103615150733703       0.88729155950748340       0.82018176998322845       0.90137133581018669       0.87234114740507318       0.87680556080339445     
   1.1878631279765617       0.95328319441812626       0.98447902971723267       0.94773319332782624       0.97104706040955957        1.3535769305639271       0.93243921875804536        1.2695658271813539       0.96606834391271468       0.86625966215026240     
  0.94060594794863939       0.90677244605743990       0.84673613073082787       0.88538294486717084       0.87669486184319856       0.89945742993785838       0.82883570009085072       0.91296057244560869       0.88778714975946438       0.89169630643716724     
   1.4569189425124935       0.90796051310263126        1.1745714557337801       0.93005421008515332        1.0166354030015921        1.2485733750067585        1.1139005052315434       0.94462034442648501        1.0184769954020545        1.2315996455362082     
  0.94848766931693906       0.92019802475424861       0.86427316256340980       0.89986031849439996       0.89247487027792460       0.90916924267855093       0.83836204051196628       0.92493117917649359       0.90293712354030109       0.90597953805846021     
   1.3038163340464251       0.98673653746535506       0.94594919416673018        1.1091315566696316        1.0198583448784160        1.2995801791034010        1.0832041297644022        1.0063257479970606        1.1465207114067284        1.0923370081852048     
  0.95634307784535366       0.93127470443036831       0.88193891794304935       0.91396696023702551       0.90853562411646960       0.91714984474559880       0.84784781811585919       0.93675020482159854       0.91696822599983685       0.92095105060617122     
   1.0958948271053859       0.85122389882770888        1.3587832661302994       0.95837324275324376        1.2616375601060195        1.1123589118494372        1.2937319057103991        1.1460665429821768        1.3863390823481339        1.0664355793554277     
  0.96429905068556532       0.94266742126269265       0.89945895262746678       0.92995734259027729       0.92531862878947391       0.92550353802966212       0.85835820075007030       0.94880250670014332       0.92963121902009305       0.93393083168874402     
   1.3227700675923553       0.98683071584538640       0.99925319403447788        1.1205430947790738        1.2726099361872165        1.1326873783821163        1.0743374855304564        1.0087658792821370       0.96527452578557615        1.0933887823306858     
  0.97283507143801073       0.95386053368953361       0.91698527576362276       0.94666621359802205       0.94090090872410914       0.93437406810215518       0.86923350599277105       0.96114906290903013       0.94280801697177452       0.94657998923709052     
   1.5658494815273165        1.0953385719001576       0.94536476266167435        1.0307981631953025        1.1378620224950853        1.1172772835660727        1.2105196874825186        1.1380873831519900       0.85416122415289997        1.0554447798921571     
  0.98069188663302864       0.96713882766137649       0.93633204356051414       0.96095734137252686       0.95469544990243704       0.94648496840207164       0.88650168621894854       0.97153138256151506       0.95740186471201660       0.96020460593865786     
   1.5132929956907535        1.1635482073090915        1.0236729412165226        1.0773276742614490        1.1382345988534897        1.2313689523958489        1.4281472358510228        1.1090280066866676        1.2048481885166136        1.1133899130504998     
  0.98710811479595284       0.97943921911930476       0.95688986417649935       0.97519116840296993       0.96818398799244410       0.96002121198092460       0.90689136967613759       0.98060104600190889       0.97202831106787313       0.97373789965362623     
   1.2989004716707975        1.0996245858999318        1.0955539542097761        1.0734756946093924       0.94454127156877465        1.4285543924174025        1.4450716165480657       0.93261215819381948        1.0389283991462890        1.2088641201685031     
  0.99361582852156927       0.98985658961754996       0.97860321036003450       0.98739441761813473       0.98415509259354128       0.97795194008652919       0.94697942469813456       0.99019991547787223       0.98580920442297870       0.98704348875698134     
   1.6864731394113823        1.2102184216434375        1.2051961633421648       0.92283318900768740        1.2934169675481797        1.5286337799581806        1.2089957936695759       0.88656186881248200        1.0911370716094275        1.2846470975593240     
   1.0000000000000000        1.0000000000000000        1.0000000000000000        1.0000000000000000        1.0000000000000000        1.0000000000000000        1.0000000000000000        1.0000000000000000        1.0000000000000000        1.0000000000000000     
   1.3671941983374385        2.1342138102831676        1.0144658924136736        1.0712950930848062       0.93479461970485223        1.1636423917652188       0.81143751488081828       0.91304187222365807        1.2151171671650793       0.97459411997876777     
   10.214356219683971        2.7017562333123495        6.2085381999197757        1.2154410548191912      -0.10639882599153902       -5.2968456767540060        5.4180206908849131        4.6544777415058505       0.44395531907693808        1.7390559355531302E-002
   10.575229758674601        4.8273296339993763        1.4107451394639419        1.9095023746291928        3.2094772165675112       0.44567853086898307       0.89143021355733232       0.84171518280428481      -0.55880481041481922      -0.18703993604205668     
   7.4176153776460678        2.2134817222348198        1.9022277981719795       -1.0030208122242577        6.7703344793819431       0.65640831580400683        5.8111379258791800        4.1401064690593792       -2.2588457391947516        3.7347188312892139     
   5.4790919050484650        2.7811972206610283       -4.1571656848404475        4.8162898532702778        1.9682718078540271       0.18520622035812626        4.9951241315574384        1.8589751200737481        3.2021247512089568        4.0620009103531443     
   5.9032055308075773        4.3345994427975967        4.6238574279370797        1.9619872775540081        2.4558741013580532        1.8280014025614568        2.7320757371408058        6.0826172093081450       0.74694376580268529        4.7926218263963589     
   2.1228826881324707        5.4824810840829610        4.4826978060940732       0.69922874248818800        4.5497037210023574        2.5728711928003873      -0.63440373916574644        1.0899268525472274        4.9389228363621713        5.5555154387963039     
   1.5564198350847562        3.8167384660454293        3.9684451390348356        3.7044904366398117      -0.89607370390060104        5.9344956151910218        5.0902665014698121        1.9981564909518321        6.1043612100825317        6.3029835525758644     
  -13.759533801151520       -3.2189331220513635        6.9612798029052669        7.0369507529215714        1.1349853166349648        5.3813116896339315        2.8941432655594888        3.0483108062464006        1.9652947638689180        1.0937447796371542     
  0.18406194345683013     
           1           1           1           1           1           1           1           1           1           1
  0.12142350407731667        5.6977888568578189E-002  -7.3664034996253486E-005   6.6797269804967154        5.1667210047671511E-003   2.6615797058931991E-005
   1.5710377412875530E-003   1.3050139741972065E-003   3.8364874516688419E-004  0.22527906994957739        3.8290085610766218E-004   1.5266204092203194E-006
   2.8271596490620131E-002   1.8906935537678422     
