  0.00009399268852146  0.00014054054480445  0.00017017662553742  0.00019678173360626
  0.00021828329281524  0.00023797766782534  0.00025667561311380  0.00027347804049064
  0.00028989743970036  0.00030534340851023  0.00032181939427290  0.00033924996720261
  0.00035612165431272  0.00037190224988103  0.00038659228800825  0.00040112264266370
  0.00041553250402734  0.00043054887722390  0.00044524701895944  0.00046150166830242
  0.00048014142003295  0.00049805654378002  0.00051466569953228  0.00053128884372358
  0.00054923502313157  0.00056938364782733  0.00058453660221517  0.00059545038323231
  0.00060683309113039  0.00061878827056933  0.00063071340247891  0.00064221232744167
  0.00065343571284857  0.00066435185412599  0.00067473944195927  0.00068436672382681
  0.00069353078754080  0.00070225739386573  0.00071149314431571  0.00072051278631732
  0.00072878475320703  0.00073727325760739  0.00074575714941048  0.00075453796524493
  0.00076418888517671  0.00077491355808843  0.00078467303960127  0.00079432580073321
  0.00080456070786307  0.00081659082311403  0.00083017578073993  0.00084241170271945
  0.00085481216803579  0.00086684374820030  0.00088005829205478  0.00089531711485203
  0.00091297325217077  0.00093153840047034  0.00095061540198120  0.00096932599605576
  0.00098916174084246  0.00101283242282706  0.00104211148426183  0.00107033556416510
  0.00109476923022033  0.00111782973370254  0.00114442527309657  0.00117757210991911
  0.00121610018564363  0.00125634441269884  0.00129593582897576  0.00133333331080560
  0.00137379721166484  0.00142030336061734  0.00147255873727279  0.00153095037423370
  0.00159420638914340  0.00166179111252042  0.00174033172460076  0.00184294407042337
  0.00193897656836006  0.00203820285011857  0.00214236746760534  0.00227271550522480
  0.00246255408826376  0.00270599015681232  0.00296973634529250  0.00323603566376275
  0.00352621124253592  0.00389665924697035  0.00452535616382481  0.00561263469834972
  0.00722156176593446  0.01103297730277127  0.01932016876789869  1.00000000000000000
 -0.00000047020240303  0.00032906039904768  0.00145107610675960  0.00372822584705928
  0.00716323464080042  0.01110397632396345  0.01576855320628882  0.02084229941304292
  0.02651291625311477  0.03269655024414007  0.03968058831553180  0.04495204976207204
  0.04963609574552836  0.05464944163744303  0.06086322664780470  0.06920857835265935
  0.07840032235541221  0.08944416508816132  0.09919915272711133  0.10793975186960161
  0.11676187738654094  0.12459789475995764  0.13177982664928295  0.13933623355984606
  0.14740999649344802  0.15590364373788318  0.16471966621018902  0.17433719341028084
  0.18369757067430820  0.19604401827416587  0.20605972637011419  0.21627923108791330
  0.22663523534935429  0.23523852527751030  0.24384333643296091  0.25212330530903421
  0.26101941618622682  0.26984492210054856  0.27897154787414080  0.28876835110300142
  0.29655409786919246  0.30510096111229568  0.31408131169457654  0.32377178703807591
  0.33398811358601438  0.34452600949626083  0.35554821388028363  0.36656998322520412
  0.37784945677352988  0.38906716347948550  0.39996471310378806  0.41041785989855512
  0.42164092422226113  0.43373427653535035  0.44620350574045792  0.45891848740188285
  0.47134045861318657  0.48495554265953539  0.49861889393284409  0.51219975281119723
  0.52529003014763920  0.53747632619250596  0.55145931357516920  0.56570651282008255
  0.57834972551686792  0.59177462300983663  0.60483429646296782  0.61698528636831096
  0.62881020041293434  0.64090279932737571  0.65353881176975104  0.66722300908626286
  0.68123468191550718  0.69544207769226718  0.70993332599690551  0.72503220017785575
  0.74167965368712785  0.75675262654028164  0.77191828224005821  0.78595917497707368
  0.80005150598832964  0.81422493784538408  0.82816504243258804  0.84136898334416643
  0.85370308675493356  0.86598203990756051  0.87913717088740584  0.89302128837156858
  0.90795779603478843  0.92448329603557400  0.93984652076061692  0.95382092840795307
  0.96540745450362930  0.97719200276598661  0.98895411704133585  1.00000000000000000
 -0.00301655823781872  0.00981838572201971  0.02160079218079967  0.03359081782557503
  0.04518913251960700  0.05641711385912498  0.06722228366940904  0.07731757314941612
  0.08881150969168186  0.10085347318285402  0.11415068908859126  0.12707911403429728
  0.13741540791281892  0.14726310169158982  0.15716558510449607  0.16639423658913599
  0.17383979526482779  0.18154333368606348  0.19000634242280454  0.20079144558324133
  0.21151586118218593  0.22095970794517922  0.23097975514722113  0.24080517021724338
  0.25312692286451510  0.26503998586752830  0.27673099675808754  0.28769551525415787
  0.29818907296998959  0.30875274309061645  0.31950596658187813  0.33044778925925378
  0.34078791726704571  0.35142446173577080  0.36175494144880305  0.37080134451396762
  0.38033968032883386  0.38901300548266848  0.39764200528896176  0.40696204399978841
  0.41524095539507017  0.42233090965393877  0.42926642340195370  0.43703065555575038
  0.44494732252271546  0.45449471518054224  0.46453743173921841  0.47471226713649339
  0.49034621388693261  0.50447002545212161  0.51562592292635767  0.52680152317637752
  0.53664336985635253  0.54554708729382351  0.55305887120892172  0.56236260398501103
  0.57419653753721400  0.58796709192821817  0.59947222518316723  0.61029418415705095
  0.62229674676786695  0.63580494466695725  0.65016031503674276  0.66116204924365318
  0.67133369744225468  0.68159628365210623  0.69181348971847068  0.70198881074153618
  0.71194317942968410  0.72123002417152315  0.73151332173246852  0.74347216366014757
  0.75582047113302253  0.76652792263414271  0.77726438009524890  0.78717631493987394
  0.79887785968306979  0.81099275955360128  0.82430598393602539  0.83592038982022698
  0.84685942417285454  0.85704448410349232  0.86594273644348863  0.87624533241113023
  0.88656018559738714  0.89722390041791789  0.90767597714806303  0.91812778702484210
  0.92921953414321323  0.94045341151372563  0.95148975908231459  0.96231635702259688
  0.97249005931734767  0.98209217972031704  0.99131306016788445  1.00000000000000000
  0.00338333201695943  0.02436206756948148  0.04685061729840925  0.06756732735133344
  0.08219525294836308  0.09727416456212830  0.11227728782342117  0.12763568827189728
  0.14359331474424836  0.16099836291633352  0.17914061039573828  0.19617201959447483
  0.21113657433132191  0.22509775733282283  0.23840733368352579  0.25074151446460086
  0.26212142798599425  0.27257663361386769  0.28309950991192195  0.29447638462813758
  0.30799892639639370  0.32295415952210682  0.33587826357418388  0.34797949870241229
  0.35899722585234578  0.36984962674392685  0.38166319074383348  0.39460756248202555
  0.40844529773378430  0.42293815393607043  0.43672933542703113  0.44853537314011538
  0.45862156311557184  0.46816624981097710  0.47829794344327992  0.49047206772390267
  0.50268983506879095  0.51232163298120226  0.52132494108379945  0.53128076023359871
  0.54172442651346808  0.55194864163259538  0.56205216183156470  0.57352384813551793
  0.58483839662393722  0.59448309883023553  0.60384448308549010  0.61320042698133526
  0.62246356187113228  0.63152298999371925  0.64087062935944916  0.65144722687355050
  0.66371275627190285  0.67713741872408084  0.69098730681662413  0.70470056863732400
  0.71732358471922997  0.72826270009515714  0.73797987576306145  0.74701760737689793
  0.75555143798195856  0.76551812937689834  0.77678755937714461  0.78855631425095096
  0.79923990204160611  0.80874458127454441  0.81729008395687708  0.82522535382064111
  0.83351444375651451  0.84214087575092256  0.85059496493107167  0.85910378918628816
  0.86750951363781359  0.87608870157173802  0.88435102439424518  0.89223399699552752
  0.89983179292510618  0.90824517315705255  0.91484578647515369  0.92156556266891143
  0.92828224214778055  0.93382442227809515  0.94007076925266631  0.94577836462416531
  0.95247466028028593  0.95978437905970815  0.96571869274985944  0.96969808241428734
  0.97328842979700747  0.97682665494060739  0.98040233496488893  0.98417069979292537
  0.98878017678255303  0.99357400689490372  0.99707825895011160  1.00000000000000000
 -0.00267658915993089  0.01143141124986874  0.02310940843883047  0.03793446749888032
  0.05258337784512168  0.06466774967236168  0.07615566956431361  0.08746008027628566
  0.10047524916896175  0.11320966379706429  0.12490617479544901  0.13483230362689708
  0.14387898250607106  0.15350916760779859  0.16354038583155625  0.17337301056937315
  0.18401862290633558  0.19473404691643453  0.20621132092645650  0.21470339754251488
  0.22381686695992509  0.23448109872539100  0.24493374519015160  0.25455133403454233
  0.26423436540080547  0.27466660146559752  0.28696753521563212  0.29874241439525634
  0.31064807139618039  0.32299786428551469  0.33447550899862261  0.34468248914496663
  0.35427336983504443  0.36379753639264351  0.37337736382837078  0.38289762378624492
  0.39244385090596040  0.40322328222451670  0.41530050214745567  0.42869515725000801
  0.44136023633764104  0.45095366703638284  0.45892426696206878  0.46590268151430103
  0.47343876089307879  0.48163757179165406  0.48954848134405027  0.49777810401419625
  0.50749651614505842  0.51966993037698539  0.53234120842582100  0.54456389948265549
  0.55626306143600601  0.56749424682702176  0.57882203828901480  0.59027720398808703
  0.59987040186544205  0.61015790472573661  0.62037526165104218  0.62919090855247339
  0.63784384432326169  0.64643762130103744  0.65548799281386461  0.66558995924340170
  0.67476730000587259  0.68239980497694808  0.69075870351479673  0.70036212305273082
  0.71103818717881562  0.72224410539096595  0.73298572482932234  0.74352205662183657
  0.75422107446430953  0.76672866652412819  0.78122140371716053  0.79794926841249447
  0.81137403066504454  0.82202203732490353  0.83147901821474424  0.84000706352755095
  0.84807186684303648  0.85713761770778873  0.86679605418867989  0.87738360298038187
  0.88883427975341600  0.89951131241050342  0.91034844674088400  0.92052865464380174
  0.93058916803934411  0.94285360932441542  0.95480835666437314  0.96344015980683773
  0.97101226200277901  0.97975321545706884  0.98988279300601367  1.00000000000000000
  0.72970019791766283  0.73511814526750952  0.73858807534666382  0.74213455902729375
  0.74610351495866833  0.75047488534175388  0.75699742134567427  0.76159573115663382
  0.76545269227198898  0.76758806201963692  0.77003754751466469  0.77326469373820739
  0.77701622415511384  0.78065873476451775  0.78394192031345034  0.78696862871338780
  0.78970840351555616  0.79211789659635301  0.79430612577714765  0.79658884626873105
  0.79915207776067188  0.80226375670708416  0.80589688529558223  0.80969472699949929
  0.81250971856567533  0.81498520219219950  0.81756554670390713  0.82028515524348034
  0.82366654649937476  0.82634756428464518  0.82892227458543111  0.83137465984985803
  0.83390109682722957  0.83688544597498193  0.84038928484724340  0.84376454116180066
  0.84694579861754660  0.84967070206633899  0.85220657241953068  0.85456198864407484
  0.85689363622500381  0.85931229331150027  0.86171615303104687  0.86402714682080339
  0.86657664627462716  0.86943747394367199  0.87212177559180926  0.87482359093186435
  0.87709637739595603  0.87928020810810192  0.88142570296473921  0.88387171267229292
  0.88625300891930536  0.88869366118642334  0.89127762527516918  0.89400170242620369
  0.89676662955290853  0.89941870617609987  0.90186861871888091  0.90403215053821795
  0.90600783443464661  0.90797991010955514  0.91009454207746165  0.91241063892803120
  0.91495013384532242  0.91746813845156228  0.91964760739071294  0.92161355481574259
  0.92354823999385383  0.92556628098775040  0.92767642655806815  0.92963840048156143
  0.93145731658801678  0.93316443550146833  0.93495555318305268  0.93689091836674565
  0.93896493399683800  0.94100785287097222  0.94289904096742483  0.94472583969845259
  0.94658009874213278  0.94854906782761639  0.95094320261260479  0.95356679459505456
  0.95597268103856259  0.95816471120951086  0.96054529557695856  0.96309018003541791
  0.96579715021806201  0.96867783694392118  0.97173136724818499  0.97526794223710411
  0.97898206909704233  0.98356737586953202  0.98998467391984246  1.00000000000000000
 -0.00711862018859962  0.06098264358972082  0.08778909206166385  0.10597566237189637
  0.12107374417318177  0.13242326094714355  0.14249993575939729  0.14994313620350158
  0.15596048031355195  0.16273254427542513  0.16928911231945157  0.17578305094817923
  0.18215871206606812  0.18840869314212796  0.19376598271925158  0.19917122627667261
  0.20333530170634370  0.20792108763169875  0.21233419496963146  0.21817601475251819
  0.22350580866647807  0.22816935052942697  0.23304569835894867  0.23780810974754513
  0.24245357579036778  0.24715516480830776  0.25199603642703045  0.25714432827500594
  0.26279467625376218  0.26895643237785755  0.27534342492864328  0.28154044206722800
  0.28719789256425665  0.29309348327599072  0.29936774934556776  0.30535593237981368
  0.31061836288727390  0.31567648343956156  0.32107190457272822  0.32754566600291113
  0.33462406254080840  0.34041236845955503  0.34587251402646069  0.35118569311799475
  0.35658679861729287  0.36187498611907626  0.36637915060865706  0.37028337205283940
  0.37448138399702519  0.37891641060293779  0.38399034904587398  0.38856300802362437
  0.39335207301669983  0.39861124550268862  0.40686594257663278  0.41471703360955281
  0.42212687294763446  0.42935237552672656  0.43649257616756204  0.44339679603287124
  0.44942161205119430  0.45547742672861435  0.46087390679496637  0.46680395015284315
  0.47328399775818047  0.48098723390399772  0.49090512313558099  0.49983929525590998
  0.50664946763342000  0.51314293819672863  0.51938843539039070  0.52552437899742266
  0.53188338335007479  0.53959249315888058  0.54743693841969543  0.55518158842332088
  0.56295177590896284  0.57143339258224424  0.57936995832816462  0.58759700983976426
  0.59735192310083451  0.60740641342812896  0.61835981455340971  0.62952527203936337
  0.64288540780782433  0.65578819423763868  0.66985186339167968  0.68549370379783470
  0.70076450009681934  0.71402191470300413  0.72991549173415571  0.74992999375667058
  0.77464048810136632  0.80610130212746034  0.85021601633284405  1.00000000000000000
   3.9914794733400001E-008   1.0416091052599999E-003
  <DiscreteSampler_grid>
  Helicity
  1 # 1 for a reference and 2 for a running grid.
  80 # Attribute 'min_bin_probing_points' of the grid.
  1 # Attribute 'grid_mode' of the grid. 1=='default',2=='initialization'
  0.0300000000000000 # Attribute 'small_contrib_threshold' of the grid.
  0.3330000000000000 # Attribute 'damping_power' of the grid.
 # binID   n_entries weight   weight_sqr   abs_weight
    2   580   2.232779797842661E-007   4.441177383904024E-012   2.232779797842661E-007
    4   375   1.496592087802610E-007   2.396901992887227E-012   1.496592087802610E-007
    5   1846   6.585330004996420E-007   8.122895745052985E-011   6.585330004996420E-007
    7   544   2.985544615320015E-007   9.192924347070596E-013   2.985544615320015E-007
    10   1774   5.318711974580754E-007   2.291440671622115E-011   5.318711974580754E-007
    12   1268   5.708283561956935E-007   1.313536437883764E-011   5.708283561956935E-007
    13   299   1.046627457198262E-007   4.975054044381061E-013   1.046627457198262E-007
    15   687   2.821267321525956E-007   8.531673289592192E-012   2.821267321525956E-007
  </DiscreteSampler_grid>
  <DiscreteSampler_grid>
  grouped_processes
  1 # 1 for a reference and 2 for a running grid.
  10 # Attribute 'min_bin_probing_points' of the grid.
  1 # Attribute 'grid_mode' of the grid. 1=='default',2=='initialization'
  0.0300000000000000 # Attribute 'small_contrib_threshold' of the grid.
  0.3330000000000000 # Attribute 'damping_power' of the grid.
 # binID   n_entries weight   weight_sqr   abs_weight
    14   10   6.264091705400000E-001   1.248289013530000E+000   6.264091705400000E-001
    16   10   6.252552646650000E-001   1.051967354410000E+000   6.252552646650000E-001
    13   10   5.742447304650000E-001   9.274664585120000E-001   5.742447304650000E-001
    17   10   5.467202959530000E-001   1.215583618420000E+000   5.467202959530000E-001
  </DiscreteSampler_grid>
