   0.0000000000000000        0.0000000000000000        0.0000000000000000        0.0000000000000000        0.0000000000000000        0.0000000000000000        0.0000000000000000        0.0000000000000000        0.0000000000000000        0.0000000000000000     
   5.3283189351735240E-002   2.2408951353875817E-002   1.5761480808489020E-002   3.2573702668441229E-002   1.4906681079619753E-002  0.24726717012080279        9.8967702623996456E-002   6.1235232901333370E-002   2.2864169467625182E-002   1.7558710495108463E-002
  0.63099617203495151       0.68930077247621047       0.75104322790070710       0.69870770742142185       0.76962946030871138       0.70474924965257379       0.62089305914338166       0.62089305914338166       0.86031531410215678       0.89226035685647764     
   9.8576385578635101E-002   4.4633425957468942E-002   3.1496056408871001E-002   6.4258310332927615E-002   2.9753902196115917E-002  0.38101581525567724       0.16450013081333650       0.11196670660947511        4.4545924255489706E-002   3.4704054738145550E-002
  0.70265738687092927       0.82116944503691658       0.77539899441051741       0.67780703774681927       0.72603101365879652       0.96534422841200718       0.78398664986767874       0.84094462546848725        1.6188273811481271       0.83865039841662647     
  0.13233492488090146        6.7626325563306292E-002   4.5832228603975747E-002   9.4908666568208802E-002   4.4265860056278743E-002  0.43581053331121045       0.19202079443227646       0.14668388582786646        6.2920066837404254E-002   5.2560671772627729E-002
  0.76649604670706062       0.90501646410063741       0.72786969545805069       0.65233771507612937       0.72029121277082186       0.74786268400066680       0.91200115463298204       0.78535238336901292        1.1536340240923542       0.79828614055772174     
  0.16314287137782882        8.9924648002398536E-002   6.0281415081073486E-002  0.12558523357489498        5.8829814060596911E-002  0.47166506491713905       0.21556578294354356       0.17560197017570361        8.0459588028575377E-002   6.9757028849021713E-002
  0.79268302045512928       0.72112312163489256       0.88078176189082846       0.71726448552248512       0.77695687275804048       0.72622484509564089       0.93231764442875820       0.74565179562244155        1.2294503675474810       0.78897073331719769     
  0.19056343076444887       0.11088136248495718        7.5235005160019033E-002  0.15633158977532391        7.4742768373732546E-002  0.50058248129160998       0.23262832759626220       0.19986803449341806        9.7072145144498037E-002   8.6515155648559494E-002
  0.74820778914059172       0.84319893180932193       0.77685447095062610       0.68976844927674685       0.87843336709475739       0.85626058673864858       0.91536647280194006       0.90135552868728974        1.2398549889004851       0.90802133448861522     
  0.21561493374804325       0.13183677267893781        8.9895540226799714E-002  0.18717248958056021        9.0463934019006528E-002  0.52047848024259913       0.24883201038085262       0.21913463567189853       0.11325185316582594       0.10348267256702284     
  0.73234518028823858        1.0001372957813843       0.86049102688293144       0.71201329146831271       0.89838289870478916       0.78956876661651654       0.97832161060533118       0.83551886713254730        1.0013839399577755       0.72372392492236670     
  0.23802294937214308       0.15145108553456221       0.10409415994349577       0.21777157015742615       0.10474656313626701       0.53844869929717365       0.26062103072550102       0.23522703783201732       0.12990229581247653       0.11972197922977000     
  0.73501860208211789       0.94297725442490454       0.79362187895953407       0.72780081105678907       0.85931306889698622       0.81202129884212559       0.80296726469322832       0.72447206590126945       0.89701654368253347       0.71017485586570051     
  0.25873524079657101       0.17107695086714075       0.11886232849278225       0.24892694869561807       0.11968182301219567       0.55461751926872438       0.27279874503688845       0.24978204882986785       0.14691649099676571       0.13609361655137842     
  0.68456692301125499       0.81588037965721005       0.74677162635583272       0.66613469302033335       0.83018200960470134       0.86285525826571774       0.79907064541143979       0.90400310651045168        1.0654488905801345       0.76621544366133798     
  0.27828947937999815       0.18914329186536247       0.13573737551779319       0.27981791763346370       0.13310854024758387       0.57089591860721256       0.28352828665206548       0.26326275492606332       0.16348055746875140       0.15234831320236411     
  0.82081153330209589       0.86794526581726061       0.85246247477167814       0.69212720693309671       0.88625999247481979       0.91327360080477538       0.84435237956136411       0.80054854893849936       0.91482509079325325       0.72258603772193508     
  0.29715647964734909       0.20706472327903150       0.15223786026658540       0.30845898878171585       0.14752793147634541       0.58379638581018056       0.29407228308316380       0.27579609079965334       0.17960187986790321       0.16862903051013825     
  0.72636200566395848       0.75922258176656843       0.91055291742474953       0.76412537138779968       0.81640735484171445       0.72967955810388607       0.81149666402524767       0.85812012858501063        1.0527002562651395       0.71040128518086321     
  0.31528379006127344       0.22382091093592155       0.16760407694876550       0.33682121508814850       0.16250907757402219       0.59641974900544770       0.30422595125525786       0.28749342419487156       0.19589509621250065       0.18668792465651579     
  0.75714883838800173       0.77776738124311651       0.79124971506709141       0.65406623009843268       0.76943418275149766       0.76437254531698529       0.74962218125302660       0.76105451833432058       0.96850873093057621       0.78291779605397083     
  0.33298861170943711       0.24055565292494008       0.18231205871965908       0.36548960630951977       0.17712246665744580       0.60735214080999556       0.31412633308518695       0.29935114797021456       0.21269583602385134       0.20488531497286291     
  0.72171400208292724       0.82548967052922873       0.73815443950142878       0.72668304457053567       0.87842069893099972       0.70959590712981857       0.88221839255436774       0.73672340650337487       0.86637512605856137       0.82053702002566598     
  0.34985227743242775       0.25774280653308101       0.19717420743244485       0.39387665192247523       0.19278203023450288       0.61831389338932441       0.32279172453775451       0.31114165167487989       0.22940274985526288       0.22180536015056235     
  0.69386211764816585       0.79629532596164732       0.84743328526072104       0.88881338759647122       0.79544355486421858       0.71927802820560649       0.80723236516627561       0.92036374439071755       0.78867805792387957       0.88638779045478056     
  0.36699492102589815       0.27495866046763157       0.21206571356631437       0.42021322876644374       0.20799751802710600       0.62798136506747382       0.33165811352899216       0.32268716120708318       0.24493554809259882       0.23867639512949376     
  0.73439055053861590       0.81344286175999025       0.81601289204659544       0.68845680619938643       0.88996620771247825       0.75231195723805211       0.89387549833295654       0.93709577299924329       0.82671600155828640       0.80631958351806721     
  0.38375479182499439       0.29058994894519324       0.22704774610687969       0.44613597435434799       0.22327151882522597       0.63770479598735608       0.34032547909122057       0.33416171985677012       0.26026973523735403       0.25704629480481700     
  0.85281000295986409       0.81518824061584050       0.76015697682468664       0.73836554071827187       0.81096149423403863       0.81281928800476289       0.86493524385670917       0.77860609194955799       0.73197611674743590       0.85816038876324496     
  0.40026145921732054       0.30666325974786879       0.24187380324020410       0.47045189603495757       0.23842442861660948       0.64615550450860271       0.34862120733814045       0.34590901129699042       0.27483229824863625       0.27549708734082157     
  0.85938422250109847       0.89358710198721181       0.76463910648327382       0.70138300973111600       0.73347435114307091       0.65050796207519501       0.77241909683558141       0.73418790194145878       0.89263422518331714       0.78841875073012591     
  0.41644840410066880       0.32361923179332930       0.25690336903912425       0.49394255285520061       0.25382693905932130       0.65466086538988910       0.35694759755605321       0.35775601506659693       0.29003731387823006       0.29315048619571854     
  0.70888307043507115       0.71096505811228272       0.87557695686153636       0.69613525703057533       0.76325139901329730       0.86553567440837664       0.91746993426302470       0.81039913956071863       0.70298158935495314       0.86792744384188947     
  0.43168664784992467       0.34023779605596438       0.27260178907003180       0.51647063953849370       0.26928905505860606       0.66292155792752605       0.36505393848689160       0.36992925968210738       0.30623179772713643       0.31070717468780240     
  0.78238143969821350       0.86731992484011533       0.81056902977132406       0.70601831211910970       0.70039586590067249       0.73888162743897301       0.80684816145414096       0.79156802716411556       0.93015058885677904       0.82050691386819452     
  0.44591599482783889       0.35621489638524906       0.28923950398466891       0.53843342598582467       0.28317261097231777       0.67114918603782048       0.37266721192924696       0.38228621086342363       0.32227545958625770       0.32793926799984685     
  0.64542436233626055       0.74216951899538008       0.89349676440709447       0.73288894190496134       0.74709155612494416       0.77046602101807482       0.80899334249732480       0.93555247383569740       0.81727279770543249       0.88951158436960531     
  0.46077452815923925       0.37206839250833967       0.30570495494862060       0.55978586915683604       0.29696367667136231       0.67966026507693467       0.38026576286473512       0.39480471198509970       0.33845523828153462       0.34511516142466053     
  0.77686164370796651       0.74432489203148755       0.70653098267653069       0.76280343887980406       0.67810882809418460       0.73639275487760991       0.78027626260736360       0.77356314489478828       0.77462356998185400       0.90607228318933641     
  0.47602094598921119       0.38973428719584713       0.32212421405583336       0.58091989475319006       0.31184749920276150       0.68794152855667645       0.38790720086899388       0.40751839864003536       0.35431592688814983       0.36062658181005408     
  0.87166463457363885       0.86926198936119625       0.87474005170028624       0.69968617899459828       0.80160957465063543       0.76563871221993551       0.74270014865370104       0.76179966577621316       0.84936945870530023       0.81952866098868060     
  0.49070376302637292       0.40749984404990369       0.33853100512087081       0.60200140443293881       0.32697040910167241       0.69555249812485553       0.39570293854006267       0.42007279624415667       0.36960301344480240       0.37636386904330599     
  0.81068648879959448       0.94908764570971071       0.85614988708859230       0.71793744337535137       0.89228623496849169       0.78682024221706670       0.89537114811773777       0.84501039323315985       0.81738924619084641       0.73401715398259137     
  0.50498058309670668       0.42399152950236663       0.35512885598239075       0.62194904812767005       0.34221224737612560       0.70311620122607366       0.40278442006425608       0.43301522964946187       0.38474316248861296       0.39236404639937200     
  0.71912629701205966       0.81371838378413008       0.74493473454651193       0.73817334026794845       0.71234998307834652       0.84118342839059534       0.70963926919168085       0.97569383450172786       0.74125989652626167       0.75371603164039525     
  0.51877674191472656       0.44030392319000178       0.37179560025012909       0.64084810960883321       0.35782977548403849       0.71056187400732673       0.40988127976903288       0.44609175629581554       0.39981267698785383       0.40774785849976525     
  0.79167632404754507       0.96083416739427918       0.73563037568276923       0.82827023045444159       0.64636210735458710       0.74670630597830867       0.68575094128313951       0.77904966872943238       0.77428866698248500       0.85397029287775039     
  0.53193628967641526       0.45627454809312756       0.38918659260146427       0.65885587159975068       0.37449570261356691       0.71802959351976203       0.41669642940701396       0.45935354439976261       0.41458038049231521       0.42326656842629845     
  0.92558438184749148       0.80261356303321785       0.70999350897654323       0.63609932805905745       0.89652063345961064       0.83809942121865766       0.77629978678564215       0.69853962792294955       0.71179224755595272       0.88992149953712008     
  0.54497674350074643       0.47171614720453747       0.40610324445628060       0.67615036326826428       0.39104543037523704       0.72492678131248978       0.42339144579166466       0.47242902202189024       0.42906349259039500       0.43858979030001904     
  0.84913355457520023       0.73030441401263857       0.83073622877830777       0.70137446620209898       0.90935419680123886       0.74565659228833736       0.77509588745756564       0.77537457768098905       0.68662145914342421       0.86902559057605522     
  0.55788244346991533       0.48641949442873977       0.42171248743895451       0.69332468884941834       0.40649066250587956       0.73167895467751654       0.42993608336400818       0.48590746252386063       0.44382048483859354       0.45250153901946416     
  0.76307699260402206       0.80533201983896463       0.84182901519413977       0.77310957696528748       0.73924619686283111       0.80595614242084246       0.83371119589404141       0.74496037666430548       0.87795913176259244        1.0437612270863281     
  0.57089991969074116       0.50061913002152558       0.43676345368187652       0.71032417205294873       0.42234660674761815       0.73816090583023652       0.43647737122773689       0.49939980257469513       0.45911045942129419       0.46591218938141482     
  0.73791383699047342       0.72965824099505894       0.72968554670247676       0.71564598992553174       0.77298455837259650       0.75930761729007090       0.66389513830853597       0.72361005609130813       0.79832419558286627       0.87970183791008838     
  0.58358226856803896       0.51491472367463276       0.45146550979594435       0.72692363900210610       0.43882135549388585       0.74477815385812096       0.44317364608792192       0.51376031808785505       0.47414476572069986       0.47801110785067119     
  0.76746527000040798       0.70636636218289728       0.82536635684678061       0.77835723694284542       0.73556490637001926       0.70900834500147825       0.72606358185073394       0.85710307111461170       0.82644841925813373       0.70507706989674879     
  0.59607665230480777       0.52976621976424021       0.46660732987026199       0.74330043166907600       0.45466748389805517       0.75159368677324701       0.45011992244557053       0.52842771839981062       0.48889092514328858       0.48972253283991207     
  0.71945940883085657       0.78645529498931588       0.76286010139111271       0.66399917801553177       0.80423324022617126       0.80244247090863707       0.72978509733280894       0.82072703862499163       0.78264016886717025       0.77497700475224507     
  0.60853791329215778       0.54384205694379439       0.48203245116776861       0.75799644541422673       0.47018366519054805       0.75847013618543424       0.45745922353561208       0.54315335902278827       0.50343157258113946       0.50247141542108609     
  0.77539350077215596       0.88275444476639087       0.87569377936001813       0.65136099009526049       0.73301615825139621       0.87102162157952634       0.67778112353984965       0.76287005547657261       0.73723946325279055       0.77242070022433473     
  0.62099767681801532       0.55708142416254558       0.49734386484411186       0.77209503407114466       0.48602038407556225       0.76507809535664428       0.46464872446598249       0.55784123053705714       0.51801464614488868       0.51561474501334248     
  0.76186163398559081       0.67403488926730781       0.76059729300436218       0.78506515786274345       0.75505575677243730       0.75439909886635925       0.83860209057906332       0.66892815257741089       0.74301035685581596       0.82976417672293967     
  0.63346536070935666       0.56955965612023041       0.51204911040030598       0.78569018256917822       0.50192500076420632       0.77201467149325276       0.47208555763552679       0.57206675995097800       0.53262961461759506       0.52814713924895540     
  0.77201911860556716       0.85142414892307550       0.95383532452835262       0.76910066088539231       0.83394574382567088       0.74220278670082784       0.78009160226706864       0.84222604508874588       0.75480889240387328       0.78407194189522456     
  0.64572773456539068       0.58162866867844143       0.52675126198010314       0.79892995767530683       0.51776929852536346       0.77782866340192658       0.47964113386463614       0.58633875907280852       0.54696908640048958       0.54092941692439944     
  0.82061482904479510       0.79930525197243540       0.87494586670802743       0.76786405701496585       0.94786128973671857       0.75661822790939348       0.79388391362279809       0.77144730055252242       0.82771242665660971       0.69758258228021797     
  0.65798363603447707       0.59482063490373038       0.54290229609903229       0.81121177899307884       0.53407443547208089       0.78383514786923014       0.48700755770615783       0.60140314428074237       0.56066301656846240       0.55397439925413261     
  0.78708425566411233       0.79918819300743726       0.74016178680737255       0.71064367662209715       0.70068251039154483       0.71365939671007539       0.91627059875365957       0.69306496683813057       0.76893253772624093       0.69073269275383253     
  0.67004959822931331       0.60824159906007369       0.55836280573367858       0.82294776580621587       0.55002338530651407       0.78933876728352936       0.49433725702560760       0.61697706493624027       0.57358534236063130       0.56714065099675737     
  0.82043955377270295       0.87774932089184143       0.75188303061335848       0.72593351578697884       0.86212984896871447       0.76942288285444471       0.84916524321763975       0.82889690009366834       0.71032359802019873       0.91121886333865754     
  0.68147613672049867       0.62220219266719146       0.57491796469592804       0.83413942310220612       0.56448342255166184       0.79474518214216372       0.50168434055121958       0.63170149381491436       0.58662068855618077       0.58049672070720792     
  0.86786786782089964       0.77339340542894697       0.81788990813902229       0.75098050938811056       0.76926720375850899       0.66559038550848781       0.80452370381707117       0.73348353391225340       0.66134384677830171       0.95433226609816946     
  0.69302190419893195       0.63590773594381778       0.59143322891253858       0.84525367238577975       0.57895719179255500       0.80042367535490899       0.50913141598470357       0.64620048671567232       0.59992954845382729       0.59444925075192945     
  0.75144165597393997       0.74456983110495145       0.78681935004034731       0.72999095208493747       0.75935696270121777       0.71321883566707922       0.78780044468949750       0.71592028010491870       0.65785883379746379        1.0111367485621183     
  0.70495844732882551       0.64991359336018428       0.60723843960435675       0.85578069749039465       0.59347890821879234       0.80601199665620626       0.51682946798635043       0.66099848186877197       0.61212334596710027       0.60591312138256348     
  0.81962527759534654       0.81732909660337860        1.0783449366700519       0.72591085202651984       0.81262579316731931       0.77792271198681129       0.84362408635751474       0.80765344131917649       0.71141296235141405       0.75793608354191344     
  0.71682267554186785       0.66457337957557205       0.62281302872981914       0.86599168219027145       0.60861774729543416       0.81149165169140680       0.52462252005603960       0.67585403509599085       0.62347585796005789       0.61739867216740674     
  0.76162468192462018       0.72207121714483924       0.74203759960834459       0.80983169438123226       0.87004296163176931       0.70765168008052759       0.79649716314157393       0.85996345255633211       0.80432620676269084       0.76747581065796389     
  0.72846897295109347       0.67929260003971803       0.63935649957870888       0.87540807636814466       0.62443139786719259       0.81687226726752871       0.53282411501696347       0.68985392026534720       0.63541436562040055       0.63197994677008362     
  0.94303725213345380       0.84501756625839419       0.69762615070418699       0.83561976204956445       0.78976079849025171       0.82801318766965437       0.87723411696327314       0.71494427805440275       0.71337265083998214        1.0251352583434186     
  0.74019459359409734       0.69356855627048097       0.65630434399899029       0.88473202020026009       0.64002589545857724       0.82234596130531812       0.54134492437255799       0.70383389609272939       0.64747354790439404       0.64628702723332887     
  0.79264209849788136       0.84025041106533316       0.77807797841780968       0.80870592266872254       0.83904681468940467       0.80440333700625533       0.72585716855782034       0.73155911665899043       0.75840400186086798       0.75536508006730563     
  0.75181379768777701       0.70761588853546464       0.67288974571005689       0.89350689121203553       0.65528149533206992       0.82774664614078941       0.54987688516507283       0.71840862934920735       0.65918394792359358       0.66161499421010517     
  0.66731998862340969       0.85609038328686937       0.76227172514563601       0.69899295461048450       0.76566689649256148       0.84380040992440952       0.83435956431653013       0.70884427824137020       0.72581592981885967       0.70872244987777488     
  0.76338945238644318       0.72220269773588364       0.68901057779862640       0.90206747764653739       0.67064887833489972       0.83357233557936916       0.55830925074405069       0.73255503009964418       0.67096430475042546       0.67660114600736354     
  0.82943009752001717       0.89040124494015793       0.95028840344914778       0.82957966824097928       0.70037011875360133       0.68835711367071539       0.89775364634087862       0.74157333788934321       0.79127690008355167       0.82874346234050589     
  0.77354643862483952       0.73535430619593267       0.70479729780374001       0.91011777293809171       0.68618497319511751       0.83937763956035050       0.56707657780444443       0.74684938343379526       0.68282966969687608       0.69152773070740980     
  0.78221814970439452       0.78571081510572638       0.77170251252539779       0.80574068384784903       0.82954264617422879       0.70458161281146459       0.79299247210096135       0.86498565063775001       0.68327038783567939       0.73936686575600197     
  0.78370065615303008       0.74841021767626315       0.72069192268215687       0.91803973136977435       0.70151037784477299       0.84522602905014155       0.57631423821930072       0.76085295046584511       0.69469155958104478       0.70688477361963020     
  0.66697605277140715       0.90241548029007146       0.74270648019056196       0.88308497005167219       0.71606083992906511       0.86596773087075551       0.76512301695947349       0.68431707853469714       0.73751304344311330       0.69945365152090444     
  0.79434611328184024       0.76173797604424887       0.73624707303152659       0.92501415937828102       0.71682552144292089       0.85094712323687227       0.58523583463125872       0.77505985489454698       0.70758520618680865       0.72260717163637178     
  0.78765615203813522       0.71764248667989750       0.73570456494505887       0.72658258871413506       0.82659235896716243       0.75871153451788276       0.84796575930506923       0.74332014682113012       0.71872211092221150       0.81237327883555055     
  0.80483913198906798       0.77488829064975606       0.75181022039494128       0.93159991377145768       0.73233794898010396       0.85652426168635187       0.59361772915337896       0.78946698498961976       0.72142431217465708       0.73879819270846625     
  0.86553783149258290       0.70870614756300365       0.82401488834686754       0.81170805225042830       0.87482523245821875       0.78096614464954617       0.77332219107827738       0.89154829840704020       0.77695427031628450       0.84897306303065578     
  0.81613877001426127       0.78872562812764935       0.76793227579159917       0.93781766279647483       0.74926144109422232       0.86215945242067826       0.60248750201722157       0.80470892856761345       0.73658372293158147       0.75539921195285942     
  0.69681782476647502       0.69065146918260167       0.77494568647621254       0.79636502285200639       0.85942938467078633       0.70603915904436410       0.83790387171725156       0.98859347601939340       0.66426108704776854       0.81589952430180868     
  0.82737311690452653       0.80240234850751346       0.78415104949143577       0.94381779506994601       0.76656180425945331       0.86825121131790040       0.61192006157721901       0.81990089318208248       0.75104519951119419       0.77152140613093201     
  0.86831814821979691       0.82859186923653949       0.80408231890801474       0.85150417052239358       0.72875178567945798       0.86948144572463670       0.92865316987382629       0.78930946704273697       0.74139948907061726       0.74279141694907069     
  0.83790024659295503       0.81652626214467172       0.79824234054642262       0.94965029378560462       0.78438552409154050       0.87431745044341280       0.62201845585408866       0.83427009159710985       0.76711890463673116       0.78699831593972447     
  0.87696522118404263       0.79623021218847190       0.70108098690981713       0.80660913067447382       0.93289963534830933       0.82254943841412653       0.81531209633885815       0.82617615603250694       0.75156050481834269       0.78451664997386061     
  0.84822805010249691       0.83051491929943300       0.81226069268258605       0.95521295436749232       0.80148821971564432       0.88009452977854263       0.63308498382339595       0.84792939081268981       0.78356225413534930       0.80278197840789334     
  0.81099607506883509       0.77168394625288250       0.73776788945223315       0.76511822883850422        1.0299329708573386       0.83588544943499798       0.81708554589318638       0.87738458674149433       0.75671828578896994       0.74205748108817693     
  0.85881683801667741       0.84401101446099758       0.82817910065937983       0.96034040525352382       0.81683742980416907       0.88575050635250852       0.64408316683524014       0.86050341899651783       0.80184831616724572       0.81929433648545202     
  0.87543095217074685       0.75385528757078413       0.90362198063934152       0.88892136882877593       0.70787070484234271       0.83019317988011820       0.75357035592707544       0.78892795846879449       0.70479348118500129       0.83794893220608146     
  0.86946884503110466       0.85773555944076485       0.84390048182520760       0.96507903030528885       0.83261644130651313       0.89197865952652500       0.65493398460911412       0.87335825288736957       0.82078707017772057       0.83602200774212965     
  0.85666877649004103       0.71970500002134030       0.83178600108808087       0.88537221764618390       0.74738241327315869       0.79710077812835811       0.80658227948982819       0.83434156079814181       0.69515805034894473       0.68934899550316131     
  0.88085149024357490       0.87117697558514062       0.85844724335856359       0.96966100721748139       0.84911269531616340       0.89877039196914266       0.66629810496775888       0.88682368803328615       0.83993146295580434       0.85336129133041705     
  0.87916059535133151       0.73407867697352303       0.83518847013699482       0.90224820046144316       0.73618047826058763       0.79012542094452043       0.76920727844165071       0.77904219169761357       0.68904920027947758       0.79815988599412857     
  0.89238767445952827       0.88492218903212860       0.87363025873160938       0.97414146430925985       0.86507550307236003       0.90579660042919652       0.67812458421410393       0.90023072087034683       0.85894924010989659       0.87098715019038664     
  0.87469025056366911       0.75511172669096094       0.80880510906231096       0.78130799348889102       0.84595436966846416       0.90999520771501974       0.77476688977762431       0.76343719407643240       0.67869203769214403       0.70032149467973182     
  0.90410794282882667       0.89912541096140908       0.88859178484123369       0.97848031702899307       0.88177293157964787       0.91341347364698933       0.69202729279840436       0.91279774979470463       0.87718346281453796       0.88828782165447850     
  0.90495634315708795       0.80952643067091778       0.68893490787695011       0.89291635463977426       0.72703331055645326       0.97154800277970421       0.71520485235718745       0.99771542744802655       0.64489087492026176       0.76732266172286656     
  0.91554058323344811       0.91335929133231253       0.90368581861269504       0.98200261232479380       0.89889478589160499       0.92094176697127450       0.70811308747210278       0.92574344472803216       0.89535071627772045       0.90546619411283336     
  0.91324729678141237       0.71372262251743368       0.74883510991605928       0.88320388294245344        1.0138934766035523        1.1020319281111572       0.72684059169612303       0.83233465961060793       0.72450781197051350       0.78248145616089626     
  0.92756440875054080       0.92753845311656891       0.91951093606438739       0.98535963547805738       0.91620177198319064       0.92989025590983732       0.72555988430859963       0.93797829146392708       0.91459367114045631       0.92214506999077572     
   1.1115245947654468       0.84520029489106285       0.80955847932314906        1.1619472823664498       0.82840805620225966        1.0019672434387308       0.77380689689053095       0.77345301623529017       0.88455985116279578       0.76189063959733794     
  0.94007682497171152       0.94133901505994044       0.93572545396192230       0.98840679231543582       0.93353391457818258       0.93888461219442021       0.74462073496957037       0.95041446568566845       0.93419101204339794       0.93802432421268023     
  0.97764637743322624       0.77840740089754734       0.75038011435118901        1.1250667220245942       0.74472975088307769        1.0553856279298162       0.78339144511972769       0.82618135742369303       0.74307786336046722       0.74252532666829407     
  0.95310003278616950       0.95586420407310824       0.95223196864613391       0.99127244864828523       0.94980021776018220       0.94985048898562452       0.76940125210913901       0.96243186187953267       0.95085389105914353       0.95261571560734992     
  0.93753135115765829       0.73990995672378457       0.81379198857438362        1.0400456168888650       0.97924689694808065       0.92076610977971152       0.79503432078650649       0.71664992302644981       0.63241566693168560       0.71177811995892948     
  0.96624295701846974       0.97027598427964590       0.96884537530593440       0.99410647003198060       0.96637583281346739       0.96091104724383969       0.80251469404485909       0.97408218664135904       0.96698363922618369       0.96739605831535191     
  0.88619846056523710       0.81245412946994700       0.95018860432393581        1.3309069542532492       0.81008640884870131       0.83116582083445290       0.85176764553347950       0.85976145785605085       0.71698123617253073       0.80678904084937242     
  0.98256694475261319       0.98528835324932906       0.98447385271733423       0.99703568862159686       0.98328476741778892       0.97928689424572379       0.87508921314202481       0.98708592289918351       0.98360084361637135       0.98372872003674383     
  0.88908167743122668       0.74181503012955463       0.70977820954687532        1.9099922231385513       0.70044697204739814       0.95700458113916764       0.69218245970031977       0.94231576220340152       0.74500519979172497       0.68471416026282816     
   1.0000000000000000        1.0000000000000000        1.0000000000000000        1.0000000000000000        1.0000000000000000        1.0000000000000000        1.0000000000000000        1.0000000000000000        1.0000000000000000        1.0000000000000000     
  0.89730095224696826       0.77779693589602938       0.76304583130970405        2.2351352569988654       0.71043505175145927       0.79232272074103349       0.62089305914338166       0.77368286517755092       0.66146780427986362       0.74597570975733818     
   13.823174212238619        4.7936953012605681        12.781761535361762       -86.328426247639101        16.833654374975378        11.829959920421397        10.070577060048736        9.9570459807331719        8.8525219766542875        12.410856069569896     
   13.874931700414242        11.907561270605425        4.0484494097206190        7.8509252531575742        9.8941385868298148        8.6845511592540170        11.161842960138218        7.4585450002896545        7.7438477817195048       -2.9248033599477736     
   13.668089939290217        7.7875709270158948        8.7505555294505069        21.672133420684613       -19.834535126598876        10.246398258401827        9.5992593286805281        6.5104139344864356        9.0308168096219550        13.848039500336156     
   14.075699866945186        9.0826364493315417        14.095073042087774        18.314869251259225        9.0917585743448228        10.858125201963514       0.64415230267283941        13.171379280951006       -35.570990922420236        11.813182965096566     
   14.367435849710034       -14.143891857804924       -22.959277502636745        16.162728546490740        3.4605506383871671        12.278654595735143        13.958747861127080        7.1226427637140901        16.473015567070998        13.673029373583645     
   13.434079415234729        13.440947874768966        12.323301754839660        15.310831348755048        13.209817443663182        12.840886907867564        9.4848267089874181       -3.4963243919686349        9.3917998202347590        11.003582017158244     
  -17.470251417068557        6.0909547915024556        13.590098036067614        12.273634806994425        14.775334173108668        2.7002915711256712        13.354450756609143        9.4345386463786003        14.002136588240322        12.644645578876554     
   6.0519096752908084        15.478454325551898        13.566893114075640        10.093718930153424        12.912269114027026      -0.62524308262649475        8.1766007351305525        12.812061041395015        11.231165292552848       -30.261116960611119     
   3.4506960126711346E-002
           1           1           1           1           1           1           1           1           1           1
   8.7149040744579302E-003   3.9951577342411731E-003   2.9711082220308382E-005   8.2484568505396378        4.1967858179469975E-004   1.6490266821394066E-006
   9.1614797447652773E-005   7.7138773586238489E-005   3.1191037609886566E-005  0.58664933981033118        3.1113643011939618E-005   7.3679694786554051E-008
   2.8628770533692834E-002   10.270095007248555     
