  0.02521658051038623  0.03392278254023318  0.04122081273827018  0.04799706867855735
  0.05557919097670147  0.06325078364972643  0.07107508086856471  0.08015050404144888
  0.08993855926580600  0.09852845674833367  0.10671115289491254  0.11482230797758106
  0.12292092034542720  0.13094124167621735  0.13893982154173987  0.14668223825199156
  0.15407944797151080  0.16196739018964165  0.17036551828294558  0.17869267284497864
  0.18609074303336220  0.19325932330340920  0.20053453158489001  0.20842323710851335
  0.21639534042326961  0.22424618563913190  0.23195805840674016  0.23959105629113822
  0.24758170730127876  0.25587824398578479  0.26417434296243925  0.27239403306274113
  0.28069708039372349  0.28928793282582610  0.29784618226463877  0.30685257355437867
  0.31604218042830229  0.32548729921416747  0.33455277153192897  0.34372727912700590
  0.35270247808747335  0.36205939502170209  0.37141383029151209  0.38069086011579761
  0.39000088628482366  0.39902465841368806  0.40815873433059230  0.41730377916167771
  0.42684387856609984  0.43645592126054950  0.44605080104803724  0.45581752961686817
  0.46570664404468998  0.47576858495027041  0.48567399571033326  0.49546561093670799
  0.50527602803140115  0.51513857578750244  0.52509979505902626  0.53518219776839260
  0.54541002634272295  0.55572460386225464  0.56604937653767162  0.57621055935446264
  0.58661718575192756  0.59763693848963129  0.60817334216347430  0.61838016459981993
  0.62866979896909936  0.63907027774788261  0.64978381217694525  0.66056620288400569
  0.67143215270891077  0.68255511647223943  0.69390185687547568  0.70498835558300121
  0.71633185988235160  0.72816526498782141  0.74079497152603557  0.75250659208160497
  0.76337545928579109  0.77416855536054918  0.78547497794017473  0.79789905149710239
  0.81134065742965267  0.82627629036437167  0.84052543314994443  0.85535737025774672
  0.87289054370447061  0.89018244964551696  0.90462494206642496  0.91823968398949174
  0.93393625742520148  0.95021242625640179  0.96901094603266213  1.00000000000000000
 -0.00239204917894481  0.00997008089126115  0.02085650091479621  0.03331021329517844
  0.04507023062020708  0.05612809819644995  0.06761005157730197  0.07961711938235018
  0.09109884009784688  0.10207366950656482  0.11333120607163391  0.12430981996351309
  0.13467875187990064  0.14514406873520125  0.15647078230439312  0.16768401417663656
  0.17781989563081890  0.18757321797860080  0.19725084120935149  0.20699773357755982
  0.21663733316734637  0.22668160569567994  0.23664099404433464  0.24660705331649080
  0.25636079045125820  0.26626433265686061  0.27635765387844080  0.28646996533241609
  0.29780381308148751  0.30936727067322706  0.32142416968571580  0.33234757307824647
  0.34400398887638850  0.35528508596729025  0.36661352688559978  0.37730135732662062
  0.38805564192569869  0.39902954396410212  0.41021532716749881  0.42102605277595251
  0.43138515919968035  0.44175499583670691  0.45225448236218885  0.46247592053436137
  0.47217619194648708  0.48172176678007189  0.49116988478486290  0.50114137609363696
  0.51139513523912949  0.52185709188352636  0.53128867857630035  0.54077154958897511
  0.55039908457132469  0.56078948513262961  0.57077078431959272  0.58029190495380911
  0.59002131855640538  0.59985922178843376  0.60978966728342443  0.61972348265530797
  0.63018198419821669  0.64085331380163779  0.65178834182249512  0.66231430311396089
  0.67355886248292618  0.68527652689028662  0.69745060697636752  0.70889801683373166
  0.72049228832850265  0.73213353868705777  0.74380936425599553  0.75552824566037535
  0.76725342428156906  0.77871501279709066  0.78931475850248434  0.79975290812153033
  0.80999892297083220  0.82029394600819638  0.83053715052160204  0.83989409844237151
  0.84976965013625472  0.85959195337122218  0.86966080226717168  0.87944042577049897
  0.88907305402232117  0.89929648595547962  0.91000955013951734  0.92036826029709440
  0.93028874671473838  0.94076548929279979  0.95184376264969350  0.96247087487397553
  0.97214037525687436  0.98114443684813668  0.99069533866880288  1.00000000000000000
  0.74786957965636069  0.74873557190226203  0.74911388877510421  0.74953733938456291
  0.74988770801389537  0.75074646996190308  0.75229059133189635  0.75372516648699917
  0.75513862833379697  0.75658532472794560  0.75804132332702390  0.75949598390069795
  0.76094676857940446  0.76239824627414365  0.76385740021182602  0.76529105991553081
  0.76667529421390324  0.76793419313861244  0.76919417760362407  0.77046415961172499
  0.77176863769618875  0.77320847622110067  0.77466608465391185  0.77612978240790476
  0.77761641445181195  0.77910351017477242  0.78061907110093676  0.78216787295878198
  0.78368698737899078  0.78515376443315366  0.78657226517957080  0.78798942127317739
  0.78950185598496292  0.79105891521942617  0.79275362151540008  0.79455288853205552
  0.79637647429674341  0.79816440331563321  0.79994938123951909  0.80171132167488279
  0.80355372678806414  0.80533697703674101  0.80709081040451169  0.80879903796307084
  0.81052482865780751  0.81235788735745851  0.81435647198267480  0.81640015746521988
  0.81835100005700312  0.82028386101509410  0.82230380274178549  0.82439548982154276
  0.82642380616794509  0.82841515795947029  0.83044992574786669  0.83256705426097566
  0.83476790958702163  0.83694344496705175  0.83915375940703574  0.84137043231723418
  0.84359666897893171  0.84590369987429326  0.84821111131783822  0.85051838994235784
  0.85282760390768109  0.85518268577632151  0.85761877921827545  0.86011571705605061
  0.86266572627765603  0.86524991392249573  0.86788486779920648  0.87046015288503542
  0.87315350509939138  0.87584786339497178  0.87877204303918444  0.88180730839636845
  0.88496924913972319  0.88806078690458334  0.89111673274398173  0.89423977134171195
  0.89763493113793602  0.90124027563463605  0.90482452617176623  0.90847797420046450
  0.91224994217879041  0.91610151762999870  0.92039866996592656  0.92511780921652342
  0.92988209161655433  0.93482078434145854  0.94046355066865983  0.94741919902167515
  0.95488055620032619  0.96415300726236830  0.97724964020693394  1.00000000000000000
 -0.01935965403390234  0.13819928088453851  0.18532622085778311  0.21780465023739912
  0.24410456286604371  0.26447745414344664  0.28227013584922106  0.29845567983666094
  0.31442367312113506  0.32877269141448812  0.34182650429085248  0.35334849315459094
  0.36379839557352972  0.37409506649136037  0.38397518188117535  0.39467285303097838
  0.40521087664224265  0.41562586349332337  0.42582630713260988  0.43546394665939614
  0.44491322717618498  0.45343012470272342  0.46189478200568501  0.46988110737453637
  0.47776417331819826  0.48561363789545509  0.49333020972068115  0.50101299737065952
  0.50807590878511655  0.51515767599971385  0.52174946110380582  0.52788084178068961
  0.53392775063979137  0.53975077166664376  0.54529998225654597  0.55078670928156315
  0.55663837928143933  0.56286822209704157  0.56920752034147826  0.57567171403377648
  0.58205135333404068  0.58845514704834345  0.59461293229298240  0.60072824127948943
  0.60663348185877219  0.61248604730227130  0.61828583911153789  0.62394989615737628
  0.62949560159072770  0.63506331813648520  0.64076175783084599  0.64649261089831234
  0.65207406410889601  0.65747440577966509  0.66282526317322965  0.66834132415057446
  0.67374777476239012  0.67896129346443213  0.68408819282853528  0.68918215779148573
  0.69419843809914084  0.69924220399418147  0.70423384002867584  0.70908584305416122
  0.71400165498300561  0.71915037698740947  0.72446283242679754  0.72974479664477421
  0.73488537914558694  0.74010434543990611  0.74517168310133586  0.75007822652629685
  0.75514618384739185  0.76047810055651655  0.76555467763556395  0.77055709522541438
  0.77553394237852591  0.78069183043639667  0.78631454730391981  0.79249490504021181
  0.79878067072267389  0.80498607591335136  0.81125917514248880  0.81764132116332355
  0.82437587116843059  0.83142374837985866  0.83876118174171499  0.84738610218509403
  0.85564798773354478  0.86491225382114367  0.87458738039607153  0.88582774007922949
  0.89843514955446546  0.91453158766610165  0.93917384814781368  1.00000000000000000
   5.6735086117300003E-007   1.2648384325400000E-003
  <DiscreteSampler_grid>
  Helicity
  1 # 1 for a reference and 2 for a running grid.
  80 # Attribute 'min_bin_probing_points' of the grid.
  1 # Attribute 'grid_mode' of the grid. 1=='default',2=='initialization'
  0.0300000000000000 # Attribute 'small_contrib_threshold' of the grid.
  0.3330000000000000 # Attribute 'damping_power' of the grid.
 # binID   n_entries weight   weight_sqr   abs_weight
    1   2079   1.797433864763168E-005   3.086983360070270E-009   1.797433864763168E-005
    2   1477   1.035994855216080E-005   3.139142155610957E-009   1.035994855216080E-005
    7   1484   1.009474130373555E-005   2.917498734676635E-009   1.009474130373555E-005
    8   1952   1.685913350248930E-005   2.608783597830216E-009   1.685913350248930E-005
  </DiscreteSampler_grid>
  <DiscreteSampler_grid>
  grouped_processes
  1 # 1 for a reference and 2 for a running grid.
  10 # Attribute 'min_bin_probing_points' of the grid.
  1 # Attribute 'grid_mode' of the grid. 1=='default',2=='initialization'
  0.0300000000000000 # Attribute 'small_contrib_threshold' of the grid.
  0.3330000000000000 # Attribute 'damping_power' of the grid.
 # binID   n_entries weight   weight_sqr   abs_weight
    10   10   2.220232168990000E+004   6.048502496619999E+008   2.220232168990000E+004
    11   10   2.220232168990000E+004   6.048502496619999E+008   2.220232168990000E+004
  </DiscreteSampler_grid>
