     
 Soft #          23
 ME*wgt:
   1.0050600497220328        1.6602807287847749E-017   1.6519219217239359E-017
   1.0000020314440745        1.6519252775109352E-017   1.6519219217239359E-017
  0.99999554548526071        1.6519145632133874E-017   1.6519219217239359E-017
  0.99999949609782257        1.6519210893168826E-017   1.6519219217239359E-017
  0.99999988750000113        1.6519217358827216E-017   1.6519219217239359E-017
  0.99999955468987178        1.6519211861063732E-017   1.6519219217239359E-017
  0.99999295216075768        1.6519102792437908E-017   1.6519219217239359E-017
  0.99995667941161137        1.6518503594943149E-017   1.6519219217239359E-017
   1.0000000005000300        1.6519219225499463E-017   1.6519219217239359E-017
   1.0000000000500033        1.6519219218065377E-017   1.6519219217239359E-017
 wgt:
   1.1111111111111112        7.2421456931906210E-004   6.5179311238715591E-004
   1.0101010101010102        6.5837688119914741E-004   6.5179311238715591E-004
   1.0010010010010009        6.5244555794510091E-004   6.5179311238715591E-004
   1.0001000100010002        6.5185829821697765E-004   6.5179311238715591E-004
   1.0000100001000010        6.5179963038345973E-004   6.5179311238715591E-004
   1.0000010000010000        6.5179376418092005E-004   6.5179311238715591E-004
   1.0000001000000103        6.5179317756647380E-004   6.5179311238715591E-004
   1.0000000100000004        6.5179311890508729E-004   6.5179311238715591E-004
   1.0000000009999999        6.5179311303894898E-004   6.5179311238715591E-004
   1.0000000001000000        6.5179311245233522E-004   6.5179311238715591E-004
     
 Collinear #           2
 ME*wgt:
  0.81646957940411724        4.1323722892495954E-012   5.0612691439961775E-012
  0.98080813578744031        4.9641339538413848E-012   5.0612691439961775E-012
  0.99904568065541310        5.0564390769439012E-012   5.0612691439961775E-012
   1.0002227065476059        5.0623963217737414E-012   5.0612691439961775E-012
   1.0001229392532442        5.0618913726452086E-012   5.0612691439961775E-012
   1.0000441478887752        5.0614925883434075E-012   5.0612691439961775E-012
   1.0000144235240505        5.0613421453334016E-012   5.0612691439961775E-012
   1.0000073963528899        5.0613065789288377E-012   5.0612691439961775E-012
   1.0000000000000577        5.0612691439964699E-012   5.0612691439961775E-012
   1.0000000000000056        5.0612691439962058E-012   5.0612691439961775E-012
 wgt:
   1.0005432227157698        8.7468547505464789E-002   8.7421058400704896E-002
   1.0000520423145955        8.7425607994928461E-002   8.7421058400704896E-002
   1.0000051824719585        8.7421511457888637E-002   8.7421058400704896E-002
   1.0000005180305935        8.7421103687487664E-002   8.7421058400704896E-002
   1.0000000518008942        8.7421062929193896E-002   8.7421058400704896E-002
   1.0000000051800677        8.7421058853551906E-002   8.7421058400704896E-002
   1.0000000005180067        8.7421058445989588E-002   8.7421058400704896E-002
   1.0000000000518006        8.7421058405233357E-002   8.7421058400704896E-002
   1.0000000000051801        8.7421058401157742E-002   8.7421058400704896E-002
   1.0000000000005178        8.7421058400750165E-002   8.7421058400704896E-002
