  0.00025097019293621  0.00025236293489389  0.00025553096597041  0.00026001510134409
  0.00026449423680826  0.00026891041393307  0.00027337383987130  0.00027780279522592
  0.00028239748017561  0.00028696706298201  0.00029174132226929  0.00029689562125660
  0.00030243596983708  0.00030818999835854  0.00031415330637349  0.00032026489270570
  0.00032647717644833  0.00033277506645959  0.00033921197177677  0.00034650801448117
  0.00035406237030683  0.00036174975459487  0.00036947515137581  0.00037722559176438
  0.00038506454321975  0.00039288293890702  0.00040176393775864  0.00041146454277335
  0.00042133228166558  0.00043132059755144  0.00044160952980556  0.00045213340775461
  0.00046340591088439  0.00047542169014806  0.00048764765605070  0.00050025576611187
  0.00051352937019678  0.00052798840187538  0.00054419322668785  0.00056169822849790
  0.00057924871366579  0.00059643174957759  0.00061369481612342  0.00063127429285218
  0.00065140433804013  0.00067236123481568  0.00069355220240042  0.00071557433093510
  0.00073864993664512  0.00076296052648583  0.00078809892251640  0.00081328108600373
  0.00083947622511249  0.00086824324320357  0.00089797970425858  0.00092856347510256
  0.00095967255327896  0.00099199238039965  0.00102874849893532  0.00106679386128195
  0.00110753927428322  0.00115267184639881  0.00120123523111134  0.00125194036202207
  0.00130757651073325  0.00136994356291912  0.00143577643888538  0.00150140070497446
  0.00157039271435758  0.00164592670306145  0.00172812844204956  0.00181969077262565
  0.00192107582775998  0.00203188309710591  0.00216029302248943  0.00230294099481675
  0.00244600067923365  0.00260081510047367  0.00277041719708800  0.00297220651586825
  0.00320382297788688  0.00346815310483420  0.00374680168953549  0.00408540552220972
  0.00443005746970926  0.00484125973091022  0.00528161927805417  0.00585600279265228
  0.00658788170158650  0.00762450952855811  0.00897697100289560  0.01073288734268267
  0.01313038396135400  0.02286470722127513  0.02862216698183555  1.00000000000000000
 -0.00225059818399255  0.00926598418432168  0.01835172591517829  0.02816370310325325
  0.03789487811467896  0.04791544883557457  0.05816816546872718  0.06922695424232760
  0.08018893915838388  0.09090762106827432  0.10116620145125073  0.11148511009687032
  0.12173443092424795  0.13273200341777347  0.14385451057678664  0.15508712951479919
  0.16612744238251018  0.17641962639394504  0.18673634616474968  0.19658179582618612
  0.20690129740785673  0.21691604243885515  0.22682441238747389  0.23679538932403976
  0.24677647697477750  0.25750933631991590  0.26827131921776470  0.27889009092877742
  0.28896797403057739  0.29885473771667265  0.30900502315833395  0.31897257778805782
  0.32937884430287850  0.33996679194130747  0.35085001280807909  0.36181846960085817
  0.37251119090970103  0.38314554676744500  0.39393421051546013  0.40472107932039153
  0.41568785637176409  0.42641997920459623  0.43743795696384730  0.44895513745365162
  0.46092609166078208  0.47297703158120835  0.48462343232402277  0.49587946619212059
  0.50695973940614025  0.51796276156176335  0.52883521481481310  0.53963506573767062
  0.55016950758863026  0.56052946564585537  0.57075242517817082  0.58070791045229386
  0.59088004945930295  0.60122169736603992  0.61196014423030498  0.62279464513146521
  0.63356854673559504  0.64406765941312993  0.65444589635865813  0.66493779900168359
  0.67573988260439033  0.68653132691994079  0.69724603110538030  0.70800905465562458
  0.71887767518580004  0.72950466909145206  0.73995390457516785  0.75036487890459436
  0.76080267103490884  0.77139264840366606  0.78196934558276743  0.79248199978487588
  0.80298000960080307  0.81327445781501972  0.82360588527498479  0.83399192787756349
  0.84425000186154919  0.85462366467591089  0.86507605038796098  0.87560479935949931
  0.88596290929464794  0.89637292134312596  0.90719449612986303  0.91838683036682045
  0.92900779033110847  0.93905670195409507  0.94917337344892405  0.95924518603678666
  0.96942135765442927  0.97958413841540914  0.98978549486117040  1.00000000000000000
  0.74702738877468733  0.74807979713044614  0.74916346260678546  0.75059954758938829
  0.75332293541276829  0.75645910029438390  0.75958358860907649  0.76262023010095470
  0.76562908447108802  0.76864997017837577  0.77157371625630511  0.77438968374287143
  0.77713379572438368  0.77991811089896579  0.78278887066280356  0.78562320471490854
  0.78841954211868714  0.79119522736898285  0.79402258234452294  0.79685297006921441
  0.79960454599773900  0.80240497542399269  0.80531328326890850  0.80830847075379331
  0.81127146946645834  0.81412702251411595  0.81682986992515905  0.81954019647439336
  0.82243104161343816  0.82549996746160392  0.82836595137124913  0.83102715661609017
  0.83371464037242171  0.83646605721621592  0.83923537914532698  0.84206033759803445
  0.84476209231655397  0.84748799947076903  0.85006033711237905  0.85258062309312854
  0.85500443145156635  0.85737309702817166  0.85977735947289091  0.86221673295318413
  0.86467337286727375  0.86711110764198329  0.86953259533607952  0.87197004471755646
  0.87443913348185376  0.87693874345743217  0.87945320593317056  0.88195766601001579
  0.88447568847585500  0.88701945898841272  0.88959305858373572  0.89213770523534586
  0.89465902828479971  0.89716789465369473  0.89974502577610971  0.90238753747162681
  0.90500735414410272  0.90756094268172904  0.90997154337829289  0.91229740097634049
  0.91456824147939242  0.91688938360396643  0.91936674097542959  0.92193094215950833
  0.92435112409397735  0.92671244323390689  0.92906442397766198  0.93151772274945821
  0.93405085798455834  0.93651657503541841  0.93892936362898649  0.94132171558555700
  0.94370693305382225  0.94608822309432872  0.94846069217030771  0.95087424379592544
  0.95332781570137770  0.95578002834392961  0.95817129071465790  0.96081446430528505
  0.96362744166387382  0.96643647981917580  0.96929462522291499  0.97204219734450270
  0.97484187678077538  0.97764498256370025  0.98053072832432031  0.98352732790731123
  0.98671480474140172  0.99022197157566227  0.99447821018947202  1.00000000000000000
 -0.00738546207048656  0.06102823311118628  0.08660145180736042  0.10416162160500300
  0.11735350048084975  0.12883202938179505  0.13852767851287281  0.14779336897134873
  0.15627850482126532  0.16437605656492396  0.17185057566130632  0.17893578412390845
  0.18611699909203352  0.19275812663724534  0.19905387918962758  0.20495138308010930
  0.21068028712046263  0.21625486335864308  0.22180775953673204  0.22729881694511136
  0.23266604765121729  0.23799122062207656  0.24337416083138291  0.24877854279184924
  0.25412259118014957  0.25943441336974815  0.26475873003812495  0.26999164369727902
  0.27522560303161836  0.28040516841048130  0.28561645647362061  0.29085411704805408
  0.29614649781247937  0.30148197826211570  0.30680523429822920  0.31217115286794073
  0.31765484560186164  0.32307855543280600  0.32840247274379802  0.33376711619555377
  0.33923069843531573  0.34479479410228969  0.35014589870202606  0.35537714302670481
  0.36061378878800354  0.36599560845316281  0.37156017297265576  0.37723467045534964
  0.38294665780014259  0.38851921784469168  0.39412155260398535  0.39961656375651572
  0.40517509263700652  0.41083860825918089  0.41672253850184426  0.42276593221220010
  0.42887866663242347  0.43501191746670775  0.44119374810238482  0.44759037709669108
  0.45422555520151620  0.46091857264430297  0.46756204083097308  0.47406139949627207
  0.48058713614514026  0.48722989081955764  0.49387361426428156  0.50058119526658185
  0.50755823898953922  0.51479009845774459  0.52220100489842103  0.52963721581934708
  0.53723877653440810  0.54514031979970456  0.55381383533322814  0.56253336604411541
  0.57144754414391508  0.58046041355800093  0.58992875512336229  0.59981189240178978
  0.60980791603491324  0.62000083324282640  0.63034180551557295  0.64099642632290188
  0.65236814787126740  0.66487502675666565  0.67818155566633354  0.69214189756895150
  0.70701623199174568  0.72309989014007137  0.74074364892544298  0.76057745877208160
  0.78341096908170638  0.81162894424915899  0.85541697395253635  1.00000000000000000
   2.0938910284300000E-005   1.4266918832499999E-002
  <DiscreteSampler_grid>
  Helicity
  1 # 1 for a reference and 2 for a running grid.
  80 # Attribute 'min_bin_probing_points' of the grid.
  1 # Attribute 'grid_mode' of the grid. 1=='default',2=='initialization'
  0.0300000000000000 # Attribute 'small_contrib_threshold' of the grid.
  0.3330000000000000 # Attribute 'damping_power' of the grid.
 # binID   n_entries weight   weight_sqr   abs_weight
    2   1509   3.877224257380610E-004   9.991426780154161E-007   3.877224257380610E-004
    3   2002   4.403413961720364E-004   1.468601567080768E-006   4.403413961720364E-004
    6   1952   4.407952676794050E-004   1.384172005399542E-006   4.407952676794050E-004
    7   1529   3.679318839162529E-004   1.108187206281908E-006   3.679318839162529E-004
  </DiscreteSampler_grid>
  <DiscreteSampler_grid>
  grouped_processes
  1 # 1 for a reference and 2 for a running grid.
  10 # Attribute 'min_bin_probing_points' of the grid.
  1 # Attribute 'grid_mode' of the grid. 1=='default',2=='initialization'
  0.0300000000000000 # Attribute 'small_contrib_threshold' of the grid.
  0.3330000000000000 # Attribute 'damping_power' of the grid.
 # binID   n_entries weight   weight_sqr   abs_weight
    16   10   4.886184988950000E+006   2.169921481790000E+014   4.886184988950000E+006
    17   10   4.886184988950000E+006   2.169921481790000E+014   4.886184988950000E+006
    14   10   4.886184988950000E+006   2.169921481790000E+014   4.886184988950000E+006
    13   10   4.886184988950000E+006   2.169921481790000E+014   4.886184988950000E+006
  </DiscreteSampler_grid>
