  0.00000380768982784  0.00000399565268626  0.00000428772070012  0.00000469029566819
  0.00000507615282336  0.00000545075659113  0.00000584133124621  0.00000628764893575
  0.00000676326605495  0.00000724878348945  0.00000775430108813  0.00000829083864665
  0.00000884649705970  0.00000941740940672  0.00001000213124388  0.00001061479638636
  0.00001127635333148  0.00001199782257332  0.00001276756998309  0.00001359784983344
  0.00001448998348113  0.00001546786340593  0.00001651579840511  0.00001765070183301
  0.00001886980055553  0.00002010091693232  0.00002114086185457  0.00002220412199039
  0.00002349438907320  0.00002510516020849  0.00002675977156631  0.00002837985986331
  0.00003009996510169  0.00003199431967235  0.00003412280345400  0.00003650851288876
  0.00003896179133817  0.00004161597689523  0.00004411382680537  0.00004668610761775
  0.00004948270052400  0.00005243192618989  0.00005545378164273  0.00005854801127623
  0.00006170329786312  0.00006541418304847  0.00006949329698698  0.00007390274896514
  0.00007848504563927  0.00008331628578335  0.00008791581967897  0.00009293798656086
  0.00009823583861911  0.00010391851564877  0.00011050688387559  0.00011707123469546
  0.00012389214443729  0.00013092588551606  0.00013828301548355  0.00014634600222934
  0.00015476595975272  0.00016323931208938  0.00017290870967971  0.00018168753425935
  0.00019265139743880  0.00020482291018771  0.00021719266972351  0.00023201971387883
  0.00024700678806339  0.00026559131550859  0.00028196397857720  0.00029856737274993
  0.00031691390849610  0.00033586627742113  0.00036500361411649  0.00039693059278699
  0.00043150852627739  0.00046947170618473  0.00051126534866265  0.00055561515229956
  0.00060324213284124  0.00065676779658519  0.00071991423810226  0.00080078138243293
  0.00090619516808311  0.00103968977778178  0.00121010866454692  0.00141237808379414
  0.00163531488111580  0.00188032107448460  0.00220290863619818  0.00274353079048238
  0.00393438650089738  0.00695996944999391  0.01177376473954048  1.00000000000000000
  0.00024819390630640  0.00025059366143279  0.00025235517095706  0.00025661768762922
  0.00026233670647053  0.00026822587559109  0.00027416203157459  0.00028019179692546
  0.00028645430134183  0.00029326644426182  0.00030076214076623  0.00030871376428404
  0.00031663886679234  0.00032464060984767  0.00033285082007327  0.00034134104189810
  0.00034997553711684  0.00035943377727619  0.00036828454380987  0.00037714043429371
  0.00038571530336450  0.00039470646326241  0.00040491099585449  0.00041609933359517
  0.00042704161638574  0.00043795776362850  0.00044944993903069  0.00046222465055836
  0.00047627589140116  0.00049087313267655  0.00050625765990369  0.00052234143610902
  0.00053922109913515  0.00055641527922523  0.00057383140233621  0.00059146905902782
  0.00060986572426727  0.00063086517824504  0.00065425004097625  0.00067800162550795
  0.00070173106461478  0.00072638820504574  0.00075611231757476  0.00078695251028767
  0.00081818827029025  0.00085032578479827  0.00088416262949328  0.00091898626290478
  0.00095468984078817  0.00099105918703769  0.00102788210838960  0.00106509941062904
  0.00110310787042858  0.00114586639685061  0.00119704515475571  0.00125253795023469
  0.00131037963377097  0.00136981699063368  0.00143155349730230  0.00149429391431836
  0.00155833523469648  0.00162553177518028  0.00169568633266259  0.00176338057221476
  0.00183549280169149  0.00191108502621332  0.00199101982532231  0.00207961893062765
  0.00217715366063113  0.00228270226555158  0.00238925525016307  0.00249815753831527
  0.00261841561785552  0.00275366656802079  0.00289709596058348  0.00308252012014801
  0.00328315116570779  0.00355735978994291  0.00382560825750517  0.00410245218466082
  0.00440469812030934  0.00459376913046830  0.00478985512320839  0.00499688908433929
  0.00520728707003401  0.00542229011570378  0.00596844913779906  0.00651787235445482
  0.00696456732804877  0.00742782200533523  0.00786260243331928  0.00902235055146226
  0.01299698211257611  0.01964537955369569  0.02157802660567327  1.00000000000000000
 -0.00069740786409945  0.01115598655570320  0.02246074544019923  0.03368704860070807
  0.04505350321661421  0.05663842554088536  0.06894020080993964  0.08083383784912804
  0.09179075928723178  0.10206586037508700  0.11218433790214818  0.12256839919166997
  0.13314305277984609  0.14399031711168081  0.15465834586943020  0.16559316402909913
  0.17713594853461517  0.18958885793789282  0.20186218788956622  0.21232884474117686
  0.22216927942813836  0.23217932858812387  0.24290726391145315  0.25316423238466762
  0.26200792008196933  0.27076188293699477  0.28000202376110384  0.29048032018439768
  0.30152449408499332  0.31264741451032668  0.32241748848678203  0.33212171943730046
  0.34165849936510484  0.35177844715809409  0.36283095088310552  0.37400792620916717
  0.38523334002594972  0.39620790540393902  0.40703816644864471  0.41743299076117824
  0.42744211315210751  0.43768838559253670  0.44827091002051483  0.45904478969307394
  0.47004951452196048  0.48142201611577268  0.49318493063731278  0.50530338886954040
  0.51747708508784873  0.52981783134139182  0.54091776625506349  0.55139486329433729
  0.56215554307874260  0.57421202318581965  0.58581299299622913  0.59671341416200852
  0.60817697761395473  0.61974350199085815  0.63126457680984782  0.64152350839667538
  0.65221209165130456  0.66237227211095262  0.67276934348364492  0.68196092958105092
  0.69121667973997791  0.69925530088268528  0.70728529688773756  0.71541988228686215
  0.72373094083032330  0.73246131158332783  0.74148876739078362  0.75035684386279644
  0.75935420160084777  0.76913333690146612  0.77901529003098013  0.78916630599009252
  0.79957311386113872  0.81049916375333975  0.82156460709561685  0.83197169067898136
  0.84152944294113519  0.85086033423339447  0.86064162589065885  0.87176339233302025
  0.88306120797726806  0.89427543224593931  0.90551220799424481  0.91704801150810711
  0.92846549412761692  0.93919779781690682  0.94941275657338353  0.95935824585577434
  0.96874265590364872  0.97835353926054469  0.98836333897119966  1.00000000000000000
 -0.00013079246545645  0.00013225679898988  0.00039530606343620  0.00053843931154946
  0.00069044723296507  0.00088432124898519  0.00108907933914569  0.00129361547829384
  0.00149032458729753  0.00172867786737523  0.00197651975784363  0.00221435541939299
  0.00245056984407408  0.00268520480170257  0.00292587470823894  0.00316780801814376
  0.00341079446136021  0.00365688184094519  0.00390431688264433  0.00415305763869184
  0.00440488584119146  0.00464006884210833  0.00484560599617996  0.00505111390237015
  0.00525659677473475  0.00546121781673362  0.00566549808379227  0.00591279230322192
  0.00616541593677133  0.00641785882057062  0.00670828529434262  0.00695282122664789
  0.00717924990191906  0.00740066710695142  0.00762045676943587  0.00783777311492944
  0.00809975042896306  0.00840109471822931  0.00877384454019768  0.00910639814709574
  0.00944656678569495  0.00979475119442097  0.01014507207779452  0.01046654521402343
  0.01077854234356092  0.01109156873087452  0.01140151803043834  0.01170842183054548
  0.01210735419200978  0.01246284811691742  0.01277803487942617  0.01306931609833045
  0.01334405208920781  0.01363448471661804  0.01394922197562051  0.01420766991366736
  0.01446412919667076  0.01475086058844537  0.01501971757611799  0.01525744391318870
  0.01547665725857498  0.01567993219241238  0.01588135481166246  0.01608040223212935
  0.01628209585947566  0.01648942258582249  0.01678400864158980  0.01744588076810866
  0.01824032866832884  0.01904682961798054  0.01992178201422730  0.02051094580565782
  0.02120632606559326  0.02344524386344591  0.02437965593164631  0.02572041942831037
  0.02625173003106922  0.02682469477695425  0.02734750314632212  0.02814702999318390
  0.02916950988126229  0.03020935308161237  0.03092913459053257  0.03158115865930088
  0.03281527526189067  0.03389906344435552  0.03463345012066284  0.03548352825158727
  0.03632044671104171  0.03936050591903609  0.04082237875032759  0.06140310611810533
  0.06642715845202349  0.06964620706917207  0.07087049192687145  1.00000000000000000
 -0.00209052300710393  0.01375995012350405  0.02723279374442043  0.03965351108861468
  0.05040202824429794  0.06077159475243524  0.07130087031653642  0.08272003123036852
  0.09409236949211812  0.10468087503191344  0.11383257097525804  0.12284755278975747
  0.13256380767038092  0.14391978593263130  0.15637785134615129  0.16813382402698251
  0.17826447393930578  0.18777579482388235  0.19763170796368926  0.20767376905457055
  0.21772995870430900  0.22728005426426731  0.23711187274363213  0.24764476594855059
  0.25869126592202751  0.27016402416767793  0.28148233516726018  0.29254615829797836
  0.30345801811688317  0.31360874195801375  0.32329971209576808  0.33287119233439288
  0.34250726175795432  0.35263877314256337  0.36265369320107876  0.37283640158873604
  0.38274640829078593  0.39093771982353687  0.39908505019064106  0.40731958090896037
  0.41650806071666302  0.42654444590136648  0.43577499489798210  0.44516484238583937
  0.45493510308053620  0.46516451733207898  0.47539876769105716  0.48481809784420077
  0.49414172123464362  0.50404743444061273  0.51326896874931527  0.52344168890964349
  0.53333177123796505  0.54431716465798652  0.55510774174836897  0.56449684016089585
  0.57432967375103350  0.58430847614252990  0.59499224750327140  0.60601103558258296
  0.61662092294053972  0.62688540477447585  0.63705025833880258  0.64656295145999232
  0.65646469520139428  0.66662415345408954  0.67714225574596576  0.68798789990826048
  0.69875591213380950  0.71005311808167260  0.72157628859750500  0.73331445339600909
  0.74520343842347780  0.75652199115607854  0.76788818450430107  0.77978189329509218
  0.79304916018038141  0.80511499667430941  0.81568661026070954  0.82619533346329010
  0.83740742107384480  0.85045281481151658  0.86383081863352340  0.87682845482429417
  0.88862910781319648  0.89971108686964929  0.90969331742589599  0.91866515519821634
  0.92723007605374397  0.93553082656730535  0.94499355339090163  0.95484470819210954
  0.96480512829726472  0.97514786580813495  0.98733460989392907  1.00000000000000000
  0.72204270183141694  0.72513001405240596  0.72786739813251644  0.73762053672596706
  0.74171435698770094  0.74627853614831452  0.75106852836012838  0.75537142645913224
  0.75890383199667810  0.76260078442107793  0.76591143415679641  0.76898714852708550
  0.77176054301723362  0.77361486276658142  0.77548055840034014  0.77736717586262105
  0.77925885753250301  0.78115405482741662  0.78416507956377035  0.78729970885117218
  0.79045243474995119  0.79389445828094107  0.79714808473857701  0.80002532253389635
  0.80293853894201539  0.80599446274452469  0.80925896563782784  0.81250478056872055
  0.81566880491045757  0.81842525614106743  0.82105637371925067  0.82363359583620865
  0.82647506560963047  0.82926786471546232  0.83192631224083757  0.83449376927300523
  0.83701270438075104  0.83954065607217743  0.84206291676820555  0.84460464574015426
  0.84716949134361952  0.84980265140307532  0.85235926728190181  0.85510482160671430
  0.85785595862169639  0.86052661881769055  0.86306987561518511  0.86558596529448917
  0.86810412245467883  0.87072676306294405  0.87332156630005309  0.87582358895164358
  0.87807927695219579  0.88029865037589461  0.88268018044037200  0.88529169032819255
  0.88804652664599482  0.89070393992873587  0.89318644517109946  0.89556933965595131
  0.89799009812747943  0.90051247598708706  0.90312074481625826  0.90573864664985404
  0.90837791757726327  0.91105506859852114  0.91358108697065488  0.91609406367912549
  0.91863996973122586  0.92129189087882057  0.92391196322503788  0.92644555094270920
  0.92891940508557236  0.93137938117718932  0.93393085709035761  0.93665574010896202
  0.93948821900398782  0.94230181502929355  0.94495856021228553  0.94748131069518904
  0.95000299170899927  0.95254676822939344  0.95509858833836192  0.95775694476022299
  0.96061723640675512  0.96371134793628455  0.96691570259700155  0.97000546536296717
  0.97303702524325419  0.97578480091052033  0.97835177686101726  0.98116438019234276
  0.98431335523659491  0.98842377230392109  0.99372249574905647  1.00000000000000000
 -0.01025634113027211  0.11810374830148931  0.15422857082727226  0.17738704791922072
  0.19555586705518901  0.20989620691014926  0.22182012081587774  0.23313323436743552
  0.24514994630426695  0.25611219572969757  0.26542011936778542  0.27405843335517138
  0.28245368187670894  0.29064490211486282  0.29854161586553235  0.30667201986006265
  0.31488250720383615  0.32198665975083607  0.32834358770049310  0.33455629919557311
  0.34063630260093408  0.34627399062952813  0.35202130314386154  0.35767652713050374
  0.36379481230652427  0.37030632175249895  0.37713171472130869  0.38363584667185135
  0.38993936470031443  0.39613613888376464  0.40209880881471860  0.40834132364553960
  0.41422295606662918  0.42005497889171661  0.42578865948026934  0.43192161297703663
  0.43818098610643996  0.44412295437199695  0.44974067307654592  0.45525896228478480
  0.46084983295796556  0.46644499637196063  0.47148722654873826  0.47605131303281145
  0.48032203394862993  0.48451277395741399  0.48923950218195400  0.49453957366358003
  0.50030085887369724  0.50636028632428365  0.51231689881374254  0.51834648796017557
  0.52424328898567951  0.52947459269263075  0.53425875261291877  0.53903365142928927
  0.54369832244343408  0.54846081681187087  0.55359679806158857  0.55893128179981899
  0.56460146430119429  0.57062729149916547  0.57612169870542951  0.58138305251472366
  0.58686599736868650  0.59263976795319617  0.59846985977696576  0.60308372440145519
  0.60782993709513333  0.61255786840401949  0.61795558597732969  0.62415134966338393
  0.63100355664348506  0.63824443163280098  0.64529154587404169  0.65220389327128847
  0.65926903337820586  0.66687980741140140  0.67430999377785006  0.68148271947853012
  0.68871834381310360  0.69597300661403594  0.70367308824231722  0.71189470786479914
  0.72135708179256497  0.73160281665750637  0.74138491933172368  0.75064066180327949
  0.76080697403435116  0.77199267180325348  0.78611546910309815  0.80206414789085290
  0.82103206758901925  0.84330273120965360  0.88143577772492099  1.00000000000000000
   9.6965290859899992E-006  0.18141469729699999     
  <DiscreteSampler_grid>
  Helicity
  1 # 1 for a reference and 2 for a running grid.
  80 # Attribute 'min_bin_probing_points' of the grid.
  1 # Attribute 'grid_mode' of the grid. 1=='default',2=='initialization'
  0.0300000000000000 # Attribute 'small_contrib_threshold' of the grid.
  0.3330000000000000 # Attribute 'damping_power' of the grid.
 # binID   n_entries weight   weight_sqr   abs_weight
    1   1896   3.155367449132036E-004   1.288158505163279E-006   3.155367449132036E-004
    2   222   3.885778606263471E-005   1.821900207080441E-008   3.885778606263471E-005
    3   348   5.857018239373530E-005   1.819628362546877E-007   5.857018239373530E-005
    4   82   2.316539561930000E-008   2.943278581150000E-015   2.316539561930000E-008
    5   548   1.084861693941743E-004   1.614983336674738E-007   1.084861693941743E-004
    6   248   5.272368714067307E-005   8.103670689625942E-008   5.272368714067307E-005
    7   218   4.286256343859235E-005   2.416451057186183E-008   4.286256343859235E-005
    8   86   4.382146816916296E-007   1.290290960535589E-012   4.382146816916296E-007
    9   84   4.859537033626387E-007   1.757401566238939E-012   4.859537033626387E-007
    10   268   4.874405777675384E-005   9.777971065558386E-008   4.874405777675384E-005
    11   174   3.809610090027551E-005   2.593833286098451E-008   3.809610090027551E-005
    12   631   1.216225702877341E-004   3.064823951594764E-007   1.216225702877341E-004
    13   82   2.315343371620000E-008   2.913937237380000E-015   2.315343371620000E-008
    14   206   3.780113812470671E-005   2.282461809795675E-008   3.780113812470671E-005
    15   263   5.144807624301252E-005   6.032716075559434E-008   5.144807624301252E-005
    16   1954   3.013738445072914E-004   1.259884298356916E-006   3.013738445072914E-004
  </DiscreteSampler_grid>
  <DiscreteSampler_grid>
  grouped_processes
  1 # 1 for a reference and 2 for a running grid.
  10 # Attribute 'min_bin_probing_points' of the grid.
  1 # Attribute 'grid_mode' of the grid. 1=='default',2=='initialization'
  0.0300000000000000 # Attribute 'small_contrib_threshold' of the grid.
  0.3330000000000000 # Attribute 'damping_power' of the grid.
 # binID   n_entries weight   weight_sqr   abs_weight
    10   10   1.524508347090000E+005   2.315539210550000E+011   1.524508347090000E+005
    16   10   1.524508347080000E+005   2.315539210550000E+011   1.524508347080000E+005
  </DiscreteSampler_grid>
