+0.0000044487274721 +0.0000046023579107 +0.0000047193906990 +0.0000048402341635 
+0.0000049752165650 +0.0000051386508703 +0.0000053347953195 +0.0000055437685003 
+0.0000057539184916 +0.0000059651981127 +0.0000061742928839 +0.0000063933082593 
+0.0000066275267184 +0.0000068509120774 +0.0000070805396793 +0.0000073487289526 
+0.0000076269533065 +0.0000079146131946 +0.0000082188643746 +0.0000085933668308 
+0.0000090357669886 +0.0000095256906539 +0.0000100677489543 +0.0000107279039591 
+0.0000114351841455 +0.0000121316858259 +0.0000128680477971 +0.0000135890927540 
+0.0000144293574858 +0.0000153516205335 +0.0000162927528363 +0.0000173044739347 
+0.0000183772499641 +0.0000195268203224 +0.0000207812077518 +0.0000221194122201 
+0.0000235199273853 +0.0000250928689647 +0.0000267538701078 +0.0000285040952839 
+0.0000304139423710 +0.0000324100203760 +0.0000345218322347 +0.0000368576363049 
+0.0000393611035847 +0.0000421356102457 +0.0000449558309344 +0.0000479237819769 
+0.0000510978448090 +0.0000545407727831 +0.0000581215320102 +0.0000626364844545 
+0.0000669166645046 +0.0000718504707304 +0.0000767301433888 +0.0000819199754467 
+0.0000875050643687 +0.0000932543667658 +0.0000992599489217 +0.0001055796716628 
+0.0001121481114023 +0.0001196342956916 +0.0001279598030892 +0.0001371676503028 
+0.0001483608218256 +0.0001600227072337 +0.0001724426798500 +0.0001852053988034 
+0.0001989025670212 +0.0002144128771658 +0.0002309628873771 +0.0002520358467634 
+0.0002734188095736 +0.0002991828086065 +0.0003255386103382 +0.0003557663257680 
+0.0003887872514601 +0.0004260396259622 +0.0004693603166506 +0.0005197632961625 
+0.0005769876292363 +0.0006438336838382 +0.0007269731430723 +0.0008341783859886 
+0.0009694499562206 +0.0011407972800074 +0.0013733071715119 +0.0017032604552304 
+0.0021451115903182 +0.0027986973968783 +0.0038354248687260 +0.0058106258975989 
+0.0101946552783524 +0.0276666150869753 +0.0276666150869853 +0.1448252924069452 
+0.0002468944685743 +0.0002519060012180 +0.0002552619852007 +0.0002585188294256 
+0.0002616495064935 +0.0002646410038060 +0.0002676324186293 +0.0002705756074874 
+0.0002734487261722 +0.0002774118559183 +0.0002818119282237 +0.0002865157131192 
+0.0002912964507437 +0.0002959720590735 +0.0003005753559319 +0.0003051269580142 
+0.0003097596712356 +0.0003149422810960 +0.0003209936489700 +0.0003272844569178 
+0.0003336682112208 +0.0003400342025610 +0.0003464890732104 +0.0003528751982472 
+0.0003598153478826 +0.0003673942713549 +0.0003754044632463 +0.0003837487899485 
+0.0003923992018600 +0.0004012674162486 +0.0004103964582735 +0.0004211778696320 
+0.0004315726745902 +0.0004420618429553 +0.0004526201539050 +0.0004632789485304 
+0.0004754773128298 +0.0004887181164990 +0.0005020423926053 +0.0005155105370685 
+0.0005292410487225 +0.0005434020144743 +0.0005596584834848 +0.0005764456874822 
+0.0005937987671540 +0.0006116570625310 +0.0006310631299819 +0.0006512603938211 
+0.0006719123726466 +0.0006940083748969 +0.0007182268285622 +0.0007441940064784 
+0.0007708476207352 +0.0007987107134554 +0.0008272090313240 +0.0008583556527299 
+0.0008892041406262 +0.0009242165200895 +0.0009615260265649 +0.0010003208967281 
+0.0010403458230999 +0.0010842664909067 +0.0011311631071508 +0.0011786433553759 
+0.0012311981465385 +0.0012884811619190 +0.0013466437604654 +0.0014092022047651 
+0.0014765292816834 +0.0015505311634877 +0.0016367319545517 +0.0017290367440186 
+0.0018197802491973 +0.0019080937850926 +0.0020052461626088 +0.0021253790501441 
+0.0022506743472658 +0.0023729359163898 +0.0025096304543168 +0.0026582527514778 
+0.0028365237253051 +0.0030366428721924 +0.0032729437031554 +0.0035521893701450 
+0.0038634051812558 +0.0041960175974216 +0.0045699045736538 +0.0050085458911605 
+0.0056261456166855 +0.0064291171517105 +0.0073925627234295 +0.0089134327472441 
+0.0111471909528982 +0.0149126920397221 +0.0149126920397321 +0.0406363089279577 
-0.0011985699588998 +0.0038701389370688 +0.0075325863038461 +0.0113596211583522 
+0.0154291073083654 +0.0195371130910073 +0.0234840932524623 +0.0274582735092609 
+0.0315103367866738 +0.0357335549082780 +0.0400868278941766 +0.0446662925342964 
+0.0494411500374681 +0.0542301022070521 +0.0589369845467664 +0.0639619726508680 
+0.0691322151390315 +0.0744313615540407 +0.0798173924502242 +0.0853560556571557 
+0.0910681230948378 +0.0967557033799521 +0.1024475558561081 +0.1082566434255244 
+0.1141897380382329 +0.1200749764497998 +0.1261425927090308 +0.1322500790772502 
+0.1384089209834389 +0.1446347092801515 +0.1509770531948650 +0.1574856690248760 
+0.1642679596633343 +0.1715382903800021 +0.1789527331330568 +0.1867849317166919 
+0.1940163835032414 +0.2016157648101273 +0.2092354491455465 +0.2166978403455782 
+0.2240533854649874 +0.2311659837955427 +0.2381633494898120 +0.2453356813574042 
+0.2526563661964649 +0.2602342527556267 +0.2679613620192994 +0.2762117068577023 
+0.2846051010167933 +0.2934416557845073 +0.3026619291530857 +0.3121789070905211 
+0.3221869797653272 +0.3326306601100566 +0.3429926803191266 +0.3532915713000844 
+0.3636988374432956 +0.3745228546136892 +0.3859435936184998 +0.3975416251372564 
+0.4093530621245359 +0.4209360988683934 +0.4323743185429593 +0.4437066685586633 
+0.4553796362622874 +0.4672202770489205 +0.4795910610679585 +0.4921798683594884 
+0.5047175193035873 +0.5173612474490995 +0.5308929744544939 +0.5448788136272612 
+0.5588910815894212 +0.5736676090427268 +0.5886053169972914 +0.6030153262200778 
+0.6177232705735820 +0.6331831962477954 +0.6491405127080577 +0.6658851432697300 
+0.6829489304525096 +0.6997154740801718 +0.7158393355284873 +0.7322258489421747 
+0.7498820076328018 +0.7681950792805211 +0.7874288907773399 +0.8074627533091441 
+0.8281797310219272 +0.8492063120412194 +0.8708516851489303 +0.8943894807765570 
+0.9177698266782496 +0.9433978992964722 +0.9718502150708193 +1.0000000000000000 
-0.0028373920707879 +0.0113573598582077 +0.0224190129351116 +0.0339274382329680 
+0.0450805009807632 +0.0568736724263715 +0.0683239642694137 +0.0801636042804532 
+0.0923795525372062 +0.1051501090975811 +0.1170034611369979 +0.1283337914154584 
+0.1392863226970512 +0.1506515207845572 +0.1620796455694731 +0.1731314545024170 
+0.1839001558585327 +0.1942603640148343 +0.2047318406705322 +0.2152145330226946 
+0.2256610386415930 +0.2363711204811912 +0.2475177076450588 +0.2585650631544505 
+0.2693884045400534 +0.2796472042460345 +0.2898954677195597 +0.2997759327838275 
+0.3095751130810925 +0.3194702433932601 +0.3296222112202180 +0.3399479452668857 
+0.3503704375327187 +0.3605130756610473 +0.3707465847992638 +0.3814555963901172 
+0.3929218427454709 +0.4045245342397087 +0.4159853835348378 +0.4268535881836926 
+0.4375681133494628 +0.4479836671137131 +0.4584410339647815 +0.4682473707555976 
+0.4784510398273737 +0.4884764257018447 +0.4987452741060182 +0.5084301901163329 
+0.5184421126846710 +0.5287867062169912 +0.5399065324251454 +0.5509497762060567 
+0.5620736142538749 +0.5716967145018983 +0.5811402694249916 +0.5902021983962600 
+0.5995157225282306 +0.6090962390204651 +0.6187244488888759 +0.6288311657998760 
+0.6392145916346216 +0.6492769489315062 +0.6598133572632142 +0.6706286466562141 
+0.6809108966811070 +0.6911637631014323 +0.7012284024585075 +0.7117040967179000 
+0.7221803869914725 +0.7328676007181648 +0.7442879205707441 +0.7550700201096384 
+0.7652792694333366 +0.7754834314911903 +0.7857074836117174 +0.7958751964910726 
+0.8057936822060234 +0.8155680016461000 +0.8254382177047997 +0.8349522198412542 
+0.8447807308370159 +0.8546508172016032 +0.8655490941291993 +0.8768360318805125 
+0.8881721766276485 +0.8989842701005512 +0.9094100462966755 +0.9200884994822485 
+0.9307687346746835 +0.9406968944300979 +0.9505759868723702 +0.9605261867384437 
+0.9707624075822562 +0.9805297288954630 +0.9901496644848361 +1.0000000000000000 
-0.0027637484400419 +0.0115220864539577 +0.0218977776784406 +0.0318682121361635 
+0.0419596345710875 +0.0521901532023012 +0.0621240640967567 +0.0712265275139383 
+0.0801605324662250 +0.0897178802740385 +0.0997136043991570 +0.1096863873693836 
+0.1195749925473127 +0.1297359319535551 +0.1401992330719458 +0.1506567677016503 
+0.1611884716121210 +0.1714358367880187 +0.1817922746189394 +0.1923185000254242 
+0.2034249992693838 +0.2141161220029643 +0.2244028457953992 +0.2347574184470841 
+0.2450146305545934 +0.2554706519997658 +0.2663888411830262 +0.2771863650777724 
+0.2879270631081021 +0.2982223703312640 +0.3084198789095819 +0.3186140371556700 
+0.3288242502175805 +0.3390424263013360 +0.3488553678530654 +0.3592462699867145 
+0.3705197739178561 +0.3815867368424726 +0.3921591278766814 +0.4024940056626099 
+0.4125559828346735 +0.4228615672931029 +0.4333895834757168 +0.4441627252744537 
+0.4550288438902910 +0.4660545656030009 +0.4770817486974625 +0.4875592383778283 
+0.4978591527648501 +0.5084260309793656 +0.5190103403438360 +0.5294456794426949 
+0.5402245013888404 +0.5516047974036025 +0.5630341219943468 +0.5737177363706328 
+0.5844076453435668 +0.5958429968982567 +0.6074340600216366 +0.6185035487244436 
+0.6290585038840899 +0.6393230781240316 +0.6493203921206270 +0.6592439855383722 
+0.6696711910253905 +0.6805003414650380 +0.6909646111112036 +0.7010543721563023 
+0.7117150798032876 +0.7234503672335773 +0.7345810426989574 +0.7455492108456527 
+0.7566689943317506 +0.7676891752600619 +0.7786094853712370 +0.7893244941194482 
+0.7999996431851993 +0.8103950462894777 +0.8211021742881703 +0.8320653658144072 
+0.8430024123436877 +0.8534273181338830 +0.8640543765409573 +0.8746984784833614 
+0.8854518816690428 +0.8958047250640055 +0.9062909784642281 +0.9167456580495336 
+0.9275589529050267 +0.9381907388196475 +0.9483072655249228 +0.9584859112381711 
+0.9683891859629532 +0.9787804664743102 +0.9891336638887421 +1.0000000000000000 
+0.7071019987596538 +0.7117196399829284 +0.7148935282454610 +0.7181220863409474 
+0.7218234892063170 +0.7255006538682580 +0.7292923916014281 +0.7332174808767643 
+0.7371107448860816 +0.7409824655690972 +0.7449622849139435 +0.7489376058613590 
+0.7528099582397791 +0.7566515466979508 +0.7604768740023568 +0.7642521393468417 
+0.7678559230353094 +0.7713541754179944 +0.7746433912230515 +0.7780138833081738 
+0.7813600244859195 +0.7846576017859350 +0.7878015298293060 +0.7908820019429893 
+0.7939768863933971 +0.7970820936098654 +0.8002854275609264 +0.8035841160043168 
+0.8069700722631378 +0.8101822441290839 +0.8132935188969334 +0.8164652098463847 
+0.8196723881814164 +0.8229200311898656 +0.8261315051182400 +0.8292617885961563 
+0.8322775612514485 +0.8352904423875231 +0.8383350220006099 +0.8413947767835713 
+0.8444214139684958 +0.8474622019875921 +0.8504563011633813 +0.8534457009968885 
+0.8564565626122370 +0.8595515954256387 +0.8625825699341643 +0.8656266978847088 
+0.8687076887754167 +0.8717842620800789 +0.8748290853371237 +0.8777249473180596 
+0.8806475969839757 +0.8835663448209179 +0.8864276063020078 +0.8892759466665616 
+0.8921175172176929 +0.8950708222927150 +0.8981183254779994 +0.9012032284384697 
+0.9042090842343833 +0.9070932469682987 +0.9099058326901263 +0.9127283838248366 
+0.9155880516578886 +0.9183964861582692 +0.9211146430652065 +0.9237680419714971 
+0.9263690945812877 +0.9289595537097566 +0.9315724816861852 +0.9341900250700435 
+0.9366924904534266 +0.9391549669449991 +0.9416077651787376 +0.9441666412948192 
+0.9468517583746496 +0.9494800444948074 +0.9519874929692030 +0.9543880912577550 
+0.9567462207965411 +0.9591904668233875 +0.9617000630828826 +0.9643078877431384 
+0.9669755466872861 +0.9696287431549604 +0.9722380827346607 +0.9747839090650000 
+0.9773243365843364 +0.9798569791177768 +0.9825129134052095 +0.9851034312936736 
+0.9878055258446308 +0.9907968643490467 +0.9945936524722593 +1.0000000000000000 
-0.0114097851744091 +0.0635179859143952 +0.0899395911860672 +0.1068527995037882 
+0.1207732808859551 +0.1324796791632679 +0.1425474445520746 +0.1516630823208643 
+0.1602694879923367 +0.1685637755932757 +0.1765816571088407 +0.1840739746267459 
+0.1909438003977453 +0.1974808474436893 +0.2039850998076528 +0.2104707717791247 
+0.2168623358627056 +0.2230253709141329 +0.2289075662075540 +0.2345518493606533 
+0.2401050817151514 +0.2457887406467398 +0.2516817921700882 +0.2576415676297736 
+0.2633033208096074 +0.2688614915711796 +0.2741720339529251 +0.2793520017185931 
+0.2846208101517335 +0.2899749992457899 +0.2951722030577291 +0.3001785448091480 
+0.3053468247549276 +0.3104940514345460 +0.3154501132309254 +0.3202995939325173 
+0.3249691694947211 +0.3296473010343617 +0.3344646176462689 +0.3392858091480613 
+0.3440211492472418 +0.3486487100783286 +0.3536439918772594 +0.3587526087213667 
+0.3637494043213089 +0.3683985154743404 +0.3728905407910956 +0.3780269062445296 
+0.3836056136771651 +0.3892165448198902 +0.3948700664967028 +0.4006983887946595 
+0.4066606088481923 +0.4125197603844584 +0.4184949787235921 +0.4244776800822404 
+0.4306446521809372 +0.4369475124479255 +0.4432703203290699 +0.4497062468459799 
+0.4563283698074639 +0.4629865904853216 +0.4696265992904634 +0.4763516701933598 
+0.4832340336429929 +0.4903199845041190 +0.4976090743283514 +0.5049680899235987 
+0.5125124597845192 +0.5199196998257427 +0.5274415744735448 +0.5352226756713458 
+0.5432661833290521 +0.5508108761762414 +0.5583162956857313 +0.5659317129211359 
+0.5739162974904630 +0.5820473990547271 +0.5904486998240331 +0.5992657601007774 
+0.6086735802888928 +0.6189603538493701 +0.6292486740743091 +0.6399296354456773 
+0.6509679570135023 +0.6625391306933862 +0.6746502746106824 +0.6876690434482513 
+0.7026273717765977 +0.7190854359551084 +0.7379074104362071 +0.7586919284430733 
+0.7818666095509069 +0.8098977931708874 +0.8573866247905735 +1.0000000000000000 
3.59972913827e-06 0.0294725320917 
  <DiscreteSampler_grid>
  Helicity
  1 # grid_type. 1=='ref', 2=='run'
  80 # Attribute 'min_bin_probing_points' of the grid.
  1 # Attribute 'grid_mode' of the grid. 1=='default',2=='initialization'
  0.030 # Attribute 'small_contrib_threshold' of the grid.
  0.333 # Attribute 'damping_power' of the grid.
#  binID   n_entries weight   weight_sqr   abs_weight
    12   2431 0.000101566694795 4.84265951703e-07 0.000101566694795
    5   2421 9.04149762199e-05 3.71162355207e-07 9.04149762199e-05
    10   1556 6.45777028277e-05 1.98852054709e-07 6.45777028277e-05
    15   1685 6.3586776842e-05 1.76750006617e-07 6.3586776842e-05
    7   1633 6.18109701697e-05 1.99124911493e-07 6.18109701697e-05
    4   1445 5.99237773495e-05 3.86321277222e-07 5.99237773495e-05
    13   1410 5.92456400871e-05 5.10125882868e-07 5.92456400871e-05
    2   1411 5.68102340504e-05 1.40674327105e-07 5.68102340504e-05
  </DiscreteSampler_grid>
  <DiscreteSampler_grid>
  grouped_processes
  1 # grid_type. 1=='ref', 2=='run'
  10 # Attribute 'min_bin_probing_points' of the grid.
  1 # Attribute 'grid_mode' of the grid. 1=='default',2=='initialization'
  0.030 # Attribute 'small_contrib_threshold' of the grid.
  0.333 # Attribute 'damping_power' of the grid.
#  binID   n_entries weight   weight_sqr   abs_weight
    17   10 358.406821591 793102.999894 358.406821591
    14   10 353.817601715 782172.462904 353.817601715
    16   10 352.012417751 754118.327704 352.012417751
    13   10 347.719557199 747592.745649 347.719557199
  </DiscreteSampler_grid>
