     
 Collinear #           4
 
 part:           1
 comp:           0
  0.99999999939067985        276.25004245990965        276.25004262823438     
  0.99999999994184108        276.25004261216799        276.25004262823438     
  0.99999999999421052        276.25004262663504        276.25004262823438     
  0.99999999999942157        276.25004262807460        276.25004262823438     
  0.99999999999994238        276.25004262821847        276.25004262823438     
  0.99999999999999423        276.25004262823279        276.25004262823438     
  0.99999999999999956        276.25004262823427        276.25004262823438     
   1.0000000000000000        276.25004262823438        276.25004262823438     
   1.0000000000000002        276.25004262823444        276.25004262823438     
   1.0000000000000000        276.25004262823438        276.25004262823438     
 comp:           1
   0.0000000000000000        0.0000000000000000     
   0.0000000000000000        0.0000000000000000     
   0.0000000000000000        0.0000000000000000     
   0.0000000000000000        0.0000000000000000     
   0.0000000000000000        0.0000000000000000     
   0.0000000000000000        0.0000000000000000     
   0.0000000000000000        0.0000000000000000     
   0.0000000000000000        0.0000000000000000     
   0.0000000000000000        0.0000000000000000     
   0.0000000000000000        0.0000000000000000     
 comp:           2
   0.0000000000000000        0.0000000000000000     
   0.0000000000000000        0.0000000000000000     
   0.0000000000000000        0.0000000000000000     
   0.0000000000000000        0.0000000000000000     
   0.0000000000000000        0.0000000000000000     
   0.0000000000000000        0.0000000000000000     
   0.0000000000000000        0.0000000000000000     
   0.0000000000000000        0.0000000000000000     
   0.0000000000000000        0.0000000000000000     
   0.0000000000000000        0.0000000000000000     
 comp:           3
  0.99999999939067985        276.25004245990965        276.25004262823438     
  0.99999999994184108        276.25004261216799        276.25004262823438     
  0.99999999999421052        276.25004262663504        276.25004262823438     
  0.99999999999942157        276.25004262807460        276.25004262823438     
  0.99999999999994238        276.25004262821847        276.25004262823438     
  0.99999999999999423        276.25004262823279        276.25004262823438     
  0.99999999999999956        276.25004262823427        276.25004262823438     
   1.0000000000000000        276.25004262823438        276.25004262823438     
   1.0000000000000002        276.25004262823444        276.25004262823438     
   1.0000000000000000        276.25004262823438        276.25004262823438     
 
 part:           2
 comp:           0
   1.0000000080895273        276.25000223473188        276.25000000000000     
   1.0000000007751366        276.25000021413149        276.25000000000000     
   1.0000000000771909        276.25000002132401        276.25000000000000     
   1.0000000000077158        276.25000000213151        276.25000000000000     
   1.0000000000007718        276.25000000021322        276.25000000000000     
   1.0000000000000770        276.25000000002126        276.25000000000000     
   1.0000000000000075        276.25000000000210        276.25000000000000     
   1.0000000000000009        276.25000000000023        276.25000000000000     
   1.0000000000000002        276.25000000000006        276.25000000000000     
   1.0000000000000000        276.25000000000000        276.25000000000000     
 comp:           1
   0.0000000000000000        0.0000000000000000     
   0.0000000000000000        0.0000000000000000     
   0.0000000000000000        0.0000000000000000     
   0.0000000000000000        0.0000000000000000     
   0.0000000000000000        0.0000000000000000     
   0.0000000000000000        0.0000000000000000     
   0.0000000000000000        0.0000000000000000     
   0.0000000000000000        0.0000000000000000     
   0.0000000000000000        0.0000000000000000     
   0.0000000000000000        0.0000000000000000     
 comp:           2
   0.0000000000000000        0.0000000000000000     
   0.0000000000000000        0.0000000000000000     
   0.0000000000000000        0.0000000000000000     
   0.0000000000000000        0.0000000000000000     
   0.0000000000000000        0.0000000000000000     
   0.0000000000000000        0.0000000000000000     
   0.0000000000000000        0.0000000000000000     
   0.0000000000000000        0.0000000000000000     
   0.0000000000000000        0.0000000000000000     
   0.0000000000000000        0.0000000000000000     
 comp:           3
   1.0000000080895273       -276.25000223473188       -276.25000000000000     
   1.0000000007751366       -276.25000021413149       -276.25000000000000     
   1.0000000000771909       -276.25000002132401       -276.25000000000000     
   1.0000000000077158       -276.25000000213151       -276.25000000000000     
   1.0000000000007718       -276.25000000021322       -276.25000000000000     
   1.0000000000000770       -276.25000000002126       -276.25000000000000     
   1.0000000000000075       -276.25000000000210       -276.25000000000000     
   1.0000000000000009       -276.25000000000023       -276.25000000000000     
   1.0000000000000002       -276.25000000000006       -276.25000000000000     
   1.0000000000000000       -276.25000000000000       -276.25000000000000     
 
 part:           3
 comp:           0
   1.0000000182745388        282.86516232398139        282.86515715475110     
   1.0000000056669744        282.86515875774074        282.86515715475110     
   1.0000000017886230        282.86515766069022        282.86515715475110     
   1.0000000005655041        282.86515731471252        282.86515715475110     
   1.0000000001788245        282.86515720533436        282.86515715475110     
   1.0000000000565492        282.86515717074690        282.86515715475110     
   1.0000000000178824        282.86515715980943        282.86515715475110     
   1.0000000000056548        282.86515715635068        282.86515715475110     
   1.0000000000017883        282.86515715525695        282.86515715475110     
   1.0000000000005655        282.86515715491106        282.86515715475110     
 comp:           1
   1.0000000283812929        225.25541746983549        225.25541107679572     
   1.0000000088011010        225.25541305929133        225.25541107679572     
   1.0000000027778229        225.25541170251537        225.25541107679572     
   1.0000000008782566        225.25541127462779        225.25541107679572     
   1.0000000002777238        225.25541113935452        225.25541107679572     
   1.0000000000878237        225.25541109657851        225.25541107679572     
   1.0000000000277725        225.25541108305160        225.25541107679572     
   1.0000000000087823        225.25541107877399        225.25541107679572     
   1.0000000000027773        225.25541107742131        225.25541107679572     
   1.0000000000008782        225.25541107699354        225.25541107679572     
 comp:           2
   1.0000026488384059       -2.8903307715189936       -2.8903231155201197     
   1.0000008214105780       -2.8903254896621009       -2.8903231155201197     
   1.0000002592554225       -2.8903238648520597       -2.8903231155201197     
   1.0000000819680817       -2.8903233524343608       -2.8903231155201197     
   1.0000000259200876       -2.8903231904375479       -2.8903231155201197     
   1.0000000081966358       -2.8903231392110453       -2.8903231155201197     
   1.0000000025920033       -2.8903231230118469       -2.8903231155201197     
   1.0000000008196634       -2.8903231178892117       -2.8903231155201197     
   1.0000000002592004       -2.8903231162692924       -2.8903231155201197     
   1.0000000000819664       -2.8903231157570288       -2.8903231155201197     
 comp:           3
   1.0000000000000000        116.78759756538244        116.78759756538244     
   1.0000000000000000        116.78759756538244        116.78759756538244     
   1.0000000000000000        116.78759756538244        116.78759756538244     
   1.0000000000000000        116.78759756538244        116.78759756538244     
   1.0000000000000000        116.78759756538244        116.78759756538244     
   1.0000000000000000        116.78759756538244        116.78759756538244     
   1.0000000000000000        116.78759756538244        116.78759756538244     
   1.0000000000000000        116.78759756538244        116.78759756538244     
   1.0000000000000000        116.78759756538244        116.78759756538244     
   1.0000000000000000        116.78759756538244        116.78759756538244     
 
 part:           4
 comp:           0
  0.99999998082877606        269.63483767601895        269.63484284524890     
  0.99999999405496143        269.63484124225937        269.63484284524890     
  0.99999999812361373        269.63484233930978        269.63484284524890     
  0.99999999940674800        269.63484268528748        269.63484284524890     
  0.99999999981240095        269.63484279466564        269.63484284524890     
  0.99999999994067612        269.63484282925310        269.63484284524890     
  0.99999999998124012        269.63484284019057        269.63484284524890     
  0.99999999999406763        269.63484284364932        269.63484284524890     
  0.99999999999812395        269.63484284474305        269.63484284524890     
  0.99999999999940681        269.63484284508894        269.63484284524890     
 comp:           1
  0.99999997294617216       -225.25540498277462       -225.25541107679572     
  0.99999999161054887       -225.25540918702646       -225.25541107679572     
  0.99999999735210288       -225.25541048034256       -225.25541107679572     
  0.99999999916282156       -225.25541088821674       -225.25541107679572     
  0.99999999973526610       -225.25541101716297       -225.25541107679572     
  0.99999999991628397       -225.25541105793823       -225.25541107679572     
  0.99999999997352662       -225.25541107083245       -225.25541107679572     
  0.99999999999162836       -225.25541107490997       -225.25541107679572     
  0.99999999999735267       -225.25541107619941       -225.25541107679572     
  0.99999999999916278       -225.25541107660715       -225.25541107679572     
 comp:           2
  0.99999747505447412        2.8903158176117008        2.8903231155201197     
  0.99999921700887595        2.8903208524227746        2.8903231155201197     
  0.99999975287060539        2.8903224012363178        2.8903231155201197     
  0.99999992186577147        2.8903228896869528        2.8903231155201197     
  0.99999997529225992        2.8903230441067675        2.8903231155201197     
  0.99999999218674163        2.8903230929372783        2.8903231155201197     
  0.99999999752923130        2.8903231083787997        2.8903231155201197     
  0.99999999921867433        2.8903231132618359        2.8903231155201197     
  0.99999999975292320        2.8903231148059878        2.8903231155201197     
  0.99999999992186750        2.8903231152942914        2.8903231155201197     
 comp:           3
   1.0000000000000000       -116.78759756538244       -116.78759756538244     
   1.0000000000000000       -116.78759756538244       -116.78759756538244     
   1.0000000000000000       -116.78759756538244       -116.78759756538244     
   1.0000000000000000       -116.78759756538244       -116.78759756538244     
   1.0000000000000000       -116.78759756538244       -116.78759756538244     
   1.0000000000000000       -116.78759756538244       -116.78759756538244     
   1.0000000000000000       -116.78759756538244       -116.78759756538244     
   1.0000000000000000       -116.78759756538244       -116.78759756538244     
   1.0000000000000000       -116.78759756538244       -116.78759756538244     
   1.0000000000000000       -116.78759756538244       -116.78759756538244     
 
 part:           5
 comp:           0
   1.0484750750227507        4.4694641267581343E-005   4.2628234406632436E-005
   1.0046463339522975        4.2826299419482467E-005   4.2628234406632436E-005
   1.0004627123897731        4.2647959018846541E-005   4.2628234406632436E-005
   1.0000462521155620        4.2630206052656413E-005   4.2628234406632436E-005
   1.0000046250204093        4.2628431563086583E-005   4.2628234406632436E-005
   1.0000004625001293        4.2628254122196362E-005   4.2628234406632436E-005
   1.0000000462499941        4.2628236378188025E-005   4.2628234406632436E-005
   1.0000000046249997        4.2628234603788008E-005   4.2628234406632436E-005
   1.0000000004624998        4.2628234426347989E-005   4.2628234406632436E-005
   1.0000000000462499        4.2628234408603983E-005   4.2628234406632436E-005
 comp:           1
  -1.2487060861324512E-005  -0.0000000000000000     
  -3.8722648578824805E-006  -0.0000000000000000     
  -1.2221728064901250E-006  -0.0000000000000000     
  -3.8641105166229477E-007  -0.0000000000000000     
  -1.2219156664272606E-007  -0.0000000000000000     
  -3.8640292246585784E-008  -0.0000000000000000     
  -1.2219130955250732E-008  -0.0000000000000000     
  -3.8640284203294333E-009  -0.0000000000000000     
  -1.2219130531426830E-009  -0.0000000000000000     
  -3.8640285635095042E-010  -0.0000000000000000     
 comp:           2
   1.4953907293183126E-005   0.0000000000000000     
   4.6372393265714779E-006   0.0000000000000000     
   1.4636157417242054E-006   0.0000000000000000     
   4.6274740771996498E-007   0.0000000000000000     
   1.4633078030744190E-007   0.0000000000000000     
   4.6273767258283100E-008   0.0000000000000000     
   1.4633047242848304E-008   0.0000000000000000     
   4.6273757626021666E-009   0.0000000000000000     
   1.4633046735297054E-009   0.0000000000000000     
   4.6273759340677769E-010   0.0000000000000000     
 comp:           3
  0.94362758202412667        4.0225177759088247E-005   4.2628234406632436E-005
  0.99459987214696621        4.2398036490687530E-005   4.2628234406632436E-005
  0.99946224983160503        4.2605311066401888E-005   4.2628234406632436E-005
  0.99994624750578054        4.2625943032708908E-005   4.2628234406632436E-005
  0.99999462497570235        4.2628005278836734E-005   4.2628234406632436E-005
  0.99999946249982097        4.2628211493948811E-005   4.2628234406632436E-005
  0.99999994625000499        4.2628232115365048E-005   4.2628234406632436E-005
  0.99999999462500100        4.2628234177505721E-005   4.2628234406632436E-005
  0.99999999946250007        4.2628234383719761E-005   4.2628234406632436E-005
  0.99999999994624977        4.2628234404341158E-005   4.2628234406632436E-005
 
 part: i_fks+j_fks
 comp:           0
   1.0000000068708834        276.25008715455090        276.25008525646876     
   1.0000000006588183        276.25008543846741        276.25008525646876     
   1.0000000000656117        276.25008527459403        276.25008525646876     
   1.0000000000065588        276.25008525828065        276.25008525646876     
   1.0000000000006561        276.25008525665004        276.25008525646876     
   1.0000000000000657        276.25008525648690        276.25008525646876     
   1.0000000000000069        276.25008525647064        276.25008525646876     
   1.0000000000000009        276.25008525646899        276.25008525646876     
   1.0000000000000004        276.25008525646888        276.25008525646876     
   1.0000000000000000        276.25008525646876        276.25008525646876     
 comp:           1
  -1.2487060861324512E-005   0.0000000000000000     
  -3.8722648578824805E-006   0.0000000000000000     
  -1.2221728064901250E-006   0.0000000000000000     
  -3.8641105166229477E-007   0.0000000000000000     
  -1.2219156664272606E-007   0.0000000000000000     
  -3.8640292246585784E-008   0.0000000000000000     
  -1.2219130955250732E-008   0.0000000000000000     
  -3.8640284203294333E-009   0.0000000000000000     
  -1.2219130531426830E-009   0.0000000000000000     
  -3.8640285635095042E-010   0.0000000000000000     
 comp:           2
   1.4953907293183126E-005   0.0000000000000000     
   4.6372393265714779E-006   0.0000000000000000     
   1.4636157417242054E-006   0.0000000000000000     
   4.6274740771996498E-007   0.0000000000000000     
   1.4633078030744190E-007   0.0000000000000000     
   4.6273767258283100E-008   0.0000000000000000     
   1.4633047242848304E-008   0.0000000000000000     
   4.6273757626021666E-009   0.0000000000000000     
   1.4633046735297054E-009   0.0000000000000000     
   4.6273759340677769E-010   0.0000000000000000     
 comp:           3
  0.99999999069183509        276.25008268508742        276.25008525646876     
  0.99999999910854587        276.25008501020449        276.25008525646876     
  0.99999999991123023        276.25008523194612        276.25008525646876     
  0.99999999999112710        276.25008525401762        276.25008525646876     
  0.99999999999911315        276.25008525622377        276.25008525646876     
  0.99999999999991129        276.25008525644427        276.25008525646876     
  0.99999999999999134        276.25008525646638        276.25008525646876     
  0.99999999999999922        276.25008525646854        276.25008525646876     
   1.0000000000000002        276.25008525646882        276.25008525646876     
   1.0000000000000000        276.25008525646876        276.25008525646876     
     
 Collinear #          83
 
 part:           1
 comp:           0
  0.99999999930497330        276.25004843229493        276.25004862429608     
  0.99999999993366062        276.25004860596982        276.25004862429608     
  0.99999999999339606        276.25004862247175        276.25004862429608     
  0.99999999999934008        276.25004862411379        276.25004862429608     
  0.99999999999993416        276.25004862427789        276.25004862429608     
  0.99999999999999345        276.25004862429427        276.25004862429608     
  0.99999999999999933        276.25004862429591        276.25004862429608     
   1.0000000000000002        276.25004862429614        276.25004862429608     
   1.0000000000000002        276.25004862429614        276.25004862429608     
   1.0000000000000000        276.25004862429608        276.25004862429608     
 comp:           1
   0.0000000000000000        0.0000000000000000     
   0.0000000000000000        0.0000000000000000     
   0.0000000000000000        0.0000000000000000     
   0.0000000000000000        0.0000000000000000     
   0.0000000000000000        0.0000000000000000     
   0.0000000000000000        0.0000000000000000     
   0.0000000000000000        0.0000000000000000     
   0.0000000000000000        0.0000000000000000     
   0.0000000000000000        0.0000000000000000     
   0.0000000000000000        0.0000000000000000     
 comp:           2
   0.0000000000000000        0.0000000000000000     
   0.0000000000000000        0.0000000000000000     
   0.0000000000000000        0.0000000000000000     
   0.0000000000000000        0.0000000000000000     
   0.0000000000000000        0.0000000000000000     
   0.0000000000000000        0.0000000000000000     
   0.0000000000000000        0.0000000000000000     
   0.0000000000000000        0.0000000000000000     
   0.0000000000000000        0.0000000000000000     
   0.0000000000000000        0.0000000000000000     
 comp:           3
  0.99999999930497330        276.25004843229493        276.25004862429608     
  0.99999999993366062        276.25004860596982        276.25004862429608     
  0.99999999999339606        276.25004862247175        276.25004862429608     
  0.99999999999934008        276.25004862411379        276.25004862429608     
  0.99999999999993416        276.25004862427789        276.25004862429608     
  0.99999999999999345        276.25004862429427        276.25004862429608     
  0.99999999999999933        276.25004862429591        276.25004862429608     
   1.0000000000000002        276.25004862429614        276.25004862429608     
   1.0000000000000002        276.25004862429614        276.25004862429608     
   1.0000000000000000        276.25004862429608        276.25004862429608     
 
 part:           2
 comp:           0
   1.0000000092273951        276.25000254906791        276.25000000000000     
   1.0000000008841670        276.25000024425111        276.25000000000000     
   1.0000000000880485        276.25000002432341        276.25000000000000     
   1.0000000000088014        276.25000000243136        276.25000000000000     
   1.0000000000008800        276.25000000024312        276.25000000000000     
   1.0000000000000882        276.25000000002433        276.25000000000000     
   1.0000000000000089        276.25000000000244        276.25000000000000     
   1.0000000000000011        276.25000000000028        276.25000000000000     
   1.0000000000000002        276.25000000000006        276.25000000000000     
   1.0000000000000000        276.25000000000000        276.25000000000000     
 comp:           1
   0.0000000000000000        0.0000000000000000     
   0.0000000000000000        0.0000000000000000     
   0.0000000000000000        0.0000000000000000     
   0.0000000000000000        0.0000000000000000     
   0.0000000000000000        0.0000000000000000     
   0.0000000000000000        0.0000000000000000     
   0.0000000000000000        0.0000000000000000     
   0.0000000000000000        0.0000000000000000     
   0.0000000000000000        0.0000000000000000     
   0.0000000000000000        0.0000000000000000     
 comp:           2
   0.0000000000000000        0.0000000000000000     
   0.0000000000000000        0.0000000000000000     
   0.0000000000000000        0.0000000000000000     
   0.0000000000000000        0.0000000000000000     
   0.0000000000000000        0.0000000000000000     
   0.0000000000000000        0.0000000000000000     
   0.0000000000000000        0.0000000000000000     
   0.0000000000000000        0.0000000000000000     
   0.0000000000000000        0.0000000000000000     
   0.0000000000000000        0.0000000000000000     
 comp:           3
   1.0000000092273951       -276.25000254906791       -276.25000000000000     
   1.0000000008841670       -276.25000024425111       -276.25000000000000     
   1.0000000000880485       -276.25000002432341       -276.25000000000000     
   1.0000000000088014       -276.25000000243136       -276.25000000000000     
   1.0000000000008800       -276.25000000024312       -276.25000000000000     
   1.0000000000000882       -276.25000000002433       -276.25000000000000     
   1.0000000000000089       -276.25000000000244       -276.25000000000000     
   1.0000000000000011       -276.25000000000028       -276.25000000000000     
   1.0000000000000002       -276.25000000000006       -276.25000000000000     
   1.0000000000000000       -276.25000000000000       -276.25000000000000     
 
 part:           3
 comp:           0
  0.99999998151087532        282.86515192482193        282.86515715475110     
  0.99999999426648178        282.86515553293856        282.86515715475110     
  0.99999999819037433        282.86515664287106        282.86515715475110     
  0.99999999942785545        282.86515699291135        282.86515715475110     
  0.99999999981907561        282.86515710357389        282.86515715475110     
  0.99999999994278688        282.86515713856750        282.86515715475110     
  0.99999999998190758        282.86515714963338        282.86515715475110     
  0.99999999999427858        282.86515715313271        282.86515715475110     
  0.99999999999819078        282.86515715423934        282.86515715475110     
  0.99999999999942790        282.86515715458927        282.86515715475110     
 comp:           1
  0.99999994530285152        156.75068395351988        156.75069252733579     
  0.99999998303829463        156.75068986857673        156.75069252733579     
  0.99999999464650902        156.75069168817237        156.75069252733579     
  0.99999999830740138        156.75069226201978        156.75069252733579     
  0.99999999946476348        156.75069244343709        156.75069252733579     
  0.99999999983074372        156.75069250080475        156.75069252733579     
  0.99999999994647637        156.75069251894593        156.75069252733579     
  0.99999999998307432        156.75069252468268        156.75069252733579     
  0.99999999999464773        156.75069252649681        156.75069252733579     
  0.99999999999830735        156.75069252707047        156.75069252733579     
 comp:           2
  0.99999958696532842       -18.106607137579932       -18.106614616239554     
  0.99999987191704454       -18.106612297090841       -18.106614616239554     
  0.99999995957417409       -18.106613884264704       -18.106614616239554     
  0.99999998721867656       -18.106614384813057       -18.106614616239554     
  0.99999999595826783       -18.106614543057468       -18.106614616239554     
  0.99999999872189449       -18.106614593097390       -18.106614616239554     
  0.99999999959582764       -18.106614608921362       -18.106614616239554     
  0.99999999987218946       -18.106614613925338       -18.106614616239554     
  0.99999999995958277       -18.106614615507734       -18.106614616239554     
  0.99999999998721900       -18.106614616008134       -18.106614616239554     
 comp:           3
   1.0000000000000000        198.71856488894460        198.71856488894460     
   1.0000000000000000        198.71856488894460        198.71856488894460     
   1.0000000000000000        198.71856488894460        198.71856488894460     
   1.0000000000000000        198.71856488894460        198.71856488894460     
   1.0000000000000000        198.71856488894460        198.71856488894460     
   1.0000000000000000        198.71856488894460        198.71856488894460     
   1.0000000000000000        198.71856488894460        198.71856488894460     
   1.0000000000000000        198.71856488894460        198.71856488894460     
   1.0000000000000000        198.71856488894460        198.71856488894460     
   1.0000000000000000        198.71856488894460        198.71856488894460     
 
 part:           4
 comp:           0
   1.0000000193963421        269.63484807517852        269.63484284524890     
   1.0000000060148477        269.63484446706144        269.63484284524890     
   1.0000000018984194        269.63484335712894        269.63484284524890     
   1.0000000006002183        269.63484300708865        269.63484284524890     
   1.0000000001898020        269.63484289642611        269.63484284524890     
   1.0000000000600204        269.63484286143250        269.63484284524890     
   1.0000000000189802        269.63484285036662        269.63484284524890     
   1.0000000000060021        269.63484284686729        269.63484284524890     
   1.0000000000018980        269.63484284576066        269.63484284524890     
   1.0000000000006002        269.63484284541073        269.63484284524890     
 comp:           1
   1.0000000521388264       -156.75070070013294       -156.75069252733579     
   1.0000000161683638       -156.75069506173801       -156.75069252733579     
   1.0000000051030948       -156.75069332724942       -156.75069252733579     
   1.0000000016134316       -156.75069278024230       -156.75069252733579     
   1.0000000005102021       -156.75069260731033       -156.75069252733579     
   1.0000000001613398       -156.75069255262591       -156.75069252733579     
   1.0000000000510201       -156.75069253533323       -156.75069252733579     
   1.0000000000161340       -156.75069252986481       -156.75069252733579     
   1.0000000000051019       -156.75069252813552       -156.75069252733579     
   1.0000000000016134       -156.75069252758868       -156.75069252733579     
 comp:           2
   1.0000003937160100        18.106621745103617        18.106614616239554     
   1.0000001220921937        18.106616826915854        18.106614616239554     
   1.0000000385350083        18.106615313978100        18.106614616239554     
   1.0000000121835089        18.106614836841654        18.106614616239554     
   1.0000000038526902        18.106614685998728        18.106614616239554     
   1.0000000012183252        18.106614638299298        18.106614616239554     
   1.0000000003852683        18.106614623215457        18.106614616239554     
   1.0000000001218325        18.106614618445530        18.106614616239554     
   1.0000000000385267        18.106614616937144        18.106614616239554     
   1.0000000000121834        18.106614616460153        18.106614616239554     
 comp:           3
   1.0000000000000000       -198.71856488894460       -198.71856488894460     
   1.0000000000000000       -198.71856488894460       -198.71856488894460     
   1.0000000000000000       -198.71856488894460       -198.71856488894460     
   1.0000000000000000       -198.71856488894460       -198.71856488894460     
   1.0000000000000000       -198.71856488894460       -198.71856488894460     
   1.0000000000000000       -198.71856488894460       -198.71856488894460     
   1.0000000000000000       -198.71856488894460       -198.71856488894460     
   1.0000000000000000       -198.71856488894460       -198.71856488894460     
   1.0000000000000000       -198.71856488894460       -198.71856488894460     
   1.0000000000000000       -198.71856488894460       -198.71856488894460     
 
 part:           5
 comp:           0
   1.0484750738591662        5.0981362441829782E-005   4.8624296097169523E-005
   1.0046463338356373        4.8850220809359852E-005   4.8624296097169523E-005
   1.0004627123781065        4.8646795160850394E-005   4.8624296097169523E-005
   1.0000462521143951        4.8626545073674996E-005   4.8624296097169523E-005
   1.0000046250202925        4.8624520985525683E-005   4.8624296097169523E-005
   1.0000004625001178        4.8624318585912189E-005   4.8624296097169523E-005
   1.0000000462499927        4.8624298346042865E-005   4.8624296097169523E-005
   1.0000000046249997        4.8624296322056879E-005   4.8624296097169523E-005
   1.0000000004624998        4.8624296119658254E-005   4.8624296097169523E-005
   1.0000000000462494        4.8624296099418375E-005   4.8624296097169523E-005
 comp:           1
   1.6746613033551313E-005   0.0000000000000000     
   5.1931612913316142E-006   0.0000000000000000     
   1.6390770628136337E-006   0.0000000000000000     
   5.1822253631497109E-007   0.0000000000000000     
   1.6387322078252967E-007   0.0000000000000000     
   5.1821163410894677E-008   0.0000000000000000     
   1.6387287599438816E-008   0.0000000000000000     
   5.1821152623897329E-009   0.0000000000000000     
   1.6387287031041249E-009   0.0000000000000000     
   5.1821154544109992E-010   0.0000000000000000     
 comp:           2
  -1.4607523684932596E-005  -0.0000000000000000     
  -4.5298250106346946E-006  -0.0000000000000000     
  -1.4297133974799050E-006  -0.0000000000000000     
  -4.5202859575966970E-007  -0.0000000000000000     
  -1.4294125917348920E-007  -0.0000000000000000     
  -4.5201908612136848E-008  -0.0000000000000000     
  -1.4294095842605249E-008  -0.0000000000000000     
  -4.5201899202991316E-009  -0.0000000000000000     
  -1.4294095346810613E-009  -0.0000000000000000     
  -4.5201900877930113E-010  -0.0000000000000000     
 comp:           3
  0.94362758301697502        4.5883227002073810E-005   4.8624296097169523E-005
  0.99459987224727131        4.8361718686358303E-005   4.8624296097169523E-005
  0.99946224984164267        4.8598148374243255E-005   4.8624296097169523E-005
  0.99994624750678440        4.8621682420023445E-005   4.8624296097169523E-005
  0.99999462497580272        4.8624034740401427E-005   4.8624296097169523E-005
  0.99999946249983118        4.8624269961602159E-005   4.8624296097169523E-005
  0.99999994625000599        4.8624293483613897E-005   4.8624296097169523E-005
  0.99999999462500144        4.8624295835814004E-005   4.8624296097169523E-005
  0.99999999946249984        4.8624296071033955E-005   4.8624296097169523E-005
  0.99999999994624955        4.8624296094555945E-005   4.8624296097169523E-005
 
 part: i_fks+j_fks
 comp:           0
   1.0000000078373374        276.25009941365738        276.25009724859217     
   1.0000000007514875        276.25009745619064        276.25009724859217     
   1.0000000000748406        276.25009726926692        276.25009724859217     
   1.0000000000074813        276.25009725065888        276.25009724859217     
   1.0000000000007481        276.25009724879885        276.25009724859217     
   1.0000000000000748        276.25009724861286        276.25009724859217     
   1.0000000000000075        276.25009724859427        276.25009724859217     
   1.0000000000000011        276.25009724859245        276.25009724859217     
   1.0000000000000004        276.25009724859228        276.25009724859217     
   1.0000000000000000        276.25009724859217        276.25009724859217     
 comp:           1
   1.6746613033551313E-005   0.0000000000000000     
   5.1931612913316142E-006   0.0000000000000000     
   1.6390770628136337E-006   0.0000000000000000     
   5.1822253631497109E-007   0.0000000000000000     
   1.6387322078252967E-007   0.0000000000000000     
   5.1821163410894677E-008   0.0000000000000000     
   1.6387287599438816E-008   0.0000000000000000     
   5.1821152623897329E-009   0.0000000000000000     
   1.6387287031041249E-009   0.0000000000000000     
   5.1821154544109992E-010   0.0000000000000000     
 comp:           2
  -1.4607523684932596E-005   0.0000000000000000     
  -4.5298250106346946E-006   0.0000000000000000     
  -1.4297133974799050E-006   0.0000000000000000     
  -4.5202859575966970E-007   0.0000000000000000     
  -1.4294125917348920E-007   0.0000000000000000     
  -4.5201908612136848E-008   0.0000000000000000     
  -1.4294095842605249E-008   0.0000000000000000     
  -4.5201899202991316E-009   0.0000000000000000     
  -1.4294095346810613E-009   0.0000000000000000     
  -4.5201900877930113E-010   0.0000000000000000     
 comp:           3
  0.99999998938255497        276.25009431552195        276.25009724859217     
  0.99999999898315461        276.25009696768853        276.25009724859217     
  0.99999999989874389        276.25009722062015        276.25009724859217     
  0.99999999998987887        276.25009724579621        276.25009724859217     
  0.99999999999898803        276.25009724831261        276.25009724859217     
  0.99999999999989875        276.25009724856420        276.25009724859217     
  0.99999999999998990        276.25009724858938        276.25009724859217     
  0.99999999999999933        276.25009724859200        276.25009724859217     
   1.0000000000000002        276.25009724859223        276.25009724859217     
   1.0000000000000000        276.25009724859217        276.25009724859217     
