     
 Soft #          15
 ME*wgt:
   1.0055330767137358        4.0654669194494414E-014   4.0430961582448623E-014
  0.99998217444609783        4.0430240878163619E-014   4.0430961582448623E-014
  0.99998580426213479        4.0430387635116362E-014   4.0430961582448623E-014
  0.99999836621006200        4.0430895526750403E-014   4.0430961582448623E-014
  0.99999972434498330        4.0430950437451232E-014   4.0430961582448623E-014
   1.0000001081108649        4.0430965953474852E-014   4.0430961582448623E-014
   1.0000041415454364        4.0431129029113053E-014   4.0430961582448623E-014
   1.0000233567145418        4.0431905916876958E-014   4.0430961582448623E-014
   1.0000000005000473        4.0430961602666017E-014   4.0430961582448623E-014
   1.0000000000500049        4.0430961584470366E-014   4.0430961582448623E-014
 wgt:
   1.1111111111111112        1.7728505366815595E-003   1.5955654830134035E-003
   1.0101010101010102        1.6116823060741451E-003   1.5955654830134035E-003
   1.0010010010010009        1.5971626456590623E-003   1.5955654830134035E-003
   1.0001000100010005        1.5957250555189558E-003   1.5955654830134035E-003
   1.0000100001000010        1.5955814388277918E-003   1.5955654830134035E-003
   1.0000010000010000        1.5955670785804822E-003   1.5955654830134035E-003
   1.0000001000000103        1.5955656425699681E-003   1.5955654830134035E-003
   1.0000000100000004        1.5955654989690590E-003   1.5955654830134035E-003
   1.0000000010000001        1.5955654846089690E-003   1.5955654830134035E-003
   1.0000000001000000        1.5955654831729599E-003   1.5955654830134035E-003
     
 Soft #          42
 ME*wgt:
  0.89942892317944212        2.5112377868142819E-012   2.7920358375147260E-012
  0.90054802346700591        2.5143623549229330E-012   2.7920358375147260E-012
  0.98454573250093880        2.7488869688148081E-012   2.7920358375147260E-012
  0.99998643468586468        2.7919979626715130E-012   2.7920358375147260E-012
   1.0000165525086668        2.7920820527121244E-012   2.7920358375147260E-012
   1.0000018335280572        2.7920409567907704E-012   2.7920358375147260E-012
   1.0000001938994807        2.7920363788890250E-012   2.7920358375147260E-012
   1.0000001246616264        2.7920361855744545E-012   2.7920358375147260E-012
   1.0000000005664045        2.7920358390961475E-012   2.7920358375147260E-012
   1.0000000000566407        2.7920358376728689E-012   2.7920358375147260E-012
 wgt:
   1.1111111111111112        4.2485144181552423E-004   3.8236629763397181E-004
   1.0101010101010102        3.8622858346865839E-004   3.8236629763397181E-004
   1.0010010010010009        3.8274904668065244E-004   3.8236629763397181E-004
   1.0001000100010002        3.8240453808778064E-004   3.8236629763397181E-004
   1.0000100001000012        3.8237012133518521E-004   3.8236629763397181E-004
   1.0000010000010000        3.8236668000065185E-004   3.8236629763397181E-004
   1.0000001000000101        3.8236633587060545E-004   3.8236629763397181E-004
   1.0000000100000004        3.8236630145763493E-004   3.8236629763397181E-004
   1.0000000010000001        3.8236629801633815E-004   3.8236629763397181E-004
   1.0000000001000002        3.8236629767220853E-004   3.8236629763397181E-004
     
 Soft #          66
 ME*wgt:
   1.0051743799530921        8.2879394995745968E-014   8.2452753122909535E-014
  0.99993903609390500        8.2447726481010875E-014   8.2452753122909535E-014
  0.99994523122922496        8.2448237286973979E-014   8.2452753122909535E-014
  0.99999161989356100        8.2452062160062174E-014   8.2452753122909535E-014
  0.99999914180890237        8.2452682362690831E-014   8.2452753122909535E-014
  0.99999881640932908        8.2452655532600147E-014   8.2452753122909535E-014
  0.99999709673056025        8.2452513740351173E-014   8.2452753122909535E-014
   1.0000779727451308        8.2459182190414114E-014   8.2452753122909535E-014
   1.0000000005000560        8.2452753164140530E-014   8.2452753122909535E-014
   1.0000000000500056        8.2452753127032639E-014   8.2452753122909535E-014
 wgt:
   1.1111111111111112        2.6103203859286449E-004   2.3492883473357805E-004
   1.0101010101010102        2.3730185326624047E-004   2.3492883473357805E-004
   1.0010010010010006        2.3516399873231027E-004   2.3492883473357805E-004
   1.0001000100009998        2.3495232996657462E-004   2.3492883473357805E-004
   1.0000100001000010        2.3493118404541849E-004   2.3492883473357805E-004
   1.0000010000009998        2.3492906966264768E-004   2.3492883473357805E-004
   1.0000001000000098        2.3492885822646385E-004   2.3492883473357805E-004
   1.0000000100000002        2.3492883708286643E-004   2.3492883473357805E-004
   1.0000000009999996        2.3492883496850682E-004   2.3492883473357805E-004
   1.0000000001000000        2.3492883475707092E-004   2.3492883473357805E-004
     
 Soft #          68
 ME*wgt:
   1.0011527331032901        3.9157515429388079E-014   3.9112429237455969E-014
   1.0003195188247700        3.9124926394879817E-014   3.9112429237455969E-014
  0.99999998264541190        3.9112428558675870E-014   3.9112429237455969E-014
  0.99999989082541507        3.9112424967372740E-014   3.9112429237455969E-014
  0.99999998808605484        3.9112428771472633E-014   3.9112429237455969E-014
  0.99999999875272372        3.9112429188671965E-014   3.9112429237455969E-014
  0.99999999710696885        3.9112429124302493E-014   3.9112429237455969E-014
   1.0000000276001166        3.9112430316963575E-014   3.9112429237455969E-014
   1.0000000004999101        3.9112429257008669E-014   3.9112429237455969E-014
   1.0000000000499911        3.9112429239411240E-014   3.9112429237455969E-014
 wgt:
   1.1111111111111112        1.7029500492427080E-003   1.5326550443184371E-003
   1.0101010101010102        1.5481364084024619E-003   1.5326550443184371E-003
   1.0010010010010009        1.5341892335519888E-003   1.5326550443184371E-003
   1.0001000100009998        1.5328083251509518E-003   1.5326550443184371E-003
   1.0000100001000010        1.5326703710221471E-003   1.5326550443184371E-003
   1.0000010000010000        1.5326565769750141E-003   1.5326550443184371E-003
   1.0000001000000098        1.5326551975839567E-003   1.5326550443184371E-003
   1.0000000100000002        1.5326550596449877E-003   1.5326550443184371E-003
   1.0000000009999996        1.5326550458510918E-003   1.5326550443184371E-003
   1.0000000001000000        1.5326550444717025E-003   1.5326550443184371E-003
     
 Soft #          90
 ME*wgt:
   1.0056915140076037        5.3424385350900124E-014   5.3122040513206712E-014
  0.99996769186502477        5.3120324239151650E-014   5.3122040513206712E-014
  0.99996999287168320        5.3120446473320582E-014   5.3122040513206712E-014
   1.0000055201652631        5.3122333755649465E-014   5.3122040513206712E-014
   1.0000005738777369        5.3122070998763102E-014   5.3122040513206712E-014
  0.99999956980110516        5.3122017660163589E-014   5.3122040513206712E-014
   1.0000004138378309        5.3122062497116729E-014   5.3122040513206712E-014
   1.0001217407807699        5.3128507631894884E-014   5.3122040513206712E-014
   1.0000000005000429        5.3122040539770006E-014   5.3122040513206712E-014
   1.0000000000500038        5.3122040515863015E-014   5.3122040513206712E-014
 wgt:
   1.1111111111111109        1.4633526610719580E-005   1.3170173949647625E-005
   1.0101010101010099        1.3303206009745075E-005   1.3170173949647625E-005
   1.0010010010010006        1.3183357306954576E-005   1.3170173949647625E-005
   1.0001000100010000        1.3171491098757500E-005   1.3170173949647625E-005
   1.0000100001000007        1.3170305652704150E-005   1.3170173949647625E-005
   1.0000010000010000        1.3170187119834744E-005   1.3170173949647625E-005
   1.0000001000000101        1.3170175266665152E-005   1.3170173949647625E-005
   1.0000000100000002        1.3170174081349368E-005   1.3170173949647625E-005
   1.0000000009999996        1.3170173962817795E-005   1.3170173949647625E-005
   1.0000000000999998        1.3170173950964640E-005   1.3170173949647625E-005
     
 Soft #          61
 ME*wgt:
   1.0052254999313934        6.5723579079407173E-013   6.5381925830465698E-013
  0.99978831961390846        6.5368085759162494E-013   6.5381925830465698E-013
  0.99987082895425428        6.5373480378733310E-013   6.5381925830465698E-013
  0.99998831710283698        6.5381161980149897E-013   6.5381925830465698E-013
  0.99999887810473087        6.5381852478792419E-013   6.5381925830465698E-013
  0.99999944816156328        6.5381889750205956E-013   6.5381925830465698E-013
  0.99999774639939587        6.5381778485718144E-013   6.5381925830465698E-013
  0.99998355065708489        6.5380850340747265E-013   6.5381925830465698E-013
   1.0000000005001461        6.5381925863166211E-013   6.5381925830465698E-013
   1.0000000000500151        6.5381925833735777E-013   6.5381925830465698E-013
 wgt:
   1.1111111111111112        3.3636746769755348E-005   3.0273072092779815E-005
   1.0101010101010099        3.0578860699777588E-005   3.0273072092779815E-005
   1.0010010010010009        3.0303375468248060E-005   3.0273072092779815E-005
   1.0001000100010000        3.0276099702750087E-005   3.0273072092779815E-005
   1.0000100001000010        3.0273374826528081E-005   3.0273072092779815E-005
   1.0000010000009998        3.0273102365882175E-005   3.0273072092779815E-005
   1.0000001000000103        3.0273075120087332E-005   3.0273072092779815E-005
   1.0000000100000004        3.0273072395510546E-005   3.0273072092779815E-005
   1.0000000009999996        3.0273072123052877E-005   3.0273072092779815E-005
   1.0000000001000000        3.0273072095807124E-005   3.0273072092779815E-005
