+0.0000819433248115 +0.0002310400481031 +0.0003336761927915 +0.0004240853564000 
+0.0005027336292626 +0.0005708972120215 +0.0006279490533012 +0.0006745716946951 
+0.0007102276158390 +0.0007412738347781 +0.0007708235204398 +0.0008012876899635 
+0.0008328996057242 +0.0008654972994506 +0.0008973637709738 +0.0009287539734724 
+0.0009619842906093 +0.0009952633145604 +0.0010278363511281 +0.0010596674545559 
+0.0010912430700524 +0.0011229272147878 +0.0011551572250954 +0.0011872126759723 
+0.0012189254939297 +0.0012536591949475 +0.0012913195076692 +0.0013300034027017 
+0.0013696662776177 +0.0014117561274330 +0.0014549877892320 +0.0014986369495383 
+0.0015429885955558 +0.0015885641812274 +0.0016347938685385 +0.0016817264799769 
+0.0017296726488667 +0.0017800448029169 +0.0018315928111602 +0.0018832216308074 
+0.0019360801129558 +0.0019906253118453 +0.0020479500331802 +0.0021077903014929 
+0.0021720033861250 +0.0022409388957164 +0.0023079202932301 +0.0023765569680691 
+0.0024488628272170 +0.0025226136251852 +0.0025998216214480 +0.0026820893298255 
+0.0027696053074457 +0.0028634059731932 +0.0029655415294769 +0.0030772138307652 
+0.0031967520468587 +0.0033223893331594 +0.0034471428487718 +0.0035723232058841 
+0.0037034271578101 +0.0038430184329986 +0.0039935281870731 +0.0041482733776182 
+0.0042993835497009 +0.0044565906211871 +0.0046467299875871 +0.0048557844227346 
+0.0050943573219698 +0.0053367044097124 +0.0055773664913940 +0.0058271381322151 
+0.0060937761133792 +0.0063835079511778 +0.0067258660845389 +0.0071229758702601 
+0.0075666808737493 +0.0080753508756189 +0.0086908116955970 +0.0094386584332940 
+0.0102353962082021 +0.0109141045133392 +0.0115483130209880 +0.0122389670863007 
+0.0131490059384549 +0.0144413521723826 +0.0159870448143925 +0.0176941325810863 
+0.0195244544880503 +0.0218613379939514 +0.0253340051746515 +0.0293165851450157 
+0.0343525776383699 +0.0573288998179923 +0.0573288998180023 +0.1431783394838147 
+0.0000028553333870 +0.0000033627041116 +0.0000039136045166 +0.0000044069740286 
+0.0000048845341992 +0.0000053931400476 +0.0000058994192530 +0.0000063855285377 
+0.0000068920926151 +0.0000074312589001 +0.0000079987795041 +0.0000085677296940 
+0.0000091666674803 +0.0000098274171477 +0.0000105247784679 +0.0000112348399203 
+0.0000119440943004 +0.0000126607617774 +0.0000134048617553 +0.0000141903325675 
+0.0000150240893599 +0.0000158891344080 +0.0000167822615256 +0.0000177128102533 
+0.0000186749506588 +0.0000196630155828 +0.0000206861570205 +0.0000217481755749 
+0.0000228607912203 +0.0000240592654325 +0.0000252572111891 +0.0000265417481147 
+0.0000279982082502 +0.0000294742876870 +0.0000309979470732 +0.0000326358607364 
+0.0000342985702842 +0.0000360818375905 +0.0000379961264313 +0.0000399440935430 
+0.0000419198465947 +0.0000439548685736 +0.0000460993544893 +0.0000483797675462 
+0.0000507921847673 +0.0000533632066725 +0.0000561289307556 +0.0000591573342984 
+0.0000623065229911 +0.0000654295790010 +0.0000688412563702 +0.0000722996561274 
+0.0000761334388384 +0.0000804908359599 +0.0000852226561954 +0.0000902859373611 
+0.0000957084799137 +0.0001016590690759 +0.0001081817536548 +0.0001151885843655 
+0.0001232055343362 +0.0001320259045892 +0.0001413714509511 +0.0001513501666975 
+0.0001624993018274 +0.0001751605702686 +0.0001889032948735 +0.0002041191483170 
+0.0002221390313089 +0.0002445102502891 +0.0002708383704009 +0.0003012219219083 
+0.0003364066574387 +0.0003775047666870 +0.0004273239972303 +0.0004883679072207 
+0.0005603984878707 +0.0006445672385831 +0.0007453606092650 +0.0008668120859872 
+0.0010149863735752 +0.0011941180269934 +0.0014111229210124 +0.0016904110440908 
+0.0020733050597334 +0.0025880740011932 +0.0032552968594673 +0.0040913767455328 
+0.0052451674139946 +0.0067773214066917 +0.0085838229009876 +0.0104338637039106 
+0.0129900190647238 +0.0267602140294752 +0.0267602140294852 +0.0708544721970812 
+0.0008204438701236 +0.0112265524382389 +0.0187316246413914 +0.0264046823526854 
+0.0349145036863756 +0.0432007231461730 +0.0508147464515368 +0.0618198419877610 
+0.0728162424713598 +0.0838552688169618 +0.0940893694895471 +0.1033077535708557 
+0.1121359212155266 +0.1211987882987357 +0.1317305794492565 +0.1429623868018099 
+0.1529640307229099 +0.1618893707405477 +0.1703946057246528 +0.1791421883188098 
+0.1884783495798651 +0.1979312719565323 +0.2075189938980848 +0.2175538729271942 
+0.2275677503535183 +0.2361160351738552 +0.2446459998013888 +0.2535321680178644 
+0.2624184778175117 +0.2711791884298553 +0.2797158203874490 +0.2880568317937491 
+0.2967148088239211 +0.3059894567255115 +0.3158873773424924 +0.3256173674452444 
+0.3355679780986260 +0.3462843451174951 +0.3568744914208171 +0.3672199066558160 
+0.3774895796361785 +0.3878320930474798 +0.3983509818126894 +0.4089971453402893 
+0.4198940520867098 +0.4308558069787226 +0.4417820579349866 +0.4527286545351700 
+0.4638082832745540 +0.4749639617530676 +0.4861133912594270 +0.4973681403326637 
+0.5085667896400505 +0.5195890340707275 +0.5303457530865212 +0.5409935850892688 
+0.5516589931134576 +0.5619214762877801 +0.5718771634945327 +0.5818986598839372 
+0.5924729259387905 +0.6033641907445184 +0.6143027517596357 +0.6252443616721164 
+0.6363139903955460 +0.6476596620850105 +0.6587334804692963 +0.6697849641611495 
+0.6808326685134520 +0.6919563535061712 +0.7027350361414695 +0.7136884685001222 
+0.7246981373843513 +0.7357906258078802 +0.7468577206428484 +0.7576652880973898 
+0.7685133994597212 +0.7792046949418249 +0.7899578402907510 +0.8004317919769192 
+0.8110799447337435 +0.8214977631583634 +0.8318541571992665 +0.8421472533986715 
+0.8526320777450168 +0.8627053246511494 +0.8728218707826830 +0.8841738822631652 
+0.8969603074686008 +0.9102760304508590 +0.9233781607057113 +0.9358760426958366 
+0.9480079173297028 +0.9611192624123854 +0.9770596511583529 +1.0000000000000000 
-0.0024388722750767 +0.0103874499307720 +0.0207477157822728 +0.0314056701777133 
+0.0417731054308885 +0.0519705124901582 +0.0618633467257482 +0.0715877257579061 
+0.0816015788599965 +0.0919061754860509 +0.1022308163234590 +0.1128784044886919 
+0.1235046925758963 +0.1344484198442492 +0.1449149174158509 +0.1554246647882657 
+0.1658393970134829 +0.1762784026195444 +0.1870015162157542 +0.1980802342653856 
+0.2094519621716747 +0.2205926126889331 +0.2316154293923480 +0.2421036403651917 
+0.2528603364068152 +0.2639111089935204 +0.2751220509641945 +0.2860567577925461 
+0.2967131549819902 +0.3071752499841695 +0.3170993707655956 +0.3265783645754256 
+0.3360659627949886 +0.3456537398897408 +0.3548068097353398 +0.3638942907129284 
+0.3732045935663605 +0.3834918651354299 +0.3941231462738167 +0.4041822289729947 
+0.4139613325108682 +0.4235965591715506 +0.4334509081353387 +0.4435819453061540 
+0.4536081934685095 +0.4638756498898737 +0.4746107735544706 +0.4854801855346983 
+0.4960749148763359 +0.5066555640627188 +0.5174996437305713 +0.5281701126044890 
+0.5385805335701593 +0.5493499807279278 +0.5606553629015399 +0.5721433661758781 
+0.5835022732319050 +0.5946623394682563 +0.6060359661210403 +0.6175508092322208 
+0.6288500286297959 +0.6399000934817664 +0.6507615792304179 +0.6616273331830222 
+0.6726007819895661 +0.6836459624378012 +0.6946028186248008 +0.7054836384299102 
+0.7162996990923567 +0.7272146632818699 +0.7384624106661952 +0.7498086759727689 
+0.7612717702559123 +0.7718949334803548 +0.7820055788522973 +0.7918952907838498 
+0.8021077730978351 +0.8128005351321963 +0.8236360236529491 +0.8343381132906541 
+0.8452799027700634 +0.8562565640979205 +0.8673672077542131 +0.8783222641314367 
+0.8891018060705388 +0.8992160135013002 +0.9087170878587242 +0.9185932875835328 
+0.9284608851542667 +0.9375443113190054 +0.9464708314631041 +0.9557995458349209 
+0.9662427297844146 +0.9778627375304565 +0.9886788154221572 +1.0000000000000000 
-0.0029148183827841 +0.0111141924447005 +0.0218483129837671 +0.0328675504652035 
+0.0438347107463360 +0.0546069907359246 +0.0652604051516723 +0.0758798947760969 
+0.0864886050754675 +0.0971790845950106 +0.1081016828060149 +0.1191048753159108 
+0.1299692923849286 +0.1406695483193215 +0.1515284798479822 +0.1627010493037276 
+0.1737986317613907 +0.1846254132536531 +0.1950779805386064 +0.2054493487783272 
+0.2161359429263665 +0.2269036464234583 +0.2376571713101934 +0.2483710258802112 
+0.2592112798899930 +0.2703562400719528 +0.2816238569534265 +0.2927900769029529 
+0.3036077483204022 +0.3137252777964997 +0.3233261529538912 +0.3330590840127328 
+0.3431547464517005 +0.3534633847145083 +0.3637888814368924 +0.3746171486651858 
+0.3859124853555663 +0.3970894006585424 +0.4078112594595362 +0.4183271269442904 
+0.4288156983745435 +0.4392513362818129 +0.4498273249932316 +0.4602345154418295 
+0.4700365339838720 +0.4797136480413165 +0.4900762369215938 +0.5003360888069766 
+0.5096213540910456 +0.5193071320615006 +0.5292335349074926 +0.5391037759109475 
+0.5486727849049449 +0.5580358625766033 +0.5676686690652217 +0.5776731345214086 
+0.5879788780758307 +0.5985258816489050 +0.6093608911750128 +0.6202995945520410 
+0.6314431069681372 +0.6424374950152952 +0.6531809952506802 +0.6636368478381868 
+0.6736725011241420 +0.6840047141891656 +0.6942658934569057 +0.7046883858744363 
+0.7154090128899084 +0.7265510449333226 +0.7373435785179487 +0.7473605095402817 
+0.7566127241151361 +0.7659581703677388 +0.7758061713469688 +0.7856493037797829 
+0.7952976543054382 +0.8049165609807438 +0.8150849176399506 +0.8261126966476443 
+0.8371792820257271 +0.8477101650346315 +0.8579741229292605 +0.8683496009246598 
+0.8788775472255561 +0.8892111058037960 +0.8993851723580379 +0.9094848594803103 
+0.9195448759921405 +0.9297400661672979 +0.9405532331578399 +0.9520096587917863 
+0.9635979525596720 +0.9752866606375015 +0.9870747585309161 +1.0000000000000000 
+0.7241487910436963 +0.7257223121536761 +0.7265412681296817 +0.7275940283984704 
+0.7285396800238892 +0.7296542106975594 +0.7313122653604652 +0.7331837764421768 
+0.7350520521248657 +0.7369026045153620 +0.7386358070885217 +0.7402502523508270 
+0.7418120663654060 +0.7433618605405655 +0.7450137309091378 +0.7468180973571719 
+0.7486208868066555 +0.7504320332922666 +0.7523755318016208 +0.7543162146359939 
+0.7562221294959977 +0.7581430309671260 +0.7600603105538777 +0.7620059174682097 
+0.7639786836170444 +0.7660233513055176 +0.7680940531145170 +0.7701687831886600 
+0.7722183399614804 +0.7743022979278993 +0.7764689130338444 +0.7786588365717035 
+0.7807962667903595 +0.7828409826864737 +0.7848506565404518 +0.7868982854223490 
+0.7890164612224037 +0.7912147468708736 +0.7934136627255028 +0.7956385570632637 
+0.7978725074576277 +0.8001156074832163 +0.8023518011515597 +0.8046712733702978 
+0.8070291947463347 +0.8094617491612434 +0.8118573313192474 +0.8141544833478838 
+0.8164022090534490 +0.8185917208557221 +0.8207691842305396 +0.8229454535229193 
+0.8251735908504223 +0.8274775665403714 +0.8298392415684029 +0.8322279429483113 
+0.8346802445002550 +0.8371482727233489 +0.8395886550807214 +0.8420290405785763 
+0.8444746299837366 +0.8469371372430475 +0.8494255610108288 +0.8519432231443277 
+0.8545397157655965 +0.8572308474418305 +0.8600149497276980 +0.8628396066058563 
+0.8656267205721487 +0.8683910718628979 +0.8711299746119459 +0.8739462568115987 
+0.8769871986710481 +0.8802178578775182 +0.8833293571756994 +0.8864352813457729 
+0.8897024576024105 +0.8931964849616432 +0.8968667250570300 +0.9006600306507740 
+0.9044300725091056 +0.9082632863508561 +0.9121173893291786 +0.9161313265212451 
+0.9202809519207475 +0.9245166060581504 +0.9288023885194332 +0.9331586930411855 
+0.9379206430729172 +0.9432200515202992 +0.9491341128362485 +0.9555082998111636 
+0.9627576395942730 +0.9712143489139934 +0.9820890057076886 +1.0000000000000000 
-0.0312406886639604 +0.1648314353357945 +0.2163787122844498 +0.2484322119908149 
+0.2728031648914249 +0.2930557009300750 +0.3113925222807832 +0.3277238841202486 
+0.3423871161259205 +0.3556664673158125 +0.3671955892993112 +0.3779466308208827 
+0.3882698031207578 +0.3984925158507210 +0.4081092462390777 +0.4178495197127330 
+0.4273477461646952 +0.4365421132874894 +0.4451181202582404 +0.4533827447613060 
+0.4614642816578060 +0.4692088349299994 +0.4768485468540374 +0.4843379356259468 
+0.4919288643148036 +0.4990057014499152 +0.5055361421380579 +0.5117897747883458 
+0.5181490791261677 +0.5245981917876531 +0.5310913787908100 +0.5373206855373428 
+0.5435321335268473 +0.5497849559584831 +0.5558246149823319 +0.5617280067754344 
+0.5674870499001511 +0.5732225756294921 +0.5789441600846459 +0.5846374341124584 
+0.5902912561308966 +0.5959377991757406 +0.6016509264992698 +0.6072283459720235 
+0.6124731578874556 +0.6175217610545934 +0.6224321182340280 +0.6273451859434673 
+0.6320052459228779 +0.6367998534107370 +0.6415738296700693 +0.6465217759037225 
+0.6515584048063683 +0.6564959681722663 +0.6612859530125393 +0.6661025420856298 
+0.6708842726646170 +0.6756155195332276 +0.6804336913821298 +0.6854571432216316 
+0.6905105053044704 +0.6952243986350719 +0.6997521051556068 +0.7042562622586568 
+0.7087689562345083 +0.7133173180017510 +0.7180030547950991 +0.7226840734374091 
+0.7275200318734490 +0.7324343074310793 +0.7374234500014444 +0.7424059805124009 
+0.7470005014093462 +0.7517341431947290 +0.7565627914848354 +0.7615116300730785 
+0.7666310117066565 +0.7717419953611189 +0.7769566898164518 +0.7822661858277625 
+0.7875161002400052 +0.7930140918277675 +0.7988762043635321 +0.8049772859301296 
+0.8113215094806329 +0.8179229959874356 +0.8247064456168417 +0.8319064330068094 
+0.8399428297695556 +0.8490418846051594 +0.8595237586678709 +0.8711436238602827 
+0.8845433277903829 +0.9017654517587615 +0.9291841720235576 +1.0000000000000000 
2.49357989918e-08 0.00239324581395 
  <DiscreteSampler_grid>
  Helicity
  1 # grid_type. 1=='ref', 2=='run'
  80 # Attribute 'min_bin_probing_points' of the grid.
  1 # Attribute 'grid_mode' of the grid. 1=='default',2=='initialization'
  0.030 # Attribute 'small_contrib_threshold' of the grid.
  0.333 # Attribute 'damping_power' of the grid.
#  binID   n_entries weight   weight_sqr   abs_weight
    4   5692 7.4115958343e-07 2.34201564545e-11 7.4115958343e-07
    13   5466 6.77656204954e-07 1.84963147136e-11 6.77656204954e-07
    14   3600 4.50224513723e-07 1.06081621167e-11 4.50224513723e-07
    3   3293 4.07990926644e-07 9.20092890795e-12 4.07990926644e-07
    15   3180 4.03987976615e-07 5.86841084021e-12 4.03987976615e-07
    2   2984 3.98010884758e-07 6.52998706256e-12 3.98010884758e-07
    16   3046 3.84427967493e-07 1.22671281466e-11 3.84427967493e-07
    1   2771 3.63146662789e-07 8.01993050865e-12 3.63146662789e-07
  </DiscreteSampler_grid>
  <DiscreteSampler_grid>
  grouped_processes
  1 # grid_type. 1=='ref', 2=='run'
  10 # Attribute 'min_bin_probing_points' of the grid.
  1 # Attribute 'grid_mode' of the grid. 1=='default',2=='initialization'
  0.030 # Attribute 'small_contrib_threshold' of the grid.
  0.333 # Attribute 'damping_power' of the grid.
#  binID   n_entries weight   weight_sqr   abs_weight
    10   10 36.197395207 5982.04849827 36.197395207
    11   10 36.197395207 5982.04849827 36.197395207
    16   10 33.4248501236 5904.21120249 33.4248501236
    17   10 33.4248501236 5904.21120249 33.4248501236
  </DiscreteSampler_grid>
