+0.0002466448197373 +0.0002494519423857 +0.0002514183140718 +0.0002545857042226 
+0.0002597025965389 +0.0002656735989612 +0.0002712266950325 +0.0002766310071407 
+0.0002820848880287 +0.0002875265125783 +0.0002930712680242 +0.0002988476648242 
+0.0003048731582816 +0.0003110332760190 +0.0003172682947132 +0.0003235701597227 
+0.0003300036666793 +0.0003366698444407 +0.0003435660843413 +0.0003508528287224 
+0.0003583890520007 +0.0003659971668479 +0.0003736752414916 +0.0003814544102537 
+0.0003893525911214 +0.0003975815486164 +0.0004063126604030 +0.0004153849888432 
+0.0004245971346111 +0.0004339701320304 +0.0004435340911076 +0.0004533563910823 
+0.0004637133577384 +0.0004747912454622 +0.0004863244582862 +0.0004979342535415 
+0.0005097376379930 +0.0005217804629916 +0.0005341265767717 +0.0005474630822877 
+0.0005616734920402 +0.0005757363097102 +0.0005900360391935 +0.0006043091327051 
+0.0006192287915766 +0.0006354076930885 +0.0006528110731654 +0.0006706937553609 
+0.0006888631901183 +0.0007072619804774 +0.0007268305396903 +0.0007480399813932 
+0.0007697961386028 +0.0007918180248405 +0.0008143749953625 +0.0008382989180973 
+0.0008650569605390 +0.0008924391996019 +0.0009201028052031 +0.0009481581603525 
+0.0009776231971816 +0.0010112327339119 +0.0010467901026576 +0.0010833343822424 
+0.0011192601269539 +0.0011588198507943 +0.0012020454895671 +0.0012470300871501 
+0.0012939910361830 +0.0013446530492997 +0.0014035833395272 +0.0014621803115080 
+0.0015228210517624 +0.0015931005073362 +0.0016717581991440 +0.0017488683847850 
+0.0018386222739483 +0.0019384624317512 +0.0020457203233809 +0.0021704466443708 
+0.0023102890727451 +0.0024708097852570 +0.0026585511453822 +0.0028662626538577 
+0.0031018333303962 +0.0033668821070828 +0.0036862213258886 +0.0040816085096304 
+0.0045835196509088 +0.0051923055955692 +0.0060277171803263 +0.0072070852340109 
+0.0091194164845527 +0.0133460868774562 +0.0133460868774662 +0.0433881822244273 
-0.0024510071131035 +0.0099939473017127 +0.0187664461248084 +0.0285374042757013 
+0.0383735545839163 +0.0485018904776545 +0.0587022130206644 +0.0689524553554733 
+0.0791234818863012 +0.0893824708506681 +0.0997740016104272 +0.1103129933621861 
+0.1208105573186896 +0.1312484054324197 +0.1417275474036733 +0.1523211817784738 
+0.1627041255957379 +0.1730767784003456 +0.1834122812685267 +0.1938497694732285 
+0.2043257308316736 +0.2148790808503334 +0.2255773419326030 +0.2360522665057904 
+0.2464886563395720 +0.2569313351972925 +0.2674813988819688 +0.2780340749370813 
+0.2886313499970555 +0.2993195609667789 +0.3098572942889903 +0.3203671627498826 
+0.3307328321469184 +0.3410299635251030 +0.3513872198032779 +0.3615788241101405 
+0.3718993356773633 +0.3822823965165709 +0.3926825400814746 +0.4030181253146506 
+0.4132930562800943 +0.4238597079794554 +0.4348458518875418 +0.4457761169210895 
+0.4567768446589398 +0.4678833205181949 +0.4790354681117960 +0.4898181407568737 
+0.5005735626396352 +0.5114625802200543 +0.5227775188683436 +0.5339882318122591 
+0.5452271061790799 +0.5560759664608759 +0.5668217587832222 +0.5775604944029846 
+0.5882226897855571 +0.5988068949599279 +0.6095849701618136 +0.6204799421961830 
+0.6313800747628057 +0.6420717360727024 +0.6526637342321581 +0.6634354586279037 
+0.6738493324283119 +0.6843234004104984 +0.6947692878158849 +0.7055138274435407 
+0.7160365916458813 +0.7262626669939022 +0.7364737809011054 +0.7466447572672748 
+0.7570551405988967 +0.7674906177216291 +0.7779599020629722 +0.7882723949661313 
+0.7988376223444362 +0.8097598611464728 +0.8206597674875421 +0.8313522554481060 
+0.8416052372704427 +0.8519849790719114 +0.8626127271911134 +0.8734797055269732 
+0.8837824195629557 +0.8940439110306190 +0.9045282519285129 +0.9150223838335665 
+0.9253844621409623 +0.9355533845124202 +0.9465154459056364 +0.9574604954938570 
+0.9679389151068979 +0.9783003198080205 +0.9890245770430069 +1.0000000000000000 
+0.7456950813365557 +0.7472204744339148 +0.7479612682670623 +0.7488945310670375 
+0.7498128310714872 +0.7514924697216306 +0.7540512930822436 +0.7565835863086549 
+0.7591261318849196 +0.7616762847898919 +0.7642094893502516 +0.7666866072859858 
+0.7690762824791407 +0.7714913837565887 +0.7739298001110103 +0.7763648150686006 
+0.7788120090102081 +0.7812801318362310 +0.7837531440042945 +0.7862327686540179 
+0.7887432345629903 +0.7912517720935186 +0.7936424828517354 +0.7959618679379580 
+0.7982653555775613 +0.8006173684774021 +0.8029980188203718 +0.8053816530347685 
+0.8077447585452775 +0.8100920805847103 +0.8124485822024298 +0.8148399090103650 
+0.8172539465392371 +0.8196621748376760 +0.8220512312609241 +0.8244169877948908 
+0.8267637617515550 +0.8290836652567375 +0.8313957628759679 +0.8337099331894192 
+0.8360560020371026 +0.8384305058863263 +0.8408140041338282 +0.8431777302279919 
+0.8455301895209032 +0.8478691211650434 +0.8502415019115117 +0.8525826253179890 
+0.8549655879916346 +0.8573769120479173 +0.8598169496113610 +0.8622403688768119 
+0.8646640556300558 +0.8670826457257090 +0.8695123993917314 +0.8719595351494109 
+0.8744291263383066 +0.8769247734089584 +0.8794212580076451 +0.8818998777140019 
+0.8843728499222375 +0.8868339972562329 +0.8892880879150251 +0.8917389073027954 
+0.8941904552654526 +0.8966892176037905 +0.8992302899686897 +0.9017815076259098 
+0.9043329102635845 +0.9068601856021640 +0.9094236839447646 +0.9120092965483357 
+0.9146342932635066 +0.9172917489973604 +0.9200069272754886 +0.9227248136239827 
+0.9254697891585963 +0.9282127205475729 +0.9309515317531314 +0.9336985763620035 
+0.9364919492840851 +0.9394035197259208 +0.9424066776202368 +0.9454532682232031 
+0.9485667890577099 +0.9517642430526373 +0.9550025151597037 +0.9583826690620714 
+0.9621066851879241 +0.9659842666726586 +0.9700011643015455 +0.9742160162996421 
+0.9788006466449948 +0.9841463425375203 +0.9908517143621393 +1.0000000000000000 
-0.0178865117081264 +0.1138496291611966 +0.1502784837337341 +0.1722445876570373 
+0.1894669817031535 +0.2047694988322884 +0.2183845241911271 +0.2304713968220350 
+0.2413763257657979 +0.2516663508881530 +0.2614350145946058 +0.2707904809175479 
+0.2798010711840699 +0.2885118249705663 +0.2969809026795401 +0.3051644148752503 
+0.3130635037950634 +0.3206492583062517 +0.3279805300118646 +0.3351059313878189 
+0.3420366187514701 +0.3489326021036563 +0.3556720049700388 +0.3621556229822424 
+0.3685162600510178 +0.3747050753786473 +0.3806884861321327 +0.3866138243138322 
+0.3925901087349882 +0.3985727210081982 +0.4043484183110726 +0.4101847442888538 
+0.4158630408460518 +0.4215187624220889 +0.4271017767080915 +0.4327082756192754 
+0.4383832631188033 +0.4441321772237316 +0.4498803412444091 +0.4556161656423828 
+0.4612320491419004 +0.4666812437591955 +0.4720578642816955 +0.4773967553168681 
+0.4827514921304175 +0.4881281653526135 +0.4935470984211119 +0.4989936086997331 
+0.5043859542656269 +0.5097658172641121 +0.5151774935288788 +0.5206199424051380 
+0.5260586912291779 +0.5314897969886402 +0.5369710303526967 +0.5425672752288009 
+0.5482492123237366 +0.5539089822240104 +0.5595346063699675 +0.5651584319238866 
+0.5708933093798017 +0.5766791623253836 +0.5824344643919029 +0.5881641956954476 
+0.5938792968424842 +0.5996252455323573 +0.6054788644947766 +0.6114333741808263 
+0.6174339366495154 +0.6234378084755688 +0.6294706779793653 +0.6355834521860245 
+0.6417780592392647 +0.6481143241961169 +0.6546748631614522 +0.6613132849567582 
+0.6681314143998157 +0.6751747261947020 +0.6823389794294152 +0.6896903270218265 
+0.6973534416536830 +0.7052253938365772 +0.7134033004308314 +0.7219365501622004 
+0.7306340836470027 +0.7397491273809185 +0.7491874325506789 +0.7595064462906488 
+0.7705828927312964 +0.7825907366834837 +0.7957829895078268 +0.8107000748484571 
+0.8280367339505692 +0.8503840207710476 +0.8863292566837594 +1.0000000000000000 
1.04694871701e-05 0.0100392902686 
  <DiscreteSampler_grid>
  Helicity
  1 # grid_type. 1=='ref', 2=='run'
  80 # Attribute 'min_bin_probing_points' of the grid.
  1 # Attribute 'grid_mode' of the grid. 1=='default',2=='initialization'
  0.030 # Attribute 'small_contrib_threshold' of the grid.
  0.333 # Attribute 'damping_power' of the grid.
#  binID   n_entries weight   weight_sqr   abs_weight
    8   4840 0.000300037572245 1.17282869205e-06 0.000300037572245
    1   4530 0.000278023236695 1.04462482537e-06 0.000278023236695
    5   2142 0.000131242490971 2.3141003267e-07 0.000131242490971
    4   2372 0.000129296002077 2.36295504332e-07 0.000129296002077
    3   113 3.4773445953e-06 8.83674675675e-12 3.4773445953e-06
    6   108 3.33086802979e-06 8.46451550966e-12 3.33086802979e-06
    2   88 1.85378223539e-07 2.78561566809e-15 1.85378223539e-07
    7   94 1.75540388386e-07 2.63275292073e-15 1.75540388386e-07
  </DiscreteSampler_grid>
  <DiscreteSampler_grid>
  grouped_processes
  1 # grid_type. 1=='ref', 2=='run'
  10 # Attribute 'min_bin_probing_points' of the grid.
  1 # Attribute 'grid_mode' of the grid. 1=='default',2=='initialization'
  0.030 # Attribute 'small_contrib_threshold' of the grid.
  0.333 # Attribute 'damping_power' of the grid.
#  binID   n_entries weight   weight_sqr   abs_weight
    10   10 119964286.708 7.78311891475e+16 119964286.708
  </DiscreteSampler_grid>
