   0.0000000000000000        0.0000000000000000        0.0000000000000000        0.0000000000000000        0.0000000000000000        0.0000000000000000        0.0000000000000000        0.0000000000000000        0.0000000000000000        0.0000000000000000     
   5.9402620214268919E-004   9.6108581028047583E-004   1.6980409865143854E-002   1.2247778694609244E-002   6.6494826715951631E-003  0.89054956193069656        5.4321515345577664E-002   4.9121877813418480E-002   8.1258658578713516E-003   1.2096664333478058E-002
   1.3061911142193869        1.3025067105678421       0.60008372083481587       0.42816199340526967       0.51314560116556007       0.39704807656161578       0.39704807656161578       0.43020987909864805       0.78628429309711834       0.54620533209864364     
   1.1880524042853784E-003   1.9320942873271084E-003   3.1557661965768195E-002   2.3932609379572339E-002   1.3772133336316000E-002  0.89576901743558124        8.7317014573005738E-002   8.7783251001851068E-002   1.6004615504765982E-002   2.4409292161897866E-002
   1.3797925433966878        1.1349005028940802       0.55403867504494830       0.76313934995343746       0.52134711862325689       0.39704807656161578       0.39704807656161578       0.56510322261928936       0.70365675641645298       0.60767802545615424     
   1.8353909553506806E-003   2.9765519363941137E-003   4.3691456757540527E-002   3.4848455909342282E-002   2.1352032797604160E-002  0.90139336114562074       0.11122592517338067       0.12039618145655687        2.3737462120873833E-002   3.6837096986840276E-002
   1.1465329687821393        1.1368178963301971       0.55503475813190750       0.73793811922517560       0.42078240267199102       0.39704807656161578       0.46409693248333223       0.48246005194930996       0.62898017833883768       0.65237274954513402     
   2.4961937387013525E-003   4.0761476274620862E-003   5.3943118128776599E-002   4.5024857556952277E-002   2.7126459053512311E-002  0.92001556581015154       0.13293569933604391       0.14812105938939876        3.1197845453159751E-002   4.7304247111073811E-002
  0.72072784267115209       0.70222887530925049       0.53282916185872098       0.54737202699839094       0.52433373718017984       0.39704807656161578       0.49778947109177907       0.55828326809606921       0.52973196644140985       0.49466913732091583     
   3.2750623753317579E-003   5.2626477753144824E-003   6.4727920380157150E-002   5.4624814072385709E-002   3.2014863868448915E-002  0.92615056305179422       0.15217399004416940       0.16906057507407093        3.8397391050462623E-002   5.7033902634040456E-002
  0.74332251808572414       0.90659858657729631       0.63855614738315025       0.67083536596484783       0.45608847240106482       0.39704807656161578       0.57684736875786913       0.65339040482116684       0.75177029568293585       0.58212301706232972     
   4.1348634762219385E-003   6.7871695544983813E-003   7.5782979901376918E-002   6.3623462472301689E-002   3.6725097697929372E-002  0.92899220737167520       0.17064724269602677       0.19014003448719013        4.5775691868857438E-002   6.6516104334835652E-002
  0.72350041636724005       0.72659827034254498       0.43868863497247973       0.50106318455259102       0.44263870897636021       0.39704807656161578       0.67020684039866707       0.57398235641984230       0.75771006260437745       0.52933636154297314     
   5.2220323983328447E-003   8.3918347208816538E-003   8.9007513184179918E-002   7.3479366238508689E-002   4.1146116239137734E-002  0.93197321418007817       0.18695805684468153       0.21093512496144651        5.3775611095212422E-002   7.6908227183834235E-002
  0.69040496590459910       0.70509032131429961       0.48456654667522597       0.68138738807079324       0.46209711251778007       0.39704807656161578       0.62998483698880758       0.60695072908121184       0.54264548217393394       0.57940292793600179     
   6.5529076293125120E-003   1.0079418131041393E-002  0.10308270136677854        8.6223708217998601E-002   4.6085639916695148E-002  0.94143623533586551       0.20396974534673123       0.22626033289929270        6.2662524093906449E-002   9.0059402520904178E-002
  0.67497947458471330       0.66806530634810246       0.52642346436644172       0.61683028096932269       0.45835775317837513       0.39704807656161578       0.69559755375695209       0.60570455177647153       0.69087316921438535       0.60684622264074284     
   7.9028924520697357E-003   1.1978934090876817E-002  0.11458681276473243        9.8320985114136700E-002   5.1121080383206716E-002  0.95752292416081164       0.21587212589703236       0.23650463125953586        7.2438508745018990E-002  0.10312738708015012     
  0.74169367891275517       0.70272839540862375       0.56215532080728781       0.73802525574903044       0.44319003369091498       0.39704807656161578       0.76895403966617204       0.54678504249592619       0.88981405720962514       0.66697060877709013     
   9.3915175056354973E-003   1.4888756950260970E-002  0.12737603166498934       0.10999069821038193        5.7309862633827320E-002  0.97066868304700715       0.22472496457819766       0.24673172988726561        8.2878371807856691E-002  0.12020096161180548     
  0.68618553427555440       0.87903213041546280       0.47527797295213559       0.80976536335528881       0.47956188200093780       0.39704807656161578       0.54269078035631058       0.53442760762891650       0.72393761208496232       0.59810183158567820     
   1.1369180528220252E-002   1.8131697799364226E-002  0.14656278281958640       0.12165911975598548        6.4744787556257496E-002  0.97795065449374186       0.23257863650474631       0.25738863782875526        9.4606356979104037E-002  0.13947099271769089     
  0.55107657961227041       0.64318398896632611       0.59711698005797176       0.87417103429465881       0.52966739393814355       0.39704807656161578       0.59026910644603103       0.45286646653451157       0.77172935939076248       0.53780982320261705     
   1.3894013904753564E-002   2.1753076933748915E-002  0.16536098193654336       0.13372026226973338        7.1590045377168079E-002  0.98094005112224769       0.23918039188848297       0.26912206320639537       0.10469182232238679       0.15995945962939609     
  0.62984657200884342       0.84960576824171885       0.60975282045375589       0.85328953257526374       0.50409759629735285       0.39704807656161578       0.77068418499643410       0.59247818891752024       0.70133516753476377       0.49830158571838690     
   1.6731211622744928E-002   2.5803297208937048E-002  0.18187892266849481       0.14671314854974635        7.8123085595798586E-002  0.98252775238983414       0.24504149306810249       0.27927181466043488       0.11412061796663284       0.18101441610274607     
  0.64456761858798417       0.60448908992540740       0.55438761156271288       0.87864580970956174       0.48573291325212198       0.46664308456059750       0.51722065140082918       0.47399712289081003       0.63886198051020993       0.57816655772649006     
   1.9827701977810593E-002   3.0216356885350702E-002  0.19673943905378569       0.15818394889170728        8.5146017230797691E-002  0.98367978901456643       0.25049708461284276       0.28939131821253311       0.12395820150910486       0.20041652501007545     
  0.58711677184408539       0.61652790120446688       0.52594386459263698       0.74729526727065698       0.49594876750290451       0.46487616294969020       0.52028687747463742       0.60177275608991054       0.63719069001972939       0.48681577155200911     
   2.2684110764030641E-002   3.5002447392409083E-002  0.21085230736691396       0.17348674992051499        9.2373187889324471E-002  0.98470973488255187       0.25715600805436317       0.30012892316640710       0.13017680907691476       0.21905133394317691     
  0.51347980096970403       0.63144439529359830       0.47474544923423329       0.94458323748071582       0.56232222733401527       0.57079183806036349       0.62512985847091007       0.67055810831728646       0.56880641829342726       0.62900900163843132     
   2.5622222677740156E-002   4.0149597017042661E-002  0.22432819465112597       0.18868354394325898       0.10080586022893798       0.98564269845917463       0.26389578671900454       0.31098987854714616       0.13646372595564552       0.23728849730765900     
  0.50089092532633506       0.54772642152925910       0.53004774683869793       0.73768834959224994       0.57278159827105701       0.47990771983940972       0.76992100771001881       0.59736139754246531       0.57835625465862250       0.60199401319701429     
   2.8752141085291474E-002   4.5664544245149971E-002  0.23861283096566116       0.20146768803367127       0.11101108598913230       0.98632609886022038       0.27035125105261992       0.32033572985890946       0.14389626085859508       0.25424458209130113     
  0.58496300706563309       0.71608668168185874       0.56504948321176818       0.71605805504751474       0.55503105678068398       0.56109966793449406       0.58179424671510072       0.53008874006478190       0.52380575679961394       0.76422561685436619     
   3.1842634453176394E-002   5.1640137216592885E-002  0.25409101581284366       0.21267111207386713       0.12199368860156377       0.98699790591644687       0.27755625778865795       0.32935481875485256       0.15107904426624927       0.27284127909584982     
  0.57148232635190721       0.53039427763592362       0.61368744810236908       0.54050413724669100       0.52737692466446273       0.55287910574431898       0.64896608276884704       0.48980647879373629       0.50712054666055950       0.62635000524848472     
   3.5362240053928982E-002   5.7819959232200617E-002  0.27050106098220922       0.22324388176123341       0.13406860101830201       0.98751870245513418       0.28498376631112793       0.33830131844163963       0.15832925240775225       0.29202254975671310     
  0.55174622462952849       0.45310594152575595       0.49662080399595615       0.56357283604359132       0.86576246168159821       0.47299878153008595       0.64262016596944560       0.54552953171206175       0.47646512555524806       0.53699256810653473     
   3.9331387053308013E-002   6.3784566221149586E-002  0.28833286364100891       0.23263449685751553       0.14583430083875393       0.98803155512994623       0.29154234745866647       0.34760450860945546       0.16534988997245856       0.30929714598613384     
  0.57523929303502574       0.50305784890064209       0.67562080000641234       0.65482434835225012       0.55968798191211744       0.56986483114900099       0.60492330357771484       0.53641334453372658       0.51014403789336338       0.64690627864527239     
   4.3310114066699310E-002   6.9315475627092560E-002  0.30744747863254723       0.24306794003233237       0.15730565867167950       0.98852226676688582       0.29538656453469625       0.35786787071446141       0.17309884238843590       0.32402300461835115     
  0.48771456705082866       0.46916646746425122       0.81717140644815300       0.61944290258508705       0.57023869776401381       0.57026352935765467       0.44287658946477965       0.55979054906381454       0.56098240153317636       0.53465962660403143     
   4.7613379276362403E-002   7.4815577066687566E-002  0.32669330425025639       0.25293344964248937       0.16720208600611877       0.98900261219168817       0.29963888800793914       0.36784666809294364       0.18077262458682164       0.33893939470781920     
  0.46224772683999021       0.52137506817957713       0.72284505942794897       0.51751566337724419       0.69960034882540112       0.70037995529242203       0.50508401856755292       0.50102754506823510       0.47483955327204491       0.61740950055205601     
   5.2070853596365291E-002   8.0101091530287258E-002  0.34649386549270178       0.26315258834361699       0.17640161439788904       0.98943073590200126       0.30442261755546313       0.37756998060888564       0.18825164870551769       0.35288012130227453     
  0.53374509104833701       0.39704807656161578       0.64823712739461836       0.60541122506736889       0.62663625165533321       0.54411150244308726       0.66084588938583622       0.51131088014711035       0.53589437074188095       0.57137034567736722     
   5.7071920104280104E-002   8.4832813733767234E-002  0.36349373706903571       0.27350724088937250       0.19012873966416965       0.98975517005260749       0.30919044934676904       0.38748847800167951       0.19473575022291567       0.36618312887425403     
  0.72392563976608526       0.41921755052535836       0.53125175674943925       0.54923080475777453       0.46244212593308659       0.69130085341271419       0.56151077478758782       0.52999803221175945       0.45444650533700842       0.61626322248214749     
   6.2492830593817328E-002   8.9648116837745151E-002  0.38256726677602859       0.28404680260357651       0.20433209214338488       0.99008190228020787       0.31506435668438759       0.39835595893313192       0.20094875308777926       0.38109748175034464     
  0.54875534073659549       0.42554559180981816       0.55559926281602168       0.56309833664035014       0.50914472523515031       0.68675935899321316       0.61644580003565863       0.67245533378123468       0.46957854054954029       0.63379587923453218     
   6.8071943520354811E-002   9.5907928079050062E-002  0.39953375978474293       0.29448919095477566       0.21889631551489241       0.99042006184464659       0.32104196057170425       0.40857293689826568       0.20840592350984993       0.39676663876178797     
  0.67626956980424657       0.53841314974815113       0.48882352128817780       0.60137580132186408       0.59772526788079750       0.81811644423897589       0.66592969202296715       0.50490067102737646       0.48882352128817780       0.54678645031373563     
   7.3275200722293390E-002  0.10296402902691063       0.41479761928014913       0.30462976109856038       0.23398431161097508       0.99075832222679694       0.32634423241183169       0.41845945707678911       0.21515919002192313       0.41104211421413850     
  0.52918591603461829       0.55552217436159035       0.53408865832554997       0.52623299433847970       0.60679186001255181       0.56121626545972947       0.48319334282406395       0.53666706851262891       0.52733434557061298       0.49008784319097892     
   7.7720625540027136E-002  0.10982778571807121       0.42839730849167956       0.31521126309275055       0.25025057868496436       0.99109762880679131       0.33127913403324005       0.42779641618425440       0.22329961868282708       0.42321125136748144     
  0.57375234611583203       0.56973633061627971       0.52507502314780130       0.56968653764715305       0.68157835695237001       0.59569264086600560       0.55395896605556394       0.50332350953218685       0.46746912749765623       0.54390376604006008     
   8.2072065078180254E-002  0.11656344436583163       0.44283621298232323       0.32646735369989383       0.26793849231095940       0.99143590201142551       0.33604495774742432       0.43725396337272660       0.23224434194418225       0.43374001995947531     
  0.49655661505649240       0.48882352128817780       0.63051513983632879       0.58649191874962325       0.66276943419985224       0.76037583727909741       0.54435913207015241       0.60561762028468591       0.47332745866997195       0.52914009916035787     
   8.6676425402006319E-002  0.12238251322698311       0.45653907258027127       0.33865079228927147       0.28427943472873141       0.99170805795331785       0.34128214233155024       0.44680291399352290       0.24184196129336502       0.44629313948277927     
  0.44493083181159920       0.49636492064868953       0.60779558766402653       0.59172872434791890       0.55804208592744453       0.63648711440594996       0.56126901253132866       0.57373416771985508       0.57819009357490037       0.55856333920739987     
   9.1914381777890131E-002  0.12793714652137525       0.47103796258322678       0.35198916418181647       0.30098084450937390       0.99198021389521007       0.34790934432095844       0.45848503121825840       0.25214643261704811       0.45906065817202801     
  0.57720004690061399       0.50385551098957448       0.58148378825270641       0.51286005724890582       0.60576136175481998       0.69395514941749648       0.74217994652336738       0.57446308328129547       0.64188800244661104       0.64229561572338534     
   9.6691742810331285E-002  0.13332374111919745       0.48614766991954772       0.36689536283427571       0.31989253841570303       0.99224549956735053       0.35213920681445149       0.47298439713515250       0.26529506612855580       0.47052231021141688     
  0.52390807798021366       0.51070867535992459       0.56758062398562592       0.54601404881533366       0.59786858398551890       0.70670530071818494       0.57481653091585616       0.77372585223335055       0.46092121437571282       0.47496622218236151     
  0.10072034167037458       0.13940365169139801       0.50013082434263867       0.38110306825045170       0.34453929143315598       0.99251027851255902       0.35704088196546530       0.48867858238885675       0.28275565749526727       0.48174913347018139     
  0.66914957303408273       0.47051916292107188       0.54483769009654992       0.53781075866258343       0.65321228608771542       0.67308443156378350       0.50403476198025665       0.83116335339252179       0.53148477699700070       0.51493168686361490     
  0.10453465024820305       0.14634864193038818       0.51536165626547570       0.39123674961409122       0.37545869750843119       0.99277015184047013       0.36203242465857077       0.50319352130019446       0.30190071691196263       0.49558935596596698     
  0.51773921492843078       0.47291818448396139       0.56649352867526193       0.44952562683547187       0.50917532443781366       0.60818968934695161       0.65763250415097541       0.56223563196825377       0.66795463446927272       0.62375549076187276     
  0.10865928924488140       0.15349235460447000       0.53030700234201700       0.39911400249496803       0.40598936205445046       0.99302872612491588       0.36671488878830816       0.51745769579270440       0.32096837498287484       0.50926050688501956     
  0.51287541616913834       0.55849627410014557       0.67838516768899615       0.50980314104529489       0.61171761448567863       0.70676168828125385       0.51034550244383947       0.61193918350688448       0.55482394622009379       0.57093159046867148     
  0.11309789779089212       0.16287180991784364       0.54579498125952519       0.40740071874379319       0.43188202909817647       0.99327882123252886       0.37266754535672059       0.52938114027976346       0.33985816470797109       0.52397479145105130     
  0.43757742759865209       0.58253913900263377       0.49897300487503382       0.49579707074897233       0.55533341429458571       0.71875919531482391       0.60517025367206945       0.44062257752382228       0.64297255084841298       0.50603828092611336     
  0.11972987578167182       0.17421091780967857       0.56154776955445418       0.41470735929992214       0.45815724058454332       0.99352323030772860       0.37961333068865577       0.53960395038967091       0.35862896550183826       0.53933169409170545     
  0.56845475202883777       0.66645368710045916       0.74874019195822772       0.47179078603359415       0.57456868228042124       0.57262319117201754       0.61152707077722512       0.57319034503676480       0.52142311924097473       0.63954937083278562     
  0.12698123368942152       0.19385284270234607       0.57714158599057486       0.42100442110477265       0.48886864007599923       0.99375743425340113       0.38708690590710559       0.54996390865921785       0.37902494455460928       0.55567047915792522     
  0.63809241047558729       0.80178380513148539       0.59847574520213664       0.47780156403660445       0.57495221754908454       0.56966690874447390       0.70774045133425822       0.56593374543889119       0.54257829647625400       0.87244460217692876     
  0.13482257511485704       0.20964357364942027       0.59537816872211557       0.42696383810571947       0.52601342597647938       0.99397250413628258       0.39569683126975597       0.56072836117889435       0.40251155595331928       0.57175341087555287     
  0.52994073074151560       0.67782517120330377       0.60161432273010873       0.47511086466468511       0.65196599196902461       0.65783441636629969       0.62451674774031007       0.54895462026802255       0.64506633931960422       0.56896394710815357     
  0.14326738869887579       0.22422549189358568       0.61553390471671487       0.43431321228149788       0.56426872145985818       0.99418687034072373       0.40533000042086453       0.57114551223334775       0.42793825191089224       0.58385100504199972     
  0.58512803026606042       0.64320071180915439       0.58612569957585758       0.52583046848596371       0.66586820681366166       0.68049295750095806       0.65225536667524497       0.64924999453141641       0.47701473996787430       0.54120420599520169     
  0.15130557842043374       0.23789981120494269       0.63744742779630581       0.44572404963949780       0.59652731358148003       0.99439147014185403       0.41474180414558348       0.58056394036772063       0.45477435692637735       0.59550446253919687     
  0.55149176839379066       0.68954648003071550       0.59085950613216898       0.48165096575092525       0.48726113164074952       0.67311013153146493       0.75980481635093888       0.46094596078840255       0.62695305068304452       0.67497933169288682     
  0.16071922715366804       0.25282309538761644       0.65560982196907513       0.45870188568982972       0.62264075088039916       0.99459606994298444       0.42387105018197357       0.58789040061637388       0.48079511478486892       0.60631811797780144     
  0.88959413997920012       0.60609290216630485       0.66943692670170452       0.57012944710863078       0.63164026065303280       0.64220299479605758       0.80479366170102717       0.51852588736224237       0.70191187516644926       0.55015394296602338     
  0.16934957287449401       0.26760164418879523       0.67541175838293965       0.47024990347809065       0.64781031208758411       0.99479927269055812       0.43262232499557429       0.59713584490184080       0.50732821964384467       0.61819003047238641     
  0.53842137800007384       0.50541249148610767       0.69634731400698657       0.65083442245610101       0.80947967236124330       0.62020186266447452       0.64289658875991051       0.44644552271121585       0.63459431770772412       0.48882352128817780     
  0.17640082090346682       0.28234688438466399       0.69799354717249340       0.48120890756589030       0.67138479462305933       0.99500178695385677       0.44145674259947071       0.60870297851064792       0.52854605043524527       0.63437606792316759     
  0.48691715140087266       0.57549705330731205       0.64062189557075344       0.56484225145543621       0.57335832643068585       0.64496242197030107       0.57191475491801747       0.65988602073964342       0.56054322148816083       0.56311191476071054     
  0.18372360062149337       0.29764665790993472       0.71961114755191014       0.49468252594926965       0.69431915475289241       0.99519997299145369       0.45039223195629091       0.62201042064664558       0.54293099815385848       0.65193225467243265     
  0.49678615175303925       0.74327317820766592       0.76806975803313138       0.64468187510828423       0.65832034460867117       0.57956309189921651       0.74575242775750872       0.59278821175939522       0.60080150052096226       0.49950245134008614     
  0.19220496589300931       0.31325396867652472       0.73764690754804885       0.51357434865133833       0.71439362806751217       0.99538502466129020       0.45954167194962392       0.63564258299659315       0.55706969851537880       0.67187520773047438     
  0.58266108731682564       0.55511799932423178       0.71928638353879970       0.64436595855165424       0.61027607477992130       0.63629416758979040       0.66466734617618017       0.57106792834732367       0.53361118723157785       0.62882260155777336     
  0.20425583563298325       0.33163816773193944       0.75406135606034708       0.53365357125116575       0.72959607584110664       0.99557007633112671       0.46988967053585634       0.65093821507430993       0.57070651262392458       0.69180526138660903     
  0.61111136969784308       0.57173795865749555       0.53022411045757090       0.55592870029321340       0.69574913468909194       0.71227015570255792       0.63809755120333411       0.66220069324556763       0.57828416173450037       0.59969822495750769     
  0.21978979221927811       0.34787192409453449       0.76887764963955851       0.55386108713587279       0.74702542273652817       0.99577009111291181       0.48178333594960282       0.66822648679966434       0.58719054366516044       0.71260491601278364     
  0.63667597822065580       0.63884959493996796       0.67564936174999279       0.50795331933076260       0.74508182522362842       0.95035847434001053       0.71077001724728572       0.92406986763486254       0.55505933557092657       0.66174054863302256     
  0.23524553208475266       0.36377429029504771       0.78201858236600175       0.57363355116019843       0.76595042836768767       0.99598019484429889       0.49395937073272633       0.68399705145426493       0.60798699498457076       0.73245507486404782     
  0.61572073205099387       0.46716653474545589       0.54044973757135528       0.51035544861838789       0.51279460769086282       0.75651107784873872       0.69343198940931650       0.54942960632862803       0.61536447407381278       0.56452727386052926     
  0.25033989867944445       0.37953367272569727       0.79482907271399095       0.59225586539535391       0.78761550147265424       0.99619029857568597       0.50531827130513485       0.70098870778641709       0.62783270579067818       0.75029481490240646     
  0.59241772254056002       0.48074589445388954       0.59919616969170397       0.55153932572250974       0.67131046577519882       0.65595364007276324       0.53282916185872098       0.59219097735519366       0.50828216115020675       0.42310668019564807     
  0.26502786365454184       0.39518590255268971       0.80762587955247178       0.60981697350567032       0.81230671414433386       0.99639961216125972       0.51627980632308390       0.71852681873017821       0.65282913587175140       0.76910482611034470     
  0.52412638132217071       0.57962260970251622       0.48853249449653013       0.55943874641128211       0.53712040622480239       0.71564219034413457       0.62914956868812399       0.86444114017121376       0.63008251528404491       0.73943036430711639     
  0.28198340749184558       0.41350558096610102       0.82286937847577257       0.62940878548801504       0.83381900597830927       0.99660877210139143       0.52629325731496590       0.73671278664419348       0.67709047165542569       0.79068262103699716     
  0.62560208229400094       0.49400991720150866       0.55971649790479605       0.53041276863247655       0.76004482970854736       0.68719026123943050       0.65408800146250168       0.61838285058739939       0.52475007066755486       0.65512252681693872     
  0.30726806702966991       0.43370779569488083       0.83713467730987146       0.64650840969158796       0.85141975991433871       0.99681793204152325       0.53495687004483750       0.75578073933854695       0.70158605156551868       0.80875876689611981     
  0.62086305369684680       0.54317601508669711       0.64546520565794674       0.56770858987789796       0.69052588589171504       0.79721463053081965       0.63237137393601750       0.71088194929882598       0.70625990116757487       0.63910900948092564     
  0.34293301698546669       0.45541246360935339       0.85365562771326164       0.66324741001692611       0.86610392199094488       0.99703182438438120       0.54310970220398891       0.77410788425834931       0.72845017784529287       0.82174206606469236     
  0.60200532190220524       0.63772753309378416       0.76993172072600058       0.46194032398004792       0.48882352128817780       0.77945197423679613       0.42784125517490146       0.71824251546230788       0.55552151745532807       0.51056609399308783     
  0.38198792805675763       0.47784991234680574       0.87126626096117077       0.68365889723253814       0.87938436739909365       0.99724576057491399       0.55163804120105941       0.79125162879523692       0.75787282875492790       0.83487041040511289     
  0.51243214208738519       0.65812313727814720       0.69051728338331664       0.51686570475058080       0.69324716004891984       0.85550718529807634       0.54608132615159455       0.57381415998710206       0.57864073708490660       0.52050783074053109     
  0.42705039735962341       0.50139739647021231       0.88805750014294105       0.70500230619363147       0.89183368350891268       0.99746343221597544       0.56206644311364851       0.80721278919551320       0.78640657505704092       0.84963656114194697     
  0.52449075948064627       0.48394406925612043       0.73626210950426152       0.56625330055274081       0.66703590556123704       0.76750897145342378       0.56370318126320196       0.76569900442749428       0.55349784617580333       0.57016057183332536     
  0.47359107623178426       0.52703098977984209       0.90519890635904665       0.73310598945910466       0.90249985839762037       0.99769532881578682       0.57499390786305904       0.82404755938717833       0.81558891818134094       0.86466801495481038     
  0.48882352128817780       0.50351514068237124       0.55440024476272798       0.61264069071963112       0.47185524867565121       0.90773879297145266       0.55928710168510676       0.65223363648515698       0.74056673934063089       0.47132005959235684     
  0.52322178725296231       0.55632297944500220       0.92222810054537541       0.76068052409454245       0.91411885980237861       0.99792722541559831       0.59030433779967195       0.84795248878022966       0.84361490262982186       0.88267764750903011     
  0.55722178627886820       0.48458336863781926       0.57822956895826894       0.61570234275330149       0.64843153778256624       0.58005804252887683       0.57832117696134056       0.52596054419319638       0.59076671879754561       0.52809739603909356     
  0.57927000470025269       0.58416843755022141       0.93872062312316573       0.78723643341489657       0.92642440706609308       0.99818762557540830       0.60650963576804418       0.87323101630331690       0.87149859745616665       0.90414909548206035     
  0.42554559180981816       0.47799255001253427       0.50403310754849207       0.50296657430605629       0.79581173758647594       0.87279258828240291       0.52963796878540881       0.57242115059366050       0.64391745335911965       0.62660890771345301     
  0.62601979005580566       0.60689614739852149       0.95341781394626202       0.81594584145124294       0.93868164524957431       0.99846936805510500       0.62302210155839921       0.89794017502277546       0.89685140964500887       0.92456819964706727     
  0.52390807798021366       0.44928176768337641       0.61681556499230283       0.59222853173974666       0.64682025664274567       0.66661664198214432       0.52683527494023108       0.68468230285352349       0.53800854333044645       0.70799138573862153     
  0.67678986736015567       0.63635710964576253       0.96619452964148211       0.85348676183719530       0.95338514233948568       0.99877264298123236       0.64012873304386697       0.92169548945620927       0.92170654908290328       0.94615863029708747     
  0.43374479701110180       0.45608847240106482       0.48588330906154659       0.71965116182421518       0.65303803133841409       0.65756897329224806       0.48499747794960252       0.71908702442319350       0.53610079782657605       0.68047067775733494     
  0.75089656393053517       0.67613528831738390       0.97748079197943227       0.89325895054491622       0.96836990150275160       0.99914524814359784       0.68533077135949805       0.94537513755440228       0.94748101766892134       0.96696389228801771     
  0.41494367193649906       0.46240722355283159       0.64120566101558218       0.53282916185872098       0.64569295178138653       0.62159310836124437       0.49997123976004682       0.56151077478758782       0.51838472878434527       0.77915922098458001     
  0.87177945497218312       0.77426209458181350       0.98867863594607619       0.93720494371157625       0.98383050780028314       0.99955295248857101       0.77105042126450518       0.97107763891803145       0.97315571390784816       0.98388442193069703     
  0.43873355691778410       0.52390807798021366       0.55108420451635620       0.46393019790835283       0.72277568473532094       0.41833685091496220       0.46119513711885185       0.60181234734552969       0.55515249717227322       0.88504141673774883     
   1.0000000000000000        1.0000000000000000        1.0000000000000000        1.0000000000000000        1.0000000000000000        1.0000000000000000        1.0000000000000000        1.0000000000000000        1.0000000000000000        1.0000000000000000     
  0.42554559180981816       0.42972246035900791       0.54954182007531449       0.46487616294969020       0.88935403194957197       0.39704807656161578       0.44928176768337641       0.77386772012659033       0.72847636018525852       0.55236132563823226     
  -64.009448934816334       -60.119537146387472       -53.007410971513792       -31.411087246965739       -62.710247724678659        0.0000000000000000       -40.643863970056557       -30.575491195827006       -64.744482808084712       -41.609722044800250     
  -44.132796891359575       -44.372857423408227       -41.970313636698791       -38.568786049919424       -40.650916818078116        0.0000000000000000       -35.889779905386447       -42.598246562635815       -59.684218216526737       -60.256506796998828     
  -19.850192168516173       -51.037217779598123       -56.439226530859997       -30.393633975208171       -40.504012084328266        0.0000000000000000       -64.132476638600252       -41.422791432252197       -36.917558539557817       -46.955919119942493     
  -30.259112684120304       -60.577749660020928       -42.940785946971936       -42.706155377251591       -57.262611873711286        0.0000000000000000       -42.277089366751987       -53.651485496158053       -54.748474550031489       -46.429712025016947     
  -43.978988491399505       -39.991372417107407       -50.289996914130590       -61.349466025688628       -69.315288756209171        0.0000000000000000       -63.014588966238946       -48.773048479132243       -51.529454116358771       -36.148466237658901     
  -26.946474018736865       -56.570289959824102       -43.208000598193429       -47.327164099896173       -43.242622085273538        0.0000000000000000       -22.732970341434235       -49.956128667487548       -55.272055335396601       -34.554124189486345     
  -25.529630697766137       -29.731713967095359       -42.673393727665157       -60.279015721824543       -39.969444750598292        0.0000000000000000       -34.779247950962009       -48.729901986480158       -24.517640669695297       -56.790980515148107     
   2.9675230455785879       -18.125738107052410       -51.119341044790524       -62.181905045014602       -36.092781648945888       -56.836391183058673       -33.525393867696891       -26.686587239351496       -38.619269724672925       -46.767042933393554     
   2.6551498677457926E-003
           1           1           1           1           1           1           1           1           1           1
   9.0470055628679919E-005   3.7108976525129596E-005  -4.3737446522598103E-006  -36.284807034426187        1.0363386349980180E-005   7.6430677634220000E-009
   4.2519595990397485E-006   4.7379107627700672E-006   1.8339281948162680E-006  0.82375347834054813        1.8334521468262384E-006   1.1747948626791728E-009
   1.4318521874545184E-002  -48.805257754179820     
