     
 Collinear #          48
 
 part:           1
 comp:           0
  0.99999999774946158        276.25015682710779        276.25015744881938     
  0.99999999978518817        276.25015738947758        276.25015744881938     
  0.99999999997861599        276.25015744291204        276.25015744881938     
  0.99999999999786249        276.25015744822889        276.25015744881938     
  0.99999999999978617        276.25015744876032        276.25015744881938     
  0.99999999999997835        276.25015744881341        276.25015744881938     
  0.99999999999999778        276.25015744881875        276.25015744881938     
  0.99999999999999956        276.25015744881927        276.25015744881938     
  0.99999999999999978        276.25015744881932        276.25015744881938     
   1.0000000000000000        276.25015744881938        276.25015744881938     
 comp:           1
   0.0000000000000000        0.0000000000000000     
   0.0000000000000000        0.0000000000000000     
   0.0000000000000000        0.0000000000000000     
   0.0000000000000000        0.0000000000000000     
   0.0000000000000000        0.0000000000000000     
   0.0000000000000000        0.0000000000000000     
   0.0000000000000000        0.0000000000000000     
   0.0000000000000000        0.0000000000000000     
   0.0000000000000000        0.0000000000000000     
   0.0000000000000000        0.0000000000000000     
 comp:           2
   0.0000000000000000        0.0000000000000000     
   0.0000000000000000        0.0000000000000000     
   0.0000000000000000        0.0000000000000000     
   0.0000000000000000        0.0000000000000000     
   0.0000000000000000        0.0000000000000000     
   0.0000000000000000        0.0000000000000000     
   0.0000000000000000        0.0000000000000000     
   0.0000000000000000        0.0000000000000000     
   0.0000000000000000        0.0000000000000000     
   0.0000000000000000        0.0000000000000000     
 comp:           3
  0.99999999774946158        276.25015682710779        276.25015744881938     
  0.99999999978518817        276.25015738947758        276.25015744881938     
  0.99999999997861599        276.25015744291204        276.25015744881938     
  0.99999999999786249        276.25015744822889        276.25015744881938     
  0.99999999999978617        276.25015744876032        276.25015744881938     
  0.99999999999997835        276.25015744881341        276.25015744881938     
  0.99999999999999778        276.25015744881875        276.25015744881938     
  0.99999999999999956        276.25015744881927        276.25015744881938     
  0.99999999999999978        276.25015744881932        276.25015744881938     
   1.0000000000000000        276.25015744881938        276.25015744881938     
 
 part:           2
 comp:           0
   1.0000000298789360        276.25000825405607        276.25000000000000     
   1.0000000028629925        276.25000079090165        276.25000000000000     
   1.0000000002851068        276.25000007876076        276.25000000000000     
   1.0000000000284988        276.25000000787276        276.25000000000000     
   1.0000000000028497        276.25000000078722        276.25000000000000     
   1.0000000000002849        276.25000000007873        276.25000000000000     
   1.0000000000000284        276.25000000000784        276.25000000000000     
   1.0000000000000029        276.25000000000080        276.25000000000000     
   1.0000000000000002        276.25000000000006        276.25000000000000     
   1.0000000000000000        276.25000000000000        276.25000000000000     
 comp:           1
   0.0000000000000000        0.0000000000000000     
   0.0000000000000000        0.0000000000000000     
   0.0000000000000000        0.0000000000000000     
   0.0000000000000000        0.0000000000000000     
   0.0000000000000000        0.0000000000000000     
   0.0000000000000000        0.0000000000000000     
   0.0000000000000000        0.0000000000000000     
   0.0000000000000000        0.0000000000000000     
   0.0000000000000000        0.0000000000000000     
   0.0000000000000000        0.0000000000000000     
 comp:           2
   0.0000000000000000        0.0000000000000000     
   0.0000000000000000        0.0000000000000000     
   0.0000000000000000        0.0000000000000000     
   0.0000000000000000        0.0000000000000000     
   0.0000000000000000        0.0000000000000000     
   0.0000000000000000        0.0000000000000000     
   0.0000000000000000        0.0000000000000000     
   0.0000000000000000        0.0000000000000000     
   0.0000000000000000        0.0000000000000000     
   0.0000000000000000        0.0000000000000000     
 comp:           3
   1.0000000298789360       -276.25000825405607       -276.25000000000000     
   1.0000000028629925       -276.25000079090165       -276.25000000000000     
   1.0000000002851068       -276.25000007876076       -276.25000000000000     
   1.0000000000284988       -276.25000000787276       -276.25000000000000     
   1.0000000000028497       -276.25000000078722       -276.25000000000000     
   1.0000000000002849       -276.25000000007873       -276.25000000000000     
   1.0000000000000284       -276.25000000000784       -276.25000000000000     
   1.0000000000000029       -276.25000000000080       -276.25000000000000     
   1.0000000000000002       -276.25000000000006       -276.25000000000000     
   1.0000000000000000       -276.25000000000000       -276.25000000000000     
 
 part:           3
 comp:           0
  0.99999990228542102        199.06523652028227        199.06525597185995     
  0.99999996969849403        199.06524993988290        199.06525597185995     
  0.99999999043617149        199.06525406803399        199.06525597185995     
  0.99999999697623010        199.06525536993243        199.06525597185995     
  0.99999999904381831        199.06525578151741        199.06525597185995     
  0.99999999969762932        199.06525591166846        199.06525597185995     
  0.99999999990438204        199.06525595282574        199.06525597185995     
  0.99999999996976296        199.06525596584081        199.06525597185995     
  0.99999999999043798        199.06525596995650        199.06525597185995     
  0.99999999999697631        199.06525597125804        199.06525597185995     
 comp:           1
  0.99999985945237713        124.59623247925173        124.59624999095848     
  0.99999995641587391        124.59624456053982        124.59624999095848     
  0.99999998624388164        124.59624827699773        124.59624999095848     
  0.99999999565076536        124.59624944906015        124.59624999095848     
  0.99999999862467759        124.59624981959847        124.59624999095848     
  0.99999999956508567        124.59624993676979        124.59624999095848     
  0.99999999986246813        124.59624997382252        124.59624999095848     
  0.99999999995650857        124.59624998553961        124.59624999095848     
  0.99999999998624678        124.59624998924488        124.59624999095848     
  0.99999999999565081        124.59624999041660        124.59624999095848     
 comp:           2
  0.99999978375660570        88.410272037137418        88.410291155278870     
  0.99999993294244938        88.410285226701291        88.410291155278870     
  0.99999997883514724        88.410289284088080        88.410291155278870     
  0.99999999330836586        88.410290563669548        88.410291155278870     
  0.99999999788396010        88.410290968199163        88.410291155278870     
  0.99999999933085060        88.410291096119181        88.410291155278870     
  0.99999999978839638        88.410291136570933        88.410291155278870     
  0.99999999993308508        88.410291149362905        88.410291155278870     
  0.99999999997883959        88.410291153408068        88.410291155278870     
  0.99999999999330846        88.410291154687272        88.410291155278870     
 comp:           3
   1.0000000000000000        25.717135166490039        25.717135166490039     
   1.0000000000000000        25.717135166490039        25.717135166490039     
   1.0000000000000000        25.717135166490039        25.717135166490039     
   1.0000000000000000        25.717135166490039        25.717135166490039     
   1.0000000000000000        25.717135166490039        25.717135166490039     
   1.0000000000000000        25.717135166490039        25.717135166490039     
   1.0000000000000000        25.717135166490039        25.717135166490039     
   1.0000000000000000        25.717135166490039        25.717135166490039     
   1.0000000000000000        25.717135166490039        25.717135166490039     
   1.0000000000000000        25.717135166490039        25.717135166490039     
 
 part:           4
 comp:           0
  0.99999996561489857        133.33222899572326        133.33223358036562     
  0.99999998933710321        133.33223215865777        133.33223358036562     
  0.99999999663455297        133.33223313164305        133.33223358036562     
  0.99999999893595559        133.33223343849420        133.33223358036562     
  0.99999999966352615        133.33223353550281        133.33223358036562     
  0.99999999989359778        133.33223356617879        133.33223358036562     
  0.99999999996635258        133.33223357587934        133.33223358036562     
  0.99999999998935962        133.33223357894693        133.33223358036562     
  0.99999999999663503        133.33223357991696        133.33223358036562     
  0.99999999999893585        133.33223358022374        133.33223358036562     
 comp:           1
  0.99999945535148060        21.535334112238502        21.535345841432729     
  0.99999983110330370        21.535342204183962        21.535345841432729     
  0.99999994669245085        21.535344693436222        21.535345841432729     
  0.99999998314589711        21.535345478473793        21.535345841432729     
  0.99999999467036660        21.535345726657230        21.535345841432729     
  0.99999999831462516        21.535345805137599        21.535345841432729     
  0.99999999946703788        21.535345829955205        21.535345841432729     
  0.99999999983146248        21.535345837803217        21.535345841432729     
  0.99999999994670374        21.535345840284975        21.535345841432729     
  0.99999999998314615        21.535345841069777        21.535345841432729     
 comp:           2
  0.99999954285571691        28.011210726595131        28.011223531765832     
  0.99999985823855853        28.011219560854407        28.011223531765832     
  0.99999995525694008        28.011222278457979        28.011223531765832     
  0.99999998585370831        28.011223135510892        28.011223531765832     
  0.99999999552663532        28.011223406461415        28.011223531765832     
  0.99999999858540067        28.011223492141173        28.011223531765832     
  0.99999999955266450        28.011223519235418        28.011223531765832     
  0.99999999985854005        28.011223527803367        28.011223531765832     
  0.99999999995526634        28.011223530512787        28.011223531765832     
  0.99999999998585409        28.011223531369588        28.011223531765832     
 comp:           3
   1.0000000000000000        90.630201386030876        90.630201386030876     
   1.0000000000000000        90.630201386030876        90.630201386030876     
   1.0000000000000000        90.630201386030876        90.630201386030876     
   1.0000000000000000        90.630201386030876        90.630201386030876     
   1.0000000000000000        90.630201386030876        90.630201386030876     
   1.0000000000000000        90.630201386030876        90.630201386030876     
   1.0000000000000000        90.630201386030876        90.630201386030876     
   1.0000000000000000        90.630201386030876        90.630201386030876     
   1.0000000000000000        90.630201386030876        90.630201386030876     
   1.0000000000000000        90.630201386030876        90.630201386030876     
 
 part:           5
 comp:           0
   1.0484750527408950        1.6508115918871123E-004   1.5744881936595491E-004
   1.0046463317183363        1.5818037880938954E-004   1.5744881936595491E-004
   1.0004627121663670        1.5752167285025567E-004   1.5744881936595491E-004
   1.0000462520932212        1.5745610170342578E-004   1.5744881936595491E-004
   1.0000046250181747        1.5744954756960608E-004   1.5744881936595491E-004
   1.0000004624999059        1.5744889218601905E-004   1.5744881936595491E-004
   1.0000000462499719        1.5744882664795837E-004   1.5744881936595491E-004
   1.0000000046249973        1.5744882009415526E-004   1.5744881936595491E-004
   1.0000000004624992        1.5744881943877487E-004   1.5744881936595491E-004
   1.0000000000462494        1.5744881937323685E-004   1.5744881936595491E-004
 comp:           1
   4.8603250319105933E-005   0.0000000000000000     
   1.5071973986944710E-005   0.0000000000000000     
   4.7570497905011427E-006   0.0000000000000000     
   1.5040234919620642E-006   0.0000000000000000     
   4.7560489266060767E-007   0.0000000000000000     
   1.5039918507657533E-007   0.0000000000000000     
   4.7560389199072084E-008   0.0000000000000000     
   1.5039915376974608E-008   0.0000000000000000     
   4.7560387549426495E-009   0.0000000000000000     
   1.5039915934272809E-009   0.0000000000000000     
 comp:           2
   5.3061864693680853E-005   0.0000000000000000     
   1.6454600034178318E-005   0.0000000000000000     
   5.1934372838733595E-006   0.0000000000000000     
   1.6419949386643510E-006   0.0000000000000000     
   5.1923446058275878E-007   0.0000000000000000     
   1.6419603948660169E-007   0.0000000000000000     
   5.1923336811651854E-008   0.0000000000000000     
   1.6419600530784355E-008   0.0000000000000000     
   5.1923335010676196E-009   0.0000000000000000     
   1.6419601139206254E-009   0.0000000000000000     
 comp:           3
  0.94362760103650734        1.4857305170432641E-004   1.5744881936595491E-004
  0.99459987406773975        1.5659857591349306E-004   1.5744881936595491E-004
  0.99946225002382316        1.5736415126709180E-004   1.5744881936595491E-004
  0.99994624752500361        1.5744035610222874E-004   1.5744881936595491E-004
  0.99999462497762426        1.5744797307502779E-004   1.5744881936595491E-004
  0.99999946250001315        1.5744873473721657E-004   1.5744881936595491E-004
  0.99999994625002397        1.5744881090308464E-004   1.5744881936595491E-004
  0.99999999462500300        1.5744881851966798E-004   1.5744881936595491E-004
  0.99999999946249996        1.5744881928132616E-004   1.5744881936595491E-004
  0.99999999994624966        1.5744881935749198E-004   1.5744881936595491E-004
 
 part:           6
 comp:           0
   1.0000001092046831        220.10253448399934        220.10251044777445     
   1.0000000338646087        220.10251790145983        220.10251044777445     
   1.0000000106884228        220.10251280032313        220.10251044777445     
   1.0000000033793293        220.10251119157331        220.10251044777445     
   1.0000000010686174        220.10251068297981        220.10251044777445     
   1.0000000003379259        220.10251052215278        220.10251044777445     
   1.0000000001068616        220.10251047129495        220.10251044777445     
   1.0000000000337925        220.10251045521227        220.10251044777445     
   1.0000000000106859        220.10251045012646        220.10251044777445     
   1.0000000000033793        220.10251044851825        220.10251044777445     
 comp:           1
   1.0000001324994039       -146.13161519474056       -146.13159583239121     
   1.0000000410883527       -146.13160183669777       -146.13159583239121     
   1.0000000129683968       -146.13159772748372       -146.13159583239121     
   1.0000000041001824       -146.13159643155743       -146.13159583239121     
   1.0000000012965669       -146.13159602186059       -146.13159583239121     
   1.0000000004100096       -146.13159589230656       -146.13159583239121     
   1.0000000001296565       -146.13159585133812       -146.13159583239121     
   1.0000000000410010       -146.13159583838274       -146.13159583239121     
   1.0000000000129656       -146.13159583428589       -146.13159583239121     
   1.0000000000041001       -146.13159583299037       -146.13159583239121     
 comp:           2
   1.0000001815691248       -116.42153582559723       -116.42151468704469     
   1.0000000563049798       -116.42152124215572       -116.42151468704469     
   1.0000000177711021       -116.42151675598333       -116.42151468704469     
   1.0000000056186409       -116.42151534117536       -116.42151468704469     
   1.0000000017767363       -116.42151489389502       -116.42151468704469     
   1.0000000005618523       -116.42151475245639       -116.42151468704469     
   1.0000000001776732       -116.42151470772968       -116.42151468704469     
   1.0000000000561853       -116.42151469358586       -116.42151468704469     
   1.0000000000177673       -116.42151468911318       -116.42151468704469     
   1.0000000000056184       -116.42151468769880       -116.42151468704469     
 comp:           3
   1.0000000000000000       -116.34733655252089       -116.34733655252089     
   1.0000000000000000       -116.34733655252089       -116.34733655252089     
   1.0000000000000000       -116.34733655252089       -116.34733655252089     
   1.0000000000000000       -116.34733655252089       -116.34733655252089     
   1.0000000000000000       -116.34733655252089       -116.34733655252089     
   1.0000000000000000       -116.34733655252089       -116.34733655252089     
   1.0000000000000000       -116.34733655252089       -116.34733655252089     
   1.0000000000000000       -116.34733655252089       -116.34733655252089     
   1.0000000000000000       -116.34733655252089       -116.34733655252089     
   1.0000000000000000       -116.34733655252089       -116.34733655252089     
 
 part: i_fks+j_fks
 comp:           0
   1.0000000253778107        276.25032190826698        276.25031489763876     
   1.0000000024333644        276.25031556985641        276.25031489763876     
   1.0000000002423386        276.25031496458490        276.25031489763876     
   1.0000000000242237        276.25031490433059        276.25031489763876     
   1.0000000000024221        276.25031489830786        276.25031489763876     
   1.0000000000002420        276.25031489770561        276.25031489763876     
   1.0000000000000240        276.25031489764541        276.25031489763876     
   1.0000000000000022        276.25031489763938        276.25031489763876     
   1.0000000000000000        276.25031489763876        276.25031489763876     
   1.0000000000000000        276.25031489763876        276.25031489763876     
 comp:           1
   4.8603250319105933E-005   0.0000000000000000     
   1.5071973986944710E-005   0.0000000000000000     
   4.7570497905011427E-006   0.0000000000000000     
   1.5040234919620642E-006   0.0000000000000000     
   4.7560489266060767E-007   0.0000000000000000     
   1.5039918507657533E-007   0.0000000000000000     
   4.7560389199072084E-008   0.0000000000000000     
   1.5039915376974608E-008   0.0000000000000000     
   4.7560387549426495E-009   0.0000000000000000     
   1.5039915934272809E-009   0.0000000000000000     
 comp:           2
   5.3061864693680853E-005   0.0000000000000000     
   1.6454600034178318E-005   0.0000000000000000     
   5.1934372838733595E-006   0.0000000000000000     
   1.6419949386643510E-006   0.0000000000000000     
   5.1923446058275878E-007   0.0000000000000000     
   1.6419603948660169E-007   0.0000000000000000     
   5.1923336811651854E-008   0.0000000000000000     
   1.6419600530784355E-008   0.0000000000000000     
   5.1923335010676196E-009   0.0000000000000000     
   1.6419601139206254E-009   0.0000000000000000     
 comp:           3
  0.99999996562002380        276.25030540015950        276.25031489763876     
  0.99999999670738748        276.25031398805351        276.25031489763876     
  0.99999999967212549        276.25031480706332        276.25031489763876     
  0.99999999996722611        276.25031488858497        276.25031489763876     
  0.99999999999672273        276.25031489673341        276.25031489763876     
  0.99999999999967204        276.25031489754815        276.25031489763876     
  0.99999999999996703        276.25031489762966        276.25031489763876     
  0.99999999999999645        276.25031489763779        276.25031489763876     
  0.99999999999999933        276.25031489763859        276.25031489763876     
   1.0000000000000000        276.25031489763876        276.25031489763876     
     
 Collinear #          83
 
 part:           1
 comp:           0
  0.99999999878979773        276.25008433191260        276.25008466623109     
  0.99999999988448718        276.25008463432067        276.25008466623109     
  0.99999999998850087        276.25008466305445        276.25008466623109     
  0.99999999999885036        276.25008466591350        276.25008466623109     
  0.99999999999988476        276.25008466619926        276.25008466623109     
  0.99999999999998823        276.25008466622785        276.25008466623109     
  0.99999999999999878        276.25008466623075        276.25008466623109     
  0.99999999999999956        276.25008466623098        276.25008466623109     
  0.99999999999999978        276.25008466623103        276.25008466623109     
   1.0000000000000000        276.25008466623109        276.25008466623109     
 comp:           1
   0.0000000000000000        0.0000000000000000     
   0.0000000000000000        0.0000000000000000     
   0.0000000000000000        0.0000000000000000     
   0.0000000000000000        0.0000000000000000     
   0.0000000000000000        0.0000000000000000     
   0.0000000000000000        0.0000000000000000     
   0.0000000000000000        0.0000000000000000     
   0.0000000000000000        0.0000000000000000     
   0.0000000000000000        0.0000000000000000     
   0.0000000000000000        0.0000000000000000     
 comp:           2
   0.0000000000000000        0.0000000000000000     
   0.0000000000000000        0.0000000000000000     
   0.0000000000000000        0.0000000000000000     
   0.0000000000000000        0.0000000000000000     
   0.0000000000000000        0.0000000000000000     
   0.0000000000000000        0.0000000000000000     
   0.0000000000000000        0.0000000000000000     
   0.0000000000000000        0.0000000000000000     
   0.0000000000000000        0.0000000000000000     
   0.0000000000000000        0.0000000000000000     
 comp:           3
  0.99999999878979773        276.25008433191260        276.25008466623109     
  0.99999999988448718        276.25008463432067        276.25008466623109     
  0.99999999998850087        276.25008466305445        276.25008466623109     
  0.99999999999885036        276.25008466591350        276.25008466623109     
  0.99999999999988476        276.25008466619926        276.25008466623109     
  0.99999999999998823        276.25008466622785        276.25008466623109     
  0.99999999999999878        276.25008466623075        276.25008466623109     
  0.99999999999999956        276.25008466623098        276.25008466623109     
  0.99999999999999978        276.25008466623103        276.25008466623109     
   1.0000000000000000        276.25008466623109        276.25008466623109     
 
 part:           2
 comp:           0
   1.0000000160670450        276.25000443852116        276.25000000000000     
   1.0000000015395403        276.25000042529803        276.25000000000000     
   1.0000000001533129        276.25000004235272        276.25000000000000     
   1.0000000000153249        276.25000000423347        276.25000000000000     
   1.0000000000015323        276.25000000042331        276.25000000000000     
   1.0000000000001532        276.25000000004235        276.25000000000000     
   1.0000000000000153        276.25000000000421        276.25000000000000     
   1.0000000000000013        276.25000000000040        276.25000000000000     
   1.0000000000000000        276.25000000000000        276.25000000000000     
   1.0000000000000000        276.25000000000000        276.25000000000000     
 comp:           1
   0.0000000000000000        0.0000000000000000     
   0.0000000000000000        0.0000000000000000     
   0.0000000000000000        0.0000000000000000     
   0.0000000000000000        0.0000000000000000     
   0.0000000000000000        0.0000000000000000     
   0.0000000000000000        0.0000000000000000     
   0.0000000000000000        0.0000000000000000     
   0.0000000000000000        0.0000000000000000     
   0.0000000000000000        0.0000000000000000     
   0.0000000000000000        0.0000000000000000     
 comp:           2
   0.0000000000000000        0.0000000000000000     
   0.0000000000000000        0.0000000000000000     
   0.0000000000000000        0.0000000000000000     
   0.0000000000000000        0.0000000000000000     
   0.0000000000000000        0.0000000000000000     
   0.0000000000000000        0.0000000000000000     
   0.0000000000000000        0.0000000000000000     
   0.0000000000000000        0.0000000000000000     
   0.0000000000000000        0.0000000000000000     
   0.0000000000000000        0.0000000000000000     
 comp:           3
   1.0000000160670450       -276.25000443852116       -276.25000000000000     
   1.0000000015395403       -276.25000042529803       -276.25000000000000     
   1.0000000001533129       -276.25000004235272       -276.25000000000000     
   1.0000000000153249       -276.25000000423347       -276.25000000000000     
   1.0000000000015323       -276.25000000042331       -276.25000000000000     
   1.0000000000001532       -276.25000000004235       -276.25000000000000     
   1.0000000000000153       -276.25000000000421       -276.25000000000000     
   1.0000000000000013       -276.25000000000040       -276.25000000000000     
   1.0000000000000000       -276.25000000000000       -276.25000000000000     
   1.0000000000000000       -276.25000000000000       -276.25000000000000     
 
 part:           3
 comp:           0
   1.0000000441725752        208.49089169480681        208.49088248522762     
   1.0000000136980116        208.49088534113812        208.49088248522762     
   1.0000000043233965        208.49088338661639        208.49088248522762     
   1.0000000013669164        208.49088277021721        208.49088248522762     
   1.0000000004322487        208.49088257534754        208.49088248522762     
   1.0000000001366889        208.49088251372598        208.49088248522762     
   1.0000000000432248        208.49088249423960        208.49088248522762     
   1.0000000000136688        208.49088248807746        208.49088248522762     
   1.0000000000043225        208.49088248612881        208.49088248522762     
   1.0000000000013669        208.49088248551260        208.49088248522762     
 comp:           1
   1.0000001103461644        119.48196546756729        119.48195228319213     
   1.0000000342185862        119.48195637169560        119.48195228319213     
   1.0000000108001459        119.48195357361463        119.48195228319213     
   1.0000000034146526        119.48195269118149        119.48195228319213     
   1.0000000010797874        119.48195241220724        119.48195228319213     
   1.0000000003414582        119.48195232399021        119.48195228319213     
   1.0000000001079785        119.48195229609361        119.48195228319213     
   1.0000000000341458        119.48195228727194        119.48195228319213     
   1.0000000000107978        119.48195228448228        119.48195228319213     
   1.0000000000034146        119.48195228360011        119.48195228319213     
 comp:           2
   1.0000001142004524       -54.949192774067676       -54.949186498845712     
   1.0000000354138092       -54.949188444805721       -54.949186498845712     
   1.0000000111773848       -54.949187113033915       -54.949186498845712     
   1.0000000035339232       -54.949186693031919       -54.949186498845712     
   1.0000000011175034       -54.949186560251611       -54.949186498845712     
   1.0000000003533849       -54.949186518263922       -54.949186498845712     
   1.0000000001117499       -54.949186504986287       -54.949186498845712     
   1.0000000000353384       -54.949186500787533       -54.949186498845712     
   1.0000000000111751       -54.949186499459771       -54.949186498845712     
   1.0000000000035338       -54.949186499039897       -54.949186498845712     
 comp:           3
   1.0000000000000000        102.70393401024646        102.70393401024646     
   1.0000000000000000        102.70393401024646        102.70393401024646     
   1.0000000000000000        102.70393401024646        102.70393401024646     
   1.0000000000000000        102.70393401024646        102.70393401024646     
   1.0000000000000000        102.70393401024646        102.70393401024646     
   1.0000000000000000        102.70393401024646        102.70393401024646     
   1.0000000000000000        102.70393401024646        102.70393401024646     
   1.0000000000000000        102.70393401024646        102.70393401024646     
   1.0000000000000000        102.70393401024646        102.70393401024646     
   1.0000000000000000        102.70393401024646        102.70393401024646     
 
 part:           4
 comp:           0
  0.99999998915736810        197.33015801331800        197.33016015289630     
  0.99999999663767558        197.33015948940829        197.33016015289630     
  0.99999999893877556        197.33015994348472        197.33016015289630     
  0.99999999966447550        197.33016008668719        197.33016015289630     
  0.99999999989389998        197.33016013195956        197.33016015289630     
  0.99999999996644817        197.33016014627552        197.33016015289630     
  0.99999999998939004        197.33016015080264        197.33016015289630     
  0.99999999999664479        197.33016015223421        197.33016015289630     
  0.99999999999893907        197.33016015268694        197.33016015289630     
  0.99999999999966460        197.33016015283010        197.33016015289630     
 comp:           1
  0.99999982500827667       -71.309658589833944       -71.309671068436174     
  0.99999994573468431       -71.309667198794358       -71.309671068436174     
  0.99999998287266090       -71.309669847091257       -71.309671068436174     
  0.99999999458489564       -71.309670682286864       -71.309671068436174     
  0.99999999828762631       -71.309670946327373       -71.309671068436174     
  0.99999999945850093       -71.309671029822056       -71.309671068436174     
  0.99999999982876309       -71.309671056225326       -71.309671068436174     
  0.99999999994584998       -71.309671064574758       -71.309671068436174     
  0.99999999998287636       -71.309671067215092       -71.309671068436174     
  0.99999999999458511       -71.309671068050037       -71.309671068436174     
 comp:           2
   1.0000000754323823       -78.736787072265486       -78.736781132962506     
   1.0000000233917465       -78.736782974753339       -78.736781132962506     
   1.0000000073829549       -78.736781714272610       -78.736781132962506     
   1.0000000023342488       -78.736781316753735       -78.736781132962506     
   1.0000000007381402       -78.736781191081292       -78.736781132962506     
   1.0000000002334200       -78.736781151341248       -78.736781132962506     
   1.0000000000738138       -78.736781138774376       -78.736781132962506     
   1.0000000000233420       -78.736781134800381       -78.736781132962506     
   1.0000000000073814       -78.736781133543687       -78.736781132962506     
   1.0000000000023341       -78.736781133146295       -78.736781132962506     
 comp:           3
   1.0000000000000000       -139.06613847698185       -139.06613847698185     
   1.0000000000000000       -139.06613847698185       -139.06613847698185     
   1.0000000000000000       -139.06613847698185       -139.06613847698185     
   1.0000000000000000       -139.06613847698185       -139.06613847698185     
   1.0000000000000000       -139.06613847698185       -139.06613847698185     
   1.0000000000000000       -139.06613847698185       -139.06613847698185     
   1.0000000000000000       -139.06613847698185       -139.06613847698185     
   1.0000000000000000       -139.06613847698185       -139.06613847698185     
   1.0000000000000000       -139.06613847698185       -139.06613847698185     
   1.0000000000000000       -139.06613847698185       -139.06613847698185     
 
 part:           5
 comp:           0
   1.0484750668649372        8.8770432256172254E-005   8.4666231045060707E-005
   1.0046463331344013        8.5059618559730251E-005   8.4666231045060707E-005
   1.0004627123079799        8.4705407152235520E-005   8.4666231045060707E-005
   1.0000462521073825        8.4670147036670668E-005   8.4666231045060707E-005
   1.0000046250195911        8.4666622628038000E-005   8.4666231045060707E-005
   1.0000004625000474        8.4666270203196574E-005   8.4666231045060707E-005
   1.0000000462499858        8.4666234960872690E-005   8.4666231045060707E-005
   1.0000000046249984        8.4666231436641897E-005   8.4666231045060707E-005
   1.0000000004624994        8.4666231084218782E-005   8.4666231045060707E-005
   1.0000000000462497        8.4666231048976493E-005   8.4666231045060707E-005
 comp:           1
  -3.4938540398885373E-005  -0.0000000000000000     
  -1.0834517683834876E-005  -0.0000000000000000     
  -3.4196144546903225E-006  -0.0000000000000000     
  -1.0811702000385476E-006  -0.0000000000000000     
  -3.4188949819473349E-007  -0.0000000000000000     
  -1.0811474547098215E-007  -0.0000000000000000     
  -3.4188877886145349E-008  -0.0000000000000000     
  -1.0811472296601381E-008  -0.0000000000000000     
  -3.4188876700294631E-009  -0.0000000000000000     
  -1.0811472697216283E-009  -0.0000000000000000     
 comp:           2
   1.6629312590897936E-005   0.0000000000000000     
   5.1567861530314406E-006   0.0000000000000000     
   1.6275962606958965E-006   0.0000000000000000     
   5.1459268232562566E-007   0.0000000000000000     
   1.6272538211718876E-007   0.0000000000000000     
   5.1458185648181394E-008   0.0000000000000000     
   1.6272503974404339E-008   0.0000000000000000     
   5.1458174936739269E-009   0.0000000000000000     
   1.6272503409988026E-009   0.0000000000000000     
   5.1458176843501928E-010   0.0000000000000000     
 comp:           3
  0.94362758898492116        7.9893391469490913E-005   8.4666231045060707E-005
  0.99459987285019791        8.4209022632122853E-005   8.4666231045060707E-005
  0.99946224990197963        8.4620701771017206E-005   8.4666231045060707E-005
  0.99994624751281846        8.4661680024561748E-005   8.4666231045060707E-005
  0.99999462497640568        8.4665775962071199E-005   8.4666231045060707E-005
  0.99999946249989113        8.4666185536952303E-005   8.4666231045060707E-005
  0.99999994625001165        8.4666226494251772E-005   8.4666231045060707E-005
  0.99999999462500144        8.4666230589979842E-005   8.4666231045060707E-005
  0.99999999946249973        8.4666230999552581E-005   8.4666231045060707E-005
  0.99999999994624977        8.4666231040509877E-005   8.4666231045060707E-005
 
 part:           6
 comp:           0
  0.99999995179949697        146.67895029187659        146.67895736187612     
  0.99999998505291809        146.67895516945373        146.67895736187612     
  0.99999999528236883        146.67895666989889        146.67895736187612     
  0.99999999850843924        146.67895714309554        146.67895736187612     
  0.99999999952833618        146.67895729269296        146.67895736187612     
  0.99999999985084720        146.67895733999853        146.67895736187612     
  0.99999999995283373        146.67895735495782        146.67895736187612     
  0.99999999998508471        146.67895735968835        146.67895736187612     
  0.99999999999528333        146.67895736118427        146.67895736187612     
  0.99999999999850853        146.67895736165735        146.67895736187612     
 comp:           1
  0.99999980745020245       -48.172271939192960       -48.172281214755955     
  0.99999994028988626       -48.172278338383563       -48.172281214755955     
  0.99999998115416167       -48.172280306908931       -48.172281214755955     
  0.99999999404156237       -48.172280927724422       -48.172281214755955     
  0.99999999811581264       -48.172281123990352       -48.172281214755955     
  0.99999999940416873       -48.172281186053404       -48.172281214755955     
  0.99999999981158161       -48.172281205679411       -48.172281214755955     
  0.99999999994041699       -48.172281211885704       -48.172281214755955     
  0.99999999998115818       -48.172281213848301       -48.172281214755955     
  0.99999999999404177       -48.172281214468931       -48.172281214755955     
 comp:           2
  0.99999996697643201        133.68596321702057        133.68596763180821     
  0.99999998975931925        133.68596626277289        133.68596763180821     
  0.99999999676781370        133.68596719971026        133.68596763180821     
  0.99999999897808856        133.68596749519298        133.68596763180821     
  0.99999999967684927        133.68596758860750        133.68596763180821     
  0.99999999989781096        133.68596761814698        133.68596763180821     
  0.99999999996768496        133.68596762748814        133.68596763180821     
  0.99999999998978117        133.68596763044209        133.68596763180821     
  0.99999999999676847        133.68596763137620        133.68596763180821     
  0.99999999999897804        133.68596763167159        133.68596763180821     
 comp:           3
   1.0000000000000000        36.362204466735385        36.362204466735385     
   1.0000000000000000        36.362204466735385        36.362204466735385     
   1.0000000000000000        36.362204466735385        36.362204466735385     
   1.0000000000000000        36.362204466735385        36.362204466735385     
   1.0000000000000000        36.362204466735385        36.362204466735385     
   1.0000000000000000        36.362204466735385        36.362204466735385     
   1.0000000000000000        36.362204466735385        36.362204466735385     
   1.0000000000000000        36.362204466735385        36.362204466735385     
   1.0000000000000000        36.362204466735385        36.362204466735385     
   1.0000000000000000        36.362204466735385        36.362204466735385     
 
 part: i_fks+j_fks
 comp:           0
   1.0000000136466258        276.25017310234483        276.25016933246212     
   1.0000000013085137        276.25016969393926        276.25016933246212     
   1.0000000001303149        276.25016936846163        276.25016933246212     
   1.0000000000130260        276.25016933606054        276.25016933246212     
   1.0000000000013023        276.25016933282188        276.25016933246212     
   1.0000000000001301        276.25016933249805        276.25016933246212     
   1.0000000000000129        276.25016933246570        276.25016933246212     
   1.0000000000000011        276.25016933246241        276.25016933246212     
   1.0000000000000000        276.25016933246212        276.25016933246212     
   1.0000000000000000        276.25016933246212        276.25016933246212     
 comp:           1
  -3.4938540398885373E-005   0.0000000000000000     
  -1.0834517683834876E-005   0.0000000000000000     
  -3.4196144546903225E-006   0.0000000000000000     
  -1.0811702000385476E-006   0.0000000000000000     
  -3.4188949819473349E-007   0.0000000000000000     
  -1.0811474547098215E-007   0.0000000000000000     
  -3.4188877886145349E-008   0.0000000000000000     
  -1.0811472296601381E-008   0.0000000000000000     
  -3.4188876700294631E-009   0.0000000000000000     
  -1.0811472697216283E-009   0.0000000000000000     
 comp:           2
   1.6629312590897936E-005   0.0000000000000000     
   5.1567861530314406E-006   0.0000000000000000     
   1.6275962606958965E-006   0.0000000000000000     
   5.1459268232562566E-007   0.0000000000000000     
   1.6272538211718876E-007   0.0000000000000000     
   5.1458185648181394E-008   0.0000000000000000     
   1.6272503974404339E-008   0.0000000000000000     
   5.1458174936739269E-009   0.0000000000000000     
   1.6272503409988026E-009   0.0000000000000000     
   5.1458176843501928E-010   0.0000000000000000     
 comp:           3
  0.99999998151256131        276.25016422530405        276.25016933246212     
  0.99999999822943531        276.25016884334332        276.25016933246212     
  0.99999999982368926        276.25016928375624        276.25016933246212     
  0.99999999998237621        276.25016932759354        276.25016933246212     
  0.99999999999823741        276.25016933197520        276.25016933246212     
  0.99999999999982370        276.25016933241341        276.25016933246212     
  0.99999999999998235        276.25016933245723        276.25016933246212     
  0.99999999999999789        276.25016933246155        276.25016933246212     
  0.99999999999999956        276.25016933246201        276.25016933246212     
   1.0000000000000000        276.25016933246212        276.25016933246212     
     
 Collinear #          34
 
 part:           1
 comp:           0
   1.0000000000000000        325.00000000000000        325.00000000000000     
   1.0000000000000000        325.00000000000000        325.00000000000000     
   1.0000000000000000        325.00000000000000        325.00000000000000     
   1.0000000000000000        325.00000000000000        325.00000000000000     
   1.0000000000000000        325.00000000000000        325.00000000000000     
   1.0000000000000000        325.00000000000000        325.00000000000000     
   1.0000000000000000        325.00000000000000        325.00000000000000     
   1.0000000000000000        325.00000000000000        325.00000000000000     
   1.0000000000000000        325.00000000000000        325.00000000000000     
   1.0000000000000000        325.00000000000000        325.00000000000000     
 comp:           1
   0.0000000000000000        0.0000000000000000     
   0.0000000000000000        0.0000000000000000     
   0.0000000000000000        0.0000000000000000     
   0.0000000000000000        0.0000000000000000     
   0.0000000000000000        0.0000000000000000     
   0.0000000000000000        0.0000000000000000     
   0.0000000000000000        0.0000000000000000     
   0.0000000000000000        0.0000000000000000     
   0.0000000000000000        0.0000000000000000     
   0.0000000000000000        0.0000000000000000     
 comp:           2
   0.0000000000000000        0.0000000000000000     
   0.0000000000000000        0.0000000000000000     
   0.0000000000000000        0.0000000000000000     
   0.0000000000000000        0.0000000000000000     
   0.0000000000000000        0.0000000000000000     
   0.0000000000000000        0.0000000000000000     
   0.0000000000000000        0.0000000000000000     
   0.0000000000000000        0.0000000000000000     
   0.0000000000000000        0.0000000000000000     
   0.0000000000000000        0.0000000000000000     
 comp:           3
   1.0000000000000000        325.00000000000000        325.00000000000000     
   1.0000000000000000        325.00000000000000        325.00000000000000     
   1.0000000000000000        325.00000000000000        325.00000000000000     
   1.0000000000000000        325.00000000000000        325.00000000000000     
   1.0000000000000000        325.00000000000000        325.00000000000000     
   1.0000000000000000        325.00000000000000        325.00000000000000     
   1.0000000000000000        325.00000000000000        325.00000000000000     
   1.0000000000000000        325.00000000000000        325.00000000000000     
   1.0000000000000000        325.00000000000000        325.00000000000000     
   1.0000000000000000        325.00000000000000        325.00000000000000     
 
 part:           2
 comp:           0
   1.0000000000000000        325.00000000000000        325.00000000000000     
   1.0000000000000000        325.00000000000000        325.00000000000000     
   1.0000000000000000        325.00000000000000        325.00000000000000     
   1.0000000000000000        325.00000000000000        325.00000000000000     
   1.0000000000000000        325.00000000000000        325.00000000000000     
   1.0000000000000000        325.00000000000000        325.00000000000000     
   1.0000000000000000        325.00000000000000        325.00000000000000     
   1.0000000000000000        325.00000000000000        325.00000000000000     
   1.0000000000000000        325.00000000000000        325.00000000000000     
   1.0000000000000000        325.00000000000000        325.00000000000000     
 comp:           1
  -0.0000000000000000       -0.0000000000000000     
  -0.0000000000000000       -0.0000000000000000     
  -0.0000000000000000       -0.0000000000000000     
  -0.0000000000000000       -0.0000000000000000     
  -0.0000000000000000       -0.0000000000000000     
  -0.0000000000000000       -0.0000000000000000     
  -0.0000000000000000       -0.0000000000000000     
  -0.0000000000000000       -0.0000000000000000     
  -0.0000000000000000       -0.0000000000000000     
  -0.0000000000000000       -0.0000000000000000     
 comp:           2
  -0.0000000000000000       -0.0000000000000000     
  -0.0000000000000000       -0.0000000000000000     
  -0.0000000000000000       -0.0000000000000000     
  -0.0000000000000000       -0.0000000000000000     
  -0.0000000000000000       -0.0000000000000000     
  -0.0000000000000000       -0.0000000000000000     
  -0.0000000000000000       -0.0000000000000000     
  -0.0000000000000000       -0.0000000000000000     
  -0.0000000000000000       -0.0000000000000000     
  -0.0000000000000000       -0.0000000000000000     
 comp:           3
   1.0000000000000000       -325.00000000000000       -325.00000000000000     
   1.0000000000000000       -325.00000000000000       -325.00000000000000     
   1.0000000000000000       -325.00000000000000       -325.00000000000000     
   1.0000000000000000       -325.00000000000000       -325.00000000000000     
   1.0000000000000000       -325.00000000000000       -325.00000000000000     
   1.0000000000000000       -325.00000000000000       -325.00000000000000     
   1.0000000000000000       -325.00000000000000       -325.00000000000000     
   1.0000000000000000       -325.00000000000000       -325.00000000000000     
   1.0000000000000000       -325.00000000000000       -325.00000000000000     
   1.0000000000000000       -325.00000000000000       -325.00000000000000     
 
 part:           3
 comp:           0
   1.0000000169912502        176.10470030588465        176.10469731364569     
   1.0000000016991248        176.10469761286956        176.10469731364569     
   1.0000000001699125        176.10469734356806        176.10469731364569     
   1.0000000000169913        176.10469731663792        176.10469731364569     
   1.0000000000016991        176.10469731394491        176.10469731364569     
   1.0000000000001699        176.10469731367562        176.10469731364569     
   1.0000000000000169        176.10469731364867        176.10469731364569     
   1.0000000000000016        176.10469731364597        176.10469731364569     
   1.0000000000000000        176.10469731364569        176.10469731364569     
   1.0000000000000000        176.10469731364569        176.10469731364569     
 comp:           1
   1.0000000634921402       -47.691939798283506       -47.691936770220373     
   1.0000000063492136       -47.691937073026665       -47.691936770220373     
   1.0000000006349214       -47.691936800501004       -47.691936770220373     
   1.0000000000634923       -47.691936773248443       -47.691936770220373     
   1.0000000000063491       -47.691936770523171       -47.691936770220373     
   1.0000000000006350       -47.691936770250656       -47.691936770220373     
   1.0000000000000631       -47.691936770223386       -47.691936770220373     
   1.0000000000000062       -47.691936770220671       -47.691936770220373     
   1.0000000000000004       -47.691936770220394       -47.691936770220373     
   1.0000000000000000       -47.691936770220373       -47.691936770220373     
 comp:           2
   1.0000000369315174       -97.274192603312756       -97.274189010829360     
   1.0000000036931513       -97.274189370077664       -97.274189010829360     
   1.0000000003693150       -97.274189046754188       -97.274189010829360     
   1.0000000000369316       -97.274189014421850       -97.274189010829360     
   1.0000000000036930       -97.274189011188597       -97.274189010829360     
   1.0000000000003693       -97.274189010865285       -97.274189010829360     
   1.0000000000000369       -97.274189010832941       -97.274189010829360     
   1.0000000000000036       -97.274189010829716       -97.274189010829360     
   1.0000000000000002       -97.274189010829389       -97.274189010829360     
   1.0000000000000000       -97.274189010829360       -97.274189010829360     
 comp:           3
   1.0000000090595846       -60.424132608387225       -60.424132060969690     
   1.0000000009059584       -60.424132115711437       -60.424132060969690     
   1.0000000000905960       -60.424132066443867       -60.424132060969690     
   1.0000000000090596       -60.424132061517106       -60.424132060969690     
   1.0000000000009059       -60.424132061024430       -60.424132060969690     
   1.0000000000000906       -60.424132060975168       -60.424132060969690     
   1.0000000000000091       -60.424132060970237       -60.424132060969690     
   1.0000000000000009       -60.424132060969747       -60.424132060969690     
   1.0000000000000002       -60.424132060969697       -60.424132060969690     
   1.0000000000000000       -60.424132060969690       -60.424132060969690     
 
 part:           4
 comp:           0
  0.99999997485425052        302.29524960698319        302.29525720842400     
  0.99999999748542523        302.29525644827999        302.29525720842400     
  0.99999999974854248        302.29525713240957        302.29525720842400     
  0.99999999997485423        302.29525720082256        302.29525720842400     
  0.99999999999748557        302.29525720766389        302.29525720842400     
  0.99999999999974842        302.29525720834795        302.29525720842400     
  0.99999999999997502        302.29525720841644        302.29525720842400     
  0.99999999999999756        302.29525720842327        302.29525720842400     
  0.99999999999999967        302.29525720842389        302.29525720842400     
   1.0000000000000000        302.29525720842400        302.29525720842400     
 comp:           1
  0.99999996700660154        157.54268550073098        157.54269069859976     
  0.99999999670066031        157.54269017881290        157.54269069859976     
  0.99999999967006614        157.54269064662108        157.54269069859976     
  0.99999999996700650        157.54269069340188        157.54269069859976     
  0.99999999999670075        157.54269069807998        157.54269069859976     
  0.99999999999967004        157.54269069854777        157.54269069859976     
  0.99999999999996714        157.54269069859458        157.54269069859976     
  0.99999999999999678        157.54269069859924        157.54269069859976     
  0.99999999999999978        157.54269069859973        157.54269069859976     
   1.0000000000000000        157.54269069859976        157.54269069859976     
 comp:           2
  0.99999997290547793        227.60072887488505        227.60073504161818     
  0.99999999729054800        227.60073442494490        227.60073504161818     
  0.99999999972905484        227.60073497995086        227.60073504161818     
  0.99999999997290545        227.60073503545144        227.60073504161818     
  0.99999999999729061        227.60073504100151        227.60073504161818     
  0.99999999999972899        227.60073504155650        227.60073504161818     
  0.99999999999997302        227.60073504161204        227.60073504161818     
  0.99999999999999734        227.60073504161758        227.60073504161818     
  0.99999999999999978        227.60073504161812        227.60073504161818     
   1.0000000000000000        227.60073504161818        227.60073504161818     
 comp:           3
  0.99999998829544468        80.283105643635409        80.283106583313469     
  0.99999999882954460        80.283106489345670        80.283106583313469     
  0.99999999988295440        80.283106573916683        80.283106583313469     
  0.99999999998829547        80.283106582373790        80.283106583313469     
  0.99999999999882960        80.283106583219507        80.283106583313469     
  0.99999999999988298        80.283106583304075        80.283106583313469     
  0.99999999999998834        80.283106583312531        80.283106583313469     
  0.99999999999999889        80.283106583313383        80.283106583313469     
  0.99999999999999978        80.283106583313455        80.283106583313469     
   1.0000000000000000        80.283106583313469        80.283106583313469     
 
 part:           5
 comp:           0
   1.0000000268601703        171.59987549602999        171.59987088682826     
   1.0000000026860170        171.59987134774843        171.59987088682826     
   1.0000000002686018        171.59987093292028        171.59987088682826     
   1.0000000000268603        171.59987089143746        171.59987088682826     
   1.0000000000026861        171.59987088728917        171.59987088682826     
   1.0000000000002687        171.59987088687436        171.59987088682826     
   1.0000000000000271        171.59987088683289        171.59987088682826     
   1.0000000000000027        171.59987088682871        171.59987088682826     
   1.0000000000000002        171.59987088682831        171.59987088682826     
   1.0000000000000000        171.59987088682826        171.59987088682826     
 comp:           1
  0.99999986082062076       -109.85062687393922       -109.85064216288340     
  0.99999994895054489       -109.85063655506798       -109.85064216288340     
  0.99999998323757311       -109.85064032152005       -109.85064216288340     
  0.99999999463996248       -109.85064157407984       -109.85064216288340     
  0.99999999829916730       -109.85064197604584       -109.85064216288340     
  0.99999999946154794       -109.85064210373410       -109.85064216288340     
  0.99999999982967425       -109.85064214417301       -109.85064216288340     
  0.99999999994613242       -109.85064215696602       -109.85064216288340     
  0.99999999998296507       -109.85064216101210       -109.85064216288340     
  0.99999999999461298       -109.85064216229163       -109.85064216288340     
 comp:           2
   1.0000002257217171       -130.32644285010136       -130.32641343259954     
   1.0000000670437379       -130.32642217016945       -130.32641343259954     
   1.0000000206662722       -130.32641612596069       -130.32641343259954     
   1.0000000064786241       -130.32641427693537       -130.32641343259954     
   1.0000000020429514       -130.32641369885005       -130.32641343259954     
   1.0000000006454819       -130.32641351672288       -130.32641343259954     
   1.0000000002040548       -130.32641345919328       -130.32641343259954     
   1.0000000000645217       -130.32641344100841       -130.32641343259954     
   1.0000000000204032       -130.32641343525862       -130.32641343259954     
   1.0000000000064520       -130.32641343344039       -130.32641343259954     
 comp:           3
  0.99999654280560146       -19.858885660953852       -19.858954317219478     
  0.99999887513906149       -19.858931978657488       -19.858954317219478     
  0.99999964290155463       -19.858947225617765       -19.858954317219478     
  0.99999988699200659       -19.858952072998900       -19.858954317219478     
  0.99999996425725313       -19.858953607405901       -19.858954317219478     
  0.99999998869613405       -19.858954092736521       -19.858954317219478     
  0.99999999642546300       -19.858954246232912       -19.858954317219478     
  0.99999999886962621       -19.858954294771436       -19.858954317219478     
  0.99999999964254405       -19.858954310120776       -19.858954317219478     
  0.99999999988696231       -19.858954314974667       -19.858954317219478     
 
 part:           6
 comp:           0
   1.0000000000000000        1.7459110209353126E-004   1.7459110209353126E-004
   1.0000000000000000        1.7459110209353126E-004   1.7459110209353126E-004
   1.0000000000000000        1.7459110209353126E-004   1.7459110209353126E-004
   1.0000000000000000        1.7459110209353126E-004   1.7459110209353126E-004
   1.0000000000000000        1.7459110209353126E-004   1.7459110209353126E-004
   1.0000000000000000        1.7459110209353126E-004   1.7459110209353126E-004
   1.0000000000000000        1.7459110209353126E-004   1.7459110209353126E-004
   1.0000000000000000        1.7459110209353126E-004   1.7459110209353126E-004
   1.0000000000000000        1.7459110209353126E-004   1.7459110209353126E-004
   1.0000000000000000        1.7459110209353126E-004   1.7459110209353126E-004
 comp:           1
   1.0631949267249676       -1.1882850831583466E-004  -1.1176549598658288E-004
   1.0428148441822023       -1.1655071828219498E-004  -1.1176549598658288E-004
   1.0157392407977814       -1.1352460004079920E-004  -1.1176549598658288E-004
   1.0051946053132335       -1.1234607362587096E-004  -1.1176549598658288E-004
   1.0016643328117976       -1.1195151096878017E-004  -1.1176549598658288E-004
   1.0005284908628380       -1.1182456302999236E-004  -1.1176549598658288E-004
   1.0001673342425981       -1.1178419818120239E-004  -1.1176549598658288E-004
   1.0000529373578584       -1.1177141255664013E-004  -1.1176549598658288E-004
   1.0000167424247342       -1.1176736721198731E-004  -1.1176549598658288E-004
   1.0000052946355049       -1.1176608774414616E-004  -1.1176549598658288E-004
 comp:           2
  0.70454560099881147       -9.3421470928150573E-005  -1.3259818923815574E-004
  0.92674491614543864       -1.2288469776655165E-004  -1.3259818923815574E-004
  0.97895179925173526       -1.2980723593221464E-004  -1.3259818923815574E-004
  0.99355877285640049       -1.3174409418244279E-004  -1.3259818923815574E-004
  0.99798469015359548       -1.3233096280176868E-004  -1.3259818923815574E-004
  0.99936484078760046       -1.3251396827671362E-004  -1.3259818923815574E-004
  0.99979936784528312       -1.3257158577773733E-004  -1.3259818923815574E-004
  0.99993657616296561       -1.3258977935221044E-004  -1.3259818923815574E-004
  0.99997994578392002       -1.3259553008541694E-004  -1.3259818923815574E-004
  0.99999365851662902       -1.3259734836894367E-004  -1.3259818923815574E-004
 comp:           3
   4.3243631196555334       -8.7374294339285998E-005  -2.0205124297296753E-005
   2.0982289501555997       -4.2394976742080365E-005  -2.0205124297296753E-005
   1.3502443566971505       -2.7281855058789420E-005  -2.0205124297296753E-005
   1.1109982524542472       -2.2447857784917543E-005  -2.0205124297296753E-005
   1.0351230144194743       -2.0914789169337978E-005  -2.0205124297296753E-005
   1.0111094632524675       -2.0429592383189109E-005  -2.0205124297296753E-005
   1.0035132217848679       -2.0276109380143981E-005  -2.0205124297296753E-005
   1.0011109999288863       -2.0227572188954188E-005  -2.0205124297296753E-005
   1.0003513311888050       -2.0212222987636076E-005  -2.0205124297296753E-005
   1.0001111008870278       -2.0207369104528691E-005  -2.0205124297296753E-005
 
 part: i_fks+j_fks
 comp:           0
   1.0000000268601428        171.60005008713208        171.60004547793034     
   1.0000000026860143        171.60004593885051        171.60004547793034     
   1.0000000002686016        171.60004552402236        171.60004547793034     
   1.0000000000268601        171.60004548253954        171.60004547793034     
   1.0000000000026861        171.60004547839125        171.60004547793034     
   1.0000000000002687        171.60004547797644        171.60004547793034     
   1.0000000000000271        171.60004547793497        171.60004547793034     
   1.0000000000000027        171.60004547793079        171.60004547793034     
   1.0000000000000002        171.60004547793039        171.60004547793034     
   1.0000000000000000        171.60004547793034        171.60004547793034     
 comp:           1
  0.99999992511720170       -109.85074570244754       -109.85075392837939     
  0.99999999251172078       -109.85075310578627       -109.85075392837939     
  0.99999999925117211       -109.85075384612009       -109.85075392837939     
  0.99999999992511723       -109.85075392015347       -109.85075392837939     
  0.99999999999251188       -109.85075392755681       -109.85075392837939     
  0.99999999999925127       -109.85075392829714       -109.85075392837939     
  0.99999999999992539       -109.85075392837119       -109.85075392837939     
  0.99999999999999267       -109.85075392837858       -109.85075392837939     
  0.99999999999999933       -109.85075392837932       -109.85075392837939     
  0.99999999999999989       -109.85075392837938       -109.85075392837939     
 comp:           2
  0.99999992511720148       -130.32653627157228       -130.32654603078876     
  0.99999999251172089       -130.32654505486721       -130.32654603078876     
  0.99999999925117222       -130.32654593319663       -130.32654603078876     
  0.99999999992511723       -130.32654602102954       -130.32654603078876     
  0.99999999999251177       -130.32654602981285       -130.32654603078876     
  0.99999999999925115       -130.32654603069116       -130.32654603078876     
  0.99999999999992539       -130.32654603077904       -130.32654603078876     
  0.99999999999999234       -130.32654603078777       -130.32654603078876     
  0.99999999999999956       -130.32654603078871       -130.32654603078876     
   1.0000000000000000       -130.32654603078876       -130.32654603078876     
 comp:           3
  0.99999992511720170       -19.858973035248191       -19.858974522343775     
  0.99999999251172078       -19.858974373634229       -19.858974522343775     
  0.99999999925117222       -19.858974507472823       -19.858974522343775     
  0.99999999992511746       -19.858974520856684       -19.858974522343775     
  0.99999999999251188       -19.858974522195069       -19.858974522343775     
  0.99999999999925115       -19.858974522328904       -19.858974522343775     
  0.99999999999992539       -19.858974522342294       -19.858974522343775     
  0.99999999999999245       -19.858974522343626       -19.858974522343775     
  0.99999999999999944       -19.858974522343765       -19.858974522343775     
  0.99999999999999978       -19.858974522343772       -19.858974522343775     
