     
 Collinear #          48
 ME*wgt:
   0.0000000000000000        0.0000000000000000        1.3948007983305464E-022
   0.0000000000000000        0.0000000000000000        1.3948007983305464E-022
   0.0000000000000000        0.0000000000000000        1.3948007983305464E-022
   0.0000000000000000        0.0000000000000000        1.3948007983305464E-022
   0.0000000000000000        0.0000000000000000        1.3948007983305464E-022
   0.0000000000000000        0.0000000000000000        1.3948007983305464E-022
   0.0000000000000000        0.0000000000000000        1.3948007983305464E-022
   0.0000000000000000        0.0000000000000000        1.3948007983305464E-022
   0.0000000000000000        0.0000000000000000        1.3948007983305464E-022
   0.0000000000000000        0.0000000000000000        1.3948007983305464E-022
 wgt:
   1.0000000276283976        3.6255328317537935E-005   3.6255327315861336E-005
   1.0000000026481806        3.6255327411871985E-005   3.6255327315861336E-005
   1.0000000002637230        3.6255327325422698E-005   3.6255327315861336E-005
   1.0000000000263614        3.6255327316817074E-005   3.6255327315861336E-005
   1.0000000000026359        3.6255327315956902E-005   3.6255327315861336E-005
   1.0000000000002633        3.6255327315870884E-005   3.6255327315861336E-005
   1.0000000000000264        3.6255327315862291E-005   3.6255327315861336E-005
   1.0000000000000029        3.6255327315861438E-005   3.6255327315861336E-005
   1.0000000000000002        3.6255327315861343E-005   3.6255327315861336E-005
   1.0000000000000000        3.6255327315861336E-005   3.6255327315861336E-005
     
 Collinear #          83
 ME*wgt:
   0.0000000000000000        0.0000000000000000        1.4539646657519190E-022
   0.0000000000000000        0.0000000000000000        1.4539646657519190E-022
   0.0000000000000000        0.0000000000000000        1.4539646657519190E-022
   0.0000000000000000        0.0000000000000000        1.4539646657519190E-022
   0.0000000000000000        0.0000000000000000        1.4539646657519190E-022
   0.0000000000000000        0.0000000000000000        1.4539646657519190E-022
   0.0000000000000000        0.0000000000000000        1.4539646657519190E-022
   0.0000000000000000        0.0000000000000000        1.4539646657519190E-022
   0.0000000000000000        0.0000000000000000        1.4539646657519190E-022
   0.0000000000000000        0.0000000000000000        1.4539646657519190E-022
 wgt:
   1.0000000148568422        1.3473155340964086E-004   1.3473155140795545E-004
   1.0000000014240278        1.3473155159981692E-004   1.3473155140795545E-004
   1.0000000001418139        1.3473155142706226E-004   1.3473155140795545E-004
   1.0000000000141753        1.3473155140986533E-004   1.3473155140795545E-004
   1.0000000000014173        1.3473155140814641E-004   1.3473155140795545E-004
   1.0000000000001419        1.3473155140797456E-004   1.3473155140795545E-004
   1.0000000000000140        1.3473155140795735E-004   1.3473155140795545E-004
   1.0000000000000013        1.3473155140795564E-004   1.3473155140795545E-004
   1.0000000000000000        1.3473155140795545E-004   1.3473155140795545E-004
   1.0000000000000000        1.3473155140795545E-004   1.3473155140795545E-004
     
 Collinear #          34
 ME*wgt:
   0.0000000000000000        0.0000000000000000        9.9954881439595307E-023
   0.0000000000000000        0.0000000000000000        9.9954881439595307E-023
   0.0000000000000000        0.0000000000000000        9.9954881439595307E-023
   0.0000000000000000        0.0000000000000000        9.9954881439595307E-023
   0.0000000000000000        0.0000000000000000        9.9954881439595307E-023
   0.0000000000000000        0.0000000000000000        9.9954881439595307E-023
   0.0000000000000000        0.0000000000000000        9.9954881439595307E-023
   0.0000000000000000        0.0000000000000000        9.9954881439595307E-023
   0.0000000000000000        0.0000000000000000        9.9954881439595307E-023
   0.0000000000000000        0.0000000000000000        9.9954881439595307E-023
 wgt:
   1.0000000537203411        4.8980144386444738E-005   4.8980141755214821E-005
   1.0000000053720342        4.8980142018337813E-005   4.8980141755214821E-005
   1.0000000005372036        4.8980141781527134E-005   4.8980141755214821E-005
   1.0000000000537206        4.8980141757846064E-005   4.8980141755214821E-005
   1.0000000000053719        4.8980141755477936E-005   4.8980141755214821E-005
   1.0000000000005373        4.8980141755241140E-005   4.8980141755214821E-005
   1.0000000000000542        4.8980141755217470E-005   4.8980141755214821E-005
   1.0000000000000053        4.8980141755215078E-005   4.8980141755214821E-005
   1.0000000000000004        4.8980141755214848E-005   4.8980141755214821E-005
   1.0000000000000000        4.8980141755214821E-005   4.8980141755214821E-005
