     
 Collinear #          77
 
 part:           1
 comp:           0
  0.99999999610688539        276.25027128959880        276.25027236507276     
  0.99999999962840613        276.25027226241986        276.25027236507276     
  0.99999999996300937        276.25027235485408        276.25027236507276     
  0.99999999999630296        276.25027236405145        276.25027236507276     
  0.99999999999963018        276.25027236497061        276.25027236507276     
  0.99999999999996336        276.25027236506264        276.25027236507276     
  0.99999999999999634        276.25027236507174        276.25027236507276     
  0.99999999999999956        276.25027236507265        276.25027236507276     
   1.0000000000000000        276.25027236507276        276.25027236507276     
   1.0000000000000000        276.25027236507276        276.25027236507276     
 comp:           1
   0.0000000000000000        0.0000000000000000     
   0.0000000000000000        0.0000000000000000     
   0.0000000000000000        0.0000000000000000     
   0.0000000000000000        0.0000000000000000     
   0.0000000000000000        0.0000000000000000     
   0.0000000000000000        0.0000000000000000     
   0.0000000000000000        0.0000000000000000     
   0.0000000000000000        0.0000000000000000     
   0.0000000000000000        0.0000000000000000     
   0.0000000000000000        0.0000000000000000     
 comp:           2
   0.0000000000000000        0.0000000000000000     
   0.0000000000000000        0.0000000000000000     
   0.0000000000000000        0.0000000000000000     
   0.0000000000000000        0.0000000000000000     
   0.0000000000000000        0.0000000000000000     
   0.0000000000000000        0.0000000000000000     
   0.0000000000000000        0.0000000000000000     
   0.0000000000000000        0.0000000000000000     
   0.0000000000000000        0.0000000000000000     
   0.0000000000000000        0.0000000000000000     
 comp:           3
  0.99999999610688539        276.25027128959880        276.25027236507276     
  0.99999999962840613        276.25027226241986        276.25027236507276     
  0.99999999996300937        276.25027235485408        276.25027236507276     
  0.99999999999630296        276.25027236405145        276.25027236507276     
  0.99999999999963018        276.25027236497061        276.25027236507276     
  0.99999999999996336        276.25027236506264        276.25027236507276     
  0.99999999999999634        276.25027236507174        276.25027236507276     
  0.99999999999999956        276.25027236507265        276.25027236507276     
   1.0000000000000000        276.25027236507276        276.25027236507276     
   1.0000000000000000        276.25027236507276        276.25027236507276     
 
 part:           2
 comp:           0
   1.0000000516864918        276.25001427839334        276.25000000000000     
   1.0000000049525875        276.25000136815225        276.25000000000000     
   1.0000000004931964        276.25000013624549        276.25000000000000     
   1.0000000000492992        276.25000001361889        276.25000000000000     
   1.0000000000049296        276.25000000136180        276.25000000000000     
   1.0000000000004932        276.25000000013625        276.25000000000000     
   1.0000000000000491        276.25000000001359        276.25000000000000     
   1.0000000000000049        276.25000000000136        276.25000000000000     
   1.0000000000000004        276.25000000000011        276.25000000000000     
   1.0000000000000000        276.25000000000000        276.25000000000000     
 comp:           1
   0.0000000000000000        0.0000000000000000     
   0.0000000000000000        0.0000000000000000     
   0.0000000000000000        0.0000000000000000     
   0.0000000000000000        0.0000000000000000     
   0.0000000000000000        0.0000000000000000     
   0.0000000000000000        0.0000000000000000     
   0.0000000000000000        0.0000000000000000     
   0.0000000000000000        0.0000000000000000     
   0.0000000000000000        0.0000000000000000     
   0.0000000000000000        0.0000000000000000     
 comp:           2
   0.0000000000000000        0.0000000000000000     
   0.0000000000000000        0.0000000000000000     
   0.0000000000000000        0.0000000000000000     
   0.0000000000000000        0.0000000000000000     
   0.0000000000000000        0.0000000000000000     
   0.0000000000000000        0.0000000000000000     
   0.0000000000000000        0.0000000000000000     
   0.0000000000000000        0.0000000000000000     
   0.0000000000000000        0.0000000000000000     
   0.0000000000000000        0.0000000000000000     
 comp:           3
   1.0000000516864918       -276.25001427839334       -276.25000000000000     
   1.0000000049525875       -276.25000136815225       -276.25000000000000     
   1.0000000004931964       -276.25000013624549       -276.25000000000000     
   1.0000000000492992       -276.25000001361889       -276.25000000000000     
   1.0000000000049296       -276.25000000136180       -276.25000000000000     
   1.0000000000004932       -276.25000000013625       -276.25000000000000     
   1.0000000000000491       -276.25000000001359       -276.25000000000000     
   1.0000000000000049       -276.25000000000136       -276.25000000000000     
   1.0000000000000004       -276.25000000000011       -276.25000000000000     
   1.0000000000000000       -276.25000000000000       -276.25000000000000     
 
 part:           3
 comp:           0
   1.0000000511372220        206.07325894036819        206.07324840235475     
   1.0000000158577587        206.07325167021457        206.07324840235475     
   1.0000000050050604        206.07324943376378        206.07324840235475     
   1.0000000015824362        206.07324872845251        206.07324840235475     
   1.0000000005004006        206.07324850547394        206.07324840235475     
   1.0000000001582403        206.07324843496383        206.07324840235475     
   1.0000000000500400        206.07324841266666        206.07324840235475     
   1.0000000000158242        206.07324840561571        206.07324840235475     
   1.0000000000050040        206.07324840338595        206.07324840235475     
   1.0000000000015823        206.07324840268083        206.07324840235475     
 comp:           1
   1.0000008366232866        42.094090392224835        42.094055175358044     
   1.0000002594387001        42.094066096184996        42.094055175358044     
   1.0000000818846162        42.094058622213595        42.094055175358044     
   1.0000000258892363        42.094056265140985        42.094055175358044     
   1.0000000081867388        42.094055519971079        42.094055175358044     
   1.0000000025888691        42.094055284334047        42.094055175358044     
   1.0000000008186722        42.094055209819274        42.094055175358044     
   1.0000000002588871        42.094055186255652        42.094055175358044     
   1.0000000000818672        42.094055178804169        42.094055175358044     
   1.0000000000258886        42.094055176447803        42.094055175358044     
 comp:           2
   1.0000013280791213        22.780078579457978        22.780048325751416     
   1.0000004118402226        22.780057707491590        22.780048325751416     
   1.0000001299859218        22.780051286836997        22.780048325751416     
   1.0000000410972953        22.780049261949788        22.780048325751416     
   1.0000000129958573        22.780048621797672        22.780048325751416     
   1.0000000041096431        22.780048419369283        22.780048325751416     
   1.0000000012995831        22.780048355355980        22.780048325751416     
   1.0000000004109646        22.780048335113207        22.780048325751416     
   1.0000000001299583        22.780048328711871        22.780048325751416     
   1.0000000000410965        22.780048326687595        22.780048325751416     
 comp:           3
   1.0000000000000000       -156.68549270519259       -156.68549270519259     
   1.0000000000000000       -156.68549270519259       -156.68549270519259     
   1.0000000000000000       -156.68549270519259       -156.68549270519259     
   1.0000000000000000       -156.68549270519259       -156.68549270519259     
   1.0000000000000000       -156.68549270519259       -156.68549270519259     
   1.0000000000000000       -156.68549270519259       -156.68549270519259     
   1.0000000000000000       -156.68549270519259       -156.68549270519259     
   1.0000000000000000       -156.68549270519259       -156.68549270519259     
   1.0000000000000000       -156.68549270519259       -156.68549270519259     
   1.0000000000000000       -156.68549270519259       -156.68549270519259     
 
 part:           4
 comp:           0
  0.99999987994249073        243.55948412700224        243.55951336815076     
  0.99999996276989922        243.55950430040554        243.55951336815076     
  0.99999998824935266        243.55951050616881        243.55951336815076     
  0.99999999628482972        243.55951246328570        243.55951336815076     
  0.99999999882518253        243.55951308201278        243.55951336815076     
  0.99999999962849073        243.55951327766616        243.55951336815076     
  0.99999999988251853        243.55951333953703        243.55951336815076     
  0.99999999996284938        243.55951335910237        243.55951336815076     
  0.99999999998825184        243.55951336528938        243.55951336815076     
  0.99999999999628497        243.55951336724593        243.55951336815076     
 comp:           1
  0.99999948248449277       -80.428610381198965       -80.428652004273602     
  0.99999983951730664       -80.428639096866902       -80.428652004273602     
  0.99999994934809655       -80.428647930409284       -80.428652004273602     
  0.99999998398552548       -80.428650716250999       -80.428652004273602     
  0.99999999493587532       -80.428651596972884       -80.428652004273602     
  0.99999999839858622       -80.428651875474046       -80.428652004273602     
  0.99999999949358864       -80.428651963543615       -80.428652004273602     
  0.99999999983985888       -80.428651991393664       -80.428652004273602     
  0.99999999994935884       -80.428652000200600       -80.428652004273602     
  0.99999999998398581       -80.428652002985601       -80.428652004273602     
 comp:           2
  0.99999966124108497       -105.55313897642162       -105.55317473350057     
  0.99999989495011776       -105.55316364515200       -105.55317473350057     
  0.99999996684392323       -105.55317123377141       -105.55317473350057     
  0.99999998951713343       -105.55317362700072       -105.55317473350057     
  0.99999999668508999       -105.55317438360129       -105.55317473350057     
  0.99999999895173530       -105.55317462285291       -105.55317473350057     
  0.99999999966850972       -105.55317469851072       -105.55317473350057     
  0.99999999989517374       -105.55317472243583       -105.55317473350057     
  0.99999999996685096       -105.55317473000159       -105.55317473350057     
  0.99999999998951739       -105.55317473239410       -105.55317473350057     
 comp:           3
   1.0000000000000000        204.23270010599418        204.23270010599418     
   1.0000000000000000        204.23270010599418        204.23270010599418     
   1.0000000000000000        204.23270010599418        204.23270010599418     
   1.0000000000000000        204.23270010599418        204.23270010599418     
   1.0000000000000000        204.23270010599418        204.23270010599418     
   1.0000000000000000        204.23270010599418        204.23270010599418     
   1.0000000000000000        204.23270010599418        204.23270010599418     
   1.0000000000000000        204.23270010599418        204.23270010599418     
   1.0000000000000000        204.23270010599418        204.23270010599418     
   1.0000000000000000        204.23270010599418        204.23270010599418     
 
 part:           5
 comp:           0
   1.0000001818183273        102.86725693264368        102.86723822949449     
   1.0000000563822542        102.86724402938125        102.86723822949449     
   1.0000000177954913        102.86724006006753        102.86723822949449     
   1.0000000056263518        102.86723880826177        102.86723822949449     
   1.0000000017791746        102.86723841251327        102.86723822949449     
   1.0000000005626233        102.86723828737000        102.86723822949449     
   1.0000000001779172        102.86723824779634        102.86723822949449     
   1.0000000000562626        102.86723823528207        102.86723822949449     
   1.0000000000177918        102.86723823132468        102.86723822949449     
   1.0000000000056262        102.86723823007324        102.86723822949449     
 comp:           1
   1.0000004585802071        38.334614408402913        38.334596828915558     
   1.0000001422067126        38.334602280352556        38.334596828915558     
   1.0000000448835964        38.334598549510133        38.334596828915558     
   1.0000000141907246        38.334597372911261        38.334596828915558     
   1.0000000044874153        38.334597000938814        38.334596828915558     
   1.0000000014190427        38.334596883313985        38.334596828915558     
   1.0000000004487406        38.334596846117847        38.334596828915558     
   1.0000000001419047        38.334596834355416        38.334596828915558     
   1.0000000000448741        38.334596830635789        38.334596828915558     
   1.0000000000141904        38.334596829459542        38.334596828915558     
 comp:           2
   1.0000001824503593        82.773141509735794        82.773126407749146     
   1.0000000565782505        82.773131090907825        82.773126407749146     
   1.0000000178573523        82.773127885858017        82.773126407749146     
   1.0000000056459104        82.773126875078802        82.773126407749146     
   1.0000000017853594        82.773126555528933        82.773126407749146     
   1.0000000005645793        82.773126454481130        82.773126407749146     
   1.0000000001785356        82.773126422527099        82.773126407749146     
   1.0000000000564582        82.773126412422357        82.773126407749146     
   1.0000000000178537        82.773126409226947        82.773126407749146     
   1.0000000000056459        82.773126408216470        82.773126407749146     
 comp:           3
   1.0000000000000000       -47.547207400801597       -47.547207400801597     
   1.0000000000000000       -47.547207400801597       -47.547207400801597     
   1.0000000000000000       -47.547207400801597       -47.547207400801597     
   1.0000000000000000       -47.547207400801597       -47.547207400801597     
   1.0000000000000000       -47.547207400801597       -47.547207400801597     
   1.0000000000000000       -47.547207400801597       -47.547207400801597     
   1.0000000000000000       -47.547207400801597       -47.547207400801597     
   1.0000000000000000       -47.547207400801597       -47.547207400801597     
   1.0000000000000000       -47.547207400801597       -47.547207400801597     
   1.0000000000000000       -47.547207400801597       -47.547207400801597     
 
 part:           6
 comp:           0
   1.0484750304404997        2.8556797800029303E-004   2.7236507280513518E-004
   1.0046463294825165        2.7363057067291747E-004   2.7236507280513518E-004
   1.0004627119427754        2.7249109937711703E-004   2.7236507280513518E-004
   1.0000462520708622        2.7237767025378295E-004   2.7236507280513518E-004
   1.0000046250159393        2.7236633249793821E-004   2.7236507280513518E-004
   1.0000004624996826        2.7236519877389491E-004   2.7236507280513518E-004
   1.0000000462499492        2.7236508540200600E-004   2.7236507280513518E-004
   1.0000000046249948        2.7236507406482225E-004   2.7236507280513518E-004
   1.0000000004624989        2.7236507293110375E-004   2.7236507280513518E-004
   1.0000000000462497        2.7236507281773199E-004   2.7236507280513518E-004
 comp:           1
  -9.4419428778751483E-005  -0.0000000000000000     
  -2.9279670641350608E-005  -0.0000000000000000     
  -9.2413144482485557E-006  -0.0000000000000000     
  -2.9218012502883798E-006  -0.0000000000000000     
  -9.2393701124586768E-007  -0.0000000000000000     
  -2.9217397822798763E-007  -0.0000000000000000     
  -9.2393506728696947E-008  -0.0000000000000000     
  -2.9217391740953947E-008  -0.0000000000000000     
  -9.2393503524001084E-009  -0.0000000000000000     
  -2.9217392823592994E-009  -0.0000000000000000     
 comp:           2
  -8.1112772154685913E-005  -0.0000000000000000     
  -2.5153247421791095E-005  -0.0000000000000000     
  -7.9389236192803846E-006  -0.0000000000000000     
  -2.5100278847403085E-006  -0.0000000000000000     
  -7.9372533013388701E-007  -0.0000000000000000     
  -2.5099750795006134E-007  -0.0000000000000000     
  -7.9372366013972135E-008  -0.0000000000000000     
  -2.5099745570283856E-008  -0.0000000000000000     
  -7.9372363260918352E-009  -0.0000000000000000     
  -2.5099746500345129E-009  -0.0000000000000000     
 comp:           3
  0.94362762006472134        2.5701120543986425E-004   2.7236507280513518E-004
  0.99459987599011335        2.7089426763602563E-004   2.7236507280513518E-004
  0.99946225021620139        2.7221860854611992E-004   2.7236507280513518E-004
  0.99994624754424311        2.7235043251360949E-004   2.7236507280513518E-004
  0.99999462497954827        2.7236360883729852E-004   2.7236507280513518E-004
  0.99999946250020599        2.7236492640896466E-004   2.7236507280513518E-004
  0.99999994625004329        2.7236505816552432E-004   2.7236507280513518E-004
  0.99999999462500477        2.7236507134117423E-004   2.7236507280513518E-004
  0.99999999946250018        2.7236507265873900E-004   2.7236507280513518E-004
  0.99999999994624966        2.7236507279049547E-004   2.7236507280513518E-004
 
 part: i_fks+j_fks
 comp:           0
   1.0000000439001169        276.25055685757678        276.25054473014558     
   1.0000000042093853        276.25054589299054        276.25054473014558     
   1.0000000004192133        276.25054484595347        276.25054473014558     
   1.0000000000419045        276.25054474172168        276.25054473014558     
   1.0000000000041902        276.25054473130314        276.25054473014558     
   1.0000000000004194        276.25054473026142        276.25054473014558     
   1.0000000000000417        276.25054473015712        276.25054473014558     
   1.0000000000000042        276.25054473014671        276.25054473014558     
   1.0000000000000004        276.25054473014569        276.25054473014558     
   1.0000000000000000        276.25054473014558        276.25054473014558     
 comp:           1
  -9.4419428778751483E-005   0.0000000000000000     
  -2.9279670641350608E-005   0.0000000000000000     
  -9.2413144482485557E-006   0.0000000000000000     
  -2.9218012502883798E-006   0.0000000000000000     
  -9.2393701124586768E-007   0.0000000000000000     
  -2.9217397822798763E-007   0.0000000000000000     
  -9.2393506728696947E-008   0.0000000000000000     
  -2.9217391740953947E-008   0.0000000000000000     
  -9.2393503524001084E-009   0.0000000000000000     
  -2.9217392823592994E-009   0.0000000000000000     
 comp:           2
  -8.1112772154685913E-005   0.0000000000000000     
  -2.5153247421791095E-005   0.0000000000000000     
  -7.9389236192803846E-006   0.0000000000000000     
  -2.5100278847403085E-006   0.0000000000000000     
  -7.9372533013388701E-007   0.0000000000000000     
  -2.5099750795006134E-007   0.0000000000000000     
  -7.9372366013972135E-008   0.0000000000000000     
  -2.5099745570283856E-008   0.0000000000000000     
  -7.9372363260918352E-009   0.0000000000000000     
  -2.5099746500345129E-009   0.0000000000000000     
 comp:           3
  0.99999994052738850        276.25052830080426        276.25054473014558     
  0.99999999430423547        276.25054315668751        276.25054473014558     
  0.99999999943282292        276.25054457346261        276.25054473014558     
  0.99999999994330646        276.25054471448396        276.25054473014558     
  0.99999999999433065        276.25054472857943        276.25054473014558     
  0.99999999999943334        276.25054472998903        276.25054473014558     
  0.99999999999994316        276.25054473012989        276.25054473014558     
  0.99999999999999423        276.25054473014399        276.25054473014558     
  0.99999999999999933        276.25054473014541        276.25054473014558     
   1.0000000000000000        276.25054473014558        276.25054473014558     
     
 Collinear #          41
 
 part:           1
 comp:           0
   1.0000000322581977        276.25000891132709        276.25000000000000     
   1.0000000030909728        276.25000085388126        276.25000000000000     
   1.0000000003078100        276.25000008503253        276.25000000000000     
   1.0000000000307683        276.25000000849974        276.25000000000000     
   1.0000000000030767        276.25000000084992        276.25000000000000     
   1.0000000000003075        276.25000000008498        276.25000000000000     
   1.0000000000000306        276.25000000000847        276.25000000000000     
   1.0000000000000033        276.25000000000091        276.25000000000000     
   1.0000000000000002        276.25000000000006        276.25000000000000     
  0.99999999999999978        276.24999999999994        276.25000000000000     
 comp:           1
   0.0000000000000000        0.0000000000000000     
   0.0000000000000000        0.0000000000000000     
   0.0000000000000000        0.0000000000000000     
   0.0000000000000000        0.0000000000000000     
   0.0000000000000000        0.0000000000000000     
   0.0000000000000000        0.0000000000000000     
   0.0000000000000000        0.0000000000000000     
   0.0000000000000000        0.0000000000000000     
   0.0000000000000000        0.0000000000000000     
   0.0000000000000000        0.0000000000000000     
 comp:           2
   0.0000000000000000        0.0000000000000000     
   0.0000000000000000        0.0000000000000000     
   0.0000000000000000        0.0000000000000000     
   0.0000000000000000        0.0000000000000000     
   0.0000000000000000        0.0000000000000000     
   0.0000000000000000        0.0000000000000000     
   0.0000000000000000        0.0000000000000000     
   0.0000000000000000        0.0000000000000000     
   0.0000000000000000        0.0000000000000000     
   0.0000000000000000        0.0000000000000000     
 comp:           3
   1.0000000322581977        276.25000891132709        276.25000000000000     
   1.0000000030909728        276.25000085388126        276.25000000000000     
   1.0000000003078100        276.25000008503253        276.25000000000000     
   1.0000000000307683        276.25000000849974        276.25000000000000     
   1.0000000000030767        276.25000000084992        276.25000000000000     
   1.0000000000003075        276.25000000008498        276.25000000000000     
   1.0000000000000306        276.25000000000847        276.25000000000000     
   1.0000000000000033        276.25000000000091        276.25000000000000     
   1.0000000000000002        276.25000000000006        276.25000000000000     
  0.99999999999999978        276.24999999999994        276.25000000000000     
 
 part:           2
 comp:           0
  0.99999999757025160        276.25016931526415        276.25016998648255     
  0.99999999976808274        276.25016992241535        276.25016998648255     
  0.99999999997691302        276.25016998010477        276.25016998648255     
  0.99999999999769207        276.25016998584499        276.25016998648255     
  0.99999999999976907        276.25016998641877        276.25016998648255     
  0.99999999999997680        276.25016998647612        276.25016998648255     
  0.99999999999999734        276.25016998648181        276.25016998648255     
  0.99999999999999956        276.25016998648243        276.25016998648255     
  0.99999999999999978        276.25016998648249        276.25016998648255     
  0.99999999999999956        276.25016998648243        276.25016998648255     
 comp:           1
   0.0000000000000000        0.0000000000000000     
   0.0000000000000000        0.0000000000000000     
   0.0000000000000000        0.0000000000000000     
   0.0000000000000000        0.0000000000000000     
   0.0000000000000000        0.0000000000000000     
   0.0000000000000000        0.0000000000000000     
   0.0000000000000000        0.0000000000000000     
   0.0000000000000000        0.0000000000000000     
   0.0000000000000000        0.0000000000000000     
   0.0000000000000000        0.0000000000000000     
 comp:           2
   0.0000000000000000        0.0000000000000000     
   0.0000000000000000        0.0000000000000000     
   0.0000000000000000        0.0000000000000000     
   0.0000000000000000        0.0000000000000000     
   0.0000000000000000        0.0000000000000000     
   0.0000000000000000        0.0000000000000000     
   0.0000000000000000        0.0000000000000000     
   0.0000000000000000        0.0000000000000000     
   0.0000000000000000        0.0000000000000000     
   0.0000000000000000        0.0000000000000000     
 comp:           3
  0.99999999757025160       -276.25016931526415       -276.25016998648255     
  0.99999999976808274       -276.25016992241535       -276.25016998648255     
  0.99999999997691302       -276.25016998010477       -276.25016998648255     
  0.99999999999769207       -276.25016998584499       -276.25016998648255     
  0.99999999999976907       -276.25016998641877       -276.25016998648255     
  0.99999999999997680       -276.25016998647612       -276.25016998648255     
  0.99999999999999734       -276.25016998648181       -276.25016998648255     
  0.99999999999999956       -276.25016998648243       -276.25016998648255     
  0.99999999999999978       -276.25016998648249       -276.25016998648255     
  0.99999999999999956       -276.25016998648243       -276.25016998648255     
 
 part:           3
 comp:           0
  0.99999992529308168        148.44039792639040        148.44040901591592     
  0.99999997683321940        148.44040557702954        148.44040901591592     
  0.99999999268804929        148.44040793052696        148.44040901591592     
  0.99999999768820036        148.44040867275143        148.44040901591592     
  0.99999999926895899        148.44040890739990        148.44040901591592     
  0.99999999976882492        148.44040898160020        148.44040901591592     
  0.99999999992689603        148.44040900506434        148.44040901591592     
  0.99999999997688227        148.44040901248431        148.44040901591592     
  0.99999999999268951        148.44040901483075        148.44040901591592     
  0.99999999999768818        148.44040901557275        148.44040901591592     
 comp:           1
  0.99999974753350940        59.310117479528913        59.310132453349908     
  0.99999992170958840        59.310127809935224        59.310132453349908     
  0.99999997528980700        59.310130987785087        59.310132453349908     
  0.99999999218744540        59.310131989986260        59.310132453349908     
  0.99999999752950075        59.310132306824272        59.310132453349908     
  0.99999999921876104        59.310132407014521        59.310132453349908     
  0.99999999975295051        59.310132438697373        59.310132453349908     
  0.99999999992187605        59.310132448716367        59.310132453349908     
  0.99999999997529510        59.310132451884655        59.310132453349908     
  0.99999999999218769        59.310132452886556        59.310132453349908     
 comp:           2
  0.99999972107471580       -52.131526085932705       -52.131540626737490     
  0.99999991350465856       -52.131536117602082       -52.131540626737490     
  0.99999997270014884       -52.131539203554190       -52.131540626737490     
  0.99999999136868023       -52.131540176773491       -52.131540626737490     
  0.99999999727058941       -52.131540484449111       -52.131540626737490     
  0.99999999913688620       -52.131540581742037       -52.131540626737490     
  0.99999999972705944       -52.131540612508680       -52.131540626737490     
  0.99999999991368860       -52.131540622237942       -52.131540626737490     
  0.99999999997270594       -52.131540625314607       -52.131540626737490     
  0.99999999999136890       -52.131540626287538       -52.131540626737490     
 comp:           3
   1.0000000000000000        13.197184891533411        13.197184891533411     
   1.0000000000000000        13.197184891533411        13.197184891533411     
   1.0000000000000000        13.197184891533411        13.197184891533411     
   1.0000000000000000        13.197184891533411        13.197184891533411     
   1.0000000000000000        13.197184891533411        13.197184891533411     
   1.0000000000000000        13.197184891533411        13.197184891533411     
   1.0000000000000000        13.197184891533411        13.197184891533411     
   1.0000000000000000        13.197184891533411        13.197184891533411     
   1.0000000000000000        13.197184891533411        13.197184891533411     
   1.0000000000000000        13.197184891533411        13.197184891533411     
 
 part:           4
 comp:           0
   1.0000001099066984        223.87208090673860        223.87205630170004     
   1.0000000340823048        223.87206393177570        223.87205630170004     
   1.0000000107571323        223.87205870992139        223.87205630170004     
   1.0000000034010532        223.87205706310081        223.87205630170004     
   1.0000000010754873        223.87205654247157        223.87205630170004     
   1.0000000003400982        223.87205637783850        223.87205630170004     
   1.0000000001075484        223.87205632577712        223.87205630170004     
   1.0000000000340097        223.87205630931385        223.87205630170004     
   1.0000000000107550        223.87205630410776        223.87205630170004     
   1.0000000000034011        223.87205630246143        223.87205630170004     
 comp:           1
   1.0000001656056345       -136.36577529945174       -136.36575271651472     
   1.0000000513546667       -136.36575971953249       -136.36575271651472     
   1.0000000162086735       -136.36575492682269       -136.36575271651472     
   1.0000000051246523       -136.36575341534177       -136.36575271651472     
   1.0000000016205264       -136.36575293749902       -136.36575271651472     
   1.0000000005124543       -136.36575278639594       -136.36575271651472     
   1.0000000001620524       -136.36575273861311       -136.36575271651472     
   1.0000000000512452       -136.36575272350282       -136.36575271651472     
   1.0000000000162053       -136.36575271872456       -136.36575271651472     
   1.0000000000051246       -136.36575271721352       -136.36575271651472     
 comp:           2
   1.0000001980037174        110.75490582451994        110.75488389464120     
   1.0000000614013824        110.75489069514417        110.75488389464120     
   1.0000000193796401        110.75488604103099        110.75488389464120     
   1.0000000061272081        110.75488457325942        110.75488389464120     
   1.0000000019375566        110.75488410923504        110.75488389464120     
   1.0000000006127079        110.75488396250159        110.75488389464120     
   1.0000000001937552        110.75488391610054        110.75488389464120     
   1.0000000000612705        110.75488390142722        110.75488389464120     
   1.0000000000193756        110.75488389678713        110.75488389464120     
   1.0000000000061271        110.75488389531979        110.75488389464120     
 comp:           3
   1.0000000000000000        138.76755662724071        138.76755662724071     
   1.0000000000000000        138.76755662724071        138.76755662724071     
   1.0000000000000000        138.76755662724071        138.76755662724071     
   1.0000000000000000        138.76755662724071        138.76755662724071     
   1.0000000000000000        138.76755662724071        138.76755662724071     
   1.0000000000000000        138.76755662724071        138.76755662724071     
   1.0000000000000000        138.76755662724071        138.76755662724071     
   1.0000000000000000        138.76755662724071        138.76755662724071     
   1.0000000000000000        138.76755662724071        138.76755662724071     
   1.0000000000000000        138.76755662724071        138.76755662724071     
 
 part:           5
 comp:           0
   1.0484750503078621        1.7822658577954829E-004   1.6998648248922650E-004
   1.0046463314744023        1.7077629603303913E-004   1.6998648248922650E-004
   1.0004627121419725        1.7006513729864547E-004   1.6998648248922650E-004
   1.0000462520907818        1.6999434471944629E-004   1.6998648248922650E-004
   1.0000046250179311        1.6998726867975607E-004   1.6998648248922650E-004
   1.0000004624998813        1.6998656110795446E-004   1.6998648248922650E-004
   1.0000000462499690        1.6998649035109603E-004   1.6998648248922650E-004
   1.0000000046249973        1.6998648327541351E-004   1.6998648248922650E-004
   1.0000000004624992        1.6998648256784509E-004   1.6998648248922650E-004
   1.0000000000462494        1.6998648249708827E-004   1.6998648248922650E-004
 comp:           1
   5.5733047805312534E-005   0.0000000000000000     
   1.7282939729015376E-005   0.0000000000000000     
   5.4548796913109172E-006   0.0000000000000000     
   1.7246544734223938E-006   0.0000000000000000     
   5.4537320067910812E-007   0.0000000000000000     
   1.7246181906557020E-007   0.0000000000000000     
   5.4537205321705611E-008   0.0000000000000000     
   1.7246178316622019E-008   0.0000000000000000     
   5.4537203430067129E-009   0.0000000000000000     
   1.7246178955672433E-009   0.0000000000000000     
 comp:           2
  -5.4121347408672399E-005  -0.0000000000000000     
  -1.6783147919429348E-005  -0.0000000000000000     
  -5.2971342941307545E-006  -0.0000000000000000     
  -1.6747805403012072E-006  -0.0000000000000000     
  -5.2960197986014487E-007  -0.0000000000000000     
  -1.6747453067674531E-007  -0.0000000000000000     
  -5.2960086558065010E-008  -0.0000000000000000     
  -1.6747449581554050E-008  -0.0000000000000000     
  -5.2960084721129326E-009  -0.0000000000000000     
  -1.6747450202124266E-009  -0.0000000000000000     
 comp:           3
  0.94362760311253535       -1.6040393703283976E-004  -1.6998648248922650E-004
  0.99459987427747576       -1.6906853411265501E-004  -1.6998648248922650E-004
  0.99946225004481193       -1.6989507226588535E-004  -1.6998648248922650E-004
  0.99994624752710293       -1.6997734529543363E-004  -1.6998648248922650E-004
  0.99999462497783431       -1.6998556880811527E-004  -1.6998648248922650E-004
  0.99999946250003413       -1.6998639112149796E-004  -1.6998648248922650E-004
  0.99999994625002608       -1.6998647335245750E-004  -1.6998648248922650E-004
  0.99999999462500344       -1.6998648157554974E-004  -1.6998648248922650E-004
  0.99999999946249973       -1.6998648239785873E-004  -1.6998648248922650E-004
  0.99999999994624922       -1.6998648248008961E-004  -1.6998648248922650E-004
 
 part:           6
 comp:           0
  0.99999992499199486        180.18752116687651        180.18753468238404     
  0.99999997673985175        180.18753049119528        180.18753468238404     
  0.99999999265858042        180.18753335955174        180.18753468238404     
  0.99999999767888326        180.18753426414773        180.18753468238404     
  0.99999999926601268        180.18753455012867        180.18753468238404     
  0.99999999976789322        180.18753464056130        180.18753468238404     
  0.99999999992660149        180.18753466915854        180.18753468238404     
  0.99999999997678912        180.18753467820173        180.18753468238404     
  0.99999999999266020        180.18753468106149        180.18753468238404     
  0.99999999999767897        180.18753468196581        180.18753468238404     
 comp:           1
  0.99999976411467817        77.055602086875027        77.055620263164812     
  0.99999992685144512        77.055614626657544        77.055620263164812     
  0.99999997691269105        77.055618484157904        77.055620263164812     
  0.99999999270054829        77.055619700701030        77.055620263164812     
  0.99999999769175507        77.055620085301570        77.055620263164812     
  0.99999999927007011        77.055620206919613        77.055620263164812     
  0.99999999976917597        77.055620245378520        77.055620263164812     
  0.99999999992700694        77.055620257540284        77.055620263164812     
  0.99999999997691758        77.055620261386181        77.055620263164812     
  0.99999999999270073        77.055620262602361        77.055620263164812     
 comp:           2
  0.99999969891406915       -58.623325617239828       -58.623343267903707     
  0.99999990663259331       -58.623337794394175       -58.623343267903707     
  0.99999997053117240       -58.623341540342508       -58.623343267903707     
  0.99999999068292089       -58.623342721705377       -58.623343267903707     
  0.99999999705373754       -58.623343095183948       -58.623343267903707     
  0.99999999906831172       -58.623343213285025       -58.623343267903707     
  0.99999999970537434       -58.623343250631763       -58.623343267903707     
  0.99999999990683097       -58.623343262441828       -58.623343267903707     
  0.99999999997053746       -58.623343266176512       -58.623343267903707     
  0.99999999999068312       -58.623343267357519       -58.623343267903707     
 comp:           3
   1.0000000000000000       -151.96474151877413       -151.96474151877413     
   1.0000000000000000       -151.96474151877413       -151.96474151877413     
   1.0000000000000000       -151.96474151877413       -151.96474151877413     
   1.0000000000000000       -151.96474151877413       -151.96474151877413     
   1.0000000000000000       -151.96474151877413       -151.96474151877413     
   1.0000000000000000       -151.96474151877413       -151.96474151877413     
   1.0000000000000000       -151.96474151877413       -151.96474151877413     
   1.0000000000000000       -151.96474151877413       -151.96474151877413     
   1.0000000000000000       -151.96474151877413       -151.96474151877413     
   1.0000000000000000       -151.96474151877413       -151.96474151877413     
 
 part: i_fks+j_fks
 comp:           0
   1.0000000273986447        276.25034754184992        276.25033997296504     
   1.0000000026271330        276.25034069871140        276.25033997296504     
   1.0000000002616360        276.25034004524207        276.25033997296504     
   1.0000000000261526        276.25033998018972        276.25033997296504     
   1.0000000000026150        276.25033997368746        276.25033997296504     
   1.0000000000002613        276.25033997303723        276.25033997296504     
   1.0000000000000258        276.25033997297214        276.25033997296504     
   1.0000000000000024        276.25033997296572        276.25033997296504     
   1.0000000000000000        276.25033997296504        276.25033997296504     
  0.99999999999999956        276.25033997296492        276.25033997296504     
 comp:           1
   5.5733047805312534E-005   0.0000000000000000     
   1.7282939729015376E-005   0.0000000000000000     
   5.4548796913109172E-006   0.0000000000000000     
   1.7246544734223938E-006   0.0000000000000000     
   5.4537320067910812E-007   0.0000000000000000     
   1.7246181906557020E-007   0.0000000000000000     
   5.4537205321705611E-008   0.0000000000000000     
   1.7246178316622019E-008   0.0000000000000000     
   5.4537203430067129E-009   0.0000000000000000     
   1.7246178955672433E-009   0.0000000000000000     
 comp:           2
  -5.4121347408672399E-005   0.0000000000000000     
  -1.6783147919429348E-005   0.0000000000000000     
  -5.2971342941307545E-006   0.0000000000000000     
  -1.6747805403012072E-006   0.0000000000000000     
  -5.2960197986014487E-007   0.0000000000000000     
  -1.6747453067674531E-007   0.0000000000000000     
  -5.2960086558065010E-008   0.0000000000000000     
  -1.6747449581554050E-008   0.0000000000000000     
  -5.2960084721129326E-009   0.0000000000000000     
  -1.6747450202124266E-009   0.0000000000000000     
 comp:           3
  0.99999996288234860       -276.25032971920120       -276.25033997296504     
  0.99999999644519677       -276.25033899094944       -276.25033997296504     
  0.99999999964601671       -276.25033987517702       -276.25033997296504     
  0.99999999996461642       -276.25033996319030       -276.25033997296504     
  0.99999999999646161       -276.25033997198756       -276.25033997296504     
  0.99999999999964606       -276.25033997286727       -276.25033997296504     
  0.99999999999996425       -276.25033997295515       -276.25033997296504     
  0.99999999999999634       -276.25033997296401       -276.25033997296504     
  0.99999999999999933       -276.25033997296487       -276.25033997296504     
  0.99999999999999956       -276.25033997296492       -276.25033997296504     
