     
 Collinear #          77
 ME*wgt:
   1.0484743802255339        1.2921348664036693E-020   1.2323952695207702E-020
   0.0000000000000000        0.0000000000000000        1.2323952695207702E-020
   0.0000000000000000        0.0000000000000000        1.2323952695207702E-020
   0.0000000000000000        0.0000000000000000        1.2323952695207702E-020
   0.0000000000000000        0.0000000000000000        1.2323952695207702E-020
   0.0000000000000000        0.0000000000000000        1.2323952695207702E-020
   0.0000000000000000        0.0000000000000000        1.2323952695207702E-020
   0.0000000000000000        0.0000000000000000        1.2323952695207702E-020
   0.0000000000000000        0.0000000000000000        1.2323952695207702E-020
   0.0000000000000000        0.0000000000000000        1.2323952695207702E-020
 wgt:
   1.0000000477933764        5.4308532823942003E-004   5.4308530228353979E-004
   1.0000000045809929        5.4308530477140972E-004   5.4308530228353979E-004
   1.0000000004562053        5.4308530253129820E-004   5.4308530228353979E-004
   1.0000000000456013        5.4308530230830524E-004   5.4308530228353979E-004
   1.0000000000045599        5.4308530228601621E-004   5.4308530228353979E-004
   1.0000000000004559        5.4308530228378731E-004   5.4308530228353979E-004
   1.0000000000000455        5.4308530228356451E-004   5.4308530228353979E-004
   1.0000000000000049        5.4308530228354239E-004   5.4308530228353979E-004
   1.0000000000000002        5.4308530228353990E-004   5.4308530228353979E-004
   1.0000000000000000        5.4308530228353979E-004   5.4308530228353979E-004
     
 Collinear #          41
 ME*wgt:
   0.0000000000000000        0.0000000000000000        1.0814485204941353E-020
   0.0000000000000000        0.0000000000000000        1.0814485204941353E-020
   0.0000000000000000        0.0000000000000000        1.0814485204941353E-020
   0.0000000000000000        0.0000000000000000        1.0814485204941353E-020
   0.0000000000000000        0.0000000000000000        1.0814485204941353E-020
   0.0000000000000000        0.0000000000000000        1.0814485204941353E-020
   0.0000000000000000        0.0000000000000000        1.0814485204941353E-020
   0.0000000000000000        0.0000000000000000        1.0814485204941353E-020
   0.0000000000000000        0.0000000000000000        1.0814485204941353E-020
   0.0000000000000000        0.0000000000000000        1.0814485204941353E-020
 wgt:
   1.0000000298284490        5.4531789941778431E-004   5.4531788315179759E-004
   1.0000000028590552        5.4531788471089148E-004   5.4531788315179759E-004
   1.0000000002847236        5.4531788330706239E-004   5.4531788315179759E-004
   1.0000000000284603        5.4531788316731751E-004   5.4531788315179759E-004
   1.0000000000028457        5.4531788315334941E-004   5.4531788315179759E-004
   1.0000000000002842        5.4531788315195263E-004   5.4531788315179759E-004
   1.0000000000000284        5.4531788315181310E-004   5.4531788315179759E-004
   1.0000000000000027        5.4531788315179900E-004   5.4531788315179759E-004
   1.0000000000000000        5.4531788315179759E-004   5.4531788315179759E-004
   1.0000000000000000        5.4531788315179759E-004   5.4531788315179759E-004
