  0.00009826897390094  0.00013393055822114  0.00015963317233480  0.00018245608773459
  0.00020214689026769  0.00021863124773245  0.00023506448279378  0.00025097520830704
  0.00026658697620518  0.00028130288889103  0.00029703131005260  0.00031478016923928
  0.00033537606072154  0.00035545795220901  0.00037470997726288  0.00039201080373990
  0.00040747491700782  0.00042203193382883  0.00043802277384853  0.00045197620997796
  0.00046541286476324  0.00047835803215918  0.00049164313974271  0.00050595353071212
  0.00052253730508641  0.00053982602211913  0.00055799112627652  0.00057422663077059
  0.00058695881304663  0.00059758686922093  0.00060834862431182  0.00062006341171899
  0.00063125266482051  0.00064348219206353  0.00065561294745420  0.00066935371315418
  0.00068415350774652  0.00069652325273626  0.00070708533024710  0.00071745597259576
  0.00072824507263142  0.00073965762105925  0.00075048337248678  0.00076209417004287
  0.00077424617615241  0.00078563079650545  0.00079576282459103  0.00080600576412349
  0.00081704896755820  0.00082864543183996  0.00083969007076914  0.00085015405408763
  0.00086097063383881  0.00087235569375275  0.00088593150535021  0.00090218691193123
  0.00091974057962447  0.00093823263785628  0.00095867513399676  0.00097869119795818
  0.00100057665634814  0.00102200660195020  0.00104432028375331  0.00106874600595457
  0.00109586603346163  0.00112306860205530  0.00115381493407256  0.00118769199596098
  0.00122377002008744  0.00126248274823032  0.00130330937996113  0.00134316330499718
  0.00138462520277309  0.00143134337239318  0.00148442223684968  0.00154448008293995
  0.00161225610775333  0.00168550373736579  0.00176679183496727  0.00186796713211761
  0.00197822707723461  0.00210395684121947  0.00223601746214096  0.00239772867730567
  0.00262231633147287  0.00287154344246489  0.00312126714523076  0.00338160601545037
  0.00369220909864938  0.00399505961070688  0.00438904739654260  0.00492605515910182
  0.00640056674092299  0.01005266633213475  0.02373595086274724  1.00000000000000000
  0.00003457524412717  0.00042966206122455  0.00148689496406613  0.00329891412745404
  0.00600901491323057  0.00963261435425879  0.01390528962648457  0.01831437889150679
  0.02376520738655037  0.02956266801660145  0.03511254293868700  0.04098418476061735
  0.04724368468365792  0.05370073870750719  0.06135969410763056  0.06971103828581317
  0.07786017962427008  0.08753313195655846  0.09694893249201635  0.10527294206390946
  0.11306295349013785  0.12050460308240162  0.12713641203900802  0.13464215866372264
  0.14307511495655506  0.15191605049445667  0.16088092611428240  0.17101809587339634
  0.18088082010579881  0.19187756611356188  0.20201484298343370  0.21194344840098564
  0.22146450416693339  0.23010553348892779  0.23847239776791779  0.24719581292965920
  0.25625708960078741  0.26423943898209873  0.27174754188085892  0.27944893732506698
  0.28914464157255704  0.29723829881931285  0.30712815911368585  0.31778320137771687
  0.33027633931306200  0.34218362107676914  0.35362478153005783  0.36533020447990727
  0.37814867272573954  0.39195870777308323  0.40592658091737549  0.41948078569401087
  0.43227245764265659  0.44285452202852060  0.45347018312022991  0.46409896167476306
  0.47527590263918290  0.49034933335342712  0.50502077462626838  0.51995594331130190
  0.53142522463330277  0.54204672427938905  0.55230646697264507  0.56253708612387721
  0.57353101846754961  0.58682949522136063  0.60136555194430008  0.61435838947800936
  0.62649484084266827  0.63843031546356399  0.65158467122627528  0.66603232104597743
  0.68074185916047669  0.69553392482967291  0.71063109296202975  0.72646343082973186
  0.74406642730994443  0.75999362299049833  0.77395278366162701  0.78763514091975662
  0.80064650548355554  0.81422807902135008  0.82839404921695659  0.84231425530089521
  0.85563101570677425  0.86846224296405572  0.88169152302281095  0.89474967480503997
  0.90770680637379608  0.92100437170666161  0.93513277450363808  0.94881595818246456
  0.96214167007048657  0.97510807523186616  0.98762454604806460  1.00000000000000000
  0.00408083874276337  0.01325368270809328  0.02584346005841855  0.03775756070701590
  0.05041312633218421  0.06377697840624788  0.07554439940595452  0.08693828029919839
  0.09856047693066124  0.11052416915221661  0.12262152369594735  0.13320202269761644
  0.14331823779063707  0.15457150740301689  0.16548593106063408  0.17531944822749537
  0.18515333167249665  0.19621094922076615  0.20774577070055508  0.21853816737402121
  0.22919486622172935  0.24158648001332186  0.25216335781368204  0.26171207030760824
  0.27070007925629508  0.27969177957120228  0.28945340276078191  0.30062140069650117
  0.31224101932337817  0.32334821881104259  0.33368315767559720  0.34347142927551161
  0.35418592245812019  0.36376822926637103  0.37334265362302599  0.38235388461099401
  0.39103887575181773  0.40029963466488755  0.41191737112267840  0.42217632701624469
  0.43126053509126239  0.44035392304995324  0.45063512354008994  0.46170642724782479
  0.47195965464042638  0.48180530066196381  0.49614120892734681  0.50824158916545348
  0.51884810783819146  0.52937508968852887  0.53898016829777839  0.54792879322308363
  0.55699699352168597  0.56725828434491754  0.57843195418466042  0.58929450932524940
  0.59869904821464182  0.60931500866720234  0.62033977644356653  0.63371466207254512
  0.64816337229223564  0.65873969627524587  0.66700430062850158  0.67526877302579413
  0.68465696346209659  0.69455604116953229  0.70592836146457150  0.71677452525013152
  0.72758630873017405  0.73828715080130669  0.74786088575267762  0.75739179912722832
  0.76732021561113328  0.77743701361392881  0.78811024014836251  0.79740455666293786
  0.80798778460006138  0.81960038441045335  0.83294881366468743  0.84821400670553493
  0.86038998805083378  0.87080091154322370  0.88225882605293593  0.89251192702526283
  0.90117348243923756  0.90951909827629396  0.91848691480402089  0.92832265383480006
  0.93877142749053899  0.94852588582346942  0.95908199201948896  0.96834124189459836
  0.97670087343759227  0.98381388657488511  0.99167306998267379  1.00000000000000000
  0.00198833473657741  0.02518312982566566  0.04692636172087101  0.06589797107599364
  0.08098374780691242  0.09608114416711636  0.11059952023267176  0.12570726488221026
  0.14427705232138796  0.16258576912870892  0.17934085621620441  0.19474120901699746
  0.21063257033614621  0.22698988120933200  0.24261774868120309  0.25700813446779586
  0.26955296346723223  0.28117695278594751  0.29213370048472537  0.30475150419054886
  0.31822822321292632  0.33210303614585418  0.34598898887474094  0.35929832881302182
  0.37203747151254185  0.38416816009525240  0.39634607912182035  0.40835313857184313
  0.42025416218931572  0.43203185670024213  0.44336433703355338  0.45378029760290384
  0.46641121240832362  0.47894023212084935  0.49122765224212145  0.50257406966023743
  0.51247198382464287  0.52220047488394405  0.53146571243701235  0.54062583546513421
  0.54923164958120929  0.55738038037492965  0.56630011322852392  0.57683550164099262
  0.58720407043165002  0.59670253597278067  0.60491664717716853  0.61308419803823799
  0.62136457418921232  0.62988467762593514  0.63931392323729974  0.64998987047139645
  0.66195892283525481  0.67435892706233402  0.68579266766763847  0.69595704911053480
  0.70601620635342777  0.71653709814827327  0.72783456993138551  0.73892370632666948
  0.74793266071817288  0.75648410978315783  0.76570229741687257  0.77598721503726531
  0.78628280333799216  0.79592622048409900  0.80506783017404993  0.81418226173459429
  0.82311348188178346  0.83174266606988845  0.84054017474760123  0.84872446788698608
  0.85707103699787834  0.86684455027724949  0.87553150761848697  0.88173777146626342
  0.88728771916190319  0.89331917213697520  0.90097815763491107  0.91177817147272178
  0.92221754927833632  0.93092831030278311  0.93768657798862942  0.94294642470913792
  0.94756497682661300  0.95318384542787538  0.95967084496146704  0.96509333743206893
  0.97011355713369440  0.97523321374307492  0.98058176864745483  0.98514033101850729
  0.99007187454448631  0.99404740305857542  0.99726950823217964  1.00000000000000000
 -0.00285483830295746  0.00910724760685647  0.01905145996975004  0.03036971874564917
  0.04311313033842321  0.05571580476600417  0.06804681819113764  0.08009968089902667
  0.09221173374302191  0.10412506265270804  0.11595262814629574  0.12829652453941692
  0.14073671236058580  0.15271955740042575  0.16487884411025133  0.17694565722957931
  0.18875237758359342  0.19959251485752419  0.21026149793079679  0.21767169611742976
  0.22623434571440712  0.23499167026314691  0.24402352254305820  0.25286790388414732
  0.26191616549449032  0.27303244360219692  0.28782963063440853  0.30104847341074464
  0.31300519979843500  0.32420634304169332  0.33491325271635719  0.34513265507598434
  0.35589738391421749  0.36660376465226518  0.37681135465275084  0.38640250765485074
  0.39614280884360326  0.40700821612981081  0.41848230454328333  0.43043376584318832
  0.44248895499971053  0.45284038318170594  0.46193437632940804  0.47052607792632972
  0.47930199611711083  0.48844308953728771  0.49713828931055998  0.50706082929556739
  0.51863754114671623  0.53093000455685690  0.54332388810246890  0.55541240064888953
  0.56695631821760739  0.57856921822933871  0.58699866674111834  0.59478414119068090
  0.60234806334307056  0.61009687607011476  0.62104134744063633  0.63224432749658011
  0.64512090285441837  0.65706234253234364  0.66821603955691866  0.67711079246316774
  0.68523852771386806  0.69377830232682325  0.70411675659614792  0.71515065059848137
  0.72810659023584645  0.73878015211462500  0.74852040326320268  0.75796525801002146
  0.76905280616187721  0.78080584348627047  0.79469697567383801  0.80610906847124508
  0.81681619945045170  0.82706255854083477  0.83785161857709123  0.84885478488614674
  0.85963105664499484  0.87022347876603601  0.88068373396880884  0.89140105709196693
  0.89954013769040564  0.90814022269089567  0.91692783614289841  0.92460690577925286
  0.93425344639298935  0.94438287161658407  0.95403631453503834  0.96255139335844664
  0.97062076616616566  0.98034056312691176  0.99048437577979265  1.00000000000000000
  0.72026415056357307  0.72600975156187442  0.73241236243614150  0.73694692854247179
  0.74053195425617613  0.74631835400317303  0.75128517121742533  0.75601834344493257
  0.75995082685694271  0.76294451549174658  0.76501247055015620  0.76700077401277922
  0.76936945111310107  0.77309657358637440  0.77755671040818486  0.78173916334868765
  0.78534696294398698  0.78944634521358414  0.79278591370270213  0.79600794829238630
  0.79896929141375017  0.80189071347538743  0.80539145256590283  0.81094440515076760
  0.81547738975233330  0.81943610551203905  0.82279109760892521  0.82590145883888788
  0.82916564426524819  0.83237229070213170  0.83541788165888020  0.83850317831443677
  0.84257418408281370  0.84688352144047763  0.85021045609095358  0.85296050107967381
  0.85515893168853030  0.85724639304709893  0.85937043530403323  0.86162710337265980
  0.86412207594606283  0.86693072375513125  0.86989277739107329  0.87277709126725389
  0.87532182677364634  0.87749297855654673  0.87954187084635438  0.88161930363402641
  0.88369675324779007  0.88571193270707782  0.88773780615093434  0.88959683168096426
  0.89136066338276310  0.89311367024361477  0.89498350232043944  0.89696117712468471
  0.89908905894947111  0.90139119185481476  0.90376516571973742  0.90637788499826355
  0.90886164035647976  0.91104436971900760  0.91310217291941642  0.91510700178832327
  0.91709386454788522  0.91884376764977982  0.92069694622730702  0.92262125041189691
  0.92471925516636178  0.92692245632952630  0.92894371967288825  0.93087117563916499
  0.93267175621108989  0.93440732571136054  0.93607888256546845  0.93784592993146809
  0.93984435446245884  0.94199531282763449  0.94414458421439207  0.94633683873182362
  0.94846469100117647  0.95079880141543616  0.95308502071374612  0.95536379038909169
  0.95752389429908047  0.95971861316343565  0.96212682613259226  0.96477619112850588
  0.96782100485969536  0.97119112273881303  0.97464795727998155  0.97764993564296587
  0.98096455296944329  0.98487753750529694  0.99048666956755327  1.00000000000000000
 -0.00973437595073253  0.05866983140881846  0.08584421528057472  0.10382910905661830
  0.11794696185760471  0.13023639911931778  0.14175247059044294  0.15067313610317051
  0.15751382971510228  0.16443299737737746  0.17051533541030581  0.17648939509225114
  0.18243792800055467  0.18801243742285748  0.19325346749504435  0.19848310108412617
  0.20379307576928063  0.20963116818119543  0.21515482052779458  0.21988720285511881
  0.22434017391705482  0.22926209155535723  0.23531596524595638  0.24300907011097778
  0.25033855579363967  0.25773658638024377  0.26454127321877929  0.27142941960268652
  0.27843317276085972  0.28497547762106279  0.29079434784670177  0.29617357799591315
  0.30133347686102702  0.30591625018364105  0.31040942777302455  0.31487468638792354
  0.31945961815289686  0.32468049326972126  0.33091347882082073  0.33702551545878340
  0.34270046087541556  0.34792205120846981  0.35241748870291068  0.35640066417684679
  0.36029915028693493  0.36420635976854171  0.36864858825030422  0.37287896914531138
  0.37729994456685534  0.38149958537722312  0.38541580414812882  0.38937543501916860
  0.39369104293269680  0.39821255487713714  0.40529070470411321  0.41193788428720951
  0.41862088419568805  0.42547731491710206  0.43401282140491820  0.44379898755166525
  0.45201770968556937  0.45953820644771809  0.46707803596396408  0.47399747849518764
  0.48068617365174587  0.48771991974874668  0.49577120602237612  0.50314840589978138
  0.50953503611218187  0.51518936931781756  0.52045831967864586  0.52556370374585848
  0.53177991332885144  0.53909181221550162  0.54593185566736235  0.55261834658070108
  0.55861610702635978  0.56496872239361551  0.57167956447469837  0.57844421014664915
  0.58722191875578589  0.59861369076418591  0.61068800784001820  0.62359862326394577
  0.63592683853102205  0.64919334751662727  0.66409083414204051  0.68175213724261052
  0.69824829905989771  0.71473725594006643  0.73248145162933909  0.75308544888536655
  0.77796425905306288  0.80921373556041520  0.85044334851574455  1.00000000000000000
   3.9914794733400001E-008   1.0416091052599999E-003
  <DiscreteSampler_grid>
  Helicity
  1 # 1 for a reference and 2 for a running grid.
  80 # Attribute 'min_bin_probing_points' of the grid.
  1 # Attribute 'grid_mode' of the grid. 1=='default',2=='initialization'
  0.0300000000000000 # Attribute 'small_contrib_threshold' of the grid.
  0.3330000000000000 # Attribute 'damping_power' of the grid.
 # binID   n_entries weight   weight_sqr   abs_weight
    2   583   2.195462722394130E-007   4.417358852700769E-012   2.195462722394130E-007
    4   378   1.481660887413465E-007   2.378073878217138E-012   1.481660887413465E-007
    5   1833   6.605099604445004E-007   8.180216125879445E-011   6.605099604445004E-007
    7   527   2.886573194886375E-007   9.371575450383375E-013   2.886573194886375E-007
    10   1767   5.334392366744903E-007   2.300570693818843E-011   5.334392366744903E-007
    12   1313   5.535346534405981E-007   1.268613664755782E-011   5.535346534405981E-007
    13   297   1.067397995866763E-007   5.019632398113651E-013   1.067397995866763E-007
    15   683   2.791189744083584E-007   8.579594312037192E-012   2.791189744083584E-007
  </DiscreteSampler_grid>
  <DiscreteSampler_grid>
  grouped_processes
  1 # 1 for a reference and 2 for a running grid.
  10 # Attribute 'min_bin_probing_points' of the grid.
  1 # Attribute 'grid_mode' of the grid. 1=='default',2=='initialization'
  0.0300000000000000 # Attribute 'small_contrib_threshold' of the grid.
  0.3330000000000000 # Attribute 'damping_power' of the grid.
 # binID   n_entries weight   weight_sqr   abs_weight
    14   10   6.264091705400000E-001   1.248289013530000E+000   6.264091705400000E-001
    16   10   6.252552646650000E-001   1.051967354410000E+000   6.252552646650000E-001
    13   10   5.742447304650000E-001   9.274664585120000E-001   5.742447304650000E-001
    17   10   5.467202959530000E-001   1.215583618420000E+000   5.467202959530000E-001
  </DiscreteSampler_grid>
