  0.01209061573122316  0.03842205132757556  0.04741268769565526  0.05672103926122772
  0.06569085644566949  0.07375013449481366  0.08114484836031675  0.08784885935500292
  0.09453758619608167  0.10208711849481000  0.10984569095551029  0.11700329365192332
  0.12424038639015822  0.13188234754727446  0.14001235928413097  0.14700423444836283
  0.15369312210918779  0.16037121002930801  0.16766074610137716  0.17505831556939472
  0.18258226051966675  0.19029546147612997  0.19794572837978422  0.20532051147265754
  0.21262076329553781  0.22002737507995487  0.22764251220320514  0.23535568561526521
  0.24319252572357092  0.25135179895024662  0.25984757652849289  0.26840751405086638
  0.27726864424914843  0.28613697015597833  0.29493706675638171  0.30393378608880239
  0.31330360744206082  0.32265314783138960  0.33160724854897794  0.34039715054413200
  0.34919407551739484  0.35824280399423036  0.36739385958928183  0.37646296972728344
  0.38544833456535094  0.39427748797201706  0.40312526178334301  0.41202428237199307
  0.42098104380756296  0.43029142177042218  0.43968647717881787  0.44908589772906410
  0.45829110048106325  0.46755670495473345  0.47704621042907785  0.48642261260768255
  0.49565301306009690  0.50487599831634977  0.51436343586852229  0.52430897640648932
  0.53450466842063638  0.54473233467540272  0.55496625752884698  0.56510008503849585
  0.57499507433310193  0.58505732393824672  0.59596785834169574  0.60651358560837654
  0.61699846990370733  0.62750734141580589  0.63863367899356838  0.65063926260936944
  0.66260494757885702  0.67351759563579316  0.68366938069852978  0.69341244900372756
  0.70301025510963566  0.71329047383970245  0.72368810189918742  0.73413786783658153
  0.74466977855776084  0.75538862273784924  0.76684906759118043  0.77856956996078530
  0.78965615630916897  0.80042160279513053  0.81126676094403560  0.82506256449569160
  0.83975837963414834  0.85793090820446904  0.87801149836642856  0.90263124380338744
  0.92391295800293871  0.94216644598874300  0.95047670860141520  1.00000000000000000
 -0.00234244232976648  0.00759890935640237  0.01684666333465947  0.02766791966244359
  0.03937697092501736  0.04987740880435457  0.05965423383625023  0.06992896126090539
  0.08061365566062875  0.09124585988373229  0.10153629985082739  0.11166878161894903
  0.12173678370121151  0.13157372968646430  0.14158020367009019  0.15276442303333312
  0.16434144191735969  0.17502400008985933  0.18496036521109210  0.19545736614302392
  0.20669989832537861  0.21686939616624798  0.22612565703151891  0.23509210781606221
  0.24476670155945521  0.25531831909257657  0.26648290378009459  0.27793309562622598
  0.28893525537896192  0.29994916906399360  0.31045267350505318  0.32179383569271464
  0.33307020927321207  0.34379011691163402  0.35440909217796002  0.36548310674510431
  0.37728222914201870  0.38915132318682238  0.40026810199306756  0.41113569885977364
  0.42148770332060320  0.43208951021043990  0.44325454424638300  0.45496708766143179
  0.46603637290431471  0.47636654599183520  0.48651677881040412  0.49689107187758763
  0.50762743218496775  0.51871258719177982  0.52933797365719559  0.53969786989442525
  0.54985687894233704  0.56051422053070732  0.57110973112703411  0.58164111575209942
  0.59220951997410487  0.60292325103680788  0.61304998948606448  0.62335858987177517
  0.63401299215045603  0.64538915846427947  0.65612718121360836  0.66680776998899804
  0.67798032448317014  0.68954032999374548  0.70028913501248180  0.71054092623095000
  0.72069438112205420  0.73133858391347806  0.74223720870046783  0.75280028076147820
  0.76383731648007391  0.77447222799489146  0.78596373694267152  0.79635790738344425
  0.80703892475313277  0.81757815403323231  0.82874266587570988  0.83921221366656273
  0.84908177371055982  0.85867388984264403  0.86858112519466057  0.87909734163523412
  0.88949520389688308  0.89953887698999979  0.90898519325418992  0.91815520638036163
  0.92740839276729592  0.93703385717849830  0.94764153228957893  0.95879767790132198
  0.96966529847827398  0.98010663521265884  0.99009030773297857  1.00000000000000000
  0.74554063657426484  0.74741728396144680  0.74839604171755503  0.74882682402952072
  0.74923628645718876  0.74965061610602135  0.75010213900653611  0.75118394339888916
  0.75269590461085079  0.75410743119159385  0.75553403434198751  0.75703707530080966
  0.75855901070370213  0.76003885934771787  0.76147732068668816  0.76292304952363177
  0.76440299728484284  0.76589976200085230  0.76741823809096676  0.76898911353473287
  0.77058267567493932  0.77219289999064089  0.77383179149797243  0.77547094869023947
  0.77709380028321451  0.77863849362849591  0.78015390828365094  0.78166853729233499
  0.78322903302361901  0.78482867757178298  0.78641671324125684  0.78791648157072125
  0.78942655194319322  0.79099066193619172  0.79278731999239771  0.79473790007917378
  0.79652250493589805  0.79819744200820575  0.79976030752225891  0.80134959389675742
  0.80305518013645971  0.80486485989204537  0.80671502587990340  0.80858068228478952
  0.81041336528196650  0.81226134210859868  0.81418229397626252  0.81612491198252324
  0.81809618328330680  0.82002836382057476  0.82200981681589214  0.82397314989434600
  0.82591376216807333  0.82786252992670295  0.82983390176906335  0.83191319807080166
  0.83405941175154996  0.83618291961131830  0.83829721605180074  0.84032257437657254
  0.84251564557054748  0.84475203057805348  0.84712000235918583  0.84939980084165778
  0.85170913876554843  0.85408431096121784  0.85658367070328767  0.85906203166324746
  0.86146675032039788  0.86383607382430772  0.86623188648528748  0.86872839582266070
  0.87132099341036207  0.87405083461296751  0.87699216589277240  0.88006867849707582
  0.88320689861358082  0.88631022070730692  0.88951450956115719  0.89282358429331987
  0.89636743134744279  0.90026543115965285  0.90434750624715832  0.90845653913697799
  0.91247926338809626  0.91660247811138384  0.92128413794782149  0.92607807516603546
  0.93089776002126057  0.93594909010644456  0.94196543697868085  0.94872093825514303
  0.95578215284222723  0.96512706684169869  0.97833669551204483  1.00000000000000000
 -0.01057427547624624  0.13747285596282122  0.18560629283830299  0.21925359063223029
  0.24348971486665816  0.26326047932793717  0.28191516378654324  0.30050305537652677
  0.31763154859603959  0.33308778840645392  0.34779589533949024  0.36131204738782430
  0.37344300580771611  0.38483541474297434  0.39572471156401290  0.40609686657199467
  0.41563152248375657  0.42461149975092172  0.43354956200734457  0.44297009877087051
  0.45256458396491800  0.46147177457665167  0.46990862297858332  0.47760854924925250
  0.48521076169117472  0.49278336165798931  0.50044050995239719  0.50814466586370965
  0.51528751667219908  0.52249793175284032  0.52891522835532967  0.53527625214574026
  0.54137092010783461  0.54756649609073227  0.55381096035917010  0.55992193543337465
  0.56561431044341037  0.57136399595580478  0.57729334581132241  0.58369929257016018
  0.58985586393361367  0.59580328645830349  0.60155321893328428  0.60708328489001784
  0.61229884056815775  0.61732765357630803  0.62235270744825888  0.62751174131224685
  0.63278732047747077  0.63791417214079005  0.64292436277295550  0.64786706361740032
  0.65269123592538891  0.65738221105029004  0.66197324993489803  0.66659605870163818
  0.67146474943146506  0.67656956849920202  0.68189019475011647  0.68731893809193723
  0.69256779358861609  0.69760877274618727  0.70267439595571168  0.70765654683884538
  0.71237728062348726  0.71695198862262410  0.72158679703553219  0.72646097315640923
  0.73144941143842557  0.73641389934838686  0.74116132711945759  0.74581979697118905
  0.75075334494135093  0.75616924033890653  0.76164539440363410  0.76670931538897147
  0.77168143882404361  0.77682644186945926  0.78225536446557276  0.78811171207862907
  0.79433728845830587  0.80083115304703245  0.80740123670291408  0.81413704545931398
  0.82107178949678139  0.82856112162716711  0.83632520928054188  0.84454373880540279
  0.85276553589780613  0.86167513368813120  0.87175244443401878  0.88338112574339167
  0.89652615471162800  0.91337076406800610  0.93803142586974264  1.00000000000000000
   5.6735086117300003E-007   1.2648384325400000E-003
  <DiscreteSampler_grid>
  Helicity
  1 # 1 for a reference and 2 for a running grid.
  80 # Attribute 'min_bin_probing_points' of the grid.
  1 # Attribute 'grid_mode' of the grid. 1=='default',2=='initialization'
  0.0300000000000000 # Attribute 'small_contrib_threshold' of the grid.
  0.3330000000000000 # Attribute 'damping_power' of the grid.
 # binID   n_entries weight   weight_sqr   abs_weight
    1   2067   1.807065794026233E-005   3.104892332305708E-009   1.807065794026233E-005
    2   1471   1.039425713039409E-005   3.151907983132204E-009   1.039425713039409E-005
    7   1491   1.007766624846271E-005   2.903931476847133E-009   1.007766624846271E-005
    8   1963   1.675953875070210E-005   2.594145188312743E-009   1.675953875070210E-005
  </DiscreteSampler_grid>
  <DiscreteSampler_grid>
  grouped_processes
  1 # 1 for a reference and 2 for a running grid.
  10 # Attribute 'min_bin_probing_points' of the grid.
  1 # Attribute 'grid_mode' of the grid. 1=='default',2=='initialization'
  0.0300000000000000 # Attribute 'small_contrib_threshold' of the grid.
  0.3330000000000000 # Attribute 'damping_power' of the grid.
 # binID   n_entries weight   weight_sqr   abs_weight
    10   10   2.220232168990000E+004   6.048502496619999E+008   2.220232168990000E+004
    11   10   2.220232168990000E+004   6.048502496619999E+008   2.220232168990000E+004
  </DiscreteSampler_grid>
