   0.0000000000000000        0.0000000000000000        0.0000000000000000        0.0000000000000000        0.0000000000000000        0.0000000000000000        0.0000000000000000        0.0000000000000000        0.0000000000000000        0.0000000000000000     
   2.0169921204050582E-004   5.2701335266843049E-004   1.8159409359918499E-002   1.2567164693103735E-002   1.0033447679228048E-002  0.96532827676828303       0.23938250143298842        7.9795757294284425E-002   5.8625118014140418E-003   1.2979314942530342E-002
   1.0164223802219636       0.69899878137454907       0.48743420697297901       0.45818181205357944       0.59840547176600045       0.36780029388910118       0.40050747245059004       0.50651121208924266       0.48478117536400722       0.47715725513345419     
   4.1100288491999031E-004   1.0717462031910815E-003   3.6042217426667300E-002   2.4329651141817434E-002   2.0189975799404916E-002  0.98004482549510230       0.31763272447226482       0.12462815283011276        1.1265062855557154E-002   2.4896778682518030E-002
  0.76597127555534128       0.80338356639450148       0.42439134803910655       0.54249065216190728       0.58402952849989942       0.38979089595305694       0.51884465231089261       0.43003957163830359       0.59366247254284710       0.56683723670146280     
   6.3155336277907249E-004   1.6415466386670097E-003   5.4106852242552093E-002   3.5354233858460295E-002   3.0344241027681788E-002  0.98313309727898346       0.35976497537694141       0.15648945703481446        1.6052483772722267E-002   3.7297922389281660E-002
  0.66730409176326233       0.73970430969670964       0.65781380030884984       0.55329244525916954       0.49602521462835431       0.52418330136079938       0.61040744573587902       0.45127204570071372       0.69037952164521499       0.53012899548052228     
   8.7355058150607990E-004   2.2517566163851514E-003   7.2075640392248730E-002   4.5789221937269961E-002   4.0467042108036276E-002  0.98479818425597399       0.38410618558956294       0.18473210394161937        2.1088719658897817E-002   5.0086833937017287E-002
  0.53244733653322607       0.71043743525658853       0.66564681481039201       0.59238427215290956       0.54689521489906912       0.59836185697693545       0.49648899141856745       0.44956598758024086       0.69066585966150773       0.43450341741612364     
   1.1565535509865021E-003   2.9792333712401944E-003   8.9672833204858429E-002   5.5776847678103050E-002   5.0988252658714144E-002  0.98590428671559216       0.40378386437499580       0.20835075480525489        2.6473916454750467E-002   6.3506714714023235E-002
  0.66516020657576858       0.63724331971427894       0.54197348755183028       0.59415343860398007       0.57021347876414297       0.45355152933976506       0.52014816386277707       0.59709086317212257       0.58541324428799391       0.46798082546567871     
   1.4672359584890337E-003   3.7854014434292186E-003  0.10733510556045499        6.5328363390410912E-002   6.1723561595909443E-002  0.98680567281369325       0.42070968966531119       0.22695838101951724        3.1817248727649822E-002   7.7879828179875876E-002
  0.53211428625423240       0.58671535486310245       0.49827450643508614       0.50966767660394940       0.50665692996879130       0.52120120575789453       0.50807145925378761       0.42946570912274418       0.62764687735692126       0.60446435265002163     
   1.8240139871965166E-003   4.6796581035974272E-003  0.12496514630780269        7.4833374269591371E-002   7.2934450791399957E-002  0.98752189736610430       0.43527229740257861       0.24280263610251801        3.7142492030024989E-002   9.3294420892989505E-002
  0.58707150795263030       0.59807496105789515       0.55338323543669887       0.63684842847008138       0.59940203278003634       0.67647635320383193       0.45697413498942419       0.42430371354505769       0.58503027063157143       0.48729919318675269     
   2.2418913130832856E-003   5.7291811096860665E-003  0.14301605341463325        8.4352596408030361E-002   8.4773355774898168E-002  0.98809999363805445       0.44876521548499249       0.25722230419931896        4.2479797439676156E-002  0.10916195627696441     
  0.65381091199068642       0.59142560182638282       0.53776584071249434       0.50040529685945145       0.61928877584881770       0.59500058549180068       0.49697981661607543       0.56733583008396282       0.64320628697458793       0.45668168320590569     
   2.7066312823956383E-003   6.9815533243882547E-003  0.16149721691527472        9.4047027754692925E-002   9.7190154942699253E-002  0.98865536857335812       0.46200873288174571       0.27083422292756981        4.7941995276983201E-002  0.12549251722296950     
  0.54306109322550122       0.57670370199095133       0.54993702396543775       0.62101747236475691       0.45623563160748987       0.46296476970252964       0.46834813744893294       0.72815708897061870       0.60001776543559338       0.50307364185203540     
   3.2292500269919125E-003   8.4624264879934862E-003  0.17956449660614415       0.10388561682063813       0.10951053660960756       0.98916176159185443       0.47425369397413214       0.28367033393806573        5.3524691187941779E-002  0.14176876563571839     
  0.50081124245495168       0.62745643555486053       0.65815741387112070       0.61837579294660083       0.53910781577647304       0.62084133749663017       0.48234164603613772       0.54626712205774364       0.66939259613763502       0.51962092445364794     
   3.8773678988449911E-003   1.0191238988272565E-002  0.19670751030715583       0.11363545864583574       0.12106040624695819       0.98959538509890277       0.48577738571056661       0.29601184016209897        5.9323221940166593E-002  0.15855169526959384     
  0.54037704770623396       0.55236692735627013       0.60832278305371257       0.59313697980922697       0.71712256695605336       0.43044056593186703       0.51196458107591436       0.51850606978214742       0.53199216236692948       0.62083154399107332     
   4.6287074490259884E-003   1.2184058127927479E-002  0.21359093002748814       0.12325419714558661       0.13222900536925428       0.98998336918795293       0.49712922829799389       0.30774758088728033        6.5097102715517025E-002  0.17660823983767890     
  0.72528783670641372       0.60038871496786494       0.59397562173647078       0.64820477940125398       0.61378596821150733       0.51116979723606182       0.57571209515290356       0.43160734358313363       0.54411288616643971       0.54949685669762904     
   5.4630350218433411E-003   1.4452963586117324E-002  0.23120901124228133       0.13275779765674794       0.14367813905082574       0.99033262862525595       0.50831305888973455       0.31877864443788539        7.0862139001236626E-002  0.19502023512798983     
  0.59581970094439363       0.66685615749236271       0.49471429345252782       0.65185712135447493       0.62681862043543701       0.58441914233430625       0.51630290046766025       0.59931900244737768       0.57231596958089925       0.62264430991996322     
   6.4264970660688056E-003   1.6995123205070364E-002  0.24834003270205587       0.14207548839710116       0.15581228556674551       0.99065421067460691       0.51816963319866582       0.32985668824130138        7.7565711128388046E-002  0.21327192397283565     
  0.59658456525001313       0.64561994323258576       0.67094954244311344       0.53372721828428937       0.57415733192361595       0.46886061146730179       0.44953150371057365       0.54158337412011714       0.51665219626133496       0.57376942813467524     
   7.6295069384624738E-003   1.9788369967731780E-002  0.26228780180367056       0.15179390072863666       0.16918604625032702       0.99095479858050906       0.52636754613424785       0.34034536790493730        8.5081237729311365E-002  0.23184119524042437     
  0.65790476001998210       0.52456284444414847       0.49979735007977399       0.74785556420104471       0.50973060738547649       0.54925611492417215       0.56663792829441917       0.58938595386681414       0.64746194393414314       0.46997664650939364     
   9.0746699053420986E-003   2.2872039638497800E-002  0.27502611419161366       0.16158248171615999       0.18397018797450887       0.99124117100017173       0.53397286113338815       0.35133527582661667        9.3075034892869848E-002  0.25006311824646393     
  0.63227495400889133       0.52588353559410106       0.48005589931959808       0.56378920097854701       0.50554769886618256       0.46036561242667901       0.48888204880538561       0.50602692834469076       0.57729478683363145       0.67007610961079134     
   1.0707503594243113E-002   2.6377438951080513E-002  0.28902907511614179       0.17140217372812372       0.20018890306562520       0.99151782343872097       0.54176567716948676       0.36186238706571605       0.10143799403886140       0.26759703186776618     
  0.50181266983161565       0.48891346208156500       0.51910456691268725       0.52577976501581558       0.50698213185734220       0.49501818982184304       0.56900510516754366       0.59471628243624375       0.58432852823263437       0.60428384138125968     
   1.2545367497642460E-002   3.0431223533908348E-002  0.30362900278013039       0.18144158621646736       0.21666292495314943       0.99178362402623643       0.55056775321983586       0.37253260596318566       0.10983774566525334       0.28510212206277297     
  0.69025272937740789       0.65182779637307153       0.62757571027252268       0.67571819733225702       0.62260108157282035       0.63250113805011987       0.62912185710269686       0.55130215085070711       0.55341961204304091       0.52854746212902082     
   1.4561968343308527E-002   3.4897332935710970E-002  0.31785019614637905       0.19149185863258184       0.23155849615390559       0.99203567243649748       0.55904142767709208       0.38311662831035515       0.11823828336613877       0.30256081414234332     
  0.63445364561503603       0.56118955445497543       0.51914020981442499       0.63456118562594699       0.58398282655435141       0.59819358366351394       0.57863820366958407       0.67585820477158731       0.49407113924793861       0.51386787878549245     
   1.6714179791919206E-002   3.9726830788353290E-002  0.33211626555263651       0.20164269663142437       0.24708088468119888       0.99227507574855478       0.56649768113635190       0.39415997127501179       0.12689133367790884       0.31989147853422045     
  0.56804296235399265       0.46115598912182471       0.55204939686786458       0.64120142320095019       0.54613801791717642       0.58756755764509094       0.59898334271373632       0.54422154245247478       0.57131321053401296       0.58536543446126676     
   1.8996854295883131E-002   4.4811319041785085E-002  0.34716663683930016       0.21168801593996517       0.26438761736248223       0.99250859599685237       0.57345742173746772       0.40535590735113053       0.13596264207849890       0.33699504558140048     
  0.41829938113170390       0.45939021076663233       0.53484610167702040       0.47458060554091741       0.59128887023359111       0.52281088273982812       0.57598212779900504       0.48653008021371752       0.62384987647173895       0.52326096030085456     
   2.1452891939497551E-002   5.0214562657223856E-002  0.36260372439344879       0.22231651877783090       0.28280867806721699       0.99273560165259656       0.58011538635285786       0.41636442591078504       0.14565119264878959       0.35534508459644115     
  0.53199990590289747       0.44264690592595801       0.57800679872637084       0.49181023083879083       0.55454034097539517       0.51084020514998985       0.62637343358875364       0.61464047327693838       0.64468216267024003       0.42380765879181725     
   2.4081414823351771E-002   5.5828345111476607E-002  0.37838146096109304       0.23366790524723663       0.30169776056580738       0.99295584547643512       0.58725145958432157       0.42748732342443885       0.15596316550724426       0.37543273108926584     
  0.43477616556388521       0.47988960333035857       0.56105212778307834       0.58553315360149572       0.53365795818929640       0.56185096250335576       0.52185637083875847       0.47916745002793937       0.47152543489247767       0.56029711920580094     
   2.7038385596686216E-002   6.1628968934417640E-002  0.39463958580943415       0.24542746299375068       0.32199605948389365       0.99316755045063998       0.59509598254491747       0.43886539470306862       0.16641486743494907       0.39341408691161678     
  0.49985609580675910       0.48378599944634521       0.57231800975658187       0.58864333808735003       0.49860694646774134       0.53608955979595585       0.52726713644837642       0.54839237313088629       0.59078979267056353       0.67418536962218312     
   3.0007665125340869E-002   6.7024028409915767E-002  0.41100729690428045       0.25734239016211019       0.34363245224587552       0.99337221004906895       0.60273486687101641       0.45068772577780886       0.17795048729325064       0.41046855680279032     
  0.47535202788929942       0.47073602947314480       0.63428242574095073       0.60015189340529684       0.56800993863504690       0.62473626845292041       0.68467281370950661       0.48378971395148684       0.59258662447476818       0.54176312891285139     
   3.3172506361005896E-002   7.1962762908037520E-002  0.42731123687169731       0.26910393845863623       0.36586982988699412       0.99356913881270603       0.60954072056154207       0.46354385617553373       0.19130329034572488       0.42766039690173568     
  0.56968441906500822       0.39672376415455607       0.51796219746524497       0.59478546553882494       0.50953511033873267       0.49079012087430218       0.66705491013660057       0.58093780974262044       0.66830839303122747       0.55917865466326921     
   3.6562533989504445E-002   7.7029240507617225E-002  0.44340633003546864       0.28021514672059372       0.38919982197257752       0.99375150817162861       0.61616016869358803       0.47723397146296587       0.20522037954661548       0.44472219659174450     
  0.48820932306689913       0.48805091221070773       0.53184555504006648       0.56716182491561229       0.59287309798365218       0.63814180208130444       0.59413392586730929       0.56553844791816776       0.55641440968382072       0.50872833669423034     
   4.0202408051562076E-002   8.3002177190914572E-002  0.45926970381640170       0.29116551775886829       0.41497181885103224       0.99392940829466925       0.62263445395702199       0.49086482728957875       0.21999400050309514       0.46082318571099296     
  0.67867004776836881       0.45005785452134911       0.66382202747929209       0.61109338814207581       0.53944854365710804       0.50610065238826729       0.60322092830907181       0.50896293309738150       0.59320440103663985       0.53354702808210841     
   4.3992444664689254E-002   8.9105579507812810E-002  0.47529746489647107       0.30184489054401947       0.44215593244239665       0.99409728998867308       0.62897810872312410       0.50395319623413459       0.23545130630414371       0.47552901804041259     
  0.38352737768703299       0.50047088497479242       0.47256372262906965       0.57291004277208979       0.48908687507303356       0.52144893323609942       0.66617220688369061       0.69689947124043794       0.49189729413710659       0.50485382518460586     
   4.8340214161503220E-002   9.4644916460294645E-002  0.49228296846282205       0.31283814572465968       0.46602899864506298       0.99426106844227247       0.63519579886079347       0.51683766261014519       0.25175017774829789       0.48927472369882657     
  0.51088590490742258       0.47935087477542754       0.58961499651406779       0.59237208447649814       0.46006227476801309       0.58397033834046796       0.50949050095082216       0.49856497121617815       0.56429436224409990       0.43747758555427629     
   5.3149598264946446E-002  0.10007425827583354       0.51035204036625703       0.32396615910582149       0.48633340101453026       0.99442505305895090       0.64119271611389672       0.52996522891170228       0.26922497271758605       0.50271921868885794     
  0.59942273033873583       0.52419961677913407       0.55900956959717918       0.58166216744352928       0.52801380815355681       0.51180382812893477       0.51274373398358808       0.54440905066180412       0.51082850044185435       0.67455493228236252     
   5.7186826099878116E-002  0.10599497219721625       0.52815330684369322       0.33546447402337443       0.51099845809877431       0.99459149187767548       0.64722270799389103       0.54307251407389967       0.28769793525632753       0.51653525844660442     
  0.64890565510260667       0.42249159255783653       0.53567631123162485       0.52478955863234500       0.59752411799645622       0.60155458895822111       0.44906265147486446       0.59589360080776566       0.60989129760925220       0.49008637469129263     
   6.0907296308122451E-002  0.11271024590381525       0.54315402184339590       0.34747304035345289       0.53882014071424000       0.99475011911933620       0.65316426588440357       0.55561757765053532       0.30652164155384892       0.52994975455648885     
  0.46756404052517403       0.47665101708580726       0.52383282565892109       0.48894536827972213       0.52162018478677608       0.56323474653229155       0.53178364249433441       0.57128335187822299       0.62707111886297717       0.61381581602186708     
   6.4725579664522442E-002  0.11965921490104527       0.55648467310821059       0.35953338679737840       0.56963586690376788       0.99490552066105720       0.65897996029678285       0.56770374967196069       0.32716739342044654       0.54220547536219810     
  0.50261946511862909       0.54606925335871759       0.62020630146012246       0.55244928312410058       0.57935206832436326       0.50394409784648098       0.62138829596910694       0.56179926403689806       0.47104099541155509       0.53706900505127519     
   6.8988248355212042E-002  0.12725542564381681       0.57015873512918092       0.37144145599724016       0.60355335204135463       0.99505636616924897       0.66486047173891960       0.57988225748026712       0.35031456363762514       0.55385240773003452     
  0.52077482728303570       0.49386435888535585       0.45269517026531442       0.49023507251868426       0.61940691484632338       0.49264672457178826       0.62730454327978391       0.58875547483392665       0.47056649581697907       0.55960646716163132     
   7.3328346204589126E-002  0.13603099599983223       0.58372442983559125       0.38402843049755286       0.63724267541377422       0.99520336455410430       0.67067120971373106       0.59227267073446532       0.37267542552838129       0.56500185434995609     
  0.43380433440294636       0.57566961554360052       0.49246782603426287       0.49362071546334296       0.69835240349164651       0.54661713412107471       0.52125626549605319       0.65022777802775811       0.53513285523964649       0.53760045314549254     
   7.7861203517138197E-002  0.14543680410370496       0.59633032553301224       0.39724271840202974       0.66861607613423679       0.99535353074681743       0.67613330854978049       0.60464586265811615       0.39441895858665865       0.57702685778240081     
  0.49015073647584767       0.62625030226675593       0.45532070294345495       0.57837490780132861       0.65100846942723878       0.62480684559570177       0.46802939935264698       0.60233424734628560       0.53565036938474386       0.51620230579978210     
   8.2838928380119928E-002  0.15435740739447890       0.60738019865281501       0.41085750206932875       0.69657095761684562       0.99549944910589505       0.68138546312204129       0.61737869120061228       0.41672209407848565       0.58945758461401543     
  0.53144311967851587       0.51418584152343272       0.44316296465849497       0.54695400736567801       0.48622591837126422       0.50098402854433333       0.61055201622228772       0.55537323350221401       0.48570816387166044       0.62670259700477693     
   8.8019549347261319E-002  0.16327375696456742       0.61735416155791512       0.42423794192210346       0.72263520363727296       0.99564455526262852       0.68684550487868512       0.63053017509394860       0.43913411329585711       0.60150388595136284     
  0.45808406861768464       0.53696688709949836       0.55761958386307686       0.50776514413562290       0.57071552654054025       0.63248907606009597       0.50165653404776744       0.51616466636718672       0.58019047635995236       0.65077171858962324     
   9.3388507350739003E-002  0.17236098514829096       0.62985708003109053       0.43767392793998666       0.74588833563288381       0.99578428890797022       0.69269634234562882       0.64543188488812442       0.46300652124329555       0.61439166464926931     
  0.49488685701860785       0.49815862815380019       0.47711067180390887       0.47126586636428464       0.58996997979186094       0.51089909426253055       0.52916750138242585       0.62562819946364034       0.45940690145800683       0.61680233377807492     
   9.9348069571620429E-002  0.18154289670977364       0.64388577655684565       0.45011707010575946       0.76431056375786299       0.99592191192464230       0.69856358260955231       0.66034014221336934       0.48759378081242533       0.62898090303828669     
  0.64262275472897212       0.58502056151329351       0.46254737355433956       0.53911724590462595       0.52960080144154353       0.69701459557447321       0.50849926813365076       0.59225034333915783       0.60392667265593780       0.53750630997844329     
  0.10524192402028293       0.19080586461050228       0.65743642357584342       0.46251261492537904       0.77877244219580488       0.99605848950239995       0.70432779038948956       0.67522886407358340       0.51201989526875513       0.64380554374237398     
  0.42343099612034923       0.45578879710455733       0.58163003196315244       0.39671172106663782       0.55104002995612877       0.59604796197978616       0.60196134720161965       0.55592913857870829       0.49145680979425188       0.51665613352880824     
  0.11240795257067433       0.20038739231557309       0.67125039661723329       0.47510217323385329       0.79237374786629799       0.99619608225419409       0.70988521239434654       0.69017513658375340       0.53757886114767228       0.65747397433796295     
  0.60333049235485181       0.56880800216228644       0.48965443936915387       0.46150957305449025       0.50897190859464425       0.54036275588150162       0.51659870482492665       0.62029002843424730       0.54372429232603559       0.51226179981364595     
  0.11956609893086058       0.21040056072515215       0.68417394103044404       0.48808809220661153       0.80665197461941496       0.99633638733973529       0.71488675458300288       0.70517714438348178       0.56075788370235891       0.67096279164466865     
  0.41738037265884570       0.59749334018390021       0.44603608482797447       0.45967221444156037       0.61160830738217697       0.49162417030399824       0.58725699806566123       0.56004381865460706       0.57783288044802761       0.42249159255783653     
  0.12585548270280247       0.22031483492864587       0.69408389363408407       0.50231183085572795       0.82023804907951414       0.99647557300637057       0.71925371465194687       0.72026391591148520       0.57757076368516125       0.68429353062047593     
  0.50745913260543130       0.41998300401206756       0.57839995906186392       0.49121824536672565       0.58112048546326545       0.62367675834687475       0.51737977204760865       0.62118954433651485       0.43935825652412402       0.52877817426276186     
  0.13285668035947151       0.23266794931234933       0.70614727983328840       0.51469178822402473       0.83263131373565213       0.99661127259044435       0.72421728883778713       0.73540079016032123       0.59318960573494861       0.69808748752792382     
  0.50268494259276775       0.62495294710436866       0.51776478413162619       0.52843346894342658       0.55715309952043868       0.56263619230096340       0.49795878792211856       0.60442011145875030       0.49341206428065099       0.44653298933215013     
  0.14103116277560585       0.24695788827233003       0.71787692557773652       0.52761701113375759       0.84443774704796115       0.99673273608247581       0.72984018586337762       0.75108784848811228       0.60906659589589496       0.71239007585259340     
  0.56414745699799007       0.53689050214366807       0.52643292210249193       0.58804064657053490       0.44393026304764366       0.47533165838357017       0.59859330212334561       0.51654880882504994       0.42805873231343033       0.47312421588841447     
  0.15157733522488520       0.26088772551571682       0.72864801178862759       0.53869620656362449       0.85623340192401376       0.99685324334682524       0.73559118524998446       0.76654052974279130       0.63153338806609360       0.72719026690554167     
  0.50370244591057434       0.55748099861510381       0.46511073804117709       0.49691206943282779       0.65627450479471727       0.54982612381617435       0.43391104210639719       0.48133247508020993       0.62161454990402043       0.57137428455704453     
  0.16450810328222140       0.27563756318922722       0.74006879760219990       0.54900325458638843       0.86822572555317779       0.99697670764804647       0.74164089452092541       0.78265914221730171       0.65234933905098647       0.74294194740851527     
  0.51601993603480323       0.54083398393264848       0.47059120435679708       0.40212680826178432       0.53859553189335163       0.52851762879175335       0.64611115707842659       0.81828534480083892       0.49661391309876163       0.50081843699209516     
  0.17838532378819216       0.29183836882119379       0.75488016092734533       0.56137264659849628       0.87901220676389102       0.99710839228658055       0.74831747819494787       0.80016175277407142       0.67022725189975829       0.75911758080226921     
  0.56560215562924576       0.67992431086410132       0.54301143061967472       0.53354692049291175       0.49869600000379649       0.57638783903947755       0.49341853027441585       0.68448576358212143       0.44175450171397357       0.50353403145183440     
  0.19281011529843139       0.30968730242621167       0.77648668843755053       0.57595759834406646       0.88816977142848552       0.99724718099139531       0.75534435633936303       0.81774503143750477       0.68605376029253640       0.77460027488236805     
  0.73543496226057525       0.65192270707582567       0.57930584850257272       0.39766449050321045       0.45584664367658134       0.56248175747202467       0.53578699551755860       0.58233276474480500       0.42885121844433988       0.50126737730226822     
  0.20903460200391877       0.32861193968123376       0.79415177328880293       0.59160277248518944       0.89717745900762735       0.99738720570557082       0.76264658954402209       0.83295706206209341       0.70124434501853983       0.78943357495958111     
  0.51049782610580696       0.46302724201477058       0.49746908105059179       0.60317476248018720       0.42757481461063096       0.69013305728860508       0.53760671348960731       0.57219237991242222       0.55037609280312683       0.52347179913456887     
  0.22695079293049653       0.34729968242684445       0.81070903938956962       0.61103070079354449       0.90632794009937401       0.99752947066070419       0.77033531623915374       0.84716941451841399       0.71887203416421985       0.80642096282918418     
  0.50272765370294559       0.62808438344014605       0.63423224261259503       0.62522723601170482       0.56693719234043960       0.52406842346438565       0.49944923084370302       0.51432546237665355       0.43246475576254945       0.44144158242123804     
  0.24580868288042509       0.36554965450698712       0.82658512657452909       0.63473770364148363       0.91572247751155689       0.99767154542850067       0.77806729831766519       0.86033281516696702       0.73815045731517592       0.82423377054277380     
  0.41973462154626201       0.50452051987029778       0.52333911344761719       0.60037300587108899       0.54077635393074408       0.74824128276199919       0.51790334965899743       0.47240486133138387       0.42249159255783653       0.53311911378840759     
  0.26816830673348224       0.38441042574699974       0.84225426487611521       0.66090983435893191       0.92465816720347449       0.99781425397165269       0.78542011702540337       0.87262635336300176       0.76114974626341958       0.84173577034033575     
  0.54500382440705841       0.48739405993147145       0.66164714721715268       0.62397617961381702       0.49843568729130572       0.48417783263449915       0.57678307439339493       0.48592294989136803       0.43481320183126893       0.60596164406716602     
  0.29386201294518161       0.40491161541731985       0.85866084658580744       0.68739697382893272       0.93266521441363470       0.99795393636526419       0.79300192447332862       0.88613220549546368       0.78794312696751279       0.85902493059588969     
  0.55013961139636436       0.47639096610331955       0.51508838466959961       0.56779408551739796       0.51311314915074402       0.52645787486778040       0.56412080240845397       0.58494002458764027       0.57698861224451947       0.45769252975318608     
  0.32507925256164671       0.43068283293603116       0.87512675319868527       0.71356721080644614       0.94100965639743950       0.99810430952351115       0.80271286345364834       0.90348714196358193       0.81554175912032112       0.87918804418619256     
  0.56440394675291761       0.44305383034046542       0.61314811033177374       0.42648952665914502       0.46789622283176163       0.66403235118222381       0.65217940548457820       0.52872036804813705       0.49598758836275070       0.86816774808528807     
  0.36297648368601410       0.45920979877401585       0.89340563821038743       0.74018370903539754       0.94895170309035459       0.99825891908654141       0.81566027193842183       0.91806625568611655       0.84327292242090446       0.90021734521688401     
  0.56068578075639586       0.52340534064738586       0.68387543871910084       0.60101921461657204       0.50248422059729803       0.64837210833986969       0.76247560805769010       0.49887335259139559       0.52385432290269063       0.58147717396938126     
  0.40520071345750486       0.48806386760420628       0.91208337654095883       0.76834385720055554       0.95689687731647133       0.99842383983372318       0.82812056195906070       0.92807236197015086       0.87086208745091531       0.91948305839604461     
  0.49239217021451731       0.52552137018903777       0.48531539737126439       0.46776509980882885       0.42905425535666786       0.56848908966369138       0.67940742638857632       0.45462385138160716       0.49179066631509344       0.55620940223036064     
  0.45616962655596938       0.52037258558596045       0.93002771510239524       0.79812972073364019       0.96491930928754532       0.99860666616516680       0.84145946869718424       0.94045942621942424       0.89693881362193095       0.93716295918963122     
  0.47480083420120311       0.50687306082393846       0.68031457455390054       0.42308575499984941       0.42950669637940009       0.51324054856436796       0.50769019538610294       0.47460897896393311       0.57130649343412787       0.54455590736851811     
  0.51751614935896439       0.56347865735525760       0.94754607761712062       0.83131089716104800       0.97316366852308600       0.99880598829647615       0.85656016118282163       0.95543367981936955       0.92170881957131590       0.95375037348282610     
  0.52328995500812725       0.57747498119153839       0.42111941533208752       0.55447137321204421       0.47462426161148097       0.58603123676282676       0.55891387634915968       0.41306839711197818       0.44243421889080081       0.56297428499892455     
  0.61595456416455918       0.62270732171595400       0.96461275718057693       0.86817730660170356       0.98259223888139224       0.99905123796674378       0.87418093866150570       0.97064250929703622       0.94631195184975048       0.96974482133519679     
  0.47919587917399564       0.50069914204002497       0.57715192927321879       0.48679836789683928       0.57267711508670083       0.52208036420498494       0.47531672230962213       0.39212485239379591       0.57715526967028852       0.69193762525027724     
  0.75724240687526956       0.72934539134790777       0.98170852293435695       0.91677741574337435       0.99158442060656882       0.99941062530672053       0.90568632500902946       0.98468375593085888       0.97166346867133013       0.98502877817793422     
  0.42256209878896206       0.60200774599419427       0.53291444280531830       0.44484315857032991       0.52931496801463229       0.42136891700737533       0.52928854108635870       0.53163312155845355       0.53343198689077698       0.61544030713145514     
   1.0000000000000000        1.0000000000000000        1.0000000000000000        1.0000000000000000        1.0000000000000000        1.0000000000000000        1.0000000000000000        1.0000000000000000        1.0000000000000000        1.0000000000000000     
  0.43016024154071320       0.47328327422100680       0.52311661994005731       0.49411622809868544       0.49458648868022065       0.38570802822522388       0.36780029388910118       0.48960879493659498       0.48232389200566983       0.59855655901615590     
  -66.941690355839398       -61.178641390673107       -32.071258196527921       -52.859959100912498       -38.550040256226069        0.0000000000000000       -44.744457090126978       -47.157326409151565       -47.578203155212243       -60.670009440830441     
  -34.012805204513946       -47.453472658113903       -44.783024604270651       -30.978629189383792       -42.773577705069478        0.0000000000000000       -36.704322156212967       -53.580322660717762       -55.858291246129738       -43.124575478242825     
  -51.125854255672230       -44.700894770730997       -45.877261384527522       -34.715177818628177       -66.359723338461777        0.0000000000000000       -37.017931790845758       -52.018461432528539       -50.707877870232089       -29.555858358060210     
  -30.759111505590344       -46.700732599926461       -42.528214635656020       -41.585864409512077       -82.705362300366545        0.0000000000000000       -50.824940211519660       -49.366194516719176       -41.419884710315500       -44.245352144182753     
  -23.765595895662244       -45.887275429874975       -60.038648829367588       -57.694272789788720       -63.208739691811452        0.0000000000000000       -45.563726761807935       -45.202192934015741       -57.735859888539359       -48.978436956502605     
  -25.169843079067981       -43.736601765575877       -58.314194084938478       -51.860535796444864       -52.250025949902209        0.0000000000000000       -64.103312215757740       -43.531388096853512       -48.003939923483422       -69.383920801513867     
  -23.449225406852790       -80.521213545483533       -43.631708304878359       -79.184988756427131       -40.266646060746453        0.0000000000000000       -48.270324603893826       -42.613705879600246       -49.352433940370851       -43.127160060962439     
   11.107642302898400       -33.484638255655156       -41.193392983205293       -46.381598568082786       -46.437911710437326       -62.284119643776755       -47.936572508369906       -65.070466945734282       -39.610655282020886       -34.484515520390019     
   5.4721555357736655E-004
           1           1           1           1           1           1           1           1           1           1
   4.1307790877706637E-005   2.0282931726981070E-005   4.5686643720393094E-007  -39.361131816299071        2.5212280203774922E-006   2.1532238642194007E-009
   9.3057829833205309E-007   9.8309913936402925E-007   3.4747476004606253E-007   1.0099461723317198        3.4739711885783090E-007   3.0838014841118697E-010
   1.0638003827466333E-002  -52.870532002778248     
