     
 Collinear #          14
 ME*wgt:
   1.1096063255244006        1.3977273872593002E-013   1.2596606157582359E-013
   1.0073966224113504        1.2689778496994489E-013   1.2596606157582359E-013
   1.0003761184828461        1.2601343973979358E-013   1.2596606157582359E-013
  0.99993738099274332        1.2595817370609967E-013   1.2596606157582359E-013
  0.99996281173069756        1.2596137711600274E-013   1.2596606157582359E-013
  0.99998560959765193        1.2596424887351532E-013   1.2596606157582359E-013
  0.99993383951632964        1.2595772760026369E-013   1.2596606157582359E-013
  0.99903617669973299        1.2584465255063394E-013   1.2596606157582359E-013
  0.99999999999999956        1.2596606157582354E-013   1.2596606157582359E-013
  0.99999999999999944        1.2596606157582352E-013   1.2596606157582359E-013
 wgt:
   1.0000015382962038        3.3790678895134790E-004   3.3790626915141683E-004
   1.0000001474454241        3.3790631897414995E-004   3.3790626915141683E-004
   1.0000000146835799        3.3790627411309053E-004   3.3790626915141683E-004
   1.0000000014677508        3.3790626964737904E-004   3.3790626915141683E-004
   1.0000000001467688        3.3790626920101094E-004   3.3790626915141683E-004
   1.0000000000146767        3.3790626915637618E-004   3.3790626915141683E-004
   1.0000000000014677        3.3790626915191274E-004   3.3790626915141683E-004
   1.0000000000001465        3.3790626915146637E-004   3.3790626915141683E-004
   1.0000000000000144        3.3790626915142170E-004   3.3790626915141683E-004
   1.0000000000000011        3.3790626915141720E-004   3.3790626915141683E-004
     
 Soft #          32
 ME*wgt:
   1.0034797629083907        4.7719711601711539E-013   4.7554234141608643E-013
  0.99787588934816673        4.7453223686328679E-013   4.7554234141608643E-013
  0.99939177920074973        4.7525310667311298E-013   4.7554234141608643E-013
   1.0000045524688370        4.7554450630777641E-013   4.7554234141608643E-013
   1.0000013197872604        4.7554296903081036E-013   4.7554234141608643E-013
   1.0000001654567059        4.7554242009775570E-013   4.7554234141608643E-013
   1.0000002347217503        4.7554245303621714E-013   4.7554234141608643E-013
   1.0000031640826856        4.7554384607137516E-013   4.7554234141608643E-013
   1.0000000005012142        4.7554234165443501E-013   4.7554234141608643E-013
   1.0000000000501215        4.7554234143992128E-013   4.7554234141608643E-013
 wgt:
   1.1111111111111109        7.7468855892796684E-005   6.9721970303517023E-005
   1.0101010101010102        7.0426232629815184E-005   6.9721970303517023E-005
   1.0010010010010009        6.9791762065582591E-005   6.9721970303517023E-005
   1.0001000100010000        6.9728943197836803E-005   6.9721970303517023E-005
   1.0000100001000010        6.9722667530192317E-005   6.9721970303517023E-005
   1.0000010000010000        6.9722040025557055E-005   6.9721970303517023E-005
   1.0000001000000101        6.9721977275714759E-005   6.9721970303517023E-005
   1.0000000100000002        6.9721971000736744E-005   6.9721970303517023E-005
   1.0000000009999999        6.9721970373238989E-005   6.9721970303517023E-005
   1.0000000001000000        6.9721970310489216E-005   6.9721970303517023E-005
     
 Collinear #          27
 ME*wgt:
   1.1012377065336472        1.2055322159397401E-013   1.0947066276311765E-013
   1.0078898879094393        1.1033437402169070E-013   1.0947066276311765E-013
   1.0003264612870582        1.0950640069657840E-013   1.0947066276311765E-013
  0.99988822333584126        1.0945842649761075E-013   1.0947066276311765E-013
  0.99994319156065459        1.0946444390561198E-013   1.0947066276311765E-013
  0.99997944314450993        1.0946841239052283E-013   1.0947066276311765E-013
  0.99999373429459737        1.0946997685219455E-013   1.0947066276311765E-013
   1.0000107719525202        1.0947184197589929E-013   1.0947066276311765E-013
   1.0000000000000004        1.0947066276311770E-013   1.0947066276311765E-013
   1.0000000000000002        1.0947066276311767E-013   1.0947066276311765E-013
 wgt:
   1.0000292681216707        4.8304975463166563E-004   4.8303561708645348E-004
   1.0000028052740484        4.8303697213373452E-004   4.8303561708645348E-004
   1.0000002793668716        4.8303575203060276E-004   4.8303561708645348E-004
   1.0000000279251344        4.8303563057528799E-004   4.8303561708645348E-004
   1.0000000027923976        4.8303561843528100E-004   4.8303561708645348E-004
   1.0000000002792389        4.8303561722133577E-004   4.8303561708645348E-004
   1.0000000000279241        4.8303561709994177E-004   4.8303561708645348E-004
   1.0000000000027924        4.8303561708780234E-004   4.8303561708645348E-004
   1.0000000000002793        4.8303561708658841E-004   4.8303561708645348E-004
   1.0000000000000278        4.8303561708646687E-004   4.8303561708645348E-004
     
 Soft #          69
 ME*wgt:
   8.4214536920925349E-003   8.2352660409072555E-014   9.7789126937073785E-012
  0.40970850406474957        4.0065036911186406E-012   9.7789126937073785E-012
  0.98550969931137156        9.6372133083677128E-012   9.7789126937073785E-012
  0.99987036959228237        9.7776450492678579E-012   9.7789126937073785E-012
   1.0000004613512221        9.7789172052207013E-012   9.7789126937073785E-012
   1.0000001684415076        9.7789143408821748E-012   9.7789126937073785E-012
  0.99999983024981920        9.7789110337351805E-012   9.7789126937073785E-012
  0.99999834342402705        9.7788964941955689E-012   9.7789126937073785E-012
   1.0000000010686272        9.7789127041573903E-012   9.7789126937073785E-012
   1.0000000001068705        9.7789126947524550E-012   9.7789126937073785E-012
 wgt:
  0.84248540480021772        1.8213600719848609E-004   2.1618891693640294E-004
  0.98439760353294270        2.1281585174257747E-004   2.1618891693640294E-004
  0.99844123946195185        2.1585193018391910E-004   2.1618891693640294E-004
  0.99984413872583999        2.1615522145634997E-004   2.1618891693640294E-004
  0.99998441402036953        2.1618554742034723E-004   2.1618891693640294E-004
  0.99999844140351524        2.1618857998511695E-004   2.1618891693640294E-004
  0.99999984414036680        2.1618888324127764E-004   2.1618891693640294E-004
  0.99999998441403704        2.1618891356689048E-004   2.1618891693640294E-004
  0.99999999844140375        2.1618891659945172E-004   2.1618891693640294E-004
  0.99999999984414034        2.1618891690270781E-004   2.1618891693640294E-004
