  0.00028584488304664  0.00028714577481688  0.00028822524053291  0.00028895953400875
  0.00028966704662965  0.00029052075554653  0.00029135048827682  0.00029234746297251
  0.00029459218896775  0.00029820156827717  0.00030241490910125  0.00030623365854270
  0.00030987543836823  0.00031346164742611  0.00031748262510593  0.00032129729525956
  0.00032461355723206  0.00032806401553474  0.00033176397523994  0.00033551808948451
  0.00034000630003811  0.00034541775261504  0.00035098275573160  0.00035711904724137
  0.00036368039793533  0.00037088998047825  0.00037841115977318  0.00038559630168867
  0.00039252823394349  0.00039948649074298  0.00040857146988262  0.00041808382918797
  0.00042805961679816  0.00043847112583376  0.00044910649804226  0.00046065311060991
  0.00047305081574280  0.00048630148278179  0.00050025295934046  0.00051511870525432
  0.00053170278843171  0.00054973883252535  0.00056859323685897  0.00058667429464451
  0.00060540618528657  0.00062706446269116  0.00065211939257494  0.00067885513788946
  0.00070569504677936  0.00073404733488170  0.00076383096328766  0.00079593460913693
  0.00083041836255333  0.00087093725603614  0.00091314371770835  0.00095645050935395
  0.00100140356568513  0.00105247867239042  0.00110461584216883  0.00115894687866551
  0.00121482339726826  0.00127283989527072  0.00133668752091493  0.00140973368779269
  0.00148808438868265  0.00157077947170694  0.00166631985266534  0.00176896855361456
  0.00188360702686344  0.00200296220131630  0.00213102355732990  0.00226572153074624
  0.00240956968902827  0.00256851308676863  0.00274405371848620  0.00294273369266221
  0.00316783876757530  0.00343372684741817  0.00372359265427133  0.00403505359089966
  0.00440047239357485  0.00483431219691231  0.00530452476254671  0.00579979857390262
  0.00627929646549676  0.00679612658487860  0.00749800158265295  0.00860325122425849
  0.00996399128291528  0.01173178141435912  0.01389983550559768  0.01662684095386408
  0.02036576902927259  0.02645774680169196  0.04606800569614260  1.00000000000000000
  0.00000318494582419  0.00000333462942108  0.00000348874219865  0.00000364898650056
  0.00000381867115703  0.00000400669117460  0.00000424130054807  0.00000451156642486
  0.00000480059397575  0.00000509576948400  0.00000544171080558  0.00000579253573836
  0.00000622864126198  0.00000661483515533  0.00000704716985462  0.00000749909526566
  0.00000804807636990  0.00000863361339269  0.00000923723891406  0.00000990163752485
  0.00001058424730374  0.00001140250938267  0.00001217665609931  0.00001303859997407
  0.00001390316657929  0.00001482729732042  0.00001578145887736  0.00001675798733740
  0.00001778673547945  0.00001885272209955  0.00002003596098456  0.00002133553577192
  0.00002281824105952  0.00002446071842195  0.00002625943566130  0.00002808305868349
  0.00002987878233828  0.00003184232049105  0.00003388176860992  0.00003642341447993
  0.00003899055241532  0.00004170991334726  0.00004496375089174  0.00004793155937336
  0.00005143177020377  0.00005506409327718  0.00005900394121996  0.00006318159108638
  0.00006761011781905  0.00007248280466150  0.00007783749182025  0.00008348580510797
  0.00008952912509010  0.00009575320486472  0.00010272626623069  0.00011042441279563
  0.00011931209349240  0.00012847001081114  0.00013809944005645  0.00014772578205207
  0.00015812631927047  0.00016914707667667  0.00018096658843870  0.00019447743263150
  0.00021063059411602  0.00022842037586951  0.00024607897188854  0.00026330744600848
  0.00028048738025617  0.00029921621091270  0.00032053426349390  0.00034241989968029
  0.00036641270932802  0.00039236163002582  0.00042153548989184  0.00045840623340276
  0.00050202854464001  0.00055163086678631  0.00060411438634143  0.00065994128254194
  0.00071814881789074  0.00078713886865686  0.00086513882418289  0.00096090110865601
  0.00108687647570158  0.00124672771298413  0.00144484840180057  0.00167380221530134
  0.00195247534059624  0.00231657069966751  0.00279893496455520  0.00352707683419234
  0.00467350243321514  0.00683957767828408  0.01127205120868079  1.00000000000000000
 -0.00180054202328587  0.01044211296338268  0.02139834597736170  0.03177990167300707
  0.04180174854645205  0.05122196781401945  0.06041286018704230  0.07039740720378360
  0.08066064785366124  0.09058087140315266  0.10018512538251180  0.10933766202064345
  0.11824287648024356  0.12814953138088897  0.13808222027579936  0.14813226489488920
  0.15846628630392787  0.16942383521351403  0.18056673634157161  0.19206447937229854
  0.20362875541228059  0.21462463646941982  0.22513561257929454  0.23549599318619074
  0.24568862527557694  0.25624474967066241  0.26737301247657280  0.27790066992303569
  0.28771012857770906  0.29670735745904442  0.30594486360606971  0.31597033937146385
  0.32739685296187859  0.33955435946927376  0.35069543434463346  0.36060557606429194
  0.37026153278935142  0.38053170078483300  0.39131008468048778  0.40218895899919849
  0.41294926889035849  0.42378445365389611  0.43461345391812711  0.44493159362320633
  0.45491488077824904  0.46517292655872122  0.47594281420505496  0.48717305512855297
  0.49777683170975934  0.50798724916792781  0.51804233707184610  0.52822783169411247
  0.53873550253425406  0.54991931720823573  0.56148288579339944  0.57313408817332046
  0.58522142614391359  0.59775639871796926  0.60977265592519514  0.62011434373958541
  0.62997421596624814  0.63991183157164455  0.65006657820408209  0.65970823927871747
  0.66924553285758448  0.67869107386526240  0.68975321262995426  0.70161627220663192
  0.71315054538624134  0.72410282336998799  0.73568826678160104  0.74792981395270808
  0.75917324994569857  0.76921444502029424  0.77888516441388167  0.78877452096780243
  0.79936360575137311  0.81029676059943945  0.82114935921940291  0.83223302376255726
  0.84299517069279417  0.85393908569478683  0.86522652134595113  0.87610122948235969
  0.88632322211142411  0.89581155220838760  0.90570120799510345  0.91659485410585573
  0.92701768386276917  0.93663255271956991  0.94600271109832512  0.95599400509898613
  0.96697276034819890  0.97787057624471896  0.98847294108142680  1.00000000000000000
 -0.00026354443266145  0.00012643050405041  0.00045797812034435  0.00069382135319205
  0.00097942934783598  0.00126960970591136  0.00156161784871827  0.00187778312175045
  0.00220460668025091  0.00253490963613389  0.00286608309676502  0.00319396683699724
  0.00352505015745421  0.00386148720794809  0.00419338788158171  0.00452366108688908
  0.00485157703683372  0.00517090197507715  0.00548894344880057  0.00580915752013513
  0.00614807245973045  0.00646404104867572  0.00677212382166850  0.00708106225359768
  0.00737141719742050  0.00764860053136187  0.00795625800136737  0.00827370271985922
  0.00859896955461858  0.00894045652935295  0.00926360114710164  0.00955928652112966
  0.00982567357932551  0.01008726371493407  0.01037244964995014  0.01066943557268308
  0.01100019816923077  0.01139668526640921  0.01178064941978883  0.01211845027182678
  0.01244721506737274  0.01277528081954456  0.01310728314464753  0.01350087494839438
  0.01396656794065062  0.01446408520809294  0.01496354120241218  0.01533587430415063
  0.01570007216816100  0.01606619073826563  0.01645444561954659  0.01685570938927584
  0.01730495282351280  0.01781677974061360  0.01851276568121503  0.01939045433747287
  0.01998457402111319  0.02053747442853369  0.02114507894849577  0.02192680179712956
  0.02280475904319663  0.02361324444729946  0.02434743079576084  0.02507322705782467
  0.02586080595341709  0.02658378977254177  0.02734435747741248  0.02809056511614579
  0.02906095994839979  0.02971870667311160  0.03036146067008238  0.03103699830969278
  0.03190902748122310  0.03272230495624253  0.03371066739728712  0.03473703017579597
  0.03591254597137355  0.03671430935379688  0.03735784366199531  0.03877077294415422
  0.04005141628453158  0.04084078575467059  0.04157976835193082  0.04278888989525493
  0.04536895519501528  0.04662330862511906  0.04823788617429103  0.06095899928726069
  0.06686409773931816  0.07063995558357462  0.09427469200886911  0.10296240328473569
  0.12150629182120837  0.12619336382721480  0.12646290429813167  1.00000000000000000
 -0.00256062633663072  0.01289019992545693  0.02571871972782625  0.03867961004923305
  0.05176880538365772  0.06614860749322012  0.08123294597445044  0.09473007402697631
  0.10740145947524897  0.11975672678416867  0.13195790822766396  0.14472892800869838
  0.15879623125029213  0.17302554862038969  0.18597105820240711  0.19819421973272167
  0.21004005330347059  0.22109721449274505  0.23224197797291954  0.24389081125729062
  0.25551784451528875  0.26710809021544635  0.27800586127290572  0.28869998143630560
  0.29954690205822132  0.31084797146961218  0.32226716282532081  0.33350230244502255
  0.34410482162786798  0.35422250176932957  0.36408398682097504  0.37369869813790546
  0.38300791938264983  0.39186971991465103  0.40026972933853600  0.40809246991261938
  0.41549413730499402  0.42319400755676667  0.43144542112896722  0.44017170542044010
  0.44730663691584155  0.45379455410681996  0.46039399751800741  0.46751106892788907
  0.47512487895388705  0.48213822997055816  0.48951119551446115  0.49717805805690890
  0.50513081846076224  0.51315181747802530  0.52100123018806510  0.52832151920282944
  0.53557713110490868  0.54249481355166107  0.54957156788334438  0.55692585727492172
  0.56432990349368140  0.57182809741951424  0.57897619127965627  0.58634294597407077
  0.59432625788293880  0.60208851396568031  0.61018104381368365  0.61887049456192700
  0.62730164694405677  0.63637956889930614  0.64498324186811939  0.65386946463181905
  0.66344150923633349  0.67315151609066659  0.68265783319161200  0.69192921681286979
  0.70171752642893925  0.71274377282397217  0.72506040736472877  0.73913838291268508
  0.75278097773156538  0.76671363801783232  0.77988329597197426  0.79299762079562774
  0.80565628682894463  0.81720347926434622  0.82770432691823015  0.83691294086705315
  0.84684811594801113  0.85832302612696432  0.87231669476514484  0.88526220971897018
  0.89816712507128926  0.91189731229250792  0.92672542923072820  0.94197564024665337
  0.95750562937690287  0.97239697954638282  0.98638413603082853  1.00000000000000000
  0.74787999556526397  0.74994232196666155  0.75404704693883151  0.75949028382338268
  0.76528546021338262  0.76967658739874001  0.77313766994176614  0.77634317482917337
  0.77950308952833647  0.78328105068473231  0.78809698798287708  0.79232441433084788
  0.79658944929350906  0.80090966964199661  0.80738354074728880  0.81458448196571354
  0.81790093465917424  0.82022218740950803  0.82246590309797296  0.82469685968413209
  0.82698894451572735  0.82943039657941009  0.83204750834476660  0.83460955477385868
  0.83767536145599142  0.84091435255944758  0.84443941986490334  0.84728070280340595
  0.85002662309648991  0.85244786048603649  0.85486830800853564  0.85727623105236583
  0.85966985133286500  0.86210892179815779  0.86444726734187149  0.86659669801511974
  0.86871033853157553  0.87081638701047070  0.87293509906713351  0.87510978681385310
  0.87751167152993237  0.88000564891233812  0.88245150266201922  0.88503347536715815
  0.88774531677252988  0.89047038814797042  0.89292035588375407  0.89515716937334056
  0.89735902795315015  0.89969761495435230  0.90224157446362663  0.90469226323319230
  0.90707285362855850  0.90961384349872609  0.91233651403549998  0.91474990136783174
  0.91705140098282234  0.91922914767019426  0.92157177362930576  0.92395330060964509
  0.92630489308873454  0.92858610317334400  0.93073338813701556  0.93278698700174756
  0.93481549063035763  0.93685612237483507  0.93889190998339267  0.94087616057018120
  0.94286414418252928  0.94488254609580458  0.94695072313097894  0.94902065488578957
  0.95107338071923642  0.95306743199738320  0.95496718768901390  0.95687120396080128
  0.95873641058810311  0.96064837881817189  0.96254206539377674  0.96448932711114432
  0.96638474505441208  0.96827011345474479  0.97019791081466300  0.97216944316845555
  0.97422833381147034  0.97626375324263259  0.97815573189657212  0.98013039026834048
  0.98215750688270864  0.98425148341711699  0.98637632090302652  0.98847916267994040
  0.99061429302011994  0.99296156580282313  0.99593425938566305  1.00000000000000000
 -0.00888743975758546  0.06479983483976519  0.09439317194302949  0.11140491173493811
  0.12491830039266372  0.13642945493629374  0.14657286151521962  0.15495973930795201
  0.16248622152829700  0.17033986812659654  0.17865053413009563  0.18735650221069114
  0.19500506647622465  0.20191376373698181  0.20855882023670513  0.21526096511266340
  0.22171684783957826  0.22793322368264701  0.23410714646391709  0.24052668327206420
  0.24678760310767098  0.25288664773442138  0.25903998605990086  0.26526949565722652
  0.27169544990595068  0.27776871172596473  0.28298971456990391  0.28785387024536896
  0.29254639101666247  0.29731748481049136  0.30238887342258519  0.30746992760526881
  0.31233197424438297  0.31688705752126112  0.32143685088301838  0.32615114837291576
  0.33109636644201168  0.33618969242748137  0.34094387904403139  0.34545648529120143
  0.35012439765767966  0.35457874925652155  0.35945961704342028  0.36423428981625250
  0.36919905969046796  0.37430832475151676  0.37905391212983713  0.38360891548066728
  0.38815766190966738  0.39272920872775752  0.39749886075833407  0.40224434760060523
  0.40690639723624322  0.41173649347360813  0.41679259454223649  0.42213371885063816
  0.42784207000734786  0.43405189880125095  0.44064287615718806  0.44741644175692774
  0.45358749359789091  0.45948475690382906  0.46524553439249711  0.47088748658488538
  0.47682714792648390  0.48341456190057625  0.49029505719905486  0.49726724925272314
  0.50476169317154684  0.51236475161147144  0.52001565586047738  0.52732180807457729
  0.53475500323878655  0.54303977870476217  0.55201184753581400  0.56130299689140528
  0.57068280037296626  0.57977271478875236  0.58827841607696019  0.59631111496793088
  0.60354026196273203  0.61211205429712656  0.62184053978309417  0.63229718100486232
  0.64286141592575119  0.65379545426904595  0.66716544435406100  0.68240998310407464
  0.69708450015719747  0.71204464473384477  0.72905711768092452  0.74883408791317607
  0.77254928104237541  0.80215861755640328  0.84687468685051215  1.00000000000000000
   5.7585304915200001E-006  0.38884621052599999     
  <DiscreteSampler_grid>
  Helicity
  1 # 1 for a reference and 2 for a running grid.
  80 # Attribute 'min_bin_probing_points' of the grid.
  1 # Attribute 'grid_mode' of the grid. 1=='default',2=='initialization'
  0.0300000000000000 # Attribute 'small_contrib_threshold' of the grid.
  0.3330000000000000 # Attribute 'damping_power' of the grid.
 # binID   n_entries weight   weight_sqr   abs_weight
    2   1266   1.707849799206741E-004   1.138684279849381E-006   1.707849799206741E-004
    4   283   3.461042095941714E-005   3.313746875781241E-008   3.461042095941714E-005
    5   1658   2.134478849321548E-004   5.243632911792255E-007   2.134478849321548E-004
    7   212   2.744574501056701E-005   4.944467295989299E-008   2.744574501056701E-005
    10   262   3.328351469103892E-005   1.261514167635587E-007   3.328351469103892E-005
    12   1942   2.361929756368751E-004   9.302427730322959E-007   2.361929756368751E-004
    13   246   3.689983763370930E-005   3.463531936209778E-008   3.689983763370930E-005
    15   1143   1.650545785397196E-004   3.379616956429505E-007   1.650545785397196E-004
  </DiscreteSampler_grid>
  <DiscreteSampler_grid>
  grouped_processes
  1 # 1 for a reference and 2 for a running grid.
  10 # Attribute 'min_bin_probing_points' of the grid.
  1 # Attribute 'grid_mode' of the grid. 1=='default',2=='initialization'
  0.0300000000000000 # Attribute 'small_contrib_threshold' of the grid.
  0.3330000000000000 # Attribute 'damping_power' of the grid.
 # binID   n_entries weight   weight_sqr   abs_weight
    16   10   1.393684726080000E+002   5.442912457460000E+004   1.393684726080000E+002
    13   10   1.390836995970000E+002   5.405683328859999E+004   1.390836995970000E+002
    14   10   1.382404228860000E+002   5.500720076369999E+004   1.382404228860000E+002
    17   10   1.375700060270000E+002   5.466647828430000E+004   1.375700060270000E+002
  </DiscreteSampler_grid>
