+0.0000032254059574 +0.0000034014903708 +0.0000035541189375 +0.0000037632639095 
+0.0000039957172296 +0.0000042197509003 +0.0000045234670885 +0.0000048988671748 
+0.0000052682945566 +0.0000056417055190 +0.0000060388838346 +0.0000064853248364 
+0.0000069373181845 +0.0000074231671770 +0.0000079522458170 +0.0000085502375471 
+0.0000091618254390 +0.0000098224178984 +0.0000105091589763 +0.0000112558775973 
+0.0000120323893569 +0.0000128823505388 +0.0000137773982663 +0.0000147332377199 
+0.0000156925029875 +0.0000166835262590 +0.0000177129719973 +0.0000187998483711 
+0.0000198786514605 +0.0000209887570044 +0.0000221232833531 +0.0000234657007851 
+0.0000249465225599 +0.0000265279377131 +0.0000281788049855 +0.0000299156952045 
+0.0000318062404402 +0.0000339098435336 +0.0000362170575067 +0.0000386107044878 
+0.0000411212123841 +0.0000436358863531 +0.0000463012818299 +0.0000492033576349 
+0.0000523119489443 +0.0000555235804737 +0.0000587507845889 +0.0000620679716795 
+0.0000655677961249 +0.0000694678253544 +0.0000737950457691 +0.0000784476340998 
+0.0000834198550615 +0.0000883975221789 +0.0000940058161425 +0.0000995942743453 
+0.0001056685675695 +0.0001122330025677 +0.0001189968812425 +0.0001263122127465 
+0.0001340667356485 +0.0001424451477161 +0.0001519944610666 +0.0001614854976029 
+0.0001728729774579 +0.0001835764860643 +0.0001968092408858 +0.0002113994200726 
+0.0002275258056375 +0.0002447906687192 +0.0002631927909072 +0.0002824375009972 
+0.0003036375869761 +0.0003267938155032 +0.0003540936782499 +0.0003854478024539 
+0.0004194389204371 +0.0004566073376751 +0.0004977910802827 +0.0005443398207511 
+0.0005984351162281 +0.0006630884935962 +0.0007414854154308 +0.0008329571844619 
+0.0009421090604268 +0.0010764579053342 +0.0012504683277320 +0.0014702523116217 
+0.0017326750171320 +0.0020471509163822 +0.0025280838444085 +0.0034024646156764 
+0.0049797372820946 +0.0086450978301229 +0.0086450978301329 +0.0386674877632060 
+0.0002479725637756 +0.0002505317520400 +0.0002523354151791 +0.0002567289213675 
+0.0002625598544333 +0.0002683796778947 +0.0002741765467972 +0.0002800506557116 
+0.0002860861203654 +0.0002925194270811 +0.0002994228891846 +0.0003070231027940 
+0.0003147284098162 +0.0003226084719378 +0.0003306796961710 +0.0003391028798845 
+0.0003481314871222 +0.0003578380989549 +0.0003675808220735 +0.0003776469523874 
+0.0003877704253482 +0.0003985977101702 +0.0004104258639528 +0.0004226836154968 
+0.0004351440315370 +0.0004477903859093 +0.0004610305834909 +0.0004755819361627 
+0.0004909084558174 +0.0005070551433570 +0.0005236927991617 +0.0005410158965352 
+0.0005596439300205 +0.0005788500825741 +0.0005988037108274 +0.0006195040220114 
+0.0006437955066332 +0.0006696435096832 +0.0006947825367830 +0.0007205525993789 
+0.0007499117605443 +0.0007807639393802 +0.0008126884878662 +0.0008465454391072 
+0.0008827833098426 +0.0009200374123596 +0.0009580020347663 +0.0009970724482624 
+0.0010369392987224 +0.0010770306706583 +0.0011189582650545 +0.0011662425671427 
+0.0012192278074723 +0.0012746368967730 +0.0013321218995879 +0.0013935456690171 
+0.0014587170825970 +0.0015249983288577 +0.0015927675562098 +0.0016634722219981 
+0.0017347474817536 +0.0018105939375145 +0.0018908500528435 +0.0019746321786612 
+0.0020612237552789 +0.0021561209172327 +0.0022540613298471 +0.0023588799275983 
+0.0024682676186690 +0.0025986213237561 +0.0027269372002729 +0.0028723855899733 
+0.0030525192169623 +0.0032401925869078 +0.0034446761705631 +0.0036605890376632 
+0.0038963436860940 +0.0041694281381754 +0.0044734822258372 +0.0047770767091622 
+0.0051034903749612 +0.0054469017922537 +0.0059095777641898 +0.0064351900423378 
+0.0069201756278079 +0.0074738837214515 +0.0081425246845224 +0.0091197867376839 
+0.0103608052297526 +0.0118251401033282 +0.0132205920037632 +0.0145197499836666 
+0.0170253550979075 +0.0196263288235239 +0.0196263288235339 +0.0386090809808443 
-0.0025668739148506 +0.0095701527996689 +0.0196560681120536 +0.0311059536486827 
+0.0423939239224831 +0.0534950567056028 +0.0646645176824018 +0.0758709519540823 
+0.0863519469765588 +0.0973836207434903 +0.1080489833165183 +0.1192612578477888 
+0.1307785227706277 +0.1421600788183932 +0.1527130330972085 +0.1630150814905998 
+0.1739513444224409 +0.1853856682268795 +0.1968621009861911 +0.2078867842217726 
+0.2183231803477260 +0.2284805451236839 +0.2384204612455205 +0.2491163142989111 
+0.2589070135715037 +0.2687542972767715 +0.2780562519753162 +0.2874643778781898 
+0.2967864857337910 +0.3062243210518553 +0.3162498509000370 +0.3266326223151920 
+0.3371518923776901 +0.3475347316740342 +0.3583555614958880 +0.3697104422380172 
+0.3809139783542068 +0.3916737635232970 +0.4021346375004636 +0.4125410799696462 
+0.4231793587264723 +0.4339643160257743 +0.4451620964470985 +0.4564935935518545 
+0.4676871960210592 +0.4787292733247349 +0.4898676120727506 +0.5012307704861131 
+0.5125571485883920 +0.5233161400374894 +0.5337475378693181 +0.5438830161556425 
+0.5535710218515870 +0.5636030399345533 +0.5741001401833609 +0.5850283130432227 
+0.5962741668619687 +0.6080827099411533 +0.6204353403596958 +0.6314328690244113 
+0.6417242713042208 +0.6517378781172869 +0.6619023729913418 +0.6720672824182633 
+0.6820477386966337 +0.6923163466328831 +0.7026785938668011 +0.7129600549167481 
+0.7234820502482092 +0.7341570807627260 +0.7450416339540271 +0.7550790524412380 
+0.7654115968639604 +0.7755526281687580 +0.7863753808364149 +0.7969234437391030 
+0.8075532151171637 +0.8177894526199680 +0.8276217539362263 +0.8376588499891190 
+0.8476853159519958 +0.8576634675092454 +0.8684319159103659 +0.8793885263255095 
+0.8904499558134464 +0.9010251472870049 +0.9115014380692681 +0.9225211768481498 
+0.9329607426843576 +0.9428970704574530 +0.9517718000010719 +0.9609170651932512 
+0.9698355829279418 +0.9795407144752415 +0.9892779519490713 +1.0000000000000000 
-0.0001393159205032 +0.0003054318117150 +0.0005009178156113 +0.0007060084753869 
+0.0009585147999706 +0.0012226949616800 +0.0014685838356863 +0.0017579546945224 
+0.0020567083924688 +0.0023462733828191 +0.0026290673156299 +0.0029139426214649 
+0.0031996701127226 +0.0034849522901929 +0.0037657780428770 +0.0040440791927788 
+0.0043217030541717 +0.0045990800472733 +0.0048744414892863 +0.0051542244431580 
+0.0054395476846063 +0.0057301960724052 +0.0060196594225143 +0.0063140944343297 
+0.0066104430334280 +0.0069118521132281 +0.0072216946837864 +0.0075385378822603 
+0.0078508046491718 +0.0081855595666341 +0.0085268924025832 +0.0088762396679377 
+0.0092525050541338 +0.0096283422901463 +0.0100199656851461 +0.0104138177976876 
+0.0108018559860662 +0.0111837280556836 +0.0115654503045020 +0.0119501178749613 
+0.0123374909507956 +0.0127264432326985 +0.0131213120845732 +0.0135326293565031 
+0.0139426649559092 +0.0143528331557147 +0.0147810979738031 +0.0151893146358873 
+0.0155441854703814 +0.0158633844637013 +0.0161722640530195 +0.0164959878594052 
+0.0168775450887730 +0.0173679942051239 +0.0178799277396017 +0.0184097874912372 
+0.0189838360965300 +0.0195633219211702 +0.0200702192351432 +0.0205641167967548 
+0.0211265144446730 +0.0218676359920889 +0.0227939653515124 +0.0235856169658539 
+0.0241908497241716 +0.0247326959770614 +0.0252709650619513 +0.0258068276473376 
+0.0263654013132689 +0.0269357534009970 +0.0274613409351207 +0.0282133010920861 
+0.0291953098789120 +0.0303591808272830 +0.0310863706185202 +0.0317080585051210 
+0.0323510606837804 +0.0330948046678724 +0.0341894747139922 +0.0347863722051007 
+0.0352258614992288 +0.0356580621784255 +0.0360709398684936 +0.0366227505146816 
+0.0377109543818643 +0.0389275365936273 +0.0401867620439853 +0.0413194451817816 
+0.0450790246667038 +0.0472776287580757 +0.0528581573904763 +0.0562867380180756 
+0.0666758959687296 +0.0704663138281219 +0.0704663138281319 +0.5480775711215389 
-0.0029179439909484 +0.0107004949408095 +0.0207612645434575 +0.0313006509960397 
+0.0417102625552880 +0.0521371249536633 +0.0625536706432551 +0.0726213040323208 
+0.0829715147188217 +0.0936196879572434 +0.1038665876494101 +0.1132003292640824 
+0.1221567359813562 +0.1313221810015110 +0.1410813963310711 +0.1520512285060674 
+0.1635485421350504 +0.1741067024555185 +0.1839933257483559 +0.1938927282670537 
+0.2039507276742435 +0.2139873581576727 +0.2239656327907220 +0.2343469136407515 
+0.2452502801600566 +0.2564076951170753 +0.2678159699593908 +0.2790998963894889 
+0.2902958583462530 +0.3010336412945299 +0.3113152073310958 +0.3214089782253451 
+0.3317560561633211 +0.3423211750285329 +0.3530277893083366 +0.3636933040219180 
+0.3742438308251862 +0.3845324397740318 +0.3943196081546090 +0.4038245165885702 
+0.4132641070813379 +0.4227481913165978 +0.4325957298972680 +0.4429113278586051 
+0.4539220600532552 +0.4650363345853437 +0.4760601304254487 +0.4868513033707285 
+0.4976376596781582 +0.5082221138757549 +0.5180405259935273 +0.5279765400222234 
+0.5381769827532172 +0.5487206138745542 +0.5591504471425475 +0.5694925718811159 
+0.5801989069168195 +0.5907152259037047 +0.6009631080003498 +0.6113071250696555 
+0.6213517826380759 +0.6314317381852443 +0.6409805853226052 +0.6506685401620617 
+0.6609396253611284 +0.6712878550698418 +0.6815839366886666 +0.6918617253194230 
+0.7025206704464554 +0.7131314827873366 +0.7237654138417058 +0.7345254074294194 
+0.7456546037216875 +0.7562996315345478 +0.7671233246428343 +0.7777882755327877 
+0.7891808043078512 +0.8006752642964103 +0.8115664990526085 +0.8224929819300407 
+0.8335162181170488 +0.8453065993437606 +0.8577911333040315 +0.8704983419541086 
+0.8836593872385705 +0.8961671621859874 +0.9081451459944944 +0.9185162761743031 
+0.9282323260198092 +0.9379550036676529 +0.9486919151658518 +0.9594403148611585 
+0.9692359432783092 +0.9789172263051623 +0.9894148807102668 +1.0000000000000000 
+0.7149200312688061 +0.7183042082646987 +0.7207651691921082 +0.7236519007931449 
+0.7267444579642802 +0.7301353206276887 +0.7339361387005465 +0.7371890123677967 
+0.7406788313713506 +0.7442854246164634 +0.7491224495237163 +0.7534857164380323 
+0.7570378120945999 +0.7600104673185558 +0.7629813803195313 +0.7661204961334787 
+0.7696083127949356 +0.7730508807418360 +0.7762413749636015 +0.7793860215736478 
+0.7824984280955882 +0.7856551985636671 +0.7889301788729036 +0.7923254193306875 
+0.7956393618491977 +0.7987821682343089 +0.8019015762133090 +0.8050968276082593 
+0.8082694169898476 +0.8113219529119376 +0.8143734720644970 +0.8172278797972427 
+0.8199158484165426 +0.8224709695719310 +0.8251471226817253 +0.8278990545525020 
+0.8306891965794839 +0.8334919937015524 +0.8362479609520702 +0.8389706699531460 
+0.8416727248949997 +0.8443824585294388 +0.8469902305827968 +0.8495109609522731 
+0.8519552253924249 +0.8545079198211681 +0.8571692832047053 +0.8597922023465905 
+0.8623978465263940 +0.8649934827776725 +0.8676018611032061 +0.8701938309727416 
+0.8727796585417611 +0.8753127145218647 +0.8777480191009702 +0.8801306643982522 
+0.8825857975739890 +0.8852142209773082 +0.8878798420389350 +0.8905691403660818 
+0.8931649708202974 +0.8957437919660465 +0.8983352078805790 +0.9009435236645830 
+0.9035828487441268 +0.9061980348984759 +0.9087816268640940 +0.9113359029907019 
+0.9137975260935139 +0.9163748079277377 +0.9189931129029252 +0.9216162551844533 
+0.9241550702518075 +0.9266365879500584 +0.9291200523873259 +0.9316422354413678 
+0.9342318484834398 +0.9369071642793549 +0.9396248126998437 +0.9423776798720275 
+0.9451722991158228 +0.9479817435632809 +0.9507986897491658 +0.9535691851696633 
+0.9563988127195935 +0.9593968502920897 +0.9625482192204936 +0.9657594193863148 
+0.9689658364164627 +0.9722040995664369 +0.9755007558939690 +0.9788363423214927 
+0.9825531029533288 +0.9868937904907590 +0.9925509333191537 +1.0000000000000000 
-0.0188229507292881 +0.1175824393158492 +0.1547672975690949 +0.1777787356229530 
+0.1956815047066349 +0.2109342914285541 +0.2236474131844368 +0.2350920419396104 
+0.2456476663479482 +0.2556014321135316 +0.2647610298803634 +0.2735814690078042 
+0.2822865454984003 +0.2910963895574301 +0.2994928535169257 +0.3074845031261405 
+0.3149503188895353 +0.3219851887740145 +0.3289071386732272 +0.3356960602494885 
+0.3422295821965773 +0.3486026687350638 +0.3550130646141275 +0.3614932700119355 
+0.3678689465923575 +0.3742701476943938 +0.3807658087802950 +0.3873584213132978 
+0.3938258012033211 +0.3999004766994037 +0.4058146873129817 +0.4116700537198655 
+0.4175287036887778 +0.4232746189555168 +0.4291851022570959 +0.4352434421454638 
+0.4410675566199525 +0.4465158938627185 +0.4516954503500943 +0.4568322077389219 
+0.4620147939977820 +0.4673731767403158 +0.4725586643859457 +0.4776132195279305 
+0.4825558949045667 +0.4875438892438666 +0.4926267858630750 +0.4977453321974917 
+0.5031699491383509 +0.5088150175560766 +0.5144827797678517 +0.5201962029919609 
+0.5258076331999060 +0.5314571383754789 +0.5372844662668419 +0.5430786207047321 
+0.5486679486450177 +0.5541106829810887 +0.5594365335998760 +0.5646921183831133 
+0.5699883306853588 +0.5751598802136455 +0.5805378968755498 +0.5860584459522815 
+0.5916764253508460 +0.5972670587057067 +0.6024995042367890 +0.6079363339699386 
+0.6135764785576793 +0.6195060506170667 +0.6255318106551695 +0.6320559210593737 
+0.6388773950531017 +0.6457361966393536 +0.6525214186010710 +0.6593237531568199 
+0.6663175165491265 +0.6734921560328115 +0.6808780033997801 +0.6883114020465475 
+0.6957978484565354 +0.7032806254405723 +0.7112192186797153 +0.7194499503299150 
+0.7279739388826582 +0.7365650574959075 +0.7456523023921899 +0.7555805156922601 
+0.7667285371936235 +0.7788119903993898 +0.7923327337434748 +0.8074352285684618 
+0.8248717769599713 +0.8471449097430011 +0.8860393181158878 +1.0000000000000000 
4.76248203909e-06 0.120000071642 
  <DiscreteSampler_grid>
  Helicity
  1 # grid_type. 1=='ref', 2=='run'
  80 # Attribute 'min_bin_probing_points' of the grid.
  1 # Attribute 'grid_mode' of the grid. 1=='default',2=='initialization'
  0.030 # Attribute 'small_contrib_threshold' of the grid.
  0.333 # Attribute 'damping_power' of the grid.
#  binID   n_entries weight   weight_sqr   abs_weight
    1   3620 0.00018338170846 6.75827891574e-07 0.00018338170846
    16   3605 0.000180458508495 6.83905714248e-07 0.000180458508495
    12   1369 5.93257551168e-05 1.41342886365e-07 5.93257551168e-05
    5   1187 5.34749814735e-05 7.46593161904e-08 5.34749814735e-05
    3   682 3.25048969212e-05 9.29456429672e-08 3.25048969212e-05
    15   586 2.59761348323e-05 2.71829410303e-08 2.59761348323e-05
    10   553 2.59635791357e-05 4.74549995767e-08 2.59635791357e-05
    6   558 2.58085861742e-05 3.60832159232e-08 2.58085861742e-05
    2   453 2.14726250154e-05 9.03791286521e-09 2.14726250154e-05
    14   418 2.12547713806e-05 1.13425484457e-08 2.12547713806e-05
    7   500 2.09041848788e-05 1.05994070876e-08 2.09041848788e-05
    11   415 1.87227928582e-05 1.09700169201e-08 1.87227928582e-05
    9   93 4.39447743035e-07 1.58734188895e-12 4.39447743035e-07
    8   97 3.88913614922e-07 1.14397399813e-12 3.88913614922e-07
    13   87 2.22947012645e-08 2.76135943289e-15 2.22947012645e-08
    4   87 2.18605194722e-08 2.77417942229e-15 2.18605194722e-08
  </DiscreteSampler_grid>
  <DiscreteSampler_grid>
  grouped_processes
  1 # grid_type. 1=='ref', 2=='run'
  10 # Attribute 'min_bin_probing_points' of the grid.
  1 # Attribute 'grid_mode' of the grid. 1=='default',2=='initialization'
  0.030 # Attribute 'small_contrib_threshold' of the grid.
  0.333 # Attribute 'damping_power' of the grid.
#  binID   n_entries weight   weight_sqr   abs_weight
    10   10 152450.834709 2.31553921055e+11 152450.834709
    16   10 152450.834708 2.31553921055e+11 152450.834708
  </DiscreteSampler_grid>
