     
 Collinear #          53
 
 part:           1
 comp:           0
   1.0000000490969418        276.25001356303017        276.25000000000000     
   1.0000000047044573        276.25000129960631        276.25000000000000     
   1.0000000004684866        276.25000012941939        276.25000000000000     
   1.0000000000468292        276.25000001293654        276.25000000000000     
   1.0000000000046829        276.25000000129364        276.25000000000000     
   1.0000000000004683        276.25000000012938        276.25000000000000     
   1.0000000000000466        276.25000000001290        276.25000000000000     
   1.0000000000000047        276.25000000000131        276.25000000000000     
   1.0000000000000004        276.25000000000011        276.25000000000000     
   1.0000000000000000        276.25000000000000        276.25000000000000     
 comp:           1
   0.0000000000000000        0.0000000000000000     
   0.0000000000000000        0.0000000000000000     
   0.0000000000000000        0.0000000000000000     
   0.0000000000000000        0.0000000000000000     
   0.0000000000000000        0.0000000000000000     
   0.0000000000000000        0.0000000000000000     
   0.0000000000000000        0.0000000000000000     
   0.0000000000000000        0.0000000000000000     
   0.0000000000000000        0.0000000000000000     
   0.0000000000000000        0.0000000000000000     
 comp:           2
   0.0000000000000000        0.0000000000000000     
   0.0000000000000000        0.0000000000000000     
   0.0000000000000000        0.0000000000000000     
   0.0000000000000000        0.0000000000000000     
   0.0000000000000000        0.0000000000000000     
   0.0000000000000000        0.0000000000000000     
   0.0000000000000000        0.0000000000000000     
   0.0000000000000000        0.0000000000000000     
   0.0000000000000000        0.0000000000000000     
   0.0000000000000000        0.0000000000000000     
 comp:           3
   1.0000000490969418        276.25001356303017        276.25000000000000     
   1.0000000047044573        276.25000129960631        276.25000000000000     
   1.0000000004684866        276.25000012941939        276.25000000000000     
   1.0000000000468292        276.25000001293654        276.25000000000000     
   1.0000000000046829        276.25000000129364        276.25000000000000     
   1.0000000000004683        276.25000000012938        276.25000000000000     
   1.0000000000000466        276.25000000001290        276.25000000000000     
   1.0000000000000047        276.25000000000131        276.25000000000000     
   1.0000000000000004        276.25000000000011        276.25000000000000     
   1.0000000000000000        276.25000000000000        276.25000000000000     
 
 part:           2
 comp:           0
  0.99999999630193315        276.25025769768700        276.25025871927892     
  0.99999999964702313        276.25025862176898        276.25025871927892     
  0.99999999996486222        276.25025870957211        276.25025871927892     
  0.99999999999648792        276.25025871830871        276.25025871927892     
  0.99999999999964895        276.25025871918194        276.25025871927892     
  0.99999999999996503        276.25025871926925        276.25025871927892     
  0.99999999999999645        276.25025871927795        276.25025871927892     
  0.99999999999999978        276.25025871927886        276.25025871927892     
   1.0000000000000000        276.25025871927892        276.25025871927892     
   1.0000000000000000        276.25025871927892        276.25025871927892     
 comp:           1
   0.0000000000000000        0.0000000000000000     
   0.0000000000000000        0.0000000000000000     
   0.0000000000000000        0.0000000000000000     
   0.0000000000000000        0.0000000000000000     
   0.0000000000000000        0.0000000000000000     
   0.0000000000000000        0.0000000000000000     
   0.0000000000000000        0.0000000000000000     
   0.0000000000000000        0.0000000000000000     
   0.0000000000000000        0.0000000000000000     
   0.0000000000000000        0.0000000000000000     
 comp:           2
   0.0000000000000000        0.0000000000000000     
   0.0000000000000000        0.0000000000000000     
   0.0000000000000000        0.0000000000000000     
   0.0000000000000000        0.0000000000000000     
   0.0000000000000000        0.0000000000000000     
   0.0000000000000000        0.0000000000000000     
   0.0000000000000000        0.0000000000000000     
   0.0000000000000000        0.0000000000000000     
   0.0000000000000000        0.0000000000000000     
   0.0000000000000000        0.0000000000000000     
 comp:           3
  0.99999999630193315       -276.25025769768700       -276.25025871927892     
  0.99999999964702313       -276.25025862176898       -276.25025871927892     
  0.99999999996486222       -276.25025870957211       -276.25025871927892     
  0.99999999999648792       -276.25025871830871       -276.25025871927892     
  0.99999999999964895       -276.25025871918194       -276.25025871927892     
  0.99999999999996503       -276.25025871926925       -276.25025871927892     
  0.99999999999999645       -276.25025871927795       -276.25025871927892     
  0.99999999999999978       -276.25025871927886       -276.25025871927892     
   1.0000000000000000       -276.25025871927892       -276.25025871927892     
   1.0000000000000000       -276.25025871927892       -276.25025871927892     
 
 part:           3
 comp:           0
  0.99999988582296995        261.75480545173372        261.75483533812343     
  0.99999996459344920        261.75482607028755        261.75483533812343     
  0.99999998882490559        261.75483241298843        261.75483533812343     
  0.99999999646680082        261.75483441329146        261.75483533812343     
  0.99999999888272573        261.75483504567148        261.75483533812343     
  0.99999999964668762        261.75483524564220        261.75483533812343     
  0.99999999988827282        261.75483530887828        261.75483533812343     
  0.99999999996466871        261.75483532887529        261.75483533812343     
  0.99999999998882716        261.75483533519889        261.75483533812343     
  0.99999999999646694        261.75483533719864        261.75483533812343     
 comp:           1
  0.99999956283019098        125.03861238134776        125.03866704447795     
  0.99999986443268396        125.03865009332145        125.03866704447795     
  0.99999995721194312        125.03866169431635        125.03866704447795     
  0.99999998647181643        125.03866535293190        125.03866704447795     
  0.99999999572209453        125.03866650957436        125.03866704447795     
  0.99999999864721001        125.03866687532690        125.03866704447795     
  0.99999999957221031        125.03866699098769        125.03866704447795     
  0.99999999986472110        125.03866702756285        125.03866704447795     
  0.99999999995722100        125.03866703912892        125.03866704447795     
  0.99999999998647215        125.03866704278644        125.03866704447795     
 comp:           2
  0.99999984822982846       -80.679634093326115       -80.679646338089881     
  0.99999995293573707       -80.679642540961794       -80.679646338089881     
  0.99999998514547306       -80.679645139631901       -80.679646338089881     
  0.99999999530348460       -80.679645959176682       -80.679646338089881     
  0.99999999851485988       -80.679646218269298       -80.679646338089881     
  0.99999999953035823       -80.679646300199352       -80.679646338089881     
  0.99999999985148624       -80.679646326107843       -80.679646338089881     
  0.99999999995303579       -80.679646334300827       -80.679646338089881     
  0.99999999998514866       -80.679646336891679       -80.679646338089881     
  0.99999999999530365       -80.679646337710977       -80.679646338089881     
 comp:           3
   1.0000000000000000       -175.34742722204112       -175.34742722204112     
   1.0000000000000000       -175.34742722204112       -175.34742722204112     
   1.0000000000000000       -175.34742722204112       -175.34742722204112     
   1.0000000000000000       -175.34742722204112       -175.34742722204112     
   1.0000000000000000       -175.34742722204112       -175.34742722204112     
   1.0000000000000000       -175.34742722204112       -175.34742722204112     
   1.0000000000000000       -175.34742722204112       -175.34742722204112     
   1.0000000000000000       -175.34742722204112       -175.34742722204112     
   1.0000000000000000       -175.34742722204112       -175.34742722204112     
   1.0000000000000000       -175.34742722204112       -175.34742722204112     
 
 part:           4
 comp:           0
   1.0000001097205387        255.67812260717318        255.67809455403494     
   1.0000000340245732        255.67810325337300        255.67809455403494     
   1.0000000107389106        255.67809729973914        255.67809455403494     
   1.0000000033952920        255.67809542213675        255.67809455403494     
   1.0000000010736652        255.67809482854759        255.67809455403494     
   1.0000000003395220        255.67809464084328        255.67809455403494     
   1.0000000001073663        255.67809458148614        255.67809455403494     
   1.0000000000339522        255.67809456271578        255.67809455403494     
   1.0000000000107365        255.67809455678005        255.67809455403494     
   1.0000000000033953        255.67809455490303        255.67809455403494     
 comp:           1
   1.0000004368437927       -122.22706262240301       -122.22700922829273     
   1.0000001354662071       -122.22702578592208       -122.22700922829273     
   1.0000000427561437       -122.22701445424829       -122.22700922829273     
   1.0000000135180935       -122.22701088056887       -122.22700922829273     
   1.0000000042747148       -122.22700975077834       -122.22700922829273     
   1.0000000013517809       -122.22700939351687       -122.22700922829273     
   1.0000000004274705       -122.22700928054118       -122.22700922829273     
   1.0000000001351781       -122.22700924481514       -122.22700922829273     
   1.0000000000427471       -122.22700923351758       -122.22700922829273     
   1.0000000000135179       -122.22700922994497       -122.22700922829273     
 comp:           2
   1.0000002213185131        54.042025793937711        54.042013833439569     
   1.0000000686313506        54.042017542415969        54.042013833439569     
   1.0000000216615785        54.042015004074898        54.042013833439569     
   1.0000000068486823        54.042014203556157        54.042013833439569     
   1.0000000021657021        54.042013950478470        54.042013833439569     
   1.0000000006848537        54.042013870450447        54.042013833439569     
   1.0000000002165699        54.042013845143437        54.042013833439569     
   1.0000000000684854        54.042013837140658        54.042013833439569     
   1.0000000000216569        54.042013834609953        54.042013833439569     
   1.0000000000068485        54.042013833809676        54.042013833439569     
 comp:           3
   1.0000000000000000        197.97993748538056        197.97993748538056     
   1.0000000000000000        197.97993748538056        197.97993748538056     
   1.0000000000000000        197.97993748538056        197.97993748538056     
   1.0000000000000000        197.97993748538056        197.97993748538056     
   1.0000000000000000        197.97993748538056        197.97993748538056     
   1.0000000000000000        197.97993748538056        197.97993748538056     
   1.0000000000000000        197.97993748538056        197.97993748538056     
   1.0000000000000000        197.97993748538056        197.97993748538056     
   1.0000000000000000        197.97993748538056        197.97993748538056     
   1.0000000000000000        197.97993748538056        197.97993748538056     
 
 part:           5
 comp:           0
   1.0484750330885713        2.7126070455175911E-004   2.5871927894428366E-004
   1.0046463297480099        2.5992137402642618E-004   2.5871927894428366E-004
   1.0004627119693261        2.5883899145134659E-004   2.5871927894428366E-004
   1.0000462520735174        2.5873124524739374E-004   2.5871927894428366E-004
   1.0000046250162049        2.5872047552514128E-004   2.5871927894428366E-004
   1.0000004624997090        2.5871939860187490E-004   2.5871927894428366E-004
   1.0000000462499521        2.5871929091003789E-004   2.5871927894428366E-004
   1.0000000046249955        2.5871928014085916E-004   2.5871927894428366E-004
   1.0000000004624992        2.5871927906394109E-004   2.5871927894428366E-004
   1.0000000000462497        2.5871927895624935E-004   2.5871927894428366E-004
 comp:           1
   1.1538041360760991E-004   0.0000000000000000     
   3.5779717757738468E-005   0.0000000000000000     
   1.1292873705896216E-005   0.0000000000000000     
   3.5704371600329143E-006   0.0000000000000000     
   1.1290497730329163E-006   0.0000000000000000     
   3.5703620462140351E-007   0.0000000000000000     
   1.1290473975179102E-007   0.0000000000000000     
   3.5703613030134645E-008   0.0000000000000000     
   1.1290473583565715E-008   0.0000000000000000     
   3.5703614353118086E-009   0.0000000000000000     
 comp:           2
  -2.5845682509638274E-005  -0.0000000000000000     
  -8.0148024828191734E-006  -0.0000000000000000     
  -2.5296496978823911E-006  -0.0000000000000000     
  -7.9979246367287157E-007  -0.0000000000000000     
  -2.5291174696797299E-007  -0.0000000000000000     
  -7.9977563787155797E-008  -0.0000000000000000     
  -2.5291121484293784E-008  -0.0000000000000000     
  -7.9977547139160361E-009  -0.0000000000000000     
  -2.5291120607063852E-009  -0.0000000000000000     
  -7.9977550102697142E-010  -0.0000000000000000     
 comp:           3
  0.94362761780520610       -2.4413465687047500E-004  -2.5871927894428366E-004
  0.99459987576183984       -2.5732216269517730E-004  -2.5871927894428366E-004
  0.99946225019335733       -2.5858015270205663E-004  -2.5871927894428366E-004
  0.99994624754195849       -2.5870537214709767E-004  -2.5871927894428366E-004
  0.99999462497932001       -2.5871788832280903E-004  -2.5871927894428366E-004
  0.99999946250018290       -2.5871913988271855E-004  -2.5871927894428366E-004
  0.99999994625004096       -2.5871926503813302E-004  -2.5871927894428366E-004
  0.99999999462500455       -2.5871927755366872E-004  -2.5871927894428366E-004
  0.99999999946250018       -2.5871927880522210E-004  -2.5871927894428366E-004
  0.99999999994624988       -2.5871927893037747E-004  -2.5871927894428366E-004
 
 part:           6
 comp:           0
   1.0000000522787964        35.067071941105908        35.067070107841687     
   1.0000000162117639        35.067070676340748        35.067070107841687     
   1.0000000051167923        35.067070287272600        35.067070107841687     
   1.0000000016177621        35.067070164571867        35.067070107841687     
   1.0000000005115715        35.067070125781001        35.067070107841687     
   1.0000000001617728        35.067070113514589        35.067070107841687     
   1.0000000000511571        35.067070109635615        35.067070107841687     
   1.0000000000161773        35.067070108408977        35.067070107841687     
   1.0000000000051157        35.067070108021078        35.067070107841687     
   1.0000000000016178        35.067070107898417        35.067070107841687     
 comp:           1
   1.0000026045748163       -2.8116651393583711       -2.8116578161852313     
   1.0000008076843130       -2.8116600871171431       -2.8116578161852313     
   1.0000002549231091       -2.8116585329417831       -2.8116578161852313     
   1.0000000805983458       -2.8116580428001998       -2.8116578161852313     
   1.0000000254869474       -2.8116578878458061       -2.8116578161852313     
   1.0000000080596649       -2.8116578388462514       -2.8116578161852313     
   1.0000000025486895       -2.8116578233512737       -2.8116578161852313     
   1.0000000008059664       -2.8116578184513328       -2.8116578161852313     
   1.0000000002548688       -2.8116578169018354       -2.8116578161852313     
   1.0000000000805966       -2.8116578164118415       -2.8116578161852313     
 comp:           2
   1.0000000615828231        26.637634145070916        26.637632504650309     
   1.0000000190969673        26.637633013348307        26.637632504650309     
   1.0000000060274270        26.637632665206695        26.637632504650309     
   1.0000000019056752        26.637632555412985        26.637632504650309     
   1.0000000006026160        26.637632520702571        26.637632504650309     
   1.0000000001905636        26.637632509726469        26.637632504650309     
   1.0000000000602614        26.637632506255532        26.637632504650309     
   1.0000000000190563        26.637632505157924        26.637632504650309     
   1.0000000000060261        26.637632504810831        26.637632504650309     
   1.0000000000019056        26.637632504701070        26.637632504650309     
 comp:           3
   1.0000000000000000       -22.632510263339455       -22.632510263339455     
   1.0000000000000000       -22.632510263339455       -22.632510263339455     
   1.0000000000000000       -22.632510263339455       -22.632510263339455     
   1.0000000000000000       -22.632510263339455       -22.632510263339455     
   1.0000000000000000       -22.632510263339455       -22.632510263339455     
   1.0000000000000000       -22.632510263339455       -22.632510263339455     
   1.0000000000000000       -22.632510263339455       -22.632510263339455     
   1.0000000000000000       -22.632510263339455       -22.632510263339455     
   1.0000000000000000       -22.632510263339455       -22.632510263339455     
   1.0000000000000000       -22.632510263339455       -22.632510263339455     
 
 part: i_fks+j_fks
 comp:           0
   1.0000000417006774        276.25052895839156        276.25051743855784     
   1.0000000039984909        276.25051854314302        276.25051743855784     
   1.0000000003982099        276.25051754856355        276.25051743855784     
   1.0000000000398048        276.25051744955397        276.25051743855784     
   1.0000000000039806        276.25051743965747        276.25051743855784     
   1.0000000000003983        276.25051743866788        276.25051743855784     
   1.0000000000000400        276.25051743856886        276.25051743855784     
   1.0000000000000042        276.25051743855903        276.25051743855784     
   1.0000000000000007        276.25051743855801        276.25051743855784     
   1.0000000000000002        276.25051743855789        276.25051743855784     
 comp:           1
   1.1538041360760991E-004   0.0000000000000000     
   3.5779717757738468E-005   0.0000000000000000     
   1.1292873705896216E-005   0.0000000000000000     
   3.5704371600329143E-006   0.0000000000000000     
   1.1290497730329163E-006   0.0000000000000000     
   3.5703620462140351E-007   0.0000000000000000     
   1.1290473975179102E-007   0.0000000000000000     
   3.5703613030134645E-008   0.0000000000000000     
   1.1290473583565715E-008   0.0000000000000000     
   3.5703614353118086E-009   0.0000000000000000     
 comp:           2
  -2.5845682509638274E-005   0.0000000000000000     
  -8.0148024828191734E-006   0.0000000000000000     
  -2.5296496978823911E-006   0.0000000000000000     
  -7.9979246367287157E-007   0.0000000000000000     
  -2.5291174696797299E-007   0.0000000000000000     
  -7.9977563787155797E-008   0.0000000000000000     
  -2.5291121484293784E-008   0.0000000000000000     
  -7.9977547139160361E-009   0.0000000000000000     
  -2.5291120607063852E-009   0.0000000000000000     
  -7.9977550102697142E-010   0.0000000000000000     
 comp:           3
  0.99999994350702370       -276.25050183234390       -276.25051743855784     
  0.99999999458959854       -276.25051594393165       -276.25051743855784     
  0.99999999946123896       -276.25051728972483       -276.25051743855784     
  0.99999999994614686       -276.25051742368089       -276.25051743855784     
  0.99999999999461509       -276.25051743707024       -276.25051743855784     
  0.99999999999946176       -276.25051743840913       -276.25051743855784     
  0.99999999999994627       -276.25051743854300       -276.25051743855784     
  0.99999999999999489       -276.25051743855641       -276.25051743855784     
  0.99999999999999956       -276.25051743855772       -276.25051743855784     
   1.0000000000000000       -276.25051743855784       -276.25051743855784     
     
 Collinear #          14
 
 part:           1
 comp:           0
   1.0000000239740374        276.25000662282781        276.25000000000000     
   1.0000000022971864        276.25000063459777        276.25000000000000     
   1.0000000002287621        276.25000006319556        276.25000000000000     
   1.0000000000228668        276.25000000631695        276.25000000000000     
   1.0000000000022866        276.25000000063170        276.25000000000000     
   1.0000000000002287        276.25000000006315        276.25000000000000     
   1.0000000000000229        276.25000000000631        276.25000000000000     
   1.0000000000000022        276.25000000000063        276.25000000000000     
   1.0000000000000004        276.25000000000011        276.25000000000000     
   1.0000000000000000        276.25000000000000        276.25000000000000     
 comp:           1
   0.0000000000000000        0.0000000000000000     
   0.0000000000000000        0.0000000000000000     
   0.0000000000000000        0.0000000000000000     
   0.0000000000000000        0.0000000000000000     
   0.0000000000000000        0.0000000000000000     
   0.0000000000000000        0.0000000000000000     
   0.0000000000000000        0.0000000000000000     
   0.0000000000000000        0.0000000000000000     
   0.0000000000000000        0.0000000000000000     
   0.0000000000000000        0.0000000000000000     
 comp:           2
   0.0000000000000000        0.0000000000000000     
   0.0000000000000000        0.0000000000000000     
   0.0000000000000000        0.0000000000000000     
   0.0000000000000000        0.0000000000000000     
   0.0000000000000000        0.0000000000000000     
   0.0000000000000000        0.0000000000000000     
   0.0000000000000000        0.0000000000000000     
   0.0000000000000000        0.0000000000000000     
   0.0000000000000000        0.0000000000000000     
   0.0000000000000000        0.0000000000000000     
 comp:           3
   1.0000000239740374        276.25000662282781        276.25000000000000     
   1.0000000022971864        276.25000063459777        276.25000000000000     
   1.0000000002287621        276.25000006319556        276.25000000000000     
   1.0000000000228668        276.25000000631695        276.25000000000000     
   1.0000000000022866        276.25000000063170        276.25000000000000     
   1.0000000000002287        276.25000000006315        276.25000000000000     
   1.0000000000000229        276.25000000000631        276.25000000000000     
   1.0000000000000022        276.25000000000063        276.25000000000000     
   1.0000000000000004        276.25000000000011        276.25000000000000     
   1.0000000000000000        276.25000000000000        276.25000000000000     
 
 part:           2
 comp:           0
  0.99999999819422847        276.25012583375610        276.25012633260070     
  0.99999999982764076        276.25012628498644        276.25012633260070     
  0.99999999998284206        276.25012632786081        276.25012633260070     
  0.99999999999828493        276.25012633212691        276.25012633260070     
  0.99999999999982858        276.25012633255335        276.25012633260070     
  0.99999999999998268        276.25012633259593        276.25012633260070     
  0.99999999999999811        276.25012633260019        276.25012633260070     
  0.99999999999999978        276.25012633260064        276.25012633260070     
   1.0000000000000000        276.25012633260070        276.25012633260070     
   1.0000000000000000        276.25012633260070        276.25012633260070     
 comp:           1
   0.0000000000000000        0.0000000000000000     
   0.0000000000000000        0.0000000000000000     
   0.0000000000000000        0.0000000000000000     
   0.0000000000000000        0.0000000000000000     
   0.0000000000000000        0.0000000000000000     
   0.0000000000000000        0.0000000000000000     
   0.0000000000000000        0.0000000000000000     
   0.0000000000000000        0.0000000000000000     
   0.0000000000000000        0.0000000000000000     
   0.0000000000000000        0.0000000000000000     
 comp:           2
   0.0000000000000000        0.0000000000000000     
   0.0000000000000000        0.0000000000000000     
   0.0000000000000000        0.0000000000000000     
   0.0000000000000000        0.0000000000000000     
   0.0000000000000000        0.0000000000000000     
   0.0000000000000000        0.0000000000000000     
   0.0000000000000000        0.0000000000000000     
   0.0000000000000000        0.0000000000000000     
   0.0000000000000000        0.0000000000000000     
   0.0000000000000000        0.0000000000000000     
 comp:           3
  0.99999999819422847       -276.25012583375610       -276.25012633260070     
  0.99999999982764076       -276.25012628498644       -276.25012633260070     
  0.99999999998284206       -276.25012632786081       -276.25012633260070     
  0.99999999999828493       -276.25012633212691       -276.25012633260070     
  0.99999999999982858       -276.25012633255335       -276.25012633260070     
  0.99999999999998268       -276.25012633259593       -276.25012633260070     
  0.99999999999999811       -276.25012633260019       -276.25012633260070     
  0.99999999999999978       -276.25012633260064       -276.25012633260070     
   1.0000000000000000       -276.25012633260070       -276.25012633260070     
   1.0000000000000000       -276.25012633260070       -276.25012633260070     
 
 part:           3
 comp:           0
   1.0000000560160043        175.45015027592527        175.45014044790946     
   1.0000000173706842        175.45014349559844        175.45014044790946     
   1.0000000054825737        175.45014140982778        175.45014044790946     
   1.0000000017334103        175.45014075203653        175.45014044790946     
   1.0000000005481420        175.45014054408105        175.45014044790946     
   1.0000000001733373        175.45014047832152        175.45014044790946     
   1.0000000000548142        175.45014045752660        175.45014044790946     
   1.0000000000173337        175.45014045095067        175.45014044790946     
   1.0000000000054814        175.45014044887117        175.45014044790946     
   1.0000000000017333        175.45014044821357        175.45014044790946     
 comp:           1
   1.0000002792249272       -58.123369909092666       -58.123353679603461     
   1.0000000865882579       -58.123358712403402       -58.123353679603461     
   1.0000000273291778       -58.123355268066923       -58.123353679603461     
   1.0000000086405914       -58.123354181823615       -58.123353679603461     
   1.0000000027323428       -58.123353838416385       -58.123353679603461     
   1.0000000008640408       -58.123353729824409       -58.123353679603461     
   1.0000000002732337       -58.123353695484717       -58.123353679603461     
   1.0000000000864040       -58.123353684625556       -58.123353679603461     
   1.0000000000273235       -58.123353681191588       -58.123353679603461     
   1.0000000000086404       -58.123353680105673       -58.123353679603461     
 comp:           2
   1.0000000931630215       -91.560413993298994       -91.560405463254966     
   1.0000000288900559       -91.560408108440200       -91.560405463254966     
   1.0000000091183434       -91.560406298134183       -91.560405463254966     
   1.0000000028829217       -91.560405727216448       -91.560405463254966     
   1.0000000009116425       -91.560405546725320       -91.560405463254966     
   1.0000000002882861       -91.560405489650549       -91.560405463254966     
   1.0000000000911640       -91.560405471601982       -91.560405463254966     
   1.0000000000288285       -91.560405465894519       -91.560405463254966     
   1.0000000000091165       -91.560405464089669       -91.560405463254966     
   1.0000000000028828       -91.560405463518919       -91.560405463254966     
 comp:           3
   1.0000000000000000       -58.276236079822837       -58.276236079822837     
   1.0000000000000000       -58.276236079822837       -58.276236079822837     
   1.0000000000000000       -58.276236079822837       -58.276236079822837     
   1.0000000000000000       -58.276236079822837       -58.276236079822837     
   1.0000000000000000       -58.276236079822837       -58.276236079822837     
   1.0000000000000000       -58.276236079822837       -58.276236079822837     
   1.0000000000000000       -58.276236079822837       -58.276236079822837     
   1.0000000000000000       -58.276236079822837       -58.276236079822837     
   1.0000000000000000       -58.276236079822837       -58.276236079822837     
   1.0000000000000000       -58.276236079822837       -58.276236079822837     
 
 part:           4
 comp:           0
  0.99999997631321569        179.10472519412977        179.10472943654486     
  0.99999999265467532        179.10472812096248        179.10472943654486     
  0.99999999768165238        179.10472902131784        179.10472943654486     
  0.99999999926701411        179.10472930526362        179.10472943654486     
  0.99999999976821397        179.10472939503089        179.10472943654486     
  0.99999999992670285        179.10472942341698        179.10472943654486     
  0.99999999997682143        179.10472943239347        179.10472943654486     
  0.99999999999267042        179.10472943523209        179.10472943654486     
  0.99999999999768219        179.10472943612973        179.10472943654486     
  0.99999999999926703        179.10472943641358        179.10472943654486     
 comp:           1
  0.99999983346030463        99.481042820929773        99.481059388475103     
  0.99999994835567652        99.481054250843087        99.481059388475103     
  0.99999998369990428        99.481057766924309        99.481059388475103     
  0.99999999484644297        99.481058875793792        99.481059388475103     
  0.99999999837033327        99.481059226354134        99.481059388475103     
  0.99999999948465512        99.481059337208052        99.481059388475103     
  0.99999999983703369        99.481059372263047        99.481059388475103     
  0.99999999994846545        99.481059383348395        99.481059388475103     
  0.99999999998370337        99.481059386853900        99.481059388475103     
  0.99999999999484657        99.481059387962432        99.481059388475103     
 comp:           2
   1.0000000853570992       -102.01522202475572       -102.01521331703304     
   1.0000000264694229       -102.01521601731687       -102.01521331703304     
   1.0000000083543379       -102.01521416930261       -102.01521331703304     
   1.0000000026413682       -102.01521358649279       -102.01521331703304     
   1.0000000008352581       -102.01521340224207       -102.01521331703304     
   1.0000000002641314       -102.01521334397846       -102.01521331703304     
   1.0000000000835256       -102.01521332555393       -102.01521331703304     
   1.0000000000264131       -102.01521331972758       -102.01521331703304     
   1.0000000000083524       -102.01521331788513       -102.01521331703304     
   1.0000000000026412       -102.01521331730250       -102.01521331703304     
 comp:           3
   1.0000000000000000        58.818941144540062        58.818941144540062     
   1.0000000000000000        58.818941144540062        58.818941144540062     
   1.0000000000000000        58.818941144540062        58.818941144540062     
   1.0000000000000000        58.818941144540062        58.818941144540062     
   1.0000000000000000        58.818941144540062        58.818941144540062     
   1.0000000000000000        58.818941144540062        58.818941144540062     
   1.0000000000000000        58.818941144540062        58.818941144540062     
   1.0000000000000000        58.818941144540062        58.818941144540062     
   1.0000000000000000        58.818941144540062        58.818941144540062     
   1.0000000000000000        58.818941144540062        58.818941144540062     
 
 part:           5
 comp:           0
   1.0484750587792440        1.3245658092715367E-004   1.2633260068329612E-004
   1.0046463323237365        1.2691958392939260E-004   1.2633260068329612E-004
   1.0004627122269099        1.2639105632228961E-004   1.2633260068329612E-004
   1.0000462520992759        1.2633844383128469E-004   1.2633260068329612E-004
   1.0000046250187804        1.2633318497394687E-004   1.2633260068329612E-004
   1.0000004624999663        1.2633265911211970E-004   1.2633260068329612E-004
   1.0000000462499776        1.2633260652617607E-004   1.2633260068329612E-004
   1.0000000046249977        1.2633260126758411E-004   1.2633260068329612E-004
   1.0000000004624996        1.2633260074172489E-004   1.2633260068329612E-004
   1.0000000000462497        1.2633260068913897E-004   1.2633260068329612E-004
 comp:           1
   5.1107354526453893E-005   0.0000000000000000     
   1.5848502205270125E-005   0.0000000000000000     
   5.0021393467375431E-006   0.0000000000000000     
   1.5815127902928532E-006   0.0000000000000000     
   5.0010869171273954E-007   0.0000000000000000     
   1.5814795189039423E-007   0.0000000000000000     
   5.0010763948713288E-008   0.0000000000000000     
   1.5814791897059937E-008   0.0000000000000000     
   5.0010762214075905E-009   0.0000000000000000     
   1.5814792483070894E-009   0.0000000000000000     
 comp:           2
   2.6861472902977244E-005   0.0000000000000000     
   8.3298013854206235E-006   0.0000000000000000     
   2.6290703513083942E-006   0.0000000000000000     
   8.3122602129942459E-007   0.0000000000000000     
   2.6285172056854751E-007   0.0000000000000000     
   8.3120853421718451E-008   0.0000000000000000     
   2.6285116753014666E-008   0.0000000000000000     
   8.3120836119430244E-009   0.0000000000000000     
   2.6285115841308015E-009   0.0000000000000000     
   8.3120839199440476E-010   0.0000000000000000     
 comp:           3
  0.94362759588417922       -1.1921092826457474E-004  -1.2633260068329612E-004
  0.99459987354721291       -1.2565038866449687E-004  -1.2633260068329612E-004
  0.99946224997173228       -1.2626466532370754E-004  -1.2633260068329612E-004
  0.99994624751979422       -1.2632580999267856E-004  -1.2633260068329612E-004
  0.99999462497710345       -1.2633192164267486E-004  -1.2633260068329612E-004
  0.99999946249996130       -1.2633253277951836E-004  -1.2633260068329612E-004
  0.99999994625001887       -1.2633259389292122E-004  -1.2633260068329612E-004
  0.99999999462500222       -1.2633260000425868E-004  -1.2633260068329612E-004
  0.99999999946249996       -1.2633260061539235E-004  -1.2633260068329612E-004
  0.99999999994624977       -1.2633260067650571E-004  -1.2633260068329612E-004
 
 part:           6
 comp:           0
  0.99999997178209110        197.94512452994800        197.94513011554565     
  0.99999999124956385        197.94512838343942        197.94513011554565     
  0.99999999723816801        197.94512956885447        197.94513011554565     
  0.99999999912679882        197.94512994269974        197.94513011554565     
  0.99999999972387488        197.94513006088803        197.94513011554565     
  0.99999999991268151        197.94513009826139        197.94513011554565     
  0.99999999997238753        197.94513011007990        197.94513011554565     
  0.99999999999126821        197.94513011381724        197.94513011554565     
  0.99999999999723876        197.94513011499907        197.94513011554565     
  0.99999999999912692        197.94513011537282        197.94513011554565     
 comp:           1
   1.0000004427305549       -41.357724019191629       -41.357705708871634     
   1.0000001372917127       -41.357711386941887       -41.357705708871634     
   1.0000000433323142       -41.357707500996732       -41.357705708871634     
   1.0000000137002600       -41.357706275482961       -41.357705708871634     
   1.0000000043323198       -41.357705888046439       -41.357705708871634     
   1.0000000013699972       -41.357705765531577       -41.357705708871634     
   1.0000000004332310       -41.357705726789078       -41.357705708871634     
   1.0000000001369997       -41.357705714537630       -41.357705708871634     
   1.0000000000433231       -41.357705710663382       -41.357705708871634     
   1.0000000000136999       -41.357705709438235       -41.357705708871634     
 comp:           2
  0.99999995028451272        193.57560915658181        193.57561878028801     
  0.99999998458311878        193.57561579595568        193.57561878028801     
  0.99999999513408988        193.57561783836644        193.57561878028801     
  0.99999999846155840        193.57561848248324        193.57561878028801     
  0.99999999951351126        193.57561868611566        193.57561878028801     
  0.99999999984615917        193.57561875050817        193.57561878028801     
  0.99999999995135125        193.57561877087079        193.57561878028801     
  0.99999999998461586        193.57561877731001        193.57561878028801     
  0.99999999999513511        193.57561877934629        193.57561878028801     
  0.99999999999846156        193.57561877999021        193.57561878028801     
 comp:           3
   1.0000000000000000      -0.54270506471722535      -0.54270506471722535     
   1.0000000000000000      -0.54270506471722535      -0.54270506471722535     
   1.0000000000000000      -0.54270506471722535      -0.54270506471722535     
   1.0000000000000000      -0.54270506471722535      -0.54270506471722535     
   1.0000000000000000      -0.54270506471722535      -0.54270506471722535     
   1.0000000000000000      -0.54270506471722535      -0.54270506471722535     
   1.0000000000000000      -0.54270506471722535      -0.54270506471722535     
   1.0000000000000000      -0.54270506471722535      -0.54270506471722535     
   1.0000000000000000      -0.54270506471722535      -0.54270506471722535     
   1.0000000000000000      -0.54270506471722535      -0.54270506471722535     
 
 part: i_fks+j_fks
 comp:           0
   1.0000000203624633        276.25025829033700        276.25025266520140     
   1.0000000019524651        276.25025320457036        276.25025266520140     
   1.0000000001944458        276.25025271891712        276.25025266520140     
   1.0000000000194365        276.25025267057072        276.25025266520140     
   1.0000000000019438        276.25025266573834        276.25025266520140     
   1.0000000000001943        276.25025266525506        276.25025266520140     
   1.0000000000000191        276.25025266520669        276.25025266520140     
   1.0000000000000018        276.25025266520191        276.25025266520140     
   1.0000000000000002        276.25025266520146        276.25025266520140     
   1.0000000000000000        276.25025266520140        276.25025266520140     
 comp:           1
   5.1107354526453893E-005   0.0000000000000000     
   1.5848502205270125E-005   0.0000000000000000     
   5.0021393467375431E-006   0.0000000000000000     
   1.5815127902928532E-006   0.0000000000000000     
   5.0010869171273954E-007   0.0000000000000000     
   1.5814795189039423E-007   0.0000000000000000     
   5.0010763948713288E-008   0.0000000000000000     
   1.5814791897059937E-008   0.0000000000000000     
   5.0010762214075905E-009   0.0000000000000000     
   1.5814792483070894E-009   0.0000000000000000     
 comp:           2
   2.6861472902977244E-005   0.0000000000000000     
   8.3298013854206235E-006   0.0000000000000000     
   2.6290703513083942E-006   0.0000000000000000     
   8.3122602129942459E-007   0.0000000000000000     
   2.6285172056854751E-007   0.0000000000000000     
   8.3120853421718451E-008   0.0000000000000000     
   2.6285116753014666E-008   0.0000000000000000     
   8.3120836119430244E-009   0.0000000000000000     
   2.6285115841308015E-009   0.0000000000000000     
   8.3120839199440476E-010   0.0000000000000000     
 comp:           3
  0.99999997241444327       -276.25024504468439       -276.25025266520140     
  0.99999999735809730       -276.25025193537510       -276.25025266520140     
  0.99999999973692233       -276.25025259252612       -276.25025266520140     
  0.99999999997370326       -276.25025265793693       -276.25025266520140     
  0.99999999999737055       -276.25025266447500       -276.25025266520140     
  0.99999999999973688       -276.25025266512870       -276.25025266520140     
  0.99999999999997347       -276.25025266519407       -276.25025266520140     
  0.99999999999999734       -276.25025266520066       -276.25025266520140     
  0.99999999999999978       -276.25025266520134       -276.25025266520140     
   1.0000000000000000       -276.25025266520140       -276.25025266520140     
