     
 Collinear #          67
 ME*wgt:
   0.0000000000000000        0.0000000000000000        3.7997453337093469E-024
   0.0000000000000000        0.0000000000000000        3.7997453337093469E-024
   0.0000000000000000        0.0000000000000000        3.7997453337093469E-024
   0.0000000000000000        0.0000000000000000        3.7997453337093469E-024
   0.0000000000000000        0.0000000000000000        3.7997453337093469E-024
   0.0000000000000000        0.0000000000000000        3.7997453337093469E-024
   0.0000000000000000        0.0000000000000000        3.7997453337093469E-024
   0.0000000000000000        0.0000000000000000        3.7997453337093469E-024
   0.0000000000000000        0.0000000000000000        3.7997453337093469E-024
   0.0000000000000000        0.0000000000000000        3.7997453337093469E-024
 wgt:
   1.0000000103562350        7.3994326251202035E-005   7.3994325484899405E-005
   1.0000000009926449        7.3994325558349495E-005   7.3994325484899405E-005
   1.0000000000988543        7.3994325492214057E-005   7.3994325484899405E-005
   1.0000000000098812        7.3994325485630564E-005   7.3994325484899405E-005
   1.0000000000009883        7.3994325484972535E-005   7.3994325484899405E-005
   1.0000000000000988        7.3994325484906724E-005   7.3994325484899405E-005
   1.0000000000000100        7.3994325484900151E-005   7.3994325484899405E-005
   1.0000000000000009        7.3994325484899473E-005   7.3994325484899405E-005
   1.0000000000000002        7.3994325484899419E-005   7.3994325484899405E-005
   1.0000000000000000        7.3994325484899405E-005   7.3994325484899405E-005
     
 Collinear #          40
 ME*wgt:
   0.0000000000000000        0.0000000000000000        2.7248248594311598E-022
   0.0000000000000000        0.0000000000000000        2.7248248594311598E-022
   0.0000000000000000        0.0000000000000000        2.7248248594311598E-022
   0.0000000000000000        0.0000000000000000        2.7248248594311598E-022
   0.0000000000000000        0.0000000000000000        2.7248248594311598E-022
   0.0000000000000000        0.0000000000000000        2.7248248594311598E-022
   0.0000000000000000        0.0000000000000000        2.7248248594311598E-022
   0.0000000000000000        0.0000000000000000        2.7248248594311598E-022
   0.0000000000000000        0.0000000000000000        2.7248248594311598E-022
   0.0000000000000000        0.0000000000000000        2.7248248594311598E-022
 wgt:
   1.0000000462089957        3.2721420024414477E-004   3.2721418512390588E-004
   1.0000000044291300        3.2721418657318002E-004   3.2721418512390588E-004
   1.0000000004410816        3.2721418526823406E-004   3.2721418512390588E-004
   1.0000000000440898        3.2721418513833271E-004   3.2721418512390588E-004
   1.0000000000044087        3.2721418512534847E-004   3.2721418512390588E-004
   1.0000000000004408        3.2721418512405008E-004   3.2721418512390588E-004
   1.0000000000000440        3.2721418512392025E-004   3.2721418512390588E-004
   1.0000000000000042        3.2721418512390729E-004   3.2721418512390588E-004
   1.0000000000000002        3.2721418512390599E-004   3.2721418512390588E-004
   1.0000000000000000        3.2721418512390588E-004   3.2721418512390588E-004
