   0.0000000000000000        0.0000000000000000        0.0000000000000000        0.0000000000000000        0.0000000000000000        0.0000000000000000        0.0000000000000000        0.0000000000000000        0.0000000000000000        0.0000000000000000     
   5.1737502313707173E-004   6.7302227840027897E-004   1.7333663955204168E-002   1.0214997617716215E-002   7.9571233891041308E-003  0.92655043402066284       0.12062824522968899        6.3874131978261944E-002   8.8880131686564102E-003   1.0883173224530168E-002
  0.86248912950895373       0.50420467880120445       0.36644289529247015       0.39023040674843085       0.36604766403609451       0.28383805000836670       0.29260476530707358       0.35557929833851576       0.44169431550380578       0.47104887174630927     
   1.0401842062122614E-003   1.3653901435566865E-003   3.5066983925998885E-002   2.0146604019308040E-002   1.6006075326156926E-002  0.95876910843375518       0.17773493365145915       0.10608668157980894        1.7113045164584135E-002   2.2155352369751559E-002
  0.54971002872515051       0.61922787830405335       0.43903774729614176       0.56204289143888575       0.41262586227875692       0.28383805000836670       0.28383805000836670       0.38895677686045554       0.37506750686927909       0.46793421965885090     
   1.5990396115182740E-003   2.0807637319430455E-003   5.1453284017832987E-002   2.9630555713562122E-002   2.4261270109744590E-002  0.97507223394439180       0.20319037139889487       0.13494445083357329        2.4563586141268072E-002   3.3219057617231477E-002
  0.58440343704349529       0.58480167088029988       0.51580031862504405       0.40940358269074917       0.43269178933208347       0.30421008965701674       0.28680184673225806       0.36524817733513792       0.47829184103009686       0.46854594698562535     
   2.2229932339261653E-003   2.8272988374140303E-003   6.9505757512082655E-002   3.9091345292421920E-002   3.2699885927750375E-002  0.98019661981204775       0.22042212340084888       0.16027606717655854        3.1566671607384272E-002   4.5484933665173748E-002
  0.47432430773651107       0.46817557513477182       0.44976484384808457       0.44886691963656061       0.33746915575535136       0.33749288238765313       0.32604430113017702       0.33811588542610660       0.59456161634751070       0.40252901464341506     
   2.9442956900215551E-003   3.6696328915044678E-003   8.6573052230726227E-002   4.8294931125067053E-002   4.1427743432814218E-002  0.98233891187930200       0.23551659282529847       0.17273181534715062        3.8437393735875319E-002   5.9067389600723025E-002
  0.50374466949161889       0.50798253091363255       0.43953534839652186       0.45749464687404012       0.32191491329604172       0.40725351313870645       0.34067722457104505       0.33353816762873723       0.48085930739573218       0.40767268586815414     
   3.8091768933618468E-003   4.6069029664302444E-003  0.10208062584724123        5.7560924454526562E-002   5.0633977062671906E-002  0.98364933848522240       0.25157677542828355       0.18366416192091589        4.5417152270108875E-002   7.3531804745739573E-002
  0.46133168709195649       0.48962991381544896       0.45517568636573191       0.42095307382622121       0.42444483119992854       0.43592341388608408       0.34411383236057119       0.31954363572629157       0.41821312135550093       0.41849482007315675     
   4.6972291965024894E-003   5.6954240292074847E-003  0.11800372440245345        6.6231224433948577E-002   6.0230513035998128E-002  0.98455674715949515       0.26848320799957404       0.19482383021189048        5.2916066190050313E-002   8.8201053487633560E-002
  0.44175262651783714       0.44666659394874580       0.40809515484067621       0.38805098017819245       0.48086667253491350       0.36781045006785584       0.35768915315221411       0.31982116289538326       0.51718942437584714       0.40708763596507774     
   5.8527178585927458E-003   6.9210143648754264E-003  0.13489962021515106        7.5180102806144636E-002   6.9911857678354172E-002  0.98530606991551251       0.28298751962154328       0.20614218063778850        6.1234985767376383E-002  0.10343666507904636     
  0.54168125561754343       0.42452320211672562       0.45928955974226721       0.42891222773132476       0.44679214655782790       0.42119215069225857       0.45764300540193559       0.34737529579769966       0.52292180058887439       0.39745067752368607     
   7.3532299251824430E-003   8.3017683560766536E-003  0.15145041694430517        8.4333059451637007E-002   7.9738585312398746E-002  0.98599027077464474       0.29578364785366917       0.21846869646630121        7.0567131540459710E-002  0.12142168603118139     
  0.51118365170748292       0.40576417378130858       0.43874810385808199       0.56660601382834297       0.40262335803087079       0.41749340246277855       0.39396257626161257       0.33105658782879627       0.44562248627061202       0.41817943537365582     
   8.9844395984282049E-003   9.9831461339437051E-003  0.16728076155303026        9.4051388354139481E-002   8.9941999486845559E-002  0.98669119773993830       0.30776004988269345       0.23342127691574963        7.7281076468421736E-002  0.14043565348551817     
  0.58666079488961320       0.43858895570939244       0.42628686316595094       0.42226933807666833       0.40186160452432318       0.46714089401046582       0.30825447447256904       0.40183605844623443       0.43541511914842179       0.41218193417163113     
   1.0733677218521216E-002   1.1992301364916564E-002  0.18351900592122802       0.10383010642246626       0.10059399159668737       0.98724076595174726       0.31921077432728789       0.24802007641765150        8.4151936704593117E-002  0.16018387229456837     
  0.42583381266129683       0.42615077791020439       0.38479524570083545       0.46219196580321337       0.37569835149629927       0.46059923036959971       0.39112795826073526       0.42408237577626312       0.51757592368271976       0.43038903754703045     
   1.2527521835394153E-002   1.4294271061321709E-002  0.20171810679931182       0.11334727718381389       0.11180785793051914       0.98778001491984335       0.33045173848662601       0.26123493892388644        9.1472198402041280E-002  0.18050396971306365     
  0.41635424976403940       0.49110743147059061       0.51870913912275318       0.39263080600290617       0.47804450302017765       0.43526335248835862       0.42993107192723118       0.45404021083515489       0.46671543816648919       0.48886204468558581     
   1.4826265428421867E-002   1.6888378625841211E-002  0.22159996927504302       0.12304178502728340       0.12341337334833165       0.98825025529163313       0.34118129679958642       0.27417306874040398        9.9398775814990598E-002  0.20277810534582907     
  0.40154356688274950       0.50359238524302130       0.50624610802835035       0.44462312092858491       0.49078332423008786       0.43322086804148308       0.35687364491112056       0.44845095921560163       0.37985349518953304       0.46376185983711787     
   1.7699665937843088E-002   1.9810718188469429E-002  0.24136581475664950       0.13262383748635559       0.13551342163553914       0.98869560685935753       0.35128094263731052       0.28608617632646693       0.10792120739065357       0.22614561251397408     
  0.49460955356551106       0.42298300546373230       0.46445016044907050       0.42903639740122468       0.53024923345376873       0.44641447547794910       0.37290392650201237       0.45870294697176872       0.43177692759528047       0.45965866967211993     
   2.0974957862177575E-002   2.3000817225585852E-002  0.25778047489055866       0.14160849222169886       0.14826557857252684       0.98910569668877968       0.36105133122210281       0.29688941842931549       0.11975455098711921       0.25011502248442208     
  0.43014370537367691       0.46105718607010887       0.36463167325977019       0.40812084337570276       0.44414881249649085       0.46721835017829094       0.37668512575677288       0.44074825217826230       0.56638971842301189       0.71506285368535005     
   2.4671766022021428E-002   2.6337150112368334E-002  0.27293410381895844       0.15110861956889882       0.16132602605523516       0.98947980332988561       0.37075243515953538       0.30869892968274421       0.13263750903927521       0.27238521148284855     
  0.44359874827049672       0.48552104143338548       0.41032954744464745       0.43508401064763269       0.41564053383059446       0.41345362019792592       0.45633049069490933       0.49444770148743161       0.44912580770632626       0.48516775579502530     
   2.8745326042553792E-002   3.0099736352378902E-002  0.28710790219238763       0.16104214650704365       0.17425631330565294       0.98982032305902623       0.38029932744875217       0.32030353442394016       0.14428792689707165       0.29163197832924453     
  0.43487898895029675       0.39495614425914738       0.44253381893002031       0.46349623760467490       0.45926113308052013       0.46786744118387213       0.42030002003681544       0.39085423403338942       0.44907172130667039       0.40640928683391864     
   3.2676253651850479E-002   3.4278326317677743E-002  0.30106296982658259       0.17061799435867805       0.18613630282135873       0.99014066522827326       0.38883397307932310       0.33131097017548805       0.15450126587054772       0.30967475840376085     
  0.49625144667324556       0.36558285934587387       0.38596843602235620       0.36736105129427382       0.55259360749468900       0.47129664996983228       0.54001756919174182       0.44208702218587043       0.41455351152707687       0.43912033746711610     
   3.6643995665885824E-002   3.8966545481887001E-002  0.31631374252762179       0.17970316421340790       0.19719030934846357       0.99045995973301082       0.39520016634012117       0.34178265779391709       0.16447026831946177       0.32908315953704170     
  0.42233081322522842       0.49203375731158777       0.43716975782864081       0.45953387593207401       0.40363928519935655       0.40795070665709920       0.51228205971549001       0.36244005636266680       0.39538727590686301       0.39166077269988969     
   4.0689422154402473E-002   4.4084140591123096E-002  0.33416106062298667       0.18893308143048193       0.20866575587838329       0.99076708863616070       0.40143147638298077       0.35208897414160256       0.17455076169631661       0.34887356454463486     
  0.31256144593956575       0.41301587593850331       0.48602778643020433       0.33754112359858501       0.31879652108710949       0.39384643626982574       0.41473050902521802       0.41462539238795637       0.41237780762280091       0.45913320647579370     
   4.4913550647720069E-002   4.9615941186544485E-002  0.35233990350779532       0.19834035832255273       0.22236505731299810       0.99106447102470518       0.40769040956121994       0.36055345103336678       0.18443536643501887       0.36671568957493866     
  0.33487470340600972       0.50536626446577138       0.45644319793518107       0.45237417415553915       0.36455259734615469       0.45735806632734272       0.37250681228438653       0.35470733297877544       0.43847686473570913       0.41314068151186556     
   4.9627591264129807E-002   5.5167280494522519E-002  0.36732720831563276       0.20819131075972572       0.23611455828044442       0.99135320761124179       0.41327906595637498       0.37017500107327128       0.19460454692848583       0.38341979339277621     
  0.45375544857645700       0.37184380166422482       0.39492692343416225       0.41909738361392274       0.39920187858716094       0.48141907351608321       0.35660771124718016       0.45383965073131183       0.38194136064012646       0.37977562981535989     
   5.4777683922991871E-002   6.0482783978615964E-002  0.38062212699440745       0.21855708027029375       0.24907437350869380       0.99163499724119319       0.41848583867199463       0.37996896067061176       0.20628325733856581       0.39943823681038720     
  0.41895829643824201       0.34479294121350468       0.39524766147708007       0.46889239515122866       0.31736580705657419       0.46267666518542711       0.44406646747366202       0.36324624801479105       0.37167115148785784       0.41068889477316811     
   5.9896055007574715E-002   6.5924010550147502E-002  0.39470636142660004       0.22789919867631003       0.26368176654883008       0.99191198222759525       0.42479597619033005       0.39105800210438924       0.21964249471201211       0.41574298797652615     
  0.40537560514115584       0.49758974822698115       0.44560030822331220       0.45128627444541491       0.33877005059658771       0.50265973609741776       0.43225565168740965       0.58974618081453378       0.49683168263399841       0.36706089435484557     
   6.5080945957558811E-002   7.1490433543749010E-002  0.40730730265031451       0.23534049670302085       0.28021961089555975       0.99217556287557218       0.43205699300397571       0.40353832285835040       0.23529880452312613       0.43197483860373903     
  0.40225933712022299       0.33666133281688859       0.39621685949496832       0.42687265378135636       0.32315938183482507       0.42521677492687054       0.39709774637333328       0.37334372971931001       0.37092217968529928       0.33443172257723569     
   7.0433388275831024E-002   7.7942871854867507E-002  0.42098329279293906       0.24321506632382461       0.29669437632474721       0.99242266045527905       0.43949175141098357       0.41517571515186064       0.25368667922340060       0.44423337926770318     
  0.46340307309802553       0.35732800733544856       0.44393860246308720       0.44849710139735477       0.36469949636706572       0.44505090735739317       0.41052748648930310       0.42027045762340726       0.43381410785590657       0.42414842250449436     
   7.5770485111244290E-002   8.5335346136285156E-002  0.43743901794135637       0.25080351195033801       0.31264774567309273       0.99264971858438367       0.44713587899852675       0.42586033123901190       0.27323385612989237       0.45695299464875855     
  0.49883366026886505       0.33685651659608096       0.35555955443339193       0.37404749730062814       0.48564606569849483       0.35416875288536981       0.39917074744087605       0.34042774539303228       0.44039123157904425       0.42102656811481065     
   8.1446226143985986E-002   9.3160731836949520E-002  0.45273156891134098       0.25871613676698191       0.32894518494346209       0.99286414960100000       0.45471758174463472       0.43694388850716898       0.29248504847501611       0.47128286399239794     
  0.41750296426019207       0.38282317676145944       0.47877872945900002       0.33013470879239420       0.33529216896195868       0.43752099346754075       0.54029336444388687       0.36593460522102145       0.42977927959132273       0.47400275348870496     
   8.7161826472987827E-002  0.10091868867337542       0.46859640159940691       0.26779219143513922       0.34507743101931226       0.99307635905982272       0.46148311973891309       0.44982200026778296       0.31090775231225204       0.48561692778199417     
  0.34458384876068782       0.36054727107244705       0.37901484383818390       0.37731723811113799       0.38884021183184148       0.44992359149899153       0.51384058474784355       0.53828947277920414       0.47209724056693303       0.36703778998934888     
   9.3387536431252610E-002  0.10813017056816661       0.48508020348617364       0.27654274204281365       0.36666942912598743       0.99327607635082171       0.46929664544988109       0.46235962530344504       0.32874107884773018       0.49901262323882190     
  0.38926209442618592       0.36227552294320464       0.33982018706366085       0.36169015939859750       0.35348542296507512       0.46747949905776059       0.55238133214586826       0.45386210817420425       0.44311039612942599       0.36994936271527368     
   9.9561126154402851E-002  0.11587436051632742       0.50227608272872026       0.28611131297100856       0.38950473403346519       0.99347291550645667       0.47712905911844922       0.47410387128446874       0.34708958442666760       0.51269814875903008     
  0.46838869658536458       0.43000902278913211       0.42287533046442477       0.36054645197307972       0.45103978558583119       0.47837700173632441       0.65340559928603770       0.44917206466683834       0.40900006556628471       0.48790256250043113     
  0.10567790442767792       0.12404173753360900       0.51974538350703992       0.29675165227611910       0.40955159347257636       0.99366215859767693       0.48499793904226379       0.48574888463046567       0.36869764078516704       0.52699092353923305     
  0.38623444788900013       0.33087627698168781       0.49371655656880931       0.46036343682028541       0.39315081293617693       0.39181126912819836       0.51703803860794950       0.45944109583811776       0.46401149225220129       0.37986709333015750     
  0.11261426029359051       0.13270409063183955       0.53687522837758761       0.30873428842310741       0.43065917036156337       0.99384166504527949       0.49273843043620047       0.50236011871178710       0.39092735890656238       0.54005431198865106     
  0.51281274125684240       0.42455876775554213       0.43094697766142637       0.32164865071510995       0.36616594491772941       0.47308481920316930       0.46705382581739885       0.42002342694437689       0.38606730889160201       0.56169470230459684     
  0.12013447081227176       0.14233075426847031       0.54939341189673263       0.32046739737818136       0.45122234533813549       0.99401174249361746       0.50011386296355020       0.52027400992872985       0.40539287770456162       0.55267050438575338     
  0.42850632690787088       0.48388906619457034       0.41580874048584215       0.40080549852794273       0.32516070360165256       0.45257975935969436       0.36355554277751506       0.50061633991209642       0.33359713063207425       0.42492914500226886     
  0.12769450999779744       0.15257475416869443       0.56299542209377829       0.33123946836922669       0.47708483143530578       0.99418628466465886       0.50673055564296510       0.53620545406386888       0.41792591552657787       0.56557987609929838     
  0.50072348859514570       0.37659280564335479       0.43517485902351605       0.33568943175805716       0.40961947447358160       0.46351280749177715       0.37491102547166377       0.56149604429053790       0.34566332171874548       0.38071953542209963     
  0.13525352610699831       0.16249040711341592       0.57529396499571672       0.34040686467859887       0.50293361647567270       0.99437039150673467       0.51255744268056436       0.55120350813244678       0.43032443725186292       0.57823286089062931     
  0.34444180377698591       0.35944686896339501       0.30092145498354678       0.44655832271905060       0.47815254268345980       0.43582278498606314       0.40966246426782038       0.45849097251114851       0.32497448830544690       0.36697731254158372     
  0.14323817286515697       0.17265005752961834       0.58631351952506294       0.34973151644447115       0.53589737818657157       0.99455634301379603       0.51917052603941216       0.56605953710986467       0.44282437353650472       0.59048648396207259     
  0.40592610972765897       0.45698201858350329       0.37717890930532555       0.37821220606470779       0.47654250530420561       0.46999483818491733       0.51451003548727825       0.49664947834653783       0.30114307435412196       0.35109684616239023     
  0.15166005570915378       0.18387053208317761       0.59804129670734574       0.35992960064278395       0.56426123052327959       0.99473659609473464       0.52565954796586400       0.58109227907859828       0.45638817122761033       0.60361686221511091     
  0.45268617907046549       0.42473286842639407       0.41731052816226627       0.42909206733954863       0.44668010008690034       0.40266529675428836       0.44364815089586906       0.54223918536828808       0.37941057142040963       0.38511374344722532     
  0.16040506010302014       0.19503510032662039       0.61207476028235186       0.37342144079249467       0.58991931112622020       0.99491518457079009       0.53233389067778070       0.59615618600430498       0.47148148382332977       0.61835530125930938     
  0.39201073044691620       0.46261862217916117       0.44231293205547190       0.38508938693681760       0.37862509029775754       0.42204070721830622       0.44868032631906241       0.45484708075899472       0.37561685236884756       0.45253693871176381     
  0.16925888148020263       0.20504658686158189       0.62494385886526438       0.39138000966468039       0.61560637655357020       0.99509240205054295       0.53838298357102499       0.61112901593736679       0.48613905090473108       0.63445568883815084     
  0.35060094843049944       0.49004206799215355       0.37666920366223638       0.49477896124456577       0.39984236895095676       0.50359837954673414       0.38014173846633287       0.37063535499575750       0.32037111916138522       0.44651218003311843     
  0.17783287339392001       0.21308045811989529       0.63639235418539497       0.41097953732035508       0.64221544107016293       0.99526855057719044       0.54427692772008873       0.62606281879718095       0.49706011102072245       0.65010071891802823     
  0.47277691342653155       0.37575296916473083       0.33240050813836503       0.52936186018758957       0.45603474288726703       0.51190493320286434       0.44238999923488365       0.36996119584587650       0.46313798769586456       0.43618399996547991     
  0.18627019195324468       0.21962179525198694       0.64889429791892306       0.42896699381340186       0.67070658938557237       0.99544375648033445       0.55040353274898790       0.64111129555013224       0.51806608376533847       0.66561508831627714     
  0.30252355483217724       0.28962096203902260       0.35127362571378962       0.49458925568048218       0.45658804731369362       0.48684076995964076       0.36190517731106225       0.49492396247584575       0.42022849419885855       0.38887088827889832     
  0.19522305769534082       0.22656563581960695       0.66171087914879756       0.44488297097140261       0.70029158903893163       0.99561791778192144       0.55658839299775620       0.65473539039703121       0.54166459869072558       0.68264426400639833     
  0.37314150739903734       0.42723278269893106       0.34829225874697767       0.41347476794922533       0.49255654225342638       0.43225874339488612       0.45851648468418332       0.53528664106942403       0.39847564679475622       0.42495367392539557     
  0.20459553293746613       0.23689903193175610       0.67320942315847943       0.46162465438165168       0.72617282346676448       0.99579476188064386       0.56246841482590659       0.66890547422084512       0.56286283183658459       0.70075515030441293     
  0.41082438673435839       0.42909864415695886       0.35627795491587205       0.39884835704136595       0.42404649666739602       0.42266484828367279       0.41453585457878839       0.41167937833175977       0.46133470001109200       0.38776813204599897     
  0.21524682745508689       0.24815859438023249       0.68477078686112913       0.47905043183721502       0.74621041366220386       0.99597455546065194       0.56802781408128566       0.68083321535672181       0.58261084097456084       0.71856803479358944     
  0.45343300185316843       0.41683329502988709       0.37071515938501476       0.50735490119088367       0.41161809982535025       0.39736717892104489       0.39542731260606062       0.34186750417591932       0.43249691000244367       0.46249736674890130     
  0.22658186299580449       0.25888955812041253       0.69639610583842493       0.50067748067046858       0.76437512586557665       0.99615553590150907       0.57350336226201293       0.69052816104388448       0.60183481985246912       0.73432732234494325     
  0.36935930928793104       0.39633636532536998       0.34175276318978154       0.49826220900077434       0.34467895949568850       0.43286432943994452       0.39708894646560128       0.48234089699346472       0.37145010637228970       0.46208926353262075     
  0.23932749896527503       0.27141797862168215       0.70844587904172307       0.52310356437703598       0.78214030723324124       0.99632959402066557       0.57941666952705040       0.69966694778820837       0.62148848131289092       0.74924128175562599     
  0.42636661636047618       0.34360331273467570       0.42153721105132141       0.48089616804945168       0.44297838804361594       0.38085677091108644       0.40220963594828685       0.33421133303290168       0.37118058863295256       0.42315144149992368     
  0.25436261760102596       0.28454831715877227       0.72279678840942285       0.54151319035690060       0.79445363733256813       0.99647746911098511       0.58618493899748558       0.70892862659032341       0.64155038696244227       0.76430280393420391     
  0.40980352272326509       0.42383948937088511       0.38313035824835245       0.41695070756846608       0.39028977601513937       0.41876774683890117       0.48458862683917908       0.32909431657921157       0.37572244676273991       0.32303101172911847     
  0.27092914672464391       0.29706764436248101       0.73830379196905405       0.55741998742357379       0.80696476064294453       0.99662180253206656       0.59300596226443392       0.71803808520554036       0.66186379167530751       0.77853097568796481     
  0.43404333145935831       0.42068395586156865       0.54497288198520666       0.36532657538562918       0.40440433796875697       0.47654000120113921       0.49191011792960021       0.44710920411152072       0.36655949983803410       0.39689208964383788     
  0.28763015813875809       0.30870513070806471       0.75373311898823248       0.57404706928214866       0.82232783357574435       0.99677159570982776       0.59975825466651789       0.72736309485482642       0.68212309901760793       0.79402997139576503     
  0.33956402715406880       0.42873049685933884       0.46320309354889438       0.40295455846523254       0.43246818786789654       0.46334281769568142       0.39665042692344410       0.52434918774213035       0.42778099530972652       0.35643631508606405     
  0.30746485952200048       0.32120730567196820       0.76932419864396784       0.59032339671950784       0.83796068755771691       0.99692767526910664       0.60677995158383013       0.74124031286341463       0.70406333566391699       0.81004625554579779     
  0.46489526817257482       0.40265493857028145       0.32970850431487381       0.32604430113017702       0.38638864420575647       0.48788124879306294       0.40186913304431582       0.34911287720243178       0.39924404623397941       0.37402149931969159     
  0.32437703947945068       0.33559647386468988       0.78533657918619770       0.60498578225121458       0.85315211358359322       0.99708638393390525       0.61412344850441658       0.75666081480001546       0.72881278804614025       0.82437338056252329     
  0.36511545068929047       0.39265822685179846       0.45432478129119896       0.35207140209678917       0.47446921196034081       0.46146489367402538       0.48041958160504922       0.47840031383236203       0.45851196086588902       0.36354450802063693     
  0.33913170965260814       0.35252005799424285       0.80295013161832895       0.63163680033096470       0.86392423604694701       0.99724502617777722       0.62423702292720151       0.77313097664588271       0.75306506594974232       0.83704622589574074     
  0.34944562956251568       0.51357230431668999       0.47814299365423074       0.43374186057011199       0.46483399612331050       0.34058910309593682       0.45227867854242243       0.41939697403572523       0.45732302401270486       0.37263721499721042     
  0.35466186290013807       0.37187836832569049       0.82242215364627214       0.65779412956016492       0.87492769492845268       0.99740529464587713       0.63447609251950932       0.79005294746467924       0.77767783841844340       0.85141085429798824     
  0.37128264815803547       0.47824956950864506       0.51026521685214732       0.36024091655091706       0.42159526646407436       0.45822307527149397       0.38284551889303603       0.39800880891706153       0.37992637175139837       0.38337690023690218     
  0.36973222275952539       0.39345134357098355       0.84179785127326212       0.68392231133657166       0.88656966361341016       0.99756643673801215       0.64546539582784079       0.80957392307040221       0.80493138015024468       0.86892039096997953     
  0.33302661524034732       0.38768272428362116       0.51285997575344588       0.40435284229524743       0.41948177124635055       0.38823465760909665       0.56856900721623904       0.46328853999647562       0.34874890084457377       0.40159759965608938     
  0.38601585778494896       0.41685517654117193       0.85718277865466019       0.70917029155274725       0.89915268333233389       0.99772735335888552       0.65770287523863591       0.82967363338712785       0.83239616756792401       0.88530588342988858     
  0.34611926249086239       0.44820260654353067       0.43734866500013081       0.38845131020232676       0.45623140990603933       0.35913339124964822       0.52159550213219918       0.46007463281220529       0.41891423242004944       0.38432895247198662     
  0.40533623520164253       0.43693081666971034       0.87244021540611838       0.73220409820763610       0.91365949956530956       0.99789168666687089       0.67147730097953784       0.84934318240183848       0.86000105140747518       0.90238584996027660     
  0.34944562956251568       0.41544683796913551       0.46359700280707522       0.48859235827324549       0.60343897006937319       0.45892103244467725       0.48268037545413128       0.46327112458600750       0.47301373345380682       0.52518202183177898     
  0.42463738212749241       0.45749664191254047       0.88908324113508941       0.75722919311557202       0.92715179168807504       0.99807177953823056       0.68628647537987841       0.86869774685485268       0.88477001165362135       0.91605829328593358     
  0.32660211497799474       0.35391011761280705       0.38633137795364619       0.44208528214050063       0.55793441351463313       0.37524767692474720       0.49011213112812813       0.54645239556047998       0.40795238008621881       0.35764140970486347     
  0.44563569818498366       0.48059367336747449       0.90534257792023565       0.78524949364976371       0.93981298040952144       0.99827615459436803       0.70110928578866116       0.88787604335418824       0.90581548680157797       0.92829118099645302     
  0.36748856515025802       0.36128072396801658       0.40711528143875825       0.49219119247548970       0.52113400271233201       0.49376107749058545       0.46093963310394553       0.36975225222221486       0.45262555836326474       0.35881855278523223     
  0.48184715243793952       0.51019868120145129       0.92346803469816430       0.81273711409752092       0.95221753630912498       0.99849400201282112       0.71928001495651239       0.90773911850908950       0.92739891916360917       0.94045926914807210     
  0.41669370461477845       0.36413906124898376       0.43352792927014527       0.43832348824053091       0.39635731682225667       0.39320103109896487       0.47565323169540069       0.41106682173826159       0.42296920087088036       0.38634999334328912     
  0.51954912023307720       0.54622833788553726       0.94356212023125119       0.84136917540821210       0.96409895032836512       0.99874304769090683       0.73929181972661340       0.93070374378709719       0.94848465668232007       0.95291860894417169     
  0.34901245718701207       0.43815158515220265       0.48268971698157642       0.39385819058531574       0.51652634976399825       0.33992002047777220       0.44963732827731068       0.43964289144089241       0.38424906002172265       0.39434918655051687     
  0.57222289098456969       0.60738501343910756       0.96351720916638761       0.87571784299220357       0.97583406666459871       0.99902094649749540       0.77782702936771142       0.95392678003336628       0.96666961403894236       0.96650489087542857     
  0.33598917091494318       0.47353141417936118       0.38916952285689349       0.43878613694044005       0.39602648630939613       0.34944562956251568       0.42388276763840571       0.48014307700073316       0.40980135140745744       0.54473628533322416     
  0.69411946483155151       0.72539014554901737       0.98254934148263084       0.92736705701222089       0.98807754905270517       0.99940906018938247       0.85100027055195226       0.97669799979228844       0.98337967257173275       0.98194533725144928     
  0.37481921376621824       0.36488239476979767       0.43818898881953267       0.40995737256893383       0.41835830944644942       0.34944562956251568       0.39775652248752691       0.36720899384463263       0.40427702233449020       0.42372070405203588     
   1.0000000000000000        1.0000000000000000        1.0000000000000000        1.0000000000000000        1.0000000000000000        1.0000000000000000        1.0000000000000000        1.0000000000000000        1.0000000000000000        1.0000000000000000     
  0.35849893574508929       0.31569958210353866       0.38526210083470558       0.33425331866624541       0.52067431787745511       0.28383805000836670       0.31089092722723277       0.42136108405248346       0.41530667208645022       0.51846765714981535     
  -47.737438764597677       -66.005362268588925       -40.416184897773604       -89.305640653149752       -31.337740490472484        0.0000000000000000       -41.934519357447520       -49.294287792433089       -63.484872647901369       -42.351147525693420     
  -47.048416579111155       -39.106892092013091       -34.297719682153144       -43.125028407766472       -66.035923549419138        0.0000000000000000       -44.191675293844597       -42.936396491528683       -49.939626021609726       -27.829259898571017     
  -68.987635355585354       -35.317762224216239       -42.997267990209146       -18.454866664807724       -54.291262534609217        0.0000000000000000       -77.793753374793638       -44.122913160820389       -39.931605003299808       -30.599194902852332     
  -31.440270750904883       -37.736309616610775       -25.804117654883452       -20.630180229378134       -34.714248677282363        0.0000000000000000       -41.382794787813317       -30.786563395955863       -43.966604335440877       -34.454470896229289     
  -28.879067847152907       -54.583268264912938       -48.633414289440722       -39.713813011394812       -45.594394051712101        0.0000000000000000       -38.090189741248388       -34.915978253743148       -38.147346791202267       -60.000508851010352     
  -11.530741011358119       -28.350824205843672       -49.559509965634085       -48.148282903371822       -39.557027738810213        0.0000000000000000       -40.997081571859560       -44.068109270984579       -60.421421612147505       -36.002594294173292     
  -13.245922050329026       -23.581618434992993       -34.731074050814669       -47.059658713726783       -48.819939294102966        0.0000000000000000       -40.075135780941793       -44.296750132385249       -49.235295886527958       -74.692265822423863     
  -44.264943988693346       -17.175950841902814       -34.640815494314936       -51.422343133222427       -30.923608059322191       -60.352975829557593       -33.097104031036473       -68.498313024206695       -25.215456579302700       -23.910861660564152     
   1.3714013360434035E-005
           1           1           1           1           1           1           1           1           1           1
   3.0213044776987918E-006   1.6654005814351586E-006  -4.5917749695917813E-008  -37.862842327542616        1.9068499017963314E-007   1.8146650256785497E-010
   8.4504502326063118E-008   7.4772227782688505E-008   3.2646799254089251E-008  0.86119526876456076        3.2641712971478931E-008   3.5297604940109013E-011
   1.0468181687536746E-002  -44.418200411432494     
