+0.0000924071624972 +0.0001342429828759 +0.0001604161928299 +0.0001851212751340 
+0.0002062391260451 +0.0002252631017621 +0.0002427642414809 +0.0002601165968868 
+0.0002758407135049 +0.0002921724377434 +0.0003087211101224 +0.0003248465612096 
+0.0003406037214014 +0.0003556301902234 +0.0003711031779044 +0.0003869147872296 
+0.0004025509892879 +0.0004174565013946 +0.0004336502421697 +0.0004492488857157 
+0.0004662116443951 +0.0004830175350956 +0.0004992398516628 +0.0005157196577402 
+0.0005326630949443 +0.0005505157532341 +0.0005694640576479 +0.0005836774677030 
+0.0005945594694945 +0.0006052722540321 +0.0006160770189844 +0.0006269803062040 
+0.0006384707152809 +0.0006506998897452 +0.0006628223731292 +0.0006741956790621 
+0.0006849417468222 +0.0006946623175954 +0.0007039362703160 +0.0007132121295753 
+0.0007223593585010 +0.0007318388748277 +0.0007419053038097 +0.0007519506166369 
+0.0007623050719407 +0.0007728742848337 +0.0007831373618368 +0.0007934896358318 
+0.0008042718136782 +0.0008159537947579 +0.0008287463387900 +0.0008412750083735 
+0.0008538793583870 +0.0008667912175824 +0.0008806135105442 +0.0008961872537149 
+0.0009138048265831 +0.0009321194652366 +0.0009521225738480 +0.0009719235697660 
+0.0009934094860675 +0.0010164555375074 +0.0010392035346784 +0.0010615609078637 
+0.0010838669375407 +0.0011081209611709 +0.0011353807807260 +0.0011713811528171 
+0.0012099582465443 +0.0012490329949886 +0.0012892693120190 +0.0013296883346727 
+0.0013745277572552 +0.0014249918106581 +0.0014804581827837 +0.0015412966238769 
+0.0016118326153973 +0.0016892184743892 +0.0017768180363382 +0.0018789084353231 
+0.0019919129311471 +0.0021160301100132 +0.0022472043783645 +0.0024029009556943 
+0.0026367771744197 +0.0029115642057030 +0.0031943669584001 +0.0034923405137061 
+0.0038549304793718 +0.0044089045212969 +0.0052886249869300 +0.0067669312164773 
+0.0091521679571813 +0.0189443309085087 +0.0189443309085187 +0.0618732661499591 
-0.0000222488634796 +0.0004396129949466 +0.0015952386457315 +0.0035873798588733 
+0.0063158823325767 +0.0099577927435624 +0.0144113496545577 +0.0190607311149775 
+0.0242092055128899 +0.0300089354293150 +0.0362325846819975 +0.0431466576902692 
+0.0497022695128315 +0.0567273231367278 +0.0640206679971629 +0.0719623606108290 
+0.0808465595954021 +0.0906536248682159 +0.0994002212252187 +0.1071728026424780 
+0.1149404999894183 +0.1224515438452688 +0.1300552454415459 +0.1380497678548040 
+0.1462571706251510 +0.1543420974800081 +0.1628457746362962 +0.1716060596116560 
+0.1800337261117466 +0.1895241662679660 +0.1996485432193375 +0.2092977257268882 
+0.2193990392334464 +0.2288595733122118 +0.2376839004784378 +0.2465402014377015 
+0.2557089684956884 +0.2644293602800457 +0.2727380417136631 +0.2818138884180962 
+0.2911687554134013 +0.2997780608562250 +0.3090730843569089 +0.3190335162583451 
+0.3292119447430434 +0.3404958659152693 +0.3522594060955506 +0.3645638666889818 
+0.3774113763705265 +0.3903991591425561 +0.4031098037611322 +0.4154972764117623 
+0.4281706641267121 +0.4405408495308454 +0.4529566117589454 +0.4652498865686231 
+0.4777679717414566 +0.4910627764996364 +0.5042392262181140 +0.5178950817589603 
+0.5301600182929407 +0.5420202151137026 +0.5540236146965641 +0.5661044478707044 
+0.5777100324340627 +0.5903974816679505 +0.6030062744739604 +0.6153722802932896 
+0.6277334640292247 +0.6404272873013080 +0.6538801383967195 +0.6679185689314145 
+0.6823659812101417 +0.6967424658838052 +0.7110586978312449 +0.7256029405781319 
+0.7408429415586040 +0.7553640250248347 +0.7697882479782668 +0.7838670837664286 
+0.7975534414084748 +0.8108530563617149 +0.8239721743179739 +0.8374338437356414 
+0.8510675803030007 +0.8650384769639489 +0.8798942792275160 +0.8948026551500904 
+0.9096093501475435 +0.9248797721097329 +0.9390534211558419 +0.9518377490885734 
+0.9640532191428883 +0.9761768827930226 +0.9882732110211708 +1.0000000000000000 
-0.0030165582378187 +0.0113888889645772 +0.0233563866659297 +0.0351534132004059 
+0.0469042071238612 +0.0588922541002512 +0.0704951033503085 +0.0820398768281442 
+0.0940479926160324 +0.1060115222777715 +0.1176949964348163 +0.1284166279546281 
+0.1378130004870038 +0.1477107038979830 +0.1583909688173610 +0.1682144613245151 
+0.1769268599638422 +0.1860795480794969 +0.1966400646344469 +0.2090881954905991 
+0.2197614072536253 +0.2307453517228872 +0.2412877945624799 +0.2524171693501836 
+0.2632681906177738 +0.2743148858826502 +0.2851470575400964 +0.2969914957643282 
+0.3087326696465195 +0.3199968398753205 +0.3305661190993679 +0.3399047312532716 
+0.3491719168959835 +0.3585725974426484 +0.3673643670567181 +0.3764819519316440 
+0.3857066714201493 +0.3944347050152031 +0.4041855055412649 +0.4138952506699290 
+0.4221961766151116 +0.4297852997039910 +0.4378229373242145 +0.4459971508995568 
+0.4550773713772170 +0.4638337300019691 +0.4720727440023506 +0.4815330279287518 
+0.4958216768205778 +0.5079130078306636 +0.5181282590699837 +0.5283821599758181 
+0.5381912322823929 +0.5475317038161585 +0.5568074478889914 +0.5675526816143953 
+0.5793460162993581 +0.5907205206796499 +0.6011722405906491 +0.6120558387359961 
+0.6234691409859133 +0.6357983368514972 +0.6485672758723566 +0.6592909856870854 
+0.6689217356511841 +0.6793275075397412 +0.6901794722605095 +0.7016506177257786 
+0.7133305562182074 +0.7238931325650023 +0.7345477408603116 +0.7444413474226986 
+0.7548166844539644 +0.7656585084287678 +0.7774676760286128 +0.7891869044620556 
+0.8012664590235863 +0.8144280632862081 +0.8279643320681469 +0.8403736198824546 
+0.8524208861501074 +0.8618490337824445 +0.8711924711167834 +0.8806498655744768 
+0.8902052328728267 +0.9000359693368483 +0.9097808045974037 +0.9209153856028856 
+0.9329815179609873 +0.9442360044256523 +0.9547031569784363 +0.9644743710133538 
+0.9740473027895367 +0.9831079834363907 +0.9918614579862531 +1.0000000000000000 
-0.0012216026620602 +0.0224421997833407 +0.0411502872773072 +0.0592846030500144 
+0.0752972119608131 +0.0904717128948207 +0.1054044316327614 +0.1192857685086152 
+0.1345955574627181 +0.1508278422200397 +0.1674957052400908 +0.1828870984432402 
+0.1975393371625921 +0.2119965129585055 +0.2265072086027880 +0.2405925398874058 
+0.2535762008410651 +0.2654776727891106 +0.2769920247280155 +0.2886394578650769 
+0.3014536129942706 +0.3153983402101160 +0.3290006471795355 +0.3419478116572102 
+0.3544118582837424 +0.3662263207544420 +0.3778634969720538 +0.3895509666196816 
+0.4015054743743074 +0.4138511332980554 +0.4268318803413423 +0.4393311182259406 
+0.4504226955960246 +0.4610295198597600 +0.4716676771721657 +0.4832931648933675 
+0.4956838813121828 +0.5064994182164733 +0.5158474245790896 +0.5253690908611898 
+0.5361031301267609 +0.5472260162051008 +0.5572976337788063 +0.5673211674283091 
+0.5782424489408707 +0.5882988098429660 +0.5976041585260737 +0.6068040385981930 
+0.6164538299493175 +0.6262679127628513 +0.6360297372958776 +0.6459658014790576 
+0.6577710665686913 +0.6703852061335124 +0.6831538147462646 +0.6951488244569674 
+0.7067416615338695 +0.7182772016396052 +0.7293371960544850 +0.7397184235311685 
+0.7493991399632369 +0.7588842288945007 +0.7689582135917070 +0.7801534117459759 
+0.7907975704298907 +0.8005857536103418 +0.8097958567593787 +0.8187247241113930 
+0.8277498567492431 +0.8372599612957130 +0.8459864170018461 +0.8541552604404817 
+0.8623361939928211 +0.8705355023322991 +0.8782086145457351 +0.8854888913331351 
+0.8930060803300974 +0.9013101472812753 +0.9102700323075191 +0.9189513371529764 
+0.9271730778336896 +0.9343558885359657 +0.9404132751012821 +0.9455126759196099 
+0.9508703557613684 +0.9570472121327477 +0.9625934608389951 +0.9671558091932312 
+0.9712882718281648 +0.9754770399990110 +0.9798701344463471 +0.9841315450157109 
+0.9889287366283840 +0.9932600962113637 +0.9968694141248545 +1.0000000000000000 
-0.0029506884591269 +0.0101085713456188 +0.0200618143477715 +0.0315514874843383 
+0.0439350595034796 +0.0561612779790916 +0.0682154572884197 +0.0802519733987218 
+0.0924301434415907 +0.1043282851764016 +0.1160146527101898 +0.1277577322500741 
+0.1384486410999769 +0.1487138195569716 +0.1591696307483689 +0.1700707743305111 
+0.1813291050812924 +0.1926007856351577 +0.2041510656711120 +0.2135716740177259 
+0.2219199222024108 +0.2307303249366251 +0.2399564725511991 +0.2493675663399407 
+0.2587449410470234 +0.2677266624961489 +0.2782560518319392 +0.2905774823349269 
+0.3022533537863955 +0.3144664169801095 +0.3264949465049326 +0.3374654310768255 
+0.3477539604980350 +0.3588789800801804 +0.3694457762120865 +0.3796565459846297 
+0.3891850322163821 +0.3996768497599889 +0.4111830314799715 +0.4230788479389790 
+0.4351339868780552 +0.4455877352320927 +0.4546510132076266 +0.4624572221424673 
+0.4700560789997599 +0.4778522840795327 +0.4865919586489041 +0.4951542830063536 
+0.5048782726796526 +0.5167440979981130 +0.5297420444267835 +0.5425442523162574 
+0.5548978149325219 +0.5669530697180000 +0.5792791075947543 +0.5903395638558305 
+0.6000994241357221 +0.6100282235473626 +0.6209666609281536 +0.6302026970550806 
+0.6397142828479725 +0.6488143584903169 +0.6573886847224526 +0.6662115387195039 
+0.6749951635153570 +0.6835446544950627 +0.6933432077400120 +0.7042879279468670 
+0.7151329078321577 +0.7264403066117568 +0.7372229201268234 +0.7475291323045690 
+0.7580772376804114 +0.7698243502913615 +0.7824018829207735 +0.7955606080396672 
+0.8078641823981652 +0.8196747194999657 +0.8308030727174686 +0.8411074043206352 
+0.8504089109822349 +0.8599180764737845 +0.8693591861970970 +0.8801248522627538 
+0.8916682077347712 +0.9022103789220246 +0.9135222840326329 +0.9234451000594838 
+0.9343644227028582 +0.9453275521226512 +0.9556731808656693 +0.9642312595052769 
+0.9725821431455429 +0.9819982645268334 +0.9911550044133663 +1.0000000000000000 
+0.7202641505635731 +0.7253061208381205 +0.7292399851400284 +0.7359122208864375 
+0.7393586026057555 +0.7434008980972480 +0.7473637873511375 +0.7513435623899645 
+0.7563991408554386 +0.7605912281239174 +0.7635623534329118 +0.7662210420697274 
+0.7687701501296534 +0.7718161253991049 +0.7753173575478977 +0.7788382095014718 
+0.7819493503210894 +0.7850445468331018 +0.7882955511128183 +0.7913914203598396 
+0.7942755890765504 +0.7971674216568433 +0.8001717453666217 +0.8033851832295535 
+0.8067855865341277 +0.8101041693970105 +0.8130403996107820 +0.8159847645772654 
+0.8190433671101263 +0.8221341272750718 +0.8251515257003292 +0.8281137379611311 
+0.8310854528320795 +0.8339195075516340 +0.8366606974820906 +0.8395155238765633 
+0.8425197160634228 +0.8457118240805283 +0.8487278801022198 +0.8517187043883301 
+0.8544556229276875 +0.8569750040604166 +0.8594273789002957 +0.8618911338360400 
+0.8643961973234765 +0.8669639862665013 +0.8695115186375858 +0.8718796933540518 
+0.8745015421268471 +0.8769164327215725 +0.8791022457632865 +0.8811859091377386 
+0.8832026750623851 +0.8852329689878204 +0.8874913940091763 +0.8898916420630733 
+0.8923951248184696 +0.8949786606380822 +0.8974659781154284 +0.8998949467293283 
+0.9022100758613916 +0.9044401037213091 +0.9066105957761441 +0.9088315793103768 
+0.9111782596195162 +0.9136380512169658 +0.9161169927192839 +0.9183883956736104 
+0.9205522045923695 +0.9226868793409613 +0.9248422000751074 +0.9270271693313795 
+0.9291769221283849 +0.9312293455026671 +0.9331397508462632 +0.9350075407691368 
+0.9369110616823144 +0.9389906526042678 +0.9412209078120370 +0.9434232356318101 
+0.9456615259229884 +0.9478511486655240 +0.9503449333362610 +0.9527471559708522 
+0.9551212278796946 +0.9572704090873264 +0.9597802610075008 +0.9625317111865407 
+0.9655208007015649 +0.9686752114089733 +0.9719088302701624 +0.9754292738973962 
+0.9791462310486022 +0.9837236184667920 +0.9899466362155934 +1.0000000000000000 
-0.0106469141220092 +0.0618319484001620 +0.0897521913042536 +0.1085323349448089 
+0.1235559803172781 +0.1352091375733166 +0.1461385192024791 +0.1526034445100570 
+0.1596769280707640 +0.1669435142785434 +0.1730128384672696 +0.1790795380013793 
+0.1848330905858022 +0.1905161613073172 +0.1958119441788879 +0.2007220572580075 
+0.2053989067413259 +0.2101341982651884 +0.2150731555610950 +0.2200183917615825 
+0.2249185855587801 +0.2302335728438921 +0.2361733748292731 +0.2422628165223466 
+0.2479990716807090 +0.2537163349334207 +0.2592019282270078 +0.2647581798308304 
+0.2704029154833000 +0.2761145829744264 +0.2818715398716699 +0.2873394433490217 
+0.2927636977408828 +0.2983220315866646 +0.3036954672737520 +0.3088641300347592 
+0.3139240342851637 +0.3188968025908260 +0.3243089900810718 +0.3305591947079924 
+0.3364432627706998 +0.3419485075043188 +0.3472267373520206 +0.3521909262132126 
+0.3568439906427393 +0.3613405901622354 +0.3656104728546473 +0.3697930807352661 
+0.3741693862563997 +0.3790220964991079 +0.3837335559507876 +0.3883094998811184 
+0.3930266170472297 +0.3978980305225243 +0.4045588288165347 +0.4113369486823524 
+0.4176974761058395 +0.4240335040388915 +0.4305592576477195 +0.4374752855008799 
+0.4442642560555299 +0.4502179524942538 +0.4559848752489442 +0.4618006889757610 
+0.4683661453390079 +0.4754846548919978 +0.4836410795269507 +0.4929601467146687 
+0.5014501166404691 +0.5086807736981128 +0.5155936519182489 +0.5222184082540944 
+0.5289834900950050 +0.5365531190565731 +0.5444350076301729 +0.5521808527120886 
+0.5596561647224008 +0.5679643855769152 +0.5760828551945495 +0.5842405789919586 
+0.5940759715131469 +0.6046633494718646 +0.6162028512266085 +0.6280334134326550 
+0.6406379370334675 +0.6539774621497982 +0.6688267203184315 +0.6848946738138686 
+0.7003116847027588 +0.7151110675474585 +0.7334514510647850 +0.7549526181234876 
+0.7802005794850054 +0.8114522835556051 +0.8570492423031383 +1.0000000000000000 
1.96093665401e-08 0.000526703793103 
  <DiscreteSampler_grid>
  Helicity
  1 # grid_type. 1=='ref', 2=='run'
  80 # Attribute 'min_bin_probing_points' of the grid.
  1 # Attribute 'grid_mode' of the grid. 1=='default',2=='initialization'
  0.030 # Attribute 'small_contrib_threshold' of the grid.
  0.333 # Attribute 'damping_power' of the grid.
#  binID   n_entries weight   weight_sqr   abs_weight
    5   3566 3.86410992337e-07 4.20639006405e-11 3.86410992337e-07
    10   3120 3.452827255e-07 1.30460281635e-11 3.452827255e-07
    12   2839 3.13532160093e-07 5.88718940076e-12 3.13532160093e-07
    7   1312 1.76422213738e-07 3.96285123284e-13 1.76422213738e-07
    15   1400 1.49099147154e-07 4.19107843463e-12 1.49099147154e-07
    2   1219 1.20324267327e-07 2.11850214768e-12 1.20324267327e-07
    4   772 8.3046695743e-08 1.16781793405e-12 8.3046695743e-08
    13   547 6.78251975798e-08 2.75381029993e-13 6.78251975798e-08
  </DiscreteSampler_grid>
  <DiscreteSampler_grid>
  grouped_processes
  1 # grid_type. 1=='ref', 2=='run'
  10 # Attribute 'min_bin_probing_points' of the grid.
  1 # Attribute 'grid_mode' of the grid. 1=='default',2=='initialization'
  0.030 # Attribute 'small_contrib_threshold' of the grid.
  0.333 # Attribute 'damping_power' of the grid.
#  binID   n_entries weight   weight_sqr   abs_weight
    14   10 0.62640917054 1.24828901353 0.62640917054
    16   10 0.625255264665 1.05196735441 0.625255264665
    13   10 0.574244730465 0.927466458512 0.574244730465
    17   10 0.546720295953 1.21558361842 0.546720295953
  </DiscreteSampler_grid>
