  0.00000380406134874  0.00000388447076764  0.00000402950066681  0.00000422276589407
  0.00000444253548594  0.00000466286323864  0.00000488586279145  0.00000512978337488
  0.00000540471338243  0.00000570106820142  0.00000601135142724  0.00000634231168056
  0.00000668418330592  0.00000707276570279  0.00000748579728549  0.00000792006207261
  0.00000837204838885  0.00000884469197446  0.00000933192365472  0.00000980867077569
  0.00001031154776553  0.00001084386532884  0.00001141453391732  0.00001197982276106
  0.00001258632925132  0.00001324330468956  0.00001396556060887  0.00001476330204511
  0.00001562397362961  0.00001651661249219  0.00001742915669191  0.00001840401384652
  0.00001944118383026  0.00002054847703067  0.00002169911052193  0.00002281789115965
  0.00002411437077219  0.00002545194120564  0.00002700127570286  0.00002871660711380
  0.00003049609697874  0.00003235169760382  0.00003430679226608  0.00003645797864115
  0.00003880085825442  0.00004122038768102  0.00004379384839990  0.00004652324864830
  0.00004952498338972  0.00005283606618262  0.00005639025414245  0.00006023974998559
  0.00006434689207313  0.00006881461174121  0.00007412080259308  0.00007971178236193
  0.00008569397220053  0.00009198378193969  0.00009884095630268  0.00010650401175933
  0.00011504506644641  0.00012461689384651  0.00013538219860570  0.00014735938717111
  0.00016061388133055  0.00017500385958943  0.00019115203390034  0.00020920248155977
  0.00022916892776935  0.00025085212563793  0.00027484264920872  0.00030054992405693
  0.00032793061549236  0.00035712677920950  0.00039002115505733  0.00043151760087758
  0.00047909344982900  0.00053011997270419  0.00058763780514050  0.00065607777274545
  0.00073024587268329  0.00081269491605634  0.00090367191383352  0.00101744034345507
  0.00116818995994263  0.00136033763901548  0.00158213531333869  0.00182213258641155
  0.00211258804283808  0.00253229527982875  0.00318516592729828  0.00408536422101242
  0.00555646023074892  0.00863502630082869  0.01071204415422203  1.00000000000000000
  0.00024793562907988  0.00024955887788862  0.00025159813406731  0.00025502914529233
  0.00025918078266870  0.00026364784900851  0.00026820729161108  0.00027262760596159
  0.00027736291041657  0.00028234884405514  0.00028766298428487  0.00029338926521280
  0.00029941062221587  0.00030579432444135  0.00031238224422298  0.00031955860265496
  0.00032640344538881  0.00033276640087255  0.00033900819951879  0.00034549409355865
  0.00035252397176900  0.00035995012658933  0.00036745097299719  0.00037470552279097
  0.00038201998081469  0.00038953266509028  0.00039743006381381  0.00040599314190381
  0.00041515839474371  0.00042481444460286  0.00043459505580828  0.00044442306243210
  0.00045468548773212  0.00046588858476351  0.00047771582342679  0.00048936522732945
  0.00050078137067272  0.00051226081118808  0.00052445079525299  0.00053790925700836
  0.00055218654504611  0.00056712433978312  0.00058256940579152  0.00059801905512401
  0.00061304602055658  0.00062823786968514  0.00064593350213982  0.00066477761561167
  0.00068492707152563  0.00070433863234180  0.00072421078657309  0.00074448876785173
  0.00076651559228926  0.00078904490393422  0.00081256622216044  0.00083684555219701
  0.00086214518083456  0.00088998026084714  0.00091933964348545  0.00095023919350254
  0.00098334365668657  0.00101929255661882  0.00105747257876301  0.00109727189446580
  0.00113667359635418  0.00118239635444496  0.00122841432045542  0.00127916522703810
  0.00133077021108786  0.00138638665130577  0.00144404344106628  0.00150320945541753
  0.00156661577264317  0.00164133179226122  0.00171786560807844  0.00180246151300604
  0.00188748252472107  0.00198388250601106  0.00210098467310061  0.00224337661496571
  0.00239478067907227  0.00256297890327571  0.00274834462194285  0.00296003081871335
  0.00321502636467007  0.00349552727112569  0.00379338247375783  0.00414283041642923
  0.00461367108367172  0.00543321426790136  0.00651568152805440  0.00777327090587025
  0.00983131619971334  0.01600712972870833  0.02400177450262457  1.00000000000000000
 -0.00264863755159970  0.01178067181873024  0.02217722683493316  0.03272302535952871
  0.04332654203132112  0.05413382502462416  0.06425541587566791  0.07401067744258517
  0.08355208290116198  0.09381740241708465  0.10407082295426849  0.11408463780052559
  0.12376160565324919  0.13343254257444118  0.14356275164336019  0.15389421678890106
  0.16425798138023387  0.17514434003701698  0.18609448325651351  0.19760176983222955
  0.20892311207284847  0.22018017314691124  0.23083570325547298  0.24104795178971433
  0.25106677958584872  0.26083142449677410  0.27073471974507551  0.28081220378431165
  0.29099718521098905  0.30163194849022723  0.31274057988062542  0.32426673714948195
  0.33542022423967000  0.34662742572264998  0.35751461017190733  0.36814986649528392
  0.37862625575470593  0.38946388892600897  0.40069711839288880  0.41155685006550269
  0.42224341581749908  0.43308635455664618  0.44418135144086629  0.45483410027741550
  0.46464270896341464  0.47423823849187152  0.48421499798413326  0.49461000686992779
  0.50509669521436762  0.51554306112361492  0.52638790571287930  0.53748588350777993
  0.54846368162067349  0.55891914759934525  0.56891080499943103  0.57867173983830600
  0.58836165092367554  0.59848863870425550  0.60933173793005058  0.62047776384739639
  0.63197023243111705  0.64341027401765327  0.65423533752742546  0.66424854965523650
  0.67417719777247587  0.68436543709724251  0.69460707174723968  0.70442405450800216
  0.71503429389267326  0.72630330830805634  0.73766174582881283  0.74903568676589161
  0.76056017345278304  0.77209741398099019  0.78311184422441682  0.79426863085128296
  0.80529762401333937  0.81596376449967067  0.82607778136337962  0.83666677644467469
  0.84765149657901329  0.85859897527719176  0.86927583172603073  0.87910800613873419
  0.88882172761849709  0.89794838562682666  0.90785377029088810  0.91792900269443201
  0.92823100584525498  0.93860243038713609  0.94869140072265168  0.95872259989584363
  0.96860128512088295  0.97856188374770925  0.98908492962925565  1.00000000000000000
  0.00002131493409020  0.00048220614975333  0.00079341277618270  0.00106950346514845
  0.00131775494177906  0.00155712818342379  0.00179563271250084  0.00203002972013250
  0.00226184480288845  0.00248715465544919  0.00270809040640220  0.00292729450048036
  0.00314482297334818  0.00336780835923616  0.00359306734392381  0.00381773955936253
  0.00404023341156339  0.00425685197320694  0.00447434141561139  0.00469552643121013
  0.00492611154518738  0.00516421498482788  0.00540304799321544  0.00564067199203117
  0.00587714246866650  0.00612282424120453  0.00637774682658522  0.00663594228864301
  0.00688857077061446  0.00713673347855680  0.00739233775908838  0.00765895646427764
  0.00793818134172289  0.00820257231792513  0.00845990712241732  0.00872508168749607
  0.00901184717321159  0.00932904298249303  0.00966859994439262  0.00996078402513978
  0.01023923772585369  0.01051149687358453  0.01078163922782659  0.01107657573979606
  0.01141355177519653  0.01177114519852304  0.01209794068655494  0.01239976612175678
  0.01268458967639039  0.01296448730987793  0.01325916770511602  0.01357572634816856
  0.01391877831443893  0.01426985945927923  0.01459260968720356  0.01489549847121330
  0.01520514408657589  0.01553156296902047  0.01598057016988318  0.01630780620780129
  0.01664881087125609  0.01697393822980611  0.01730034372314342  0.01768348516871698
  0.01811314135928760  0.01857338550011498  0.01905749648398328  0.01950585182874953
  0.01993944682566146  0.02046747123761313  0.02111291722868815  0.02176424502228502
  0.02236166652091108  0.02286247870880247  0.02344411871977078  0.02418596850783643
  0.02495268222314288  0.02591481092458972  0.02774375005288022  0.02862458056875551
  0.02953608799923016  0.03039969035792474  0.03282475178658293  0.03357393313638284
  0.03432675213565554  0.03529474411099367  0.03640084771297040  0.03707232433145484
  0.03772714869121963  0.03843318390095684  0.03926978145234421  0.04582134109628960
  0.04928602692112565  0.04992062991016966  0.04994601290250933  1.00000000000000000
 -0.00243453951224670  0.01476951694577736  0.03045834117751054  0.04796677415702701
  0.06599065592591420  0.08345879599600831  0.09910716565561209  0.11392426724699498
  0.12888031770726258  0.14405895658693471  0.15864168702387588  0.17275795967423113
  0.18666279609134045  0.20040215531625197  0.21327193684233903  0.22520943482824188
  0.23662080565614529  0.24759880880004018  0.25786065376628620  0.26746446544905456
  0.27660580581282668  0.28576494487063286  0.29517716098089752  0.30483331549217474
  0.31422418941201058  0.32326087039192308  0.33207346404892568  0.34104836821668594
  0.35049811942537995  0.36027824897915700  0.36946957794047852  0.37800594072206545
  0.38561466978861075  0.39286158965396034  0.39997337530089150  0.40750102801398180
  0.41543344251678094  0.42312761101852070  0.43034900695436806  0.43746776296763068
  0.44483705851399935  0.45224365472493411  0.45945800503550305  0.46664253168419617
  0.47407213817476007  0.48184009870088645  0.48951767423922071  0.49692871029507169
  0.50407291552250677  0.51106900177542058  0.51752203561445631  0.52357549481637145
  0.52963089625451099  0.53650214378815841  0.54433583618417281  0.55235866276964896
  0.56007027316291735  0.56748813315664315  0.57488853197966627  0.58239528112716532
  0.59006465846463718  0.59753142329900155  0.60477109758096792  0.61192247760723750
  0.61940784377758051  0.62733839235855759  0.63508130334830992  0.64281620536467154
  0.65081279371051948  0.65960626949200363  0.66872058512471722  0.67834690411640697
  0.68800343553525556  0.69786583931655721  0.70783749342761959  0.71781914091441823
  0.72807642080180757  0.73863141583127079  0.74973529886854540  0.76116999808747920
  0.77281226194218755  0.78456319491073245  0.79683177177018749  0.80975755261211424
  0.82306060434975259  0.83665029197043927  0.85066670109289722  0.86508615623156293
  0.88049117011801969  0.89705876052161626  0.91338685532836383  0.92968083072438890
  0.94685328865252127  0.96450104433767392  0.98252195113091689  1.00000000000000000
  0.72410577628419814  0.72816142483944601  0.73218064394829052  0.73856673525820793
  0.74174662004525094  0.74477766909638754  0.74808884408180631  0.75150986052687296
  0.75462851376615125  0.75753260847320181  0.76016769826541009  0.76273922139277062
  0.76552112860820742  0.76852635344767217  0.77162875561028210  0.77467997082456375
  0.77751253108220075  0.78016169822955406  0.78277064840895327  0.78548867658086774
  0.78828289686301978  0.79094185497131764  0.79348260685308547  0.79617692654827998
  0.79909315211174525  0.80199053456058977  0.80501901883572824  0.80764785009345552
  0.81066362091290245  0.81340796780450197  0.81623630627075716  0.81892756132351685
  0.82157955574891306  0.82416561740689076  0.82679305027020966  0.82934550368974191
  0.83180663030941138  0.83410592507945669  0.83661732374800957  0.83916612257808010
  0.84178978185088593  0.84430217350859738  0.84680768406614437  0.84943743290902674
  0.85220178082579856  0.85489953400333918  0.85749903696490581  0.85995992732587201
  0.86235470577458495  0.86476351037635080  0.86721659482658309  0.86977242849364278
  0.87242243566224009  0.87524174123702614  0.87790168650184741  0.88046908818916869
  0.88307903206678651  0.88576018066807516  0.88862162225822383  0.89143068983944596
  0.89412091119007087  0.89663519105724010  0.89903668714024054  0.90139118432505161
  0.90385530246849721  0.90645282375761094  0.90905177075372134  0.91160752942404477
  0.91412299119096729  0.91671550327874352  0.91936643552655151  0.92199442998196590
  0.92452252563170512  0.92698601133919067  0.92943508800671248  0.93188404968458427
  0.93438528475579308  0.93687506642452933  0.93945269131434239  0.94204430463196998
  0.94463300627271274  0.94720457203777075  0.94979022116796852  0.95243806728013269
  0.95516854901544312  0.95803257978224299  0.96095528486894943  0.96403144226841675
  0.96705424045047417  0.97030476078099903  0.97365917176669226  0.97727294808341580
  0.98113382380647529  0.98545437528270863  0.99116936955952750  1.00000000000000000
 -0.01909215676849544  0.13298639293249381  0.16869874537872118  0.19061316144329501
  0.20794987701632150  0.22276995067135733  0.23506530801708822  0.24584212738405128
  0.25623276378229498  0.26574330453198081  0.27514284771995878  0.28392301051642882
  0.29266794247315092  0.30105601212739863  0.30932534485360819  0.31741722041210430
  0.32501168544906939  0.33204341187557496  0.33861527187667556  0.34499527238807232
  0.35124957024165271  0.35730427286166278  0.36323820861835437  0.36913648936009930
  0.37490086034330311  0.38071011072762428  0.38634060620687005  0.39193716632163511
  0.39742218405417779  0.40294483757019917  0.40841953067415615  0.41379367265135891
  0.41929768094992742  0.42501058394529828  0.43059968052839015  0.43594325674218504
  0.44098440544973305  0.44588451335668750  0.45085074805639297  0.45583937193006879
  0.46098309298889856  0.46595148561513672  0.47093501368494123  0.47586012017628432
  0.48058127085489538  0.48531559529814255  0.49018617509533680  0.49524175613782334
  0.50050861551966752  0.50578126937684698  0.51095450875994408  0.51618200655001167
  0.52166573846639019  0.52745510620334424  0.53306361267384283  0.53834898216235727
  0.54357160822903305  0.54886820760415966  0.55419225552354157  0.55959423209225168
  0.56526810930192395  0.57113470341468375  0.57666497620682111  0.58197122263195034
  0.58724386339676160  0.59253598599461943  0.59794098015091468  0.60312832409547634
  0.60866037894027114  0.61424813764811448  0.61995158005456563  0.62557973763531061
  0.63118798808592802  0.63697495761924194  0.64307558501332818  0.64999567434988037
  0.65702079986818807  0.66393308406552476  0.67075913872713733  0.67815747015375794
  0.68604328321866115  0.69390057590399934  0.70172651670024344  0.70934834481983278
  0.71697963972292733  0.72523462594175903  0.73423625510726909  0.74411555921003358
  0.75510721842329342  0.76680277579844747  0.78012435671515512  0.79496194729703373
  0.81198155727292276  0.83323492919765929  0.87030780301383404  1.00000000000000000
   1.5404601098900000E-007   1.9725577305000001E-003
  <DiscreteSampler_grid>
  Helicity
  1 # 1 for a reference and 2 for a running grid.
  80 # Attribute 'min_bin_probing_points' of the grid.
  1 # Attribute 'grid_mode' of the grid. 1=='default',2=='initialization'
  0.0300000000000000 # Attribute 'small_contrib_threshold' of the grid.
  0.3330000000000000 # Attribute 'damping_power' of the grid.
 # binID   n_entries weight   weight_sqr   abs_weight
    1   1756   2.511921425988378E-006   2.222581292837679E-010   2.511921425988378E-006
    4   2266   3.223555534681161E-006   4.811915382921008E-010   3.223555534681161E-006
    5   2015   2.766440256884683E-006   2.397948763075747E-010   2.766440256884683E-006
    8   1689   2.465121734925117E-006   2.260334312821694E-010   2.465121734925117E-006
    9   1884   2.843793499942351E-006   2.448566187347145E-010   2.843793499942351E-006
    12   1883   2.757450242895581E-006   2.438403656654610E-010   2.757450242895581E-006
    13   2193   3.222044845311336E-006   3.341844633919149E-010   3.222044845311336E-006
    16   2306   3.071332815277754E-006   4.713695576232666E-010   3.071332815277754E-006
  </DiscreteSampler_grid>
  <DiscreteSampler_grid>
  grouped_processes
  1 # 1 for a reference and 2 for a running grid.
  10 # Attribute 'min_bin_probing_points' of the grid.
  1 # Attribute 'grid_mode' of the grid. 1=='default',2=='initialization'
  0.0300000000000000 # Attribute 'small_contrib_threshold' of the grid.
  0.3330000000000000 # Attribute 'damping_power' of the grid.
 # binID   n_entries weight   weight_sqr   abs_weight
    16   10   2.635718235140000E+001   2.558656874190000E+003   2.635718235140000E+001
    10   10   2.635636047120000E+001   2.558637513980000E+003   2.635636047120000E+001
  </DiscreteSampler_grid>
