+0.0000937237007944 +0.0001363980811333 +0.0001663821567344 +0.0001914947181615 
+0.0002112026307181 +0.0002290379270809 +0.0002463150002613 +0.0002631372547069 
+0.0002800257759852 +0.0002967803551556 +0.0003145215832535 +0.0003328700620241 
+0.0003517054042505 +0.0003707135604527 +0.0003892861715222 +0.0004075995422969 
+0.0004256824518537 +0.0004436631112237 +0.0004618370933174 +0.0004782019035658 
+0.0004948176837818 +0.0005113692974698 +0.0005280688763448 +0.0005447427465030 
+0.0005612220590854 +0.0005772898473193 +0.0005938134267718 +0.0006094833453914 
+0.0006241236314047 +0.0006383333682736 +0.0006520155085567 +0.0006660735199213 
+0.0006801129025036 +0.0006937082551967 +0.0007072703273612 +0.0007199397713879 
+0.0007324803894112 +0.0007450409649103 +0.0007576731032064 +0.0007704820028881 
+0.0007832994521984 +0.0007958323462385 +0.0008078492671873 +0.0008188754502555 
+0.0008304255702721 +0.0008423392438683 +0.0008547258305197 +0.0008687395089056 
+0.0008832355996994 +0.0008985795906754 +0.0009149470168879 +0.0009320186340318 
+0.0009492101308286 +0.0009667204719800 +0.0009840864702089 +0.0010014349965359 
+0.0010211526723274 +0.0010412686428286 +0.0010626605117234 +0.0010850070486477 
+0.0011077212423232 +0.0011343450356018 +0.0011614881390539 +0.0011877295537028 
+0.0012146337125083 +0.0012433354127696 +0.0012752208138241 +0.0013103189241474 
+0.0013475405752456 +0.0013865226922923 +0.0014274611311960 +0.0014712529638341 
+0.0015181872056754 +0.0015768279576825 +0.0016463848192941 +0.0017234451303304 
+0.0018101533364027 +0.0019064243115246 +0.0020115315164506 +0.0021270673685569 
+0.0022688655055140 +0.0024289785390831 +0.0026060107832713 +0.0027906266856503 
+0.0029977173219024 +0.0032694968824129 +0.0036511292192616 +0.0042043190394284 
+0.0049302924773933 +0.0057356359453549 +0.0068591033671476 +0.0090860804375054 
+0.0134595866987409 +0.0230570664300686 +0.0230570664300786 +0.0988574400235157 
-0.0000192504043628 +0.0004614255201618 +0.0015345229280116 +0.0035794123114848 
+0.0063163293664423 +0.0099427116521331 +0.0139993894401556 +0.0183634771016216 
+0.0239428616000778 +0.0290861660398879 +0.0349972934659708 +0.0409065264134775 
+0.0471007082506588 +0.0533711306670920 +0.0599178227443152 +0.0669088113172578 
+0.0745484596122131 +0.0824219538997383 +0.0904514161031395 +0.0989084925914224 
+0.1078236197544917 +0.1170589868186089 +0.1268141292485318 +0.1371582346777322 
+0.1463827328701293 +0.1542088115501976 +0.1613995686335289 +0.1687132105561867 
+0.1762794123756762 +0.1837488856816148 +0.1909165153374999 +0.1980640845521300 
+0.2066760733471274 +0.2161724889109910 +0.2268551739232261 +0.2378658426005473 
+0.2486158424521215 +0.2591402496298311 +0.2696219869986645 +0.2801359413335104 
+0.2907510399575764 +0.3013827792964214 +0.3118351359376174 +0.3224948467417866 
+0.3337965305202451 +0.3448964141587295 +0.3559100965549942 +0.3671826609635663 
+0.3787327685192766 +0.3903759405345524 +0.4014010415364517 +0.4113652920855222 
+0.4217570522329741 +0.4326059539357909 +0.4440161301089477 +0.4553664385329928 
+0.4667881093001512 +0.4786700208610625 +0.4903704404039362 +0.5020020650909542 
+0.5140964302652321 +0.5270556755246427 +0.5408337499569895 +0.5551024682661266 
+0.5690736783299085 +0.5823241480184477 +0.5953954578510900 +0.6085021678684154 
+0.6217364707672013 +0.6350487815376252 +0.6482702077572756 +0.6613706238269842 
+0.6745032531727968 +0.6874731890145740 +0.7004464240975822 +0.7139726027166787 
+0.7274132306639246 +0.7404065528119115 +0.7530942846492190 +0.7658967913841876 
+0.7792829684556583 +0.7938108183107545 +0.8091937893213679 +0.8244908489066395 
+0.8390408934632595 +0.8533775890681434 +0.8674468334839751 +0.8815602641394386 
+0.8958611229226819 +0.9103049793635094 +0.9255449764785594 +0.9412259259275174 
+0.9564461180153401 +0.9710227305132219 +0.9852316780018141 +1.0000000000000000 
-0.0024313489260431 +0.0089678023087672 +0.0182047622451267 +0.0291755366346564 
+0.0401251792899060 +0.0510429377808232 +0.0613535067766696 +0.0720196750913665 
+0.0827179472258022 +0.0940286623138224 +0.1054842259444062 +0.1176543450709743 
+0.1285462221426935 +0.1382813020820479 +0.1481657846335272 +0.1576217988694381 
+0.1671175450715116 +0.1765081045329366 +0.1857258900619493 +0.1963576901116059 
+0.2072309688775312 +0.2178800428928959 +0.2278921685625937 +0.2375990764570643 
+0.2472218005345528 +0.2573956611867935 +0.2683424431614055 +0.2798993383685485 
+0.2910164394342099 +0.3022402710594163 +0.3129292493169087 +0.3257594760778960 
+0.3379528309012099 +0.3506145869067723 +0.3615338875617088 +0.3723817308773185 
+0.3830082880720853 +0.3933940287530230 +0.4035693383505494 +0.4141933081096777 
+0.4258730430373853 +0.4376816292937263 +0.4494196234154608 +0.4612159722346184 
+0.4715111332169471 +0.4821326331784511 +0.4924257118670326 +0.5020173952344110 
+0.5125185161645054 +0.5232462027438347 +0.5346582172377268 +0.5470463543095517 
+0.5575494381732446 +0.5677548962701173 +0.5770425565802828 +0.5869325153935570 
+0.5967799617546330 +0.6063799932256155 +0.6160544586328225 +0.6265713670042204 
+0.6380755845599722 +0.6489655625507699 +0.6592002453962021 +0.6691804813207352 
+0.6785831541703651 +0.6883581499540888 +0.6977519367759514 +0.7074483369212791 
+0.7175642892587575 +0.7280084134784895 +0.7388219181631934 +0.7511602388516935 
+0.7637574481516782 +0.7768247546902279 +0.7893866878620351 +0.8011921713120197 
+0.8130090167213095 +0.8254937980278005 +0.8378158642237902 +0.8495380887517775 
+0.8607966195620896 +0.8727522305503571 +0.8821754738881857 +0.8913250943684520 
+0.9005914086039478 +0.9099142877533954 +0.9187811753390829 +0.9278122370263875 
+0.9365763606952727 +0.9455750880931402 +0.9549968580070129 +0.9634354958445409 
+0.9722523077797360 +0.9814842166887455 +0.9908360313565645 +1.0000000000000000 
+0.0027945584035511 +0.0082136815621891 +0.0121254603539971 +0.0157941921055822 
+0.0196160832107109 +0.0242518885284131 +0.0298654439438046 +0.0353540084323809 
+0.0403521877466878 +0.0462318071312328 +0.0526180655975740 +0.0588464395959390 
+0.0658883306004614 +0.0742721653018704 +0.0828300423289948 +0.0911787405229178 
+0.0993845007733310 +0.1075172610875770 +0.1161311931396569 +0.1254465039749303 
+0.1349197540110592 +0.1446648759570200 +0.1553146948936885 +0.1674439416638311 
+0.1798710930831248 +0.1922697912657177 +0.2047595526105424 +0.2156869054523876 
+0.2264235956554675 +0.2372653837697233 +0.2498119371097730 +0.2610167657695516 
+0.2716580657626929 +0.2829572104903129 +0.2959780558693016 +0.3106451200547102 
+0.3255619536389848 +0.3401259561076221 +0.3545532202272871 +0.3695451871938220 
+0.3849870289668729 +0.4010191960912052 +0.4184038473408069 +0.4359204458284686 
+0.4538619716588203 +0.4724330471745283 +0.4900190558174049 +0.5057427909661638 
+0.5215914286873444 +0.5363871045490225 +0.5526878694912456 +0.5691232942281266 
+0.5849230265597226 +0.6011256381148545 +0.6162251990181165 +0.6303708540766468 
+0.6435900305972657 +0.6561115144848040 +0.6690716775215502 +0.6828599624916477 
+0.6965604298913307 +0.7096026283180794 +0.7233382366899747 +0.7353017697075614 
+0.7478360175362574 +0.7609775900783906 +0.7752637939153558 +0.7891587964562820 
+0.7995056531466916 +0.8098492440223674 +0.8206365517657126 +0.8305523540091660 
+0.8393799942202127 +0.8472803344693678 +0.8560272222855002 +0.8655194981937365 
+0.8745701581449189 +0.8824269417219645 +0.8900531412680797 +0.8981776381983068 
+0.9069241614135620 +0.9159385925273427 +0.9255753133744801 +0.9336988233704167 
+0.9430307576597358 +0.9528429579737911 +0.9594188066677291 +0.9644758189269367 
+0.9696973908207117 +0.9754292843404893 +0.9808770160940239 +0.9854512142981825 
+0.9894474142451354 +0.9931522527161284 +0.9966501774096731 +1.0000000000000000 
-0.0027242215800344 +0.0109236932658585 +0.0201733013929920 +0.0304932585343139 
+0.0408921808711976 +0.0522507359352794 +0.0638809806915535 +0.0734505455220587 
+0.0822100417058662 +0.0908946585454745 +0.0998769110965277 +0.1092459422305311 
+0.1182602585070857 +0.1286242662359958 +0.1391112440391709 +0.1501279933830224 
+0.1597440525084260 +0.1691390853284331 +0.1779709254769144 +0.1865535158265009 
+0.1944848272904238 +0.2021760009564889 +0.2099796393357746 +0.2185008213978107 
+0.2281506406134571 +0.2389187544834522 +0.2506733536823509 +0.2632339151375650 
+0.2765706616356551 +0.2895249654677018 +0.3013896275508524 +0.3123268814347958 
+0.3230140009091228 +0.3343362791602779 +0.3458768198324207 +0.3570601703159115 
+0.3681614648091663 +0.3797397004519228 +0.3920544002934073 +0.4038783392951263 
+0.4152386543248169 +0.4263357431233807 +0.4377954709414130 +0.4485152350433988 
+0.4595521241268494 +0.4715323368409449 +0.4820924718500222 +0.4921823722731229 
+0.5017543340783969 +0.5119695095316412 +0.5228972943981829 +0.5336573790446263 
+0.5439098677799923 +0.5549801283543461 +0.5651596833111356 +0.5750408369804115 
+0.5854310507752786 +0.5957998940439786 +0.6057373196068920 +0.6155593413405974 
+0.6266091077555462 +0.6385046049249539 +0.6505987343194622 +0.6625113933089611 
+0.6737681348837082 +0.6844554046076982 +0.6941075301701310 +0.7037205428182568 
+0.7134143060723466 +0.7235257742421954 +0.7347134517846021 +0.7456442143395940 
+0.7556176696253001 +0.7652545880719832 +0.7747628816737426 +0.7847731305341352 
+0.7951073534315874 +0.8055469732061635 +0.8167188701790603 +0.8292941677085448 
+0.8419067011500940 +0.8534721826404730 +0.8646171239461057 +0.8754804913297142 
+0.8864873402014409 +0.8976837048150182 +0.9088359452287029 +0.9198225901716466 
+0.9304433509602764 +0.9417955008340886 +0.9526361754332484 +0.9639311318252776 
+0.9734616383046609 +0.9826016180081099 +0.9910875617435124 +1.0000000000000000 
+0.7168142717585559 +0.7223158061681646 +0.7261971438928042 +0.7293387449041686 
+0.7325326614377770 +0.7357247707732116 +0.7399518371535939 +0.7445498258830668 
+0.7488820942656941 +0.7522005956529698 +0.7552183885898911 +0.7585833983854666 
+0.7618262979722145 +0.7649417170518003 +0.7681257140496823 +0.7712491728773094 
+0.7748839581896647 +0.7787940090155764 +0.7827904082749482 +0.7865650895470655 
+0.7901787483345392 +0.7937241395136618 +0.7969484774365050 +0.7999994069878841 
+0.8030719703692039 +0.8062489098617873 +0.8094750283975221 +0.8126520845790207 
+0.8157684138178641 +0.8188901582294263 +0.8218994628957929 +0.8248293612358385 
+0.8277575372379105 +0.8306280333240076 +0.8335461792369965 +0.8366684183534010 
+0.8399481767154248 +0.8430566744077115 +0.8458460598474872 +0.8486923647528718 
+0.8515263507584063 +0.8544450050023364 +0.8573011328197362 +0.8600143938636750 
+0.8625762538656243 +0.8649717727733486 +0.8673092390153280 +0.8696076416035443 
+0.8718369528832673 +0.8741550158970725 +0.8765299360430355 +0.8788545756606542 
+0.8812151257360379 +0.8836847585729073 +0.8862054936642020 +0.8887212622287092 
+0.8911992012178072 +0.8936422067107685 +0.8960448343642993 +0.8984326202604996 
+0.9008404654754584 +0.9032876963834431 +0.9058168413094895 +0.9081857069721602 
+0.9104825730421477 +0.9127474956588754 +0.9149798097897114 +0.9171603386124438 
+0.9193157211236245 +0.9214351949226046 +0.9235194591524354 +0.9257201802366292 
+0.9277975739833049 +0.9298337037108301 +0.9319179729325598 +0.9340259491547936 
+0.9362226530973198 +0.9385195760364851 +0.9408604762283185 +0.9431941448467134 
+0.9454293235809589 +0.9477218132015899 +0.9499702319009427 +0.9523144361251209 
+0.9547845534514728 +0.9572791765412407 +0.9599922309420531 +0.9629608165519248 
+0.9657656830944179 +0.9685651640598202 +0.9714534116473853 +0.9745958312775501 
+0.9780826884455448 +0.9831568486453036 +0.9900715915238227 +1.0000000000000000 
-0.0216817552564988 +0.1417187478875273 +0.1914029887399597 +0.2214583412273203 
+0.2479554684399564 +0.2694208672483722 +0.2873113969148690 +0.3034002321112558 
+0.3189558793222831 +0.3340188193853910 +0.3475012824721767 +0.3599388525925597 
+0.3718676572356457 +0.3834339756531370 +0.3949556116729679 +0.4036654143992062 
+0.4118282639333311 +0.4197915360461294 +0.4276518210160055 +0.4351089521120367 
+0.4425000705704286 +0.4497148612969699 +0.4569854033056335 +0.4646560532708795 
+0.4726077413214700 +0.4799070602879082 +0.4861577934283178 +0.4919916872499914 
+0.4977792620485429 +0.5036998743356257 +0.5097738329553247 +0.5158875301205368 
+0.5220978048959809 +0.5283396487752412 +0.5343056838193345 +0.5402359483908347 
+0.5466340378459601 +0.5528794664930115 +0.5592101570970178 +0.5651491345113279 
+0.5709248147203675 +0.5768512621363477 +0.5824261357778177 +0.5873599224187344 
+0.5920421753739047 +0.5964597500594679 +0.6008628724747525 +0.6052699941561883 
+0.6098243826531886 +0.6145356833570741 +0.6194141105488490 +0.6243876748078518 
+0.6296478712821150 +0.6353124537240770 +0.6408481319985161 +0.6464335608524570 
+0.6525893423901875 +0.6587341156142622 +0.6648741658645907 +0.6705588878350245 
+0.6755639480611865 +0.6802584451399626 +0.6849306580746114 +0.6896636582490865 
+0.6946145801065802 +0.6995894158907098 +0.7043097029331469 +0.7088850373575190 
+0.7135390168595843 +0.7185217877605382 +0.7238557248333137 +0.7291823194170555 
+0.7342981785663267 +0.7391301338262550 +0.7440945562784611 +0.7497344970264508 
+0.7565533082100678 +0.7637748361976945 +0.7707711138236915 +0.7767556713718021 
+0.7822840434601130 +0.7878816048095814 +0.7936123497222201 +0.7996809507199686 
+0.8061564801455630 +0.8127049604830745 +0.8203087022145596 +0.8287010934294178 
+0.8385431860221015 +0.8484827374281650 +0.8597532087616711 +0.8729994400964084 
+0.8884216091905230 +0.9076926545601296 +0.9350486527561037 +1.0000000000000000 
3.36923202237e-09 0.000213810725581 
  <DiscreteSampler_grid>
  Helicity
  1 # grid_type. 1=='ref', 2=='run'
  80 # Attribute 'min_bin_probing_points' of the grid.
  1 # Attribute 'grid_mode' of the grid. 1=='default',2=='initialization'
  0.030 # Attribute 'small_contrib_threshold' of the grid.
  0.333 # Attribute 'damping_power' of the grid.
#  binID   n_entries weight   weight_sqr   abs_weight
    16   2337 5.21829581701e-08 6.07849480718e-13 5.21829581701e-08
    3   2083 4.64006084154e-08 2.49579409687e-13 4.64006084154e-08
    1   2179 4.63789514575e-08 2.1738858736e-13 4.63789514575e-08
    15   1939 4.4019025231e-08 1.80673228215e-13 4.4019025231e-08
    14   1770 3.97258354852e-08 7.80996475812e-14 3.97258354852e-08
    13   1427 3.45539353033e-08 7.31633904232e-14 3.45539353033e-08
    2   1386 3.3827548341e-08 5.04027712362e-14 3.3827548341e-08
    4   911 2.35792262705e-08 1.23905671707e-14 2.35792262705e-08
  </DiscreteSampler_grid>
  <DiscreteSampler_grid>
  grouped_processes
  1 # grid_type. 1=='ref', 2=='run'
  10 # Attribute 'min_bin_probing_points' of the grid.
  1 # Attribute 'grid_mode' of the grid. 1=='default',2=='initialization'
  0.030 # Attribute 'small_contrib_threshold' of the grid.
  0.333 # Attribute 'damping_power' of the grid.
#  binID   n_entries weight   weight_sqr   abs_weight
    10   10 0.406038330486 0.351195342624 0.406038330486
    11   10 0.406038330482 0.351195342625 0.406038330482
    16   10 0.231245372101 0.110056507038 0.231245372101
    17   10 0.231245372096 0.110056507038 0.231245372096
  </DiscreteSampler_grid>
