     
 Collinear #          27
 ME*wgt:
   1.0467450788351975        6.5807189445810698E-017   6.2868401081034909E-017
   1.0021586452434612        6.3004111655992491E-017   6.2868401081034909E-017
  0.99943974508475086        6.2833178750315406E-017   6.2868401081034909E-017
  0.99969773580898413        6.2849398214641689E-017   6.2868401081034909E-017
  0.99991248173877634        6.2862898947886382E-017   6.2868401081034909E-017
   1.0000832278463199        6.2873633482658452E-017   6.2868401081034909E-017
  0.99798544463167638        6.2741749206139186E-017   6.2868401081034909E-017
  0.98229751107339680        6.1755473907064640E-017   6.2868401081034909E-017
   1.0000000000000004        6.2868401081034934E-017   6.2868401081034909E-017
   1.0000000000000000        6.2868401081034909E-017   6.2868401081034909E-017
 wgt:
   1.0000000348128895        2.4586000290148034E-005   2.4585999434238354E-005
   1.0000000033368142        2.4585999516277263E-005   2.4585999434238354E-005
   1.0000000003323022        2.4585999442408336E-005   2.4585999434238354E-005
   1.0000000000332165        2.4585999435055016E-005   2.4585999434238354E-005
   1.0000000000033218        2.4585999434320022E-005   2.4585999434238354E-005
   1.0000000000003324        2.4585999434246526E-005   2.4585999434238354E-005
   1.0000000000000333        2.4585999434239174E-005   2.4585999434238354E-005
   1.0000000000000036        2.4585999434238439E-005   2.4585999434238354E-005
   1.0000000000000004        2.4585999434238364E-005   2.4585999434238354E-005
   1.0000000000000000        2.4585999434238354E-005   2.4585999434238354E-005
     
 Soft #          46
 ME*wgt:
   1.0039667015342477        5.2451182386342647E-013   5.2243946244618957E-013
  0.99841535527795788        5.2161158150943769E-013   5.2243946244618957E-013
  0.99955577549186991        5.2220738203295670E-013   5.2243946244618957E-013
  0.99999553802938379        5.2243713133665939E-013   5.2243946244618957E-013
   1.0000000392795469        5.2243948296737493E-013   5.2243946244618957E-013
   1.0000000655235308        5.2243949667826779E-013   5.2243946244618957E-013
  0.99999978717766114        5.2243935125940124E-013   5.2243946244618957E-013
   1.0000088887441703        5.2244410627691567E-013   5.2243946244618957E-013
   1.0000000005006031        5.2243946270772435E-013   5.2243946244618957E-013
   1.0000000000500600        5.2243946247234290E-013   5.2243946244618957E-013
 wgt:
   1.1111111111111109        1.4272921551398504E-004   1.2845629396258655E-004
   1.0101010101010099        1.2975383228544095E-004   1.2845629396258655E-004
   1.0010010010010009        1.2858487884142796E-004   1.2845629396258655E-004
   1.0001000100010000        1.2846914087667421E-004   1.2845629396258655E-004
   1.0000100001000010        1.2845757853837192E-004   1.2845629396258655E-004
   1.0000010000009998        1.2845642241900894E-004   1.2845629396258655E-004
   1.0000001000000101        1.2845630680821722E-004   1.2845629396258655E-004
   1.0000000100000004        1.2845629524714953E-004   1.2845629396258655E-004
   1.0000000010000001        1.2845629409104285E-004   1.2845629396258655E-004
   1.0000000001000000        1.2845629397543218E-004   1.2845629396258655E-004
     
 Collinear #           2
 ME*wgt:
   1.2616146000478985        1.5419012262410214E-012   1.2221650147219931E-012
   1.0241058447910500        1.2516263348759330E-012   1.2221650147219931E-012
   1.0018424901928369        1.2244168417756468E-012   1.2221650147219931E-012
   1.0000085614580783        1.2221754782365313E-012   1.2221650147219931E-012
  0.99994572367469203        1.2220986800960740E-012   1.2221650147219931E-012
  0.99997653915877871        1.2221363417026365E-012   1.2221650147219931E-012
  0.99999167323150873        1.2221548380368573E-012   1.2221650147219931E-012
  0.99998922625541609        1.2221518474282850E-012   1.2221650147219931E-012
   1.0000000002834468        1.2221650150684119E-012   1.2221650147219931E-012
   1.0000000000259790        1.2221650147537436E-012   1.2221650147219931E-012
 wgt:
   1.0587582353227822        1.4294304670141391E-005   1.3501009194779490E-005
   1.0056527968808093        1.3577327657443518E-005   1.3501009194779490E-005
   1.0005631320923538        1.3508612046336235E-005   1.3501009194779490E-005
   1.0000562918163192        1.3501769191109207E-005   1.3501009194779490E-005
   1.0000056289726946        1.3501085191591596E-005   1.3501009194779490E-005
   1.0000005628940245        1.3501016794416889E-005   1.3501009194779490E-005
   1.0000000562893585        1.3501009954742636E-005   1.3501009194779490E-005
   1.0000000056289353        1.3501009270775797E-005   1.3501009194779490E-005
   1.0000000005633465        1.3501009202385236E-005   1.3501009194779490E-005
   1.0000000000539420        1.3501009195507762E-005   1.3501009194779490E-005
     
 Collinear #          38
 ME*wgt:
   3.6025509784746133        1.7977946850486303E-016   4.9903379460569076E-017
   1.1362003947957913        5.6700239444742769E-017   4.9903379460569076E-017
   1.0077582095361899        5.0290540334988164E-017   4.9903379460569076E-017
  0.99988601286779311        4.9897691117456932E-017   4.9903379460569076E-017
  0.99973017821230570        4.9889914441511037E-017   4.9903379460569076E-017
  0.99989161549995820        4.9897970707735845E-017   4.9903379460569076E-017
  0.99996742465281196        4.9901753840657294E-017   4.9903379460569076E-017
  0.99992229432874125        4.9899501684970013E-017   4.9903379460569076E-017
   1.0000000000000109        4.9903379460569619E-017   4.9903379460569076E-017
   1.0000000000000007        4.9903379460569113E-017   4.9903379460569076E-017
 wgt:
   1.0000010858022936        1.4218242252133894E-004   1.4218226813950607E-004
   1.0000001085801495        1.4218228357767800E-004   1.4218226813950607E-004
   1.0000000108580140        1.4218226968332312E-004   1.4218226813950607E-004
   1.0000000010858012        1.4218226829388776E-004   1.4218226813950607E-004
   1.0000000001085798        1.4218226815494419E-004   1.4218226813950607E-004
   1.0000000000108578        1.4218226814104987E-004   1.4218226813950607E-004
   1.0000000000010856        1.4218226813966043E-004   1.4218226813950607E-004
   1.0000000000001081        1.4218226813952144E-004   1.4218226813950607E-004
   1.0000000000000109        1.4218226813950762E-004   1.4218226813950607E-004
   1.0000000000000007        1.4218226813950618E-004   1.4218226813950607E-004
     
 Collinear #          60
 ME*wgt:
   2.4391452207730189        1.4810391043755264E-016   6.0719595199262163E-017
   2.9382744114995680        1.7841083285060402E-016   6.0719595199262163E-017
   1.1130112798520182        6.7581594364827246E-017   6.0719595199262163E-017
   1.0092529780119743        6.1281432278536923E-017   6.0719595199262163E-017
   1.0007915744155542        6.0767659277344704E-017   6.0719595199262163E-017
   1.0000447291632000        6.0722311135945264E-017   6.0719595199262163E-017
   1.0000472614071056        6.0722464892770165E-017   6.0719595199262163E-017
  0.99968447241442215        6.0700436491991674E-017   6.0719595199262163E-017
   1.0000000000000311        6.0719595199264048E-017   6.0719595199262163E-017
   1.0000000000000029        6.0719595199262335E-017   6.0719595199262163E-017
 wgt:
   1.0000030979931200        7.9559914752010564E-005   7.9559668276705609E-005
   1.0000003097986641        7.9559692924184558E-005   7.9559668276705609E-005
   1.0000000309798598        7.9559670741452968E-005   7.9559668276705609E-005
   1.0000000030979856        7.9559668523180311E-005   7.9559668276705609E-005
   1.0000000003097986        7.9559668301353088E-005   7.9559668276705609E-005
   1.0000000000309799        7.9559668279170352E-005   7.9559668276705609E-005
   1.0000000000030980        7.9559668276952075E-005   7.9559668276705609E-005
   1.0000000000003098        7.9559668276730261E-005   7.9559668276705609E-005
   1.0000000000000311        7.9559668276708089E-005   7.9559668276705609E-005
   1.0000000000000029        7.9559668276705839E-005   7.9559668276705609E-005
