   0.0000000000000000        0.0000000000000000        0.0000000000000000        0.0000000000000000        0.0000000000000000        0.0000000000000000        0.0000000000000000        0.0000000000000000        0.0000000000000000        0.0000000000000000     
   5.5893375347577157E-002   4.1134813649901540E-003   2.2278666967574679E-002   1.5253337208983916E-002   1.7060857519941266E-002  0.13180028993414156        7.2062474360560208E-002   6.3044686404771316E-002   2.0497079267958993E-002   1.1448220038916676E-002
   1.0345943601870315        1.8850068632161716        1.0903633384596647       0.81841671251946457       0.89623298661087814       0.99470793911231514       0.79852376850343487       0.79005668384314576        1.0937913484430315       0.95844131519976461     
  0.10485974547623382        8.2468119862023539E-003   4.4416726598745460E-002   3.0575538611256052E-002   3.4186847031927294E-002  0.22898797897892170       0.11568829217880981       0.11287005222615069        3.9383056191034195E-002   2.3002705948059969E-002
   1.1779203268770728        1.5093166177661390       0.92618620725762080       0.91067667129341012        1.0956003029385704        1.5716269083091254        1.0861964315986536        1.0394596518877088        1.3990216077385047       0.95959649560013605     
  0.14064703043382876        1.2451258735867094E-002   6.5361472875202789E-002   4.5948085969264765E-002   5.0446269515418835E-002  0.28044582387389078       0.13903111266325480       0.15414045869258422        5.1642273642136922E-002   3.6712660337757427E-002
  0.87898240219469914        1.2193380632629460       0.94560842168043135        1.2428031942029356        1.0277514541976249        1.3923556773168084       0.99925971546362102       0.92281228584904096        1.1432911219298696        1.1176760550421889     
  0.17512426644691881        1.6756698309225382E-002   8.4894940346045292E-002   6.0826655282203435E-002   6.6440407479689323E-002  0.31665815218356330       0.15872042649991416       0.18466511503534799        6.3776639837873572E-002   5.1179448777014191E-002
  0.88165383088233262        1.0798371934849609        1.0390905323399027       0.92172072322797394        1.0756661800063079        1.2565758332913206       0.97608682297884453       0.92401259279837322        1.3460928029279595        1.0663346824746143     
  0.20549609410295822        2.1311773250867350E-002  0.10163595678580689        7.6524603516450976E-002   8.2521188064057560E-002  0.34086037859737151       0.17317574820171916       0.21372515070059614        7.6185636578696508E-002   6.6432381902227611E-002
  0.84471656111242688        1.1002043738287837       0.82347072133160715       0.89170328456262504       0.98086535028940036       0.86456036859481555        1.0586067409676554       0.94866673821376923        1.3988440121942625       0.90230644070287358     
  0.23538935366900998        2.6205980864392662E-002  0.11856699483667900        9.3001023851557826E-002   9.8772469675504015E-002  0.36242859690432577       0.18709352184628081       0.23856735108942151        8.9633693589201993E-002   8.1721623015413025E-002
   1.1202620936354515       0.92318925924016937       0.92981596667889421       0.99304482434104446        1.0265774732275501        1.1002294694434482        1.2917288583856421       0.96795740447590106        1.1738074825081128        1.0583555144393182     
  0.26369035811768599        3.1381938571730786E-002  0.13561948134245902       0.11030096323281018       0.11466942395272378       0.38147057196865669       0.19842031607708463       0.26342054443257795       0.10386658479046698        9.7161357639873436E-002
  0.86260952866185991        1.0645010965326271       0.86045104591048505       0.95637372612623195        1.0648828577044416       0.95188063806624301        1.0737623091472581        1.2678149184537084        1.3538330456284895       0.91285448098672706     
  0.29016774319664440        3.7028814243738800E-002  0.15243415262318949       0.12843285705810878       0.13059929209759846       0.39942963814512095       0.20939206393565862       0.28159236633439422       0.11870829548924448       0.11335298601871004     
  0.96652412830860046        1.0164112370339629       0.86067532677877978        1.1573295335558613        1.0716152471721478        1.0257497975489116       0.99538680260384471       0.98095146356977492        1.1496469104296783        1.2944824442717475     
  0.31479307059864209        4.2493862504794110E-002  0.16897353694283851       0.14458204368085620       0.14678689324668287       0.41627557303429258       0.21744917877632494       0.29968002628665297       0.13405201891814267       0.13014494193057746     
   1.0100178182680395       0.85287178361078142        1.1649210392468810        1.0477732352434477        1.0406201780692599       0.93723768463861779       0.88201288719967508        1.2459508552404013        1.0412037823886768        1.1396354094294634     
  0.33776633192002192        4.8362456503089832E-002  0.18594282017213398       0.15945774360706899       0.16328695775310781       0.43171959505735030       0.22598930861662017       0.31651406901385221       0.14954890896911277       0.14724071866385480     
   1.0824422324793026       0.85767275732502501       0.90192750086541085        1.0347348414273505       0.98276793950173347        1.0032929595800633        1.0589561897039139        1.0868924905690860        1.1526566381755274        1.0391020138226132     
  0.35914646707928533        5.4034016394760076E-002  0.20365738190754012       0.17497500945630046       0.17945027521904872       0.44507856349829322       0.23535019530185239       0.33353090524099188       0.16563692951852715       0.16298419424661859     
  0.91890836021383926       0.96354842535573570        1.3792695815104601        1.0031578975857394       0.99440103090069998        1.0956837947562221       0.84998552314711551        1.0124572512497438        1.2846463323996313        1.1210826459857008     
  0.37983490175666840        6.1101097902891352E-002  0.21848422731091360       0.19016767980053878       0.19569351558365305       0.45856048058296545       0.24481021619525520       0.34978723289642621       0.18235151068319116       0.17872097481558072     
  0.85479297718758740       0.96634544188961413       0.82153129783339540        1.0018359878034397        1.3255807947254674       0.79734682210692176        1.0329654443468217        1.1113890670705939        1.0736317012007000       0.87222672034776128     
  0.40021510413945882        6.8305263220700296E-002  0.23129997545770281       0.20683820470077499       0.21197074958136544       0.47234960064719650       0.25370905271384048       0.36572397722747108       0.19898678884586091       0.19476696727063747     
   1.0165282633085075       0.96191761657737374       0.86916981537977389       0.91856057760901377       0.99232525503396962       0.92470853699268296        1.3526173874534211       0.90188636856391258        1.0531671477690989       0.92007968517338101     
  0.41873637292268184        7.5835221176386566E-002  0.24628292835239951       0.22317370388912747       0.22813128669064217       0.48572122382665578       0.26236296532391873       0.38044130526784337       0.21546492777394738       0.21069350331746162     
  0.95791852415968193       0.95472166941115721        1.0355083240500331       0.88301300406990568        1.1159316879000700        1.1402263854017598        1.0440928271254366       0.96725325515658012       0.82617025758965379       0.90738671102996793     
  0.43614108901574816        8.3816446451328019E-002  0.26246443702023248       0.23841886846069529       0.24386123234541821       0.49744310721094687       0.27058030377528974       0.39534008275975457       0.23161422594748912       0.22812430029566347     
   1.0167821095241460        1.0161926072964680       0.88786113780874953        1.0638853043654839        1.0144095862467288       0.91624297077723804        1.0098908081160107        1.0257092545829449       0.99834448253564434        1.1081916554035509     
  0.45419735503556674        9.2464944270260488E-002  0.27910490345836031       0.25375528029618655       0.25922726883051733       0.50883983180401149       0.27876596579227764       0.40915817884169203       0.24749724696411896       0.24517077024045716     
  0.81939139542876827        1.0233300846814346        1.1356509957665744       0.97413918628416130       0.98936821231358618       0.81820472061727167       0.99517185409109521       0.91052944115921020       0.88885806871738460        1.0086875581587937     
  0.47249751800338219       0.10186226054953217       0.29576518073964092       0.27051269233220920       0.27510787048460972       0.51975014598350844       0.28592511817756860       0.42256304283497520       0.26514699508162909       0.26135105869509101     
  0.93133079962617726        1.1223208825350202       0.98467140877416948        1.2376978227527651       0.90084364375388082       0.89794042704791954        1.0132808431888884       0.92424150024978502       0.93489242796512584        1.0139131612761234     
  0.48928886219227724       0.11132396036833875       0.31126674762813300       0.28808349829973878       0.29162124373331189       0.53058565634262855       0.29322034887023263       0.43644002652565128       0.28420689989681741       0.27702811663055987     
  0.85075729837062009       0.90842953290423056        1.0431688735039781       0.87850990073761126       0.95052728238573148       0.84419002743898308        1.0284594961670828       0.85255755738181205       0.75761307766587338       0.82923954749936568     
  0.50547313401079730       0.12054691579151636       0.32577850821264820       0.30364416858645216       0.30833547332665001       0.54139634862122499       0.30009778569619128       0.45027054534340133       0.30171060221706913       0.29201822643363329     
   1.0449228978201597       0.91902879492246403       0.94171374609102709       0.86421909986972756       0.91706151113623402       0.91184478179157580        1.0889478670236972        1.0218837165259307       0.96654862286944043       0.92253900860063676     
  0.52142296977509228       0.13029773702396233       0.33984753232114101       0.31873641828136384       0.32512490854695403       0.55242690344434531       0.30714246931962513       0.46356873835292822       0.31846636765969433       0.30748038164034058     
  0.95212763727063499       0.93601514859174950        1.0298007295019531       0.97413661168173349       0.99685801164879917        1.0787041831074755       0.92757736306716532        1.0364106422410873       0.96857702462130257        1.0326444478866259     
  0.53716521153621877       0.14077181302963737       0.35235887180219277       0.33473630455091391       0.34125647848108920       0.56301189100165661       0.31395806821852679       0.47715034352139918       0.33636775648683764       0.32360851319716583     
  0.99360056689621468       0.95037969736297867        1.0443795662247952        1.0704309341825853       0.92618177363012011       0.95934767095953910       0.91215682716128610        1.0916856243210979        1.0910136184293575        1.0316944694132246     
  0.55233483028984376       0.15157566957303809       0.36584298468520271       0.35135075812211924       0.35707876635459523       0.57355531122570425       0.32049126932061661       0.48954814640347905       0.35469117122581612       0.34026740302658287     
  0.87530325584529334       0.88826731855022967       0.96469128194054365       0.95821831822151826       0.94476203794423130       0.92014538156930759       0.77374744515842508       0.90753681308503398       0.89358556893513530        1.0661252810290867     
  0.56715544858368583       0.16253557165386773       0.38042630795093474       0.36835267285311851       0.37255300923951390       0.58424594034560851       0.32759896072454991       0.50178131930634828       0.37142402599616631       0.35862742039670592     
   1.1326339873883200       0.98168632697353497        1.0097872587425898       0.85891364679671733        1.0581190328256240        1.0210867585878645        1.0295583693272092       0.99180429190764197       0.96299025817342798        1.0742210895592343     
  0.58195862987567448       0.17364588173568515       0.39485518103239114       0.38523349263399714       0.38841090938598938       0.59469560073701166       0.33497374164337002       0.51377718569246034       0.38800483468468600       0.37644682390687523     
   1.0967423742970532        1.2814370091257876       0.92583817393885148        1.2999823793153411       0.92030856057161037       0.90519606694338084       0.97337663342596603        1.1808977566989902       0.98617451749840945        1.0687814111080800     
  0.59700461246715697       0.18519345261085532       0.40920264068675788       0.40215683526216423       0.40330409914630727       0.60425584739875460       0.34342254886702095       0.52551136499189399       0.40387143274138781       0.39247177872946520     
  0.97726124005309301       0.86168151784505587       0.97627022530016005       0.86434380680178580        1.1577916703248854        1.0346422917877993        1.1775044252842362       0.92913859085074324        1.1660057590369590       0.77042056968463912     
  0.61161380270777499       0.19710888988649575       0.42330761912448667       0.41930553438537693       0.41687710459868027       0.61402357629714377       0.35194289760458419       0.53840391528974374       0.41983877499685252       0.40832231268856944     
  0.95664114573949965       0.98959228106442976        1.1288092492588313       0.95975947950390272       0.92977302586217447        1.0413037530493596        1.0335558171881505        1.0137024786172204       0.81091952622136487       0.90172240482069854     
  0.62597582032523480       0.20940348412838966       0.43710411322152720       0.43643166813071521       0.43126647536801094       0.62310032020190254       0.36036673114494366       0.55141504221046422       0.43835918522802997       0.42398046767231629     
  0.93797944893352081       0.89198219545073942       0.86935443308887228        1.0809832104178223       0.97147835580957842        1.0109143398854676        1.1051425739788012        1.1830403955336561       0.92018668331831177        1.0657447303625620     
  0.64031998182384953       0.22173621156652140       0.45118934066415722       0.45336497237085127       0.44601097111801080       0.63159189811864069       0.36874952690115659       0.56428041437805998       0.45709816076980536       0.43941039125242531     
  0.97401140922485596        1.0259047575329987        1.1655718621925397        1.0055326970220315       0.90674850369186677       0.82963915370390062        1.0913959727180993        1.0469487245895566       0.93658894408338123        1.0022657798298011     
  0.65455595212863871       0.23449894622366263       0.46528754231986835       0.47034099950193659       0.46111921515227117       0.64007178567273304       0.37701812516032362       0.57735006827409419       0.47506426737772184       0.45532413175322323     
  0.95695281850170688        1.0596434134368249       0.84271667335759626       0.90211457909196036       0.99960239563843956       0.82340835381212096       0.97466353514192217        1.2305596636299818        1.0027844872176488        1.0567439832564796     
  0.66813725136840019       0.24744267667431169       0.47932947829203787       0.48762349462783300       0.47648083455925871       0.64861604835045372       0.38541747471305993       0.58976529478283812       0.49325290753124829       0.47054288923050347     
  0.95073714843927715       0.90564171257049841        1.2120858074153029        1.0624374338066391        1.1285017480603048       0.86440088703395201       0.94385545954818384        1.0108571146132868        1.1517041445908001        1.0475552951055298     
  0.68133615595875330       0.26170959871310967       0.49421889007356107       0.50447758609037252       0.49247039331015674       0.65754025132123384       0.39390593015861142       0.60180633524657112       0.50964389335157712       0.48472159792219593     
  0.96471435687479590       0.86405941587501878       0.99002652478376563       0.91624922061625313        1.0487935224241001       0.92002663676277818        1.0435447038138934       0.84381312926786400       0.88570305556323925       0.88556088501828156     
  0.69371850943783764       0.27709620962298753       0.50910317852734699       0.52067318158650289       0.50897283150264594       0.66662688910248902       0.40247639271103530       0.61330939395496253       0.52573875399229553       0.49875082623376982     
  0.88024542800519900        1.1883555464819466        1.1624334040190381        1.0792072293840576       0.86265867760047510       0.99773086068605943       0.91736130835094931        1.0164745940947366       0.90178244844245858       0.86930790932892921     
  0.70558235410548065       0.29444825192656193       0.52321045377549813       0.53696723322195561       0.52520143650445383       0.67442671480367333       0.41117336408801480       0.62455337113157516       0.53955669721734978       0.51290637566860864     
   1.0573178847608269       0.99133968137205053        1.2144096057610088        1.0508216483824360       0.82442258735984331       0.88785357964337297        1.0102841138122525        1.0028061387438065       0.82021626151170890        1.0949203344287461     
  0.71725370289660884       0.31137778634445129       0.53735424932919795       0.55280807426352496       0.54085141905573175       0.68224048996402198       0.41976440936294968       0.63650819979363271       0.55390191203606354       0.52739347019704341     
  0.93718976279738175       0.92348863475839360       0.97453358744053875        1.1201262448031568       0.99893733493868764       0.74760003081500304       0.87918932183798448        1.0268286263464936        1.0919229242053379        1.1467213859300656     
  0.72867460604855550       0.32844156752211889       0.55043093579247548       0.56932468729321783       0.55669083762632088       0.69013463687841858       0.42858988419520150       0.64906431841413348       0.56795773848347586       0.54190730320486802     
   1.1286794705544658       0.94847596138132706       0.83566458201652405        1.0985696077429221       0.82956655318823425       0.93401182969619534       0.99124919337410211       0.91750642716937514       0.93365287415565235       0.93353968891274841     
  0.73972031741793687       0.34646159160943951       0.56396548430545101       0.58636557129664435       0.57319940002392755       0.69814270137786583       0.43735788655850666       0.66149994896887498       0.58172679161732688       0.55702341795061794     
   1.0425598789167203        1.1290378905804446        1.0630417289330913        1.1636247495012699       0.95372167408343778       0.99571065475528497       0.86783711014269016        1.2450854623759660       0.74967753009239946        1.0574908157453693     
  0.75024783258959549       0.36653790931157859       0.57672986650779978       0.60175130574578772       0.58954168455307765       0.70616305261831636       0.44654093544976209       0.67335355639565164       0.59620088844263130       0.57240460172210383     
  0.91840950309505509       0.94519094797657421        1.0374968953104768       0.86392122066264376       0.95587987344381509       0.81253221993332914        1.0413125153607039       0.98667423262379972       0.91094588152365852        1.0735311624718065     
  0.76072737736416440       0.38717366332862008       0.58968875881425287       0.61531116716391687       0.60537977147601207       0.71414090407611008       0.45597277710358852       0.68500997142336517       0.61038061095310103       0.58833309070453954     
  0.97369391409548234        1.0037001516142456       0.91959161365261111        1.0635960618704705        1.0617687350251970       0.81240032220690339        1.0719522582743661       0.87554526359624740       0.99848848888133068       0.98711864561385776     
  0.77125077224899097       0.40834819629633851       0.60157183232536116       0.63051952024710090       0.62172564770643546       0.72208778934096585       0.46523576831471858       0.69677281231384058       0.62489730049434078       0.60468164367653598     
  0.79658565318145336       0.96705737081528287        1.0267854408601425       0.99961586568788574        1.1882161347440992       0.90926099720034304        1.1015177080494776        1.0713825459609805        1.0010587943426847       0.97855972833723104     
  0.78169861178227418       0.42918580050032362       0.61472758576363973       0.64664772348672295       0.63839678426274193       0.73022670895889108       0.47425536514729338       0.70839817269783389       0.63965537146069140       0.62072176239099741     
  0.89354170088690554       0.82861952849258147       0.87521969810251332        1.0146450951179060        1.0358925838529356       0.98176735362948275       0.86813688384120635       0.83502156649976211        1.0022512565913297       0.83288831833221955     
  0.79201149222740952       0.44920468057303120       0.63041359533323515       0.66141901297778338       0.65322361063513135       0.73846835998013094       0.48307539982474762       0.71968074168360707       0.65395247890076813       0.63664871533901668     
  0.91364283221140097       0.94820150970813866        1.0655640484468627       0.83486303700581022        1.0694151877889910       0.83247524892417746       0.79499914652627257       0.89209997346354053       0.88516080915275452       0.95591780363398571     
  0.80236219102228634       0.46945828308349430       0.64635230958636813       0.67552532723113023       0.66716270947940881       0.74668703446599582       0.49191405392858190       0.73099567887998906       0.66788406329191086       0.65249211996937651     
  0.90065136925532818        1.0059184875013878        1.1976222476785165       0.96409526606532781        1.0426601858580264       0.84888961277373953        1.0356079595959549        1.0751994570664982        1.0035286265116081        1.2056039529733336     
  0.81220702947663792       0.49029502500353861       0.66284470697051923       0.68873113203034786       0.68238346499265135       0.75540597782669161       0.50119055387441025       0.74117459959716891       0.68035334936084702       0.66921136853065488     
  0.93395015322492014       0.81723398415016013        1.0113117903051412       0.92708305372202893       0.81919603494264492       0.98058068624286232        1.0673176759878069       0.86406610841498099       0.86559564047580972       0.93718825634626524     
  0.82204561867547732       0.51376921933807451       0.67881957159256257       0.70123531853277965       0.69839260762656241       0.76378509783428672       0.51096084471664549       0.75207358173684014       0.69229134466833497       0.68664684805753518     
  0.77249720579441206        1.0012387422591829       0.96342967370810118       0.94850721746188282        1.0205803811842618        1.0323118549428996       0.97104159898638764       0.90036049277312336       0.93371380255019787        1.0141548933007647     
  0.83151158330080643       0.53986179696218473       0.69437985728531249       0.71523051899130374       0.71484891483236412       0.77298489718396268       0.52088922467850041       0.76289194448651654       0.70659531262256492       0.70258216267496698     
  0.90840733388785988       0.78404955624508477        1.1618822453273407       0.97988098268402779        1.0584825798445643        1.0005360490895687        1.1156283363797244       0.85788000816803656        1.0579186272569314       0.89375341622277049     
  0.84107726197900734       0.56728042233415987       0.70965335151453224       0.73055333949401247       0.73102208183140882       0.78252936477704227       0.53216937350708560       0.77452903049104860       0.72166519219153413       0.71846423895363332     
   1.0719669699369136        1.1092860192033993        1.0903402492689775        1.2155343610256355        1.0444376751791313       0.86552380902108328       0.98802213295559882       0.98989340138564164        1.0004183375356503       0.95902647890837256     
  0.85097252436646686       0.59572992248514001       0.72442594609131894       0.74561336088202101       0.74614534539238253       0.79237916553341237       0.54340728540065308       0.78664316315175165       0.73950616190392815       0.73370939198945884     
  0.83478617323084503        1.0169896710265456       0.99151826062157356       0.89732461884362780       0.89597967301250914        1.2585436007127748        1.1347292048246103        1.0032394427687519       0.84454952416388640       0.87041401699539622     
  0.86046537076494511       0.62446926632516653       0.73895358626733476       0.76061896657753447       0.76112128886150165       0.80218242828506403       0.55519610311495615       0.79894784778416961       0.75739863101916904       0.74863676841449445     
  0.85879358213404566       0.97761655508117806        1.1186304187795866       0.94880386685118556       0.99161976166314103        1.1106598018213472        1.0218601316823628       0.90933170630128535       0.87377264535666455       0.79343672913981733     
  0.86947875627943583       0.65270202190051951       0.75337598259946670       0.77531271559803572       0.77644660482138861       0.81226112070999734       0.56707570843551014       0.81095367941051733       0.77387527677583912       0.76430462144852629     
  0.92621990233934814       0.85448342965182367       0.93105846733588427       0.91565552754592971       0.93481812243324358       0.91099824927136641       0.90376674658552658       0.88702817046685978       0.85847702313265128       0.99520783476065089     
  0.87856154483333082       0.68135605675471045       0.76809055517785974       0.78980476751990569       0.79176697877946489       0.82206170103631826       0.57882198235964322       0.82256286677031809       0.79017302755970620       0.77990751959537574     
  0.92428541428831179        1.0427839712083031        1.0035194066519200       0.86981423172292271       0.92000684433444702        1.0703127274450293       0.87535152779119874       0.81999606070022879       0.86858532678466782        1.0578277271412513     
  0.88742914090582359       0.70943652773651700       0.78301479940078667       0.80338956366464809       0.80700633649616116       0.83141481551861673       0.59004710721145381       0.83457066254570711       0.80768104233669735       0.79560089999334749     
  0.95793125739285001       0.94233049795220658        1.1236408576738968       0.96283031258484653        1.0533567933029555        1.0605234004448063       0.98456493671702938        1.1479737166458159       0.97161685657931696       0.95526219904749854     
  0.89629506016823635       0.73786181625650560       0.79806913796160794       0.81560340798998510       0.82202953667391609       0.84065460273012782       0.60175218934996011       0.84684951021655519       0.82517302700055872       0.81129456090951801     
  0.89866802284428970       0.77942221170525827       0.78813499994134661       0.84769002592744780        1.0341945096467837        1.1362337123167892       0.92746629691431204        1.0096577296480720       0.85796652432382159       0.99805715425552244     
  0.90438750157195413       0.76710994910888308       0.81374586491297063       0.82910338507001069       0.83769725618431146       0.84951062728011395       0.61343949639839346       0.85913188414764741       0.84153439700912058       0.82620950503341939     
  0.98579661037499011       0.87483479738362746       0.93763358603862790       0.89284227492706714       0.96343631196904100       0.99478806345201087       0.87802651692052769        1.0736811657720762       0.98867437812301517       0.98503762397223071     
  0.91241530001400084       0.79720083026825439       0.82969350363459982       0.84282605130158805       0.85353181233925679       0.85812285621704121       0.62694363787179475       0.87134348445559373       0.85762387720435529       0.84089146604009157     
  0.82860473414086777       0.94682688658305791       0.87577612117552661        1.0007035602496201        1.1911697709873152       0.94735828593811022        1.2062945598150736        1.1585132997216934       0.96780989067604006       0.96762087677351449     
  0.92041445069716377       0.82740137421509086       0.84660135403522385       0.85702467483291345       0.86885877609416839       0.86785874167742316       0.64072174306458451       0.88320487900685252       0.87441995163911046       0.85765550928648815     
   1.0760741611056397       0.87339214748473404       0.85595512987454936        1.0401315693059145       0.83141329373070938       0.98170900741007427       0.87530966601273019        1.1439433529562999        1.1860710539313459        1.0126161323153204     
  0.92890141054821218       0.85713681735369662       0.86504649297650926       0.87232031054004966       0.88409125010573197       0.87769675524922386       0.65344901546059897       0.89459403220060874       0.89092024230805422       0.87405686808564298     
   1.0156973454520812       0.81660130126228325       0.92460673836550600       0.94068111523249343       0.89353596591429596       0.89804053762557212        1.0584012530901505       0.94404512283959674       0.88279739465063645       0.88723666025032455     
  0.93868331636647651       0.88247862908846741       0.88302085245144812       0.88800241229731580       0.89967058658351229       0.88801578187515939       0.66653857013615836       0.90632807265860404       0.90357084403531585       0.89278309649397458     
   1.1467135542454507        1.0184080104269901        1.0886621541983947        1.0134221595819735       0.92350034827277805        1.3063488981786522       0.84021094555950515       0.89470342150412319       0.98333608761795832       0.94975224375814349     
  0.94827455894831025       0.90618274131893528       0.90088661731408137       0.90351945669608413       0.91550362172024013       0.89897001517368524       0.68105579070956634       0.91875059274307069       0.91655284925614700       0.91064275546208628     
   1.3400115825954220       0.88195896904751692        1.1158605932128010        1.2733462490823233        1.1935656103244814        1.0676940661465986       0.82606453512296152       0.84616804621073582       0.92090154337795405       0.95645395134065425     
  0.95754885585604177       0.92626120428414427       0.91613857181411418       0.91849146057949504       0.93186184621431589       0.90994028622309731       0.69670181283646426       0.93229297759518814       0.92913400310663230       0.92626113385177422     
   1.1886096895234197       0.89869756085644181       0.92993583784155587       0.89338219624715443       0.99697796500150770        1.0578634413514194        1.0005547436773290        1.1179297172909022       0.84726253808495577       0.90106569073553411     
  0.96659755375136669       0.94578253331887652       0.93092564227316832       0.93365449540446788       0.94875235553854509       0.92064123541403153       0.71817338642674777       0.94629153395363230       0.94201609658595464       0.94183159103371250     
   1.0736940507993447       0.90224229054948524       0.80014768850988294       0.90722122962006080        1.0662583679425346       0.95849314907497651       0.79577551631549792        1.0380020910839107       0.88300799682490194        1.0087988364916920     
  0.97465357001976904       0.96011047946197647       0.94753709122380336       0.95080437945138951       0.96182830509163242       0.93371629320893057       0.74483676122859810       0.95999121801163267       0.95640464199795527       0.95572499304288383     
   1.3911174413955494       0.85204405867284483       0.89913208913124554        1.0569552233837545       0.85053284649597261        1.3422484460972506       0.98255958877110772       0.83496135379492831        1.0546727518462156        1.1613612173709362     
  0.98307284492371794       0.97380315144054619       0.96401730160347054       0.96811597767034352       0.97348728252349026       0.94830392770904715       0.78645569618893840       0.97372468634543241       0.97065668054219501       0.96980060206435781     
   1.4420031094259220        1.0054711148107238        1.0665676623612184        1.1212598937837324       0.83043753819050015        1.1574015001107032        1.1942006277848041       0.96983290467433692       0.81049286281773436        1.0200194043007353     
  0.99148937638532997       0.98664085296171777       0.98190612591837489       0.98419009900471355       0.98678453969071844       0.97053149189685950       0.86634667870353865       0.98657911085199368       0.98526244935925389       0.98489249107433985     
   1.4311499752272916        1.2622246400870947       0.97515960188354922       0.93221900081677256       0.84677435654728850        1.1780227750569219        1.0437178172811337       0.96372797599716664        1.0157394893817207       0.96239672359410799     
   1.0000000000000000        1.0000000000000000        1.0000000000000000        1.0000000000000000        1.0000000000000000        1.0000000000000000        1.0000000000000000        1.0000000000000000        1.0000000000000000        1.0000000000000000     
   1.4048739699103630        1.5900859873488984       0.87129153842641172        1.0290860028034647       0.92783845342883919       0.99050294220250790       0.79005668384314576       0.95634859267424510        1.1195701632534503       0.97246829345708774     
   7.9147671390064245        1.0074206916104169        4.1653450784769426        3.2018717193324253       -2.4300405797758384       -3.0718937085518636        3.1703091127465668       0.53677405055211658        4.1504737692205547        3.9643135596243413     
   6.2267497375093788        2.6922270888927438        2.8433474937933800       -4.0712214259204691        5.4111985862249892      -0.95696065610420245        3.0980121660673832        5.4825228624983184        4.5171049124493443        3.7587246342848610     
   10.386381978924456        2.6458453317834958       -5.3680124301500696        1.6158607530239715        5.9535051239645007        9.8917351325730624E-003   3.3612132345569510        6.3590008346484330        2.3332535886501584        1.8605518905828644     
   8.3889828689016177        4.0166431653952115        2.8304286669922316        5.5606393929202182       0.67192898944246360        1.5769235273471010        3.1519756572823350        2.3349232559470803        2.4578010883559060       -4.9732914828162453     
   7.4115163832545399        3.2128389593072768      -0.89365880067222281        4.8444920735829484        5.4931927676948398        2.8267311627780982        2.0359981116657240       -2.9399775933416512      -0.57080890020853448        2.4748260038883587     
   5.2506232765620258        4.1174875326108662        5.0514576530000719        5.0852837771607193        2.5669478267585428        1.0014941794758694       -2.2209348691624209        4.0926302832570309        5.2048881013725614        5.0890123910027034     
 -0.69791722723161109        2.5488138433265166        6.3356522419587886        3.9729845007314979       0.90825097061252613        5.6070791800661040        2.1645519365897141        5.4820501344897448        4.1856171603583050        3.0554523740470532     
  -7.5498734331585151        2.7246462995090659        4.5045377750279254        3.4644160459852382        1.0981759144575125        2.3425230927158656       0.51306900937945554       0.55820646052495149        6.6716258977933041E-002   4.7950307004982422     
   4.4509568880672409E-002
           1           1           1           1           1           1           1           1           1           1
   4.7039491148092992E-002   2.1999917845400369E-002   3.4463122768960467E-004   5.7257462029333928        1.3669313667241459E-003   3.0144608522393520E-006
   5.9907199878752747E-004   6.2031836049206460E-004   1.3915778786074482E-004  0.41547412517443655        1.3899899976587652E-004   2.7377924523891112E-007
   1.0483879809744499E-002   2.9141003054705052     
