     
 Collinear #          35
 ME*wgt:
   7.0685908709776513        2.6605138623878449E-015   3.7638532360267603E-016
   1.9451325912756077        7.3211935981738133E-016   3.7638532360267603E-016
   1.2074705103951553        4.5447417879576892E-016   3.7638532360267603E-016
   1.0593067181963651        3.9870750192282763E-016   3.7638532360267603E-016
   1.0183214750348928        3.8328125791256248E-016   3.7638532360267603E-016
   1.0062791370292170        3.7874869862536346E-016   3.7638532360267603E-016
   1.0036857918247566        3.7777260155136912E-016   3.7638532360267603E-016
   1.0429434835274234        3.9254862054677147E-016   3.7638532360267603E-016
   1.0000000000000000        3.7638532360267603E-016   3.7638532360267603E-016
   1.0000000000000000        3.7638532360267603E-016   3.7638532360267603E-016
 wgt:
   1.0000000141558232        1.5996011578229502E-005   1.5996011351792794E-005
   1.0000000013568349        1.5996011373496739E-005   1.5996011351792794E-005
   1.0000000001351224        1.5996011353954212E-005   1.5996011351792794E-005
   1.0000000000135063        1.5996011352008842E-005   1.5996011351792794E-005
   1.0000000000013505        1.5996011351814397E-005   1.5996011351792794E-005
   1.0000000000001350        1.5996011351794952E-005   1.5996011351792794E-005
   1.0000000000000133        1.5996011351793008E-005   1.5996011351792794E-005
   1.0000000000000013        1.5996011351792814E-005   1.5996011351792794E-005
   1.0000000000000000        1.5996011351792794E-005   1.5996011351792794E-005
   1.0000000000000000        1.5996011351792794E-005   1.5996011351792794E-005
     
 Soft #          76
 ME*wgt:
   1.0054851348677765        3.2790526086277271E-017   3.2611646805289965E-017
   1.0000421491636784        3.2613021358928983E-017   3.2611646805289965E-017
  0.99999986115055606        3.2611642277180939E-017   3.2611646805289965E-017
   1.0000025942123545        3.2611731406827006E-017   3.2611646805289965E-017
   1.0000193239186737        3.2612276990100641E-017   3.2611646805289965E-017
  0.99964195135038525        3.2599970249189618E-017   3.2611646805289965E-017
  0.99926207598446515        3.2587581887926202E-017   3.2611646805289965E-017
  0.99549290178746408        3.2464662910265991E-017   3.2611646805289965E-017
   1.0000000005000003        3.2611646821595800E-017   3.2611646805289965E-017
   1.0000000000500000        3.2611646806920547E-017   3.2611646805289965E-017
 wgt:
   1.1111111111111112        2.4254928474590352E-005   2.1829435627131316E-005
   1.0101010101010099        2.2049934976900317E-005   2.1829435627131316E-005
   1.0010010010010009        2.1851286914045356E-005   2.1829435627131316E-005
   1.0001000100010000        2.1831618789010213E-005   2.1829435627131316E-005
   1.0000100001000007        2.1829653923670547E-005   2.1829435627131316E-005
   1.0000010000010000        2.1829457456588774E-005   2.1829435627131316E-005
   1.0000001000000101        2.1829437810075100E-005   2.1829435627131316E-005
   1.0000000100000004        2.1829435845425679E-005   2.1829435627131316E-005
   1.0000000009999999        2.1829435648960747E-005   2.1829435627131316E-005
   1.0000000001000002        2.1829435629314262E-005   2.1829435627131316E-005
