     
 Collinear #          64
 
 part:           1
 comp:           0
  0.99999999759034319        276.25016791520625        276.25016858087434     
  0.99999999977000043        276.25016851733693        276.25016858087434     
  0.99999999997710420        276.25016857454938        276.25016858087434     
  0.99999999999771161        276.25016858024219        276.25016858087434     
  0.99999999999977118        276.25016858081113        276.25016858087434     
  0.99999999999997713        276.25016858086803        276.25016858087434     
  0.99999999999999789        276.25016858087378        276.25016858087434     
  0.99999999999999978        276.25016858087429        276.25016858087434     
   1.0000000000000000        276.25016858087434        276.25016858087434     
   1.0000000000000000        276.25016858087434        276.25016858087434     
 comp:           1
   0.0000000000000000        0.0000000000000000     
   0.0000000000000000        0.0000000000000000     
   0.0000000000000000        0.0000000000000000     
   0.0000000000000000        0.0000000000000000     
   0.0000000000000000        0.0000000000000000     
   0.0000000000000000        0.0000000000000000     
   0.0000000000000000        0.0000000000000000     
   0.0000000000000000        0.0000000000000000     
   0.0000000000000000        0.0000000000000000     
   0.0000000000000000        0.0000000000000000     
 comp:           2
   0.0000000000000000        0.0000000000000000     
   0.0000000000000000        0.0000000000000000     
   0.0000000000000000        0.0000000000000000     
   0.0000000000000000        0.0000000000000000     
   0.0000000000000000        0.0000000000000000     
   0.0000000000000000        0.0000000000000000     
   0.0000000000000000        0.0000000000000000     
   0.0000000000000000        0.0000000000000000     
   0.0000000000000000        0.0000000000000000     
   0.0000000000000000        0.0000000000000000     
 comp:           3
  0.99999999759034319        276.25016791520625        276.25016858087434     
  0.99999999977000043        276.25016851733693        276.25016858087434     
  0.99999999997710420        276.25016857454938        276.25016858087434     
  0.99999999999771161        276.25016858024219        276.25016858087434     
  0.99999999999977118        276.25016858081113        276.25016858087434     
  0.99999999999997713        276.25016858086803        276.25016858087434     
  0.99999999999999789        276.25016858087378        276.25016858087434     
  0.99999999999999978        276.25016858087429        276.25016858087434     
   1.0000000000000000        276.25016858087434        276.25016858087434     
   1.0000000000000000        276.25016858087434        276.25016858087434     
 
 part:           2
 comp:           0
   1.0000000319914566        276.25000883763988        276.25000000000000     
   1.0000000030654137        276.25000084682051        276.25000000000000     
   1.0000000003052647        276.25000008432937        276.25000000000000     
   1.0000000000305138        276.25000000842942        276.25000000000000     
   1.0000000000030513        276.25000000084293        276.25000000000000     
   1.0000000000003051        276.25000000008430        276.25000000000000     
   1.0000000000000306        276.25000000000847        276.25000000000000     
   1.0000000000000031        276.25000000000085        276.25000000000000     
   1.0000000000000004        276.25000000000011        276.25000000000000     
   1.0000000000000000        276.25000000000000        276.25000000000000     
 comp:           1
   0.0000000000000000        0.0000000000000000     
   0.0000000000000000        0.0000000000000000     
   0.0000000000000000        0.0000000000000000     
   0.0000000000000000        0.0000000000000000     
   0.0000000000000000        0.0000000000000000     
   0.0000000000000000        0.0000000000000000     
   0.0000000000000000        0.0000000000000000     
   0.0000000000000000        0.0000000000000000     
   0.0000000000000000        0.0000000000000000     
   0.0000000000000000        0.0000000000000000     
 comp:           2
   0.0000000000000000        0.0000000000000000     
   0.0000000000000000        0.0000000000000000     
   0.0000000000000000        0.0000000000000000     
   0.0000000000000000        0.0000000000000000     
   0.0000000000000000        0.0000000000000000     
   0.0000000000000000        0.0000000000000000     
   0.0000000000000000        0.0000000000000000     
   0.0000000000000000        0.0000000000000000     
   0.0000000000000000        0.0000000000000000     
   0.0000000000000000        0.0000000000000000     
 comp:           3
   1.0000000319914566       -276.25000883763988       -276.25000000000000     
   1.0000000030654137       -276.25000084682051       -276.25000000000000     
   1.0000000003052647       -276.25000008432937       -276.25000000000000     
   1.0000000000305138       -276.25000000842942       -276.25000000000000     
   1.0000000000030513       -276.25000000084293       -276.25000000000000     
   1.0000000000003051       -276.25000000008430       -276.25000000000000     
   1.0000000000000306       -276.25000000000847       -276.25000000000000     
   1.0000000000000031       -276.25000000000085       -276.25000000000000     
   1.0000000000000004       -276.25000000000011       -276.25000000000000     
   1.0000000000000000       -276.25000000000000       -276.25000000000000     
 
 part:           3
 comp:           0
  0.99999998964102832        261.72901599930231        261.72901871054580     
  0.99999999678765827        261.72901786978275        261.72901871054580     
  0.99999999898611358        261.72901844518231        261.72901871054580     
  0.99999999967944198        261.72901862664645        261.72901871054580     
  0.99999999989863275        261.72901868401505        261.72901871054580     
  0.99999999996794486        261.72901870215605        261.72901871054580     
  0.99999999998986333        261.72901870789275        261.72901871054580     
  0.99999999999679456        261.72901870970685        261.72901871054580     
  0.99999999999898614        261.72901871028046        261.72901871054580     
  0.99999999999967948        261.72901871046190        261.72901871054580     
 comp:           1
  0.99999958586280335        82.833781169118552        82.833815473682677     
  0.99999987157515136        82.833804835762464        82.833815473682677     
  0.99999995946626496        82.833812116118750        82.833815473682677     
  0.99999998718455918        82.833814412130820        82.833815473682677     
  0.99999999594747924        82.833815137996922        82.833815473682677     
  0.99999999871848289        82.833815367529724        82.833815473682677     
  0.99999999959474872        82.833815440114165        82.833815473682677     
  0.99999999987184829        82.833815463067381        82.833815473682677     
  0.99999999995947497        82.833815470325831        82.833815473682677     
  0.99999999998718492        82.833815472621154        82.833815473682677     
 comp:           2
   1.0000000728256029       -171.09926412682023       -171.09925166641409     
   1.0000000225833785       -171.09925553041325       -171.09925166641409     
   1.0000000071278159       -171.09925288597805       -171.09925166641409     
   1.0000000022535822       -171.09925205200031       -171.09925166641409     
   1.0000000007126315       -171.09925178834482       -171.09925166641409     
   1.0000000002253535       -171.09925170497189       -171.09925166641409     
   1.0000000000712630       -171.09925167860715       -171.09925166641409     
   1.0000000000225353       -171.09925167026987       -171.09925166641409     
   1.0000000000071263       -171.09925166763338       -171.09925166641409     
   1.0000000000022535       -171.09925166679966       -171.09925166641409     
 comp:           3
   1.0000000000000000       -129.38579647105865       -129.38579647105865     
   1.0000000000000000       -129.38579647105865       -129.38579647105865     
   1.0000000000000000       -129.38579647105865       -129.38579647105865     
   1.0000000000000000       -129.38579647105865       -129.38579647105865     
   1.0000000000000000       -129.38579647105865       -129.38579647105865     
   1.0000000000000000       -129.38579647105865       -129.38579647105865     
   1.0000000000000000       -129.38579647105865       -129.38579647105865     
   1.0000000000000000       -129.38579647105865       -129.38579647105865     
   1.0000000000000000       -129.38579647105865       -129.38579647105865     
   1.0000000000000000       -129.38579647105865       -129.38579647105865     
 
 part:           4
 comp:           0
  0.99999996345577757        206.04725440767180        206.04726193750878     
  0.99999998866755491        206.04725960248950        206.04726193750878     
  0.99999999642322857        206.04726120052482        206.04726193750878     
  0.99999999886914159        206.04726170449851        206.04726193750878     
  0.99999999964239816        206.04726186382590        206.04726193750878     
  0.99999999988691646        206.04726191420824        206.04726193750878     
  0.99999999996423994        206.04726193014051        206.04726193750878     
  0.99999999998869171        206.04726193517874        206.04726193750878     
  0.99999999999642386        206.04726193677192        206.04726193750878     
  0.99999999999886924        206.04726193727578        206.04726193750878     
 comp:           1
   1.0000026957321433       -10.018237063611057       -10.018210057200188     
   1.0000008359524293       -10.018218431947222       -10.018210057200188     
   1.0000002638451566       -10.018212700456390       -10.018210057200188     
   1.0000000834192064       -10.018210892911320       -10.018210057200188     
   1.0000000263789646       -10.018210321470196       -10.018210057200188     
   1.0000000083417451       -10.018210140769542       -10.018210057200188     
   1.0000000026378910       -10.018210083627133       -10.018210057200188     
   1.0000000008341743       -10.018210065557120       -10.018210057200188     
   1.0000000002637897       -10.018210059842888       -10.018210057200188     
   1.0000000000834175       -10.018210058035882       -10.018210057200188     
 comp:           2
  0.99999994718807572        185.74415189218706        185.74416170169366     
  0.99999998362290687        185.74415865974422        185.74416170169366     
  0.99999999483102564        185.74416074158685        185.74416170169366     
  0.99999999836573938        185.74416139813928        185.74416170169366     
  0.99999999948321128        185.74416160570317        185.74416170169366     
  0.99999999983657750        185.74416167133887        185.74416170169366     
  0.99999999994832123        185.74416169209462        185.74416170169366     
  0.99999999998365785        185.74416169865819        185.74416170169366     
  0.99999999999483202        185.74416170073374        185.74416170169366     
  0.99999999999836575        185.74416170139011        185.74416170169366     
 comp:           3
   1.0000000000000000        88.624014877059381        88.624014877059381     
   1.0000000000000000        88.624014877059381        88.624014877059381     
   1.0000000000000000        88.624014877059381        88.624014877059381     
   1.0000000000000000        88.624014877059381        88.624014877059381     
   1.0000000000000000        88.624014877059381        88.624014877059381     
   1.0000000000000000        88.624014877059381        88.624014877059381     
   1.0000000000000000        88.624014877059381        88.624014877059381     
   1.0000000000000000        88.624014877059381        88.624014877059381     
   1.0000000000000000        88.624014877059381        88.624014877059381     
   1.0000000000000000        88.624014877059381        88.624014877059381     
 
 part:           5
 comp:           0
   1.0000001208762548        84.723729593031308        84.723719351945419     
   1.0000000374839886        84.723722527728341        84.723719351945419     
   1.0000000118307792        84.723720354293036        84.723719351945419     
   1.0000000037405050        84.723719668854926        84.723719351945419     
   1.0000000011828289        84.723719452159088        84.723719351945419     
   1.0000000003740428        84.723719383635711        84.723719351945419     
   1.0000000001182827        84.723719361966772        84.723719351945419     
   1.0000000000374043        84.723719355114454        84.723719351945419     
   1.0000000000118281        84.723719352947541        84.723719351945419     
   1.0000000000037403        84.723719352262322        84.723719351945419     
 comp:           1
   1.0000001525037789       -72.815616521137471       -72.815605416482484     
   1.0000000472917527       -72.815608860060095       -72.815605416482484     
   1.0000000149263275       -72.815606503352058       -72.815605416482484     
   1.0000000047192164       -72.815605760115076       -72.815605416482484     
   1.0000000014923185       -72.815605525146566       -72.815605416482484     
   1.0000000004719118       -72.815605450845027       -72.815605416482484     
   1.0000000001492315       -72.815605427348871       -72.815605416482484     
   1.0000000000471911       -72.815605419918739       -72.815605416482484     
   1.0000000000149232       -72.815605417569117       -72.815605416482484     
   1.0000000000047191       -72.815605416826102       -72.815605416482484     
 comp:           2
   1.0000002754220172       -14.644914068810230       -14.644910035279565     
   1.0000000854089652       -14.644911286086177       -14.644910035279565     
   1.0000000269569664       -14.644910430061914       -14.644910035279565     
   1.0000000085229104       -14.644910160096822       -14.644910035279565     
   1.0000000026951295       -14.644910074749493       -14.644910035279565     
   1.0000000008522731       -14.644910047761028       -14.644910035279565     
   1.0000000002695124       -14.644910039226550       -14.644910035279565     
   1.0000000000852274       -14.644910036527712       -14.644910035279565     
   1.0000000000269511       -14.644910035674261       -14.644910035279565     
   1.0000000000085227       -14.644910035404379       -14.644910035279565     
 comp:           3
   1.0000000000000000        40.761781593999274        40.761781593999274     
   1.0000000000000000        40.761781593999274        40.761781593999274     
   1.0000000000000000        40.761781593999274        40.761781593999274     
   1.0000000000000000        40.761781593999274        40.761781593999274     
   1.0000000000000000        40.761781593999274        40.761781593999274     
   1.0000000000000000        40.761781593999274        40.761781593999274     
   1.0000000000000000        40.761781593999274        40.761781593999274     
   1.0000000000000000        40.761781593999274        40.761781593999274     
   1.0000000000000000        40.761781593999274        40.761781593999274     
   1.0000000000000000        40.761781593999274        40.761781593999274     
 
 part:           6
 comp:           0
   1.0484750505806317        1.7675284076943532E-004   1.6858087435800396E-004
   1.0046463315017498        1.6936415698512607E-004   1.6858087435800396E-004
   1.0004627121447074        1.6865887877593480E-004   1.6858087435800396E-004
   1.0000462520910551        1.6858867157595493E-004   1.6858087435800396E-004
   1.0000046250179586        1.6858165404757533E-004   1.6858087435800396E-004
   1.0000004624998844        1.6858095232663884E-004   1.6858087435800396E-004
   1.0000000462499694        1.6858088215486425E-004   1.6858087435800396E-004
   1.0000000046249973        1.6858087513769003E-004   1.6858087435800396E-004
   1.0000000004624994        1.6858087443597251E-004   1.6858087435800396E-004
   1.0000000000462497        1.6858087436580075E-004   1.6858087435800396E-004
 comp:           1
   7.2415629980009840E-005   0.0000000000000000     
   2.2456244863813870E-005   0.0000000000000000     
   7.0876897086191407E-006   0.0000000000000000     
   2.2408955749627515E-006   0.0000000000000000     
   7.0861984875152382E-007   0.0000000000000000     
   2.2408484316699191E-007   0.0000000000000000     
   7.0861835781947928E-008   0.0000000000000000     
   2.2408479652188388E-008   0.0000000000000000     
   7.0861833324084982E-009   0.0000000000000000     
   2.2408480482525863E-009   0.0000000000000000     
 comp:           2
   2.6303443406969692E-005   0.0000000000000000     
   8.1567551932012033E-006   0.0000000000000000     
   2.5744531282582060E-006   0.0000000000000000     
   8.1395784243308659E-007   0.0000000000000000     
   2.5739114737849300E-007   0.0000000000000000     
   8.1394071863073356E-008   0.0000000000000000     
   2.5739060582901438E-008   0.0000000000000000     
   8.1394054920226085E-009   0.0000000000000000     
   2.5739059690134803E-009   0.0000000000000000     
   8.1394057936251060E-010   0.0000000000000000     
 comp:           3
  0.94362760287979031        1.5907756636182239E-004   1.6858087435800396E-004
  0.99459987425396201        1.6767051643809370E-004   1.6858087435800396E-004
  0.99946225004245881        1.6849021999997568E-004   1.6858087435800396E-004
  0.99994624752686734        1.6857181271908434E-004   1.6858087435800396E-004
  0.99999462497781089        1.6857996823206362E-004   1.6858087435800396E-004
  0.99999946250003191        1.6858078374578937E-004   1.6858087435800396E-004
  0.99999994625002608        1.6858086529678636E-004   1.6858087435800396E-004
  0.99999999462500311        1.6858087345188229E-004   1.6858087435800396E-004
  0.99999999946250018        1.6858087426739176E-004   1.6858087435800396E-004
  0.99999999994624966        1.6858087434894268E-004   1.6858087435800396E-004
 
 part: i_fks+j_fks
 comp:           0
   1.0000000271720875        276.25034466804703        276.25033716174869     
   1.0000000026054094        276.25033788149392        276.25033716174869     
   1.0000000002594727        276.25033723342813        276.25033716174869     
   1.0000000000259368        276.25033716891375        276.25033716174869     
   1.0000000000025937        276.25033716246520        276.25033716174869     
   1.0000000000002596        276.25033716182037        276.25033716174869     
   1.0000000000000262        276.25033716175591        276.25033716174869     
   1.0000000000000027        276.25033716174943        276.25033716174869     
   1.0000000000000004        276.25033716174880        276.25033716174869     
   1.0000000000000000        276.25033716174869        276.25033716174869     
 comp:           1
   7.2415629980009840E-005   0.0000000000000000     
   2.2456244863813870E-005   0.0000000000000000     
   7.0876897086191407E-006   0.0000000000000000     
   2.2408955749627515E-006   0.0000000000000000     
   7.0861984875152382E-007   0.0000000000000000     
   2.2408484316699191E-007   0.0000000000000000     
   7.0861835781947928E-008   0.0000000000000000     
   2.2408479652188388E-008   0.0000000000000000     
   7.0861833324084982E-009   0.0000000000000000     
   2.2408480482525863E-009   0.0000000000000000     
 comp:           2
   2.6303443406969692E-005   0.0000000000000000     
   8.1567551932012033E-006   0.0000000000000000     
   2.5744531282582060E-006   0.0000000000000000     
   8.1395784243308659E-007   0.0000000000000000     
   2.5739114737849300E-007   0.0000000000000000     
   8.1394071863073356E-008   0.0000000000000000     
   2.5739060582901438E-008   0.0000000000000000     
   8.1394054920226085E-009   0.0000000000000000     
   2.5739059690134803E-009   0.0000000000000000     
   8.1394057936251060E-010   0.0000000000000000     
 comp:           3
  0.99999996318927176        276.25032699277261        276.25033716174869     
  0.99999999647459126        276.25033618785335        276.25033716174869     
  0.99999999964894415        276.25033706476938        276.25033716174869     
  0.99999999996490940        276.25033715205490        276.25033716174869     
  0.99999999999649125        276.25033716077940        276.25033716174869     
  0.99999999999964917        276.25033716165177        276.25033716174869     
  0.99999999999996525        276.25033716173908        276.25033716174869     
  0.99999999999999645        276.25033716174772        276.25033716174869     
  0.99999999999999978        276.25033716174863        276.25033716174869     
   1.0000000000000000        276.25033716174869        276.25033716174869     
