     
 Soft #          30
 ME*wgt:
   1.0051671518902261        1.4502871979629808E-014   1.4428318665564254E-014
  0.99978798391990797        1.4425259629998461E-014   1.4428318665564254E-014
   1.0000320895273400        1.4428781663490542E-014   1.4428318665564254E-014
   1.0000144022691715        1.4428526466093368E-014   1.4428318665564254E-014
   1.0000014695515569        1.4428339868722413E-014   1.4428318665564254E-014
  0.99999989600351191        1.4428317165069783E-014   1.4428318665564254E-014
  0.99999918657077713        1.4428306929148215E-014   1.4428318665564254E-014
   1.0000142775200258        1.4428524666172939E-014   1.4428318665564254E-014
   1.0000000005001239        1.4428318672780201E-014   1.4428318665564254E-014
   1.0000000000500124        1.4428318666285850E-014   1.4428318665564254E-014
 wgt:
   1.1111111111111114        7.7225346675813643E-006   6.9502812008232268E-006
   1.0101010101010102        7.0204860614376036E-006   6.9502812008232268E-006
   1.0010010010010011        6.9572384392624899E-006   6.9502812008232268E-006
   1.0001000100010000        6.9509762984530722E-006   6.9502812008232268E-006
   1.0000100001000010        6.9503507043302695E-006   6.9502812008232268E-006
   1.0000010000010002        6.9502881511113790E-006   6.9502812008232268E-006
   1.0000001000000101        6.9502818958514166E-006   6.9502812008232268E-006
   1.0000000100000002        6.9502812703260401E-006   6.9502812008232268E-006
   1.0000000010000001        6.9502812077735083E-006   6.9502812008232268E-006
   1.0000000001000000        6.9502812015182546E-006   6.9502812008232268E-006
     
 Soft #          15
 ME*wgt:
   1.0055415247928943        1.7476524085680975E-014   1.7380211214331019E-014
  0.99996259719826219        1.7379561145736809E-014   1.7380211214331019E-014
  0.99997355581663583        1.7379751608838759E-014   1.7380211214331019E-014
  0.99999688214445825        1.7380157025343167E-014   1.7380211214331019E-014
  0.99999984651121843        1.7380208546663575E-014   1.7380211214331019E-014
  0.99999950637803869        1.7380202635077072E-014   1.7380211214331019E-014
   1.0000216986122543        1.7380588340795057E-014   1.7380211214331019E-014
   1.0003810774565025        1.7386834421014053E-014   1.7380211214331019E-014
   1.0000000005000469        1.7380211223021941E-014   1.7380211214331019E-014
   1.0000000000500040        1.7380211215200101E-014   1.7380211214331019E-014
 wgt:
   1.1111111111111109        3.2539749761604508E-005   2.9285774785444062E-005
   1.0101010101010099        2.9581590692367734E-005   2.9285774785444062E-005
   1.0010010010010009        2.9315089875319375E-005   2.9285774785444062E-005
   1.0001000100009998        2.9288703655809636E-005   2.9285774785444062E-005
   1.0000100001000007        2.9286067646120517E-005   2.9285774785444062E-005
   1.0000010000009998        2.9285804071248127E-005   2.9285774785444062E-005
   1.0000001000000098        2.9285777714021826E-005   2.9285774785444062E-005
   1.0000000099999999        2.9285775078301808E-005   2.9285774785444062E-005
   1.0000000009999999        2.9285774814729834E-005   2.9285774785444062E-005
   1.0000000000999998        2.9285774788372631E-005   2.9285774785444062E-005
     
 Soft #          23
 ME*wgt:
  0.97207276280536137        3.1230311215421945E-012   3.2127544778944913E-012
  0.96932271571677731        3.1141958954439254E-012   3.2127544778944913E-012
  0.98664247976276620        3.1698400449387522E-012   3.2127544778944913E-012
   1.0000100771948657        3.2127868534474205E-012   3.2127544778944913E-012
   1.0000246657538920        3.2128337229057583E-012   3.2127544778944913E-012
   1.0000027017073734        3.2127631578169529E-012   3.2127544778944913E-012
   1.0000002642876755        3.2127553269859046E-012   3.2127544778944913E-012
   1.0000000903445516        3.2127547681493543E-012   3.2127544778944913E-012
   1.0000000005034764        3.2127544795120370E-012   3.2127544778944913E-012
   1.0000000000503477        3.2127544780562459E-012   3.2127544778944913E-012
 wgt:
   1.1111111111111114        1.0737534425419879E-003   9.6637809828778877E-004
   1.0101010101010104        9.7613949321998894E-004   9.6637809828778877E-004
   1.0010010010010011        9.6734544373152037E-004   9.6637809828778877E-004
   1.0001000100010000        9.6647474576236499E-004   9.6637809828778877E-004
   1.0000100001000010        9.6638776216541040E-004   9.6637809828778877E-004
   1.0000010000010000        9.6637906466685354E-004   9.6637809828778877E-004
   1.0000001000000098        9.6637819492560815E-004   9.6637809828778877E-004
   1.0000000100000004        9.6637810795157015E-004   9.6637809828778877E-004
   1.0000000010000001        9.6637809925416689E-004   9.6637809828778877E-004
   1.0000000000999998        9.6637809838442642E-004   9.6637809828778877E-004
