   0.0000000000000000        0.0000000000000000        0.0000000000000000        0.0000000000000000        0.0000000000000000        0.0000000000000000        0.0000000000000000        0.0000000000000000        0.0000000000000000        0.0000000000000000     
   1.9279639107929714E-004   5.2702110104512899E-004   1.7774036741811983E-002   1.0138837256390153E-002   1.1734738422944663E-002  0.94131621808607913       0.12409459864443699        6.3934467137556128E-002   6.0685245141155570E-003   1.2680809603622009E-002
   1.3045508220037798       0.99007937699328397       0.64475236395630064       0.60830063022390624       0.61682351954257908       0.47844796533398404       0.58903853959717645       0.52297443684828937       0.76119117578837658       0.61873797477824821     
   3.8559278215859427E-004   1.0621938213556995E-003   3.3630997659203639E-002   1.9409761581757824E-002   2.3800698229803127E-002  0.97645830963130620       0.17068777017150696       0.10931022144097924        1.2205305835668197E-002   2.5375344398577575E-002
   1.3289792862508809       0.81514468352094094       0.64799728886152697       0.93004023138755909       0.66452436693278361       0.49960193742801834       0.57241996980604215       0.54418613215204581       0.99157900622479611       0.74666250385566224     
   5.9777521783848438E-004   1.6099385794382031E-003   4.9400989344762350E-002   2.6776718633169758E-002   3.4605570917189757E-002  0.98336571483092206       0.20182403063201199       0.14345233220744577        1.8343561015867527E-002   3.7839866533111860E-002
  0.93819585063234756       0.86725406526918325       0.65525134778945415       0.77223132458741628       0.63719790162850110       0.57886275076705818       0.68600530286226535       0.66937911123826999       0.80323512913655881       0.82380661698081692     
   8.1583870897442522E-004   2.2365045102277995E-003   6.5130015013522585E-002   3.3690275362962381E-002   4.5296053515073834E-002  0.98603867934561695       0.22461578293897375       0.17461393542258316        2.4417246774933545E-002   5.1389738238593566E-002
  0.83280159979907864       0.77726048384354307       0.64805998860554559       0.84224395070163860       0.62873069503009360       0.51278783244944837       0.69190236736498845       0.71624793152289701       0.95807007640820918       0.66025038755837151     
   1.0836252130817989E-003   2.9097838656493586E-003   8.1993179682697620E-002   4.1141810765067427E-002   5.6652869417970354E-002  0.98764801279143155       0.24351516067314513       0.20140602343283026        3.0459101135088908E-002   6.9569118274186284E-002
   1.2327424892069556       0.84838638284577550       0.70761122205520643       0.63131587515138721       0.59923080219802327       0.65188703193702258       0.65151865567092226       0.71039409547927468        1.0843088688410911       0.90234338995714625     
   1.3964471299992339E-003   3.6336539635381622E-003  0.10133262267951418        4.8530537222119821E-002   6.7426061410116686E-002  0.98862834616414241       0.26092777516812604       0.22559926456145982        3.6691456005033360E-002   8.6597639609502022E-002
  0.83553372284122607       0.78177341398097822       0.77788199563599747       0.76561475245397237       0.64534807482492240       0.57477650644017431       0.65483513303797380       0.79876875763165245       0.71809455961907176       0.66869960800979977     
   1.7460332427482817E-003   4.4754312215858280E-003  0.12155344471280211        5.5409102412560869E-002   7.9011656881213588E-002  0.98946857314917702       0.27748399476232977       0.24528303683095087        4.3079389412704699E-002  0.10498584556899665     
  0.86322385092606413       0.93353633017053406       0.75085008670552300       0.67486705827737192       0.73590348430420971       0.60199584205912526       0.79066623657814916       0.61672542962261456       0.77260665843142351       0.73011708871416670     
   2.1107490923694462E-003   5.4458207876807926E-003  0.13959785074968684        6.2146546350704220E-002   9.0535900535017172E-002  0.99022839938083318       0.29096082945504015       0.26184268106436231        4.9197067338076925E-002  0.12504327919666605     
  0.89559918049747134       0.79875287135789996       0.60648538259623230       0.73565690575067311       0.62908835436613164       0.61813451839274669       0.85617209174849507       0.77131267259362746       0.87485471851891827       0.81808644079161397     
   2.6007396332199291E-003   6.6226069444865181E-003  0.15559990387098913        6.9046193731501698E-002  0.10216308581232153       0.99094528682734284       0.30305014282446557       0.27783826102401987        5.4715612644196734E-002  0.14525209466705394     
  0.84282715722452828       0.68578061944367386       0.82577999600471841       0.67602110646518032       0.66729478820274368       0.75882311183291262       0.76938596653732894       0.67493378587805786       0.68711698701096735       0.93865779612899025     
   3.1631927063972653E-003   7.9704905645985296E-003  0.16984739703233909        7.6236003631990429E-002  0.11426309001084939       0.99146553306272522       0.31428639986309265       0.29342332434941382        6.0734413933287330E-002  0.16458044000688754     
  0.88357799464897002       0.67938596278307906       0.81524992975399657       0.66267370505436474       0.84727381585090666       0.68666366412247759       0.61127288006328317       0.82097843698837669       0.68985926431850442       0.68770633658634739     
   3.8178645294429216E-003   9.4454082620445967E-003  0.18259539220508234        8.3660358773249482E-002  0.12659004064984888       0.99186670352787276       0.32474850114811721       0.30898441111393005        6.7054494819444921E-002  0.18490425017878964     
  0.75447148628410088       0.70167960791916117       0.57416034099789826       0.74013678843435327       0.74665053388724234       0.66808852543526887       0.72636343542946935       0.82319921938706231       0.76773304516446728       0.65368858049422029     
   4.5589327744903511E-003   1.1120557092583501E-002  0.19523091186702349        9.1141674807121972E-002  0.13936616658304088       0.99226920664182894       0.33474207403550671       0.32417154347257993        7.3577883453531778E-002  0.20235881031419312     
  0.57858875387298403       0.84777186495314372       0.60006868044788175       0.73271521546489149       0.75095047247165980       0.75433105854149118       0.92185348489928853       0.99110363321710104       0.62890942494463820       0.56622714896434179     
   5.3733528460854253E-003   1.3020305059260016E-002  0.20711706744592256        9.8556834010774239E-002  0.15316823866206739       0.99264637384801513       0.34348425781031644       0.33904801620740649        8.0216257697811086E-002  0.22019020256917179     
  0.93414383765121178       0.67803534589966374       0.67361227180007999        1.1157051035669514       0.82503640647133125       0.80089106052228543       0.65873542075881331       0.75209122969748798       0.62975349367994682       0.73350744757657371     
   6.2514725737208895E-003   1.5020117245786746E-002  0.21827881955635908       0.10553153936074106       0.16667049199625283       0.99300351331459746       0.35227284919224111       0.35337913968766577        8.8749189490923433E-002  0.23521694651284486     
  0.77539775320845583       0.61509738547461856       0.55702483904197597       0.71324279863129658       0.70820570607830968       0.75125733772835479       0.79442927883013725       0.77934655203979986       0.86510593154753668       0.66060121024544149     
   7.1957713612348833E-003   1.7756887418617306E-002  0.22912591537421928       0.11158225618328260       0.18297555651409494       0.99336372348677393       0.36089801300478963       0.36610750271890102        9.7628621759959552E-002  0.24882874352900411     
  0.75336494975725088       0.74053575557948637       0.57362803252899786       0.62996133449337277       0.69573360190706057       0.74327848798301177       0.83250565434168311       0.92567432687193141       0.76706812545599812       0.55796761083704416     
   8.1983926823138847E-003   2.0464479625656163E-002  0.24210317094535391       0.11744741354404367       0.20010663246885702       0.99370085863357027       0.36743400132524290       0.37938621281453999       0.10734356608831351       0.26355085709029547     
  0.76283977683696091       0.73908966707070956       0.65278965783435772       0.79494030258394188       0.72709738710186111       0.72422856142049830       0.55942334570277052       0.73750216245403333       0.68881291720389948       0.77240625128081009     
   9.2184767971392953E-003   2.3551502600372601E-002  0.25509712222871556       0.12428629356317608       0.21733243960942444       0.99402146457575724       0.37396061017392090       0.39346125846509017       0.11827187018747556       0.27890966535870371     
  0.77752608380233235       0.74395072992498867       0.66685838475798531       0.67655504222594709       0.75032698009577492       0.64412397109979780       0.66511507252514024       0.66629026686250303       0.66708411605119533       0.71475443738567135     
   1.0970110804565347E-002   2.6986579680985001E-002  0.26841925438942804       0.13104949126707102       0.23585758406024726       0.99431124029269524       0.38031852649056896       0.40671642054379570       0.12986132313320745       0.29710339566799576     
  0.78483365945794614       0.72171359953054548       0.58799206537628890       0.64574017957735763       0.66241622742467410       0.65385941263804936       0.53012426144384772       0.83972701647561132       0.72859685184427547       0.69053391334649761     
   1.2862147481328755E-002   3.0629828729525837E-002  0.27977629466487253       0.13838521981606461       0.25252618434700447       0.99458404050238103       0.38732182269808946       0.41966492561833380       0.14254961067026586       0.31458733105332692     
  0.77312173720430200       0.72523233668520282       0.63303391959134503       0.62816013157391404       0.68572243213379347       0.66812851058738865       0.57613437102948517       0.66307431592071142       0.81263462149162224       0.63228909991714821     
   1.4735954186660877E-002   3.4209221966115727E-002  0.29266964027862236       0.14920256562197992       0.26610638073733917       0.99484473009123797       0.39557773518037653       0.43267050115610889       0.15734145025077412       0.32994805590663906     
  0.53507518421666234       0.66634732678456676       0.55659104922582647       0.61824434556495289       0.59550427993408950       0.63562842599693103       0.83282080633777922       0.70232776843972544       0.80531242984547924       0.69792706852570829     
   1.6701756697093357E-002   3.8059073806904119E-002  0.30664709378320409       0.15906698087198293       0.27712973433183852       0.99509416632192527       0.40365729069978762       0.44500156386593359       0.17294132707075910       0.34427307055230855     
  0.66235384083884130       0.77780519046346519       0.60278554428446041       0.81170312915368714       0.58692830362157677       0.83699911421890061       0.61922784132767783       0.68953455989579882       0.91565004718129661       0.74122448794620077     
   1.8815803175403732E-002   4.2233535670943553E-002  0.32194269019028993       0.16896223073866187       0.28936391583864962       0.99534372620059253       0.41119340020524825       0.45693244649038739       0.18492769401113113       0.35743922159996538     
  0.64451062994571107       0.70509832523151372       0.67142267867490280       0.63442817309321231       0.69578503378448175       0.64783113368489020       0.58391367618933288       0.66372172368838500       0.97996974536865866       0.52075820775250958     
   2.1079485609586765E-002   4.6922637843734100E-002  0.33812907770497258       0.17936321600655400       0.30414652601613740       0.99559060543647904       0.41874951647320807       0.46900410480233667       0.19743611763689181       0.37178179412604201     
  0.68340291006134080       0.63914427876189583       0.64247603639120654       0.81962748943321007       0.65729807273480301       0.77750690854106630       0.71705071536904808       0.63544035629575313       0.59227110476746314       0.70352037407308632     
   2.3469428054552946E-002   5.1760914302465474E-002  0.35443337542779607       0.19036833467969810       0.31756813974318421       0.99576719031888827       0.42630255683314522       0.48123426338478437       0.21255945455065428       0.38674041249681512     
  0.76251107028479315       0.64018465025585669       0.68407642127168466       0.78274120787792012       0.58100936419448712       0.73609133544585970       0.80466567572934422       0.58123705369027667       0.88271701385927603       0.69211537314961935     
   2.5947580901064901E-002   5.6393772770598295E-002  0.37165411342070759       0.20139525620019549       0.33563250375446252       0.99590168667381984       0.43386569150739374       0.49408380652073880       0.22846754383817880       0.40103694338724422     
  0.73134019113517879       0.73641553822682970       0.62189733399077951       0.60273191308051854       0.71084775044816950       0.63760294659340289       0.64998255702268648       0.59650078188229860       0.70213323112685511       0.71285050321995380     
   2.8531094708195905E-002   6.0934778580973376E-002  0.38948575302065808       0.21242180123879945       0.35388199180207591       0.99603550917523709       0.44130068046139614       0.50929663446210782       0.24696083162830140       0.41391830730412582     
  0.86669298764288560       0.51278783244944837       0.77654561932767963       0.83357059056236982       0.72072877051971374       0.57852498045933198       0.73087143981608682       0.84780169714304809       0.82576399759342534       0.63183310722295272     
   3.1362294353441234E-002   6.5760518250954067E-002  0.40782215335056382       0.22357000145968431       0.37210378199234251       0.99617085292245011       0.44859251784717652       0.52477531407745881       0.26747956347742508       0.42492325277149190     
  0.63465146898813307       0.65710823135477980       0.64145334283733058       0.65323802058408775       0.62333447581662049       0.63099520764593242       0.54672800276417344       0.85156059350277113       0.85182524477510146       0.58098958090790076     
   3.4389716718516317E-002   7.0052417335358524E-002  0.42709909318807759       0.23465801783426732       0.39057230163522760       0.99629884859160234       0.45659400954914997       0.53877021952804949       0.28861579636076296       0.43564814988679562     
  0.83468592715279089       0.72283773515993044       0.76938095454147748       0.79269657632296953       0.62094124752478352       0.80786054521580730       0.56258579293775335       0.89498983884770378       0.73632113424038381       0.56903093887241285     
   3.7214756134074954E-002   7.4242039393826689E-002  0.44598998281824387       0.24579819861963950       0.41089193879083780       0.99642095502344585       0.46384766958108525       0.55176557454820219       0.31059158425155242       0.44640993346255997     
  0.61363158764353165       0.53775554761687960       0.67104929414251080       0.76676873451864813       0.68059285311345230       0.67331830002863358       0.95565146001489565       0.59771378559108412       0.78354898235086212       0.54395777276086910     
   4.0249887076595790E-002   7.8572641954378561E-002  0.46637102791150253       0.25719316602521897       0.44778253567124848       0.99654028148677565       0.47197824256673132       0.56467420034636207       0.33105800438284427       0.45806804053564659     
  0.77933651560020423       0.59113413961163552       0.78568755521344080       0.76569318840715772       0.65551960740620330       0.60986285937836859       0.68133205479166548       0.67364803930788719       0.66149201090890308       0.62738556725197114     
   4.3246547923137410E-002   8.3093092311227065E-002  0.48718958493076803       0.26873961853665640       0.48306463346868850       0.99665452402706634       0.48005557611011901       0.57626439136033691       0.34992872924784230       0.47170271995706736     
  0.57632021515133114       0.55802709236624826       0.77319714886720747       0.71262332707517995       0.79589173258354828       0.66905514708443226       0.72857589342714846       0.67623901464537262       0.64033565420051297       0.69952043428517230     
   4.6149805393270661E-002   8.8006229408744113E-002  0.50735132552537177       0.28155022522499701       0.50394007029525711       0.99675985934185751       0.48844787019714214       0.58809861969669497       0.36956900011710697       0.48679209432940002     
  0.60526501643102792       0.61830473338618008       0.65222605913993970       0.72733331855121630       0.54959239073082577       0.72439312891122842       0.68981089008372776       0.58937592130700611       0.58607478491289589       0.61036266444932075     
   4.9696587600119281E-002   9.3313926268764127E-002  0.52706041106088364       0.29492752263642374       0.52514398335149659       0.99686351758555658       0.49771464350692429       0.60002565218378545       0.38892197846624854       0.50155151673156195     
  0.66823699017432614       0.79009364091280720       0.86573704239952864       0.75451205325401283       0.63013688564884018       0.67270731132668782       0.67795915104688376       0.57933231780624983       0.72544479788071881       0.62939707452079818     
   5.3328844256050854E-002   9.9466515516514212E-002  0.54727708560463051       0.30865449974586495       0.54857515844610505       0.99696812629010789       0.50800671621819637       0.61246689800201914       0.40969291503663657       0.51770732526285246     
  0.72790464910509156       0.73695570600757299       0.71108878594619718       0.91606801355988710       0.67856145330535000       0.70381697609993932       0.73912368058837941       0.62080703219644562       0.61511851581191479       0.69322463664348877     
   5.7146667325788256E-002  0.10586309927184229       0.56712216687815498       0.32196426924742538       0.57679685764450350       0.99707897428877923       0.51835453229215844       0.62550191119947796       0.42845953674982235       0.53415703508025769     
  0.58586534869574036       0.60078037810724838       0.79410716537034842       0.68512665518033289       0.68062724084017645       0.61252360390241212       0.83930030149473112       0.60797094054987899       0.63926754633920424       0.66154498375170034     
   6.1239705741326214E-002  0.11283796113187099       0.58500540700364501       0.33424908847145079       0.61269208657603502       0.99718915564146060       0.52494727257870544       0.63846478312307742       0.44499446234573636       0.55128457149573595     
  0.64161903361756123       0.61720492015731743       0.70996907974319401       0.81647127876310521       0.86090829302403693       0.69752361503333493       0.71436986532644675       0.73142855486368707       0.59870814084014212       0.59774724536829915     
   6.5275263036815523E-002  0.11995073300812550       0.60192788125732710       0.34604231945385594       0.64749867576267939       0.99729539091173114       0.53204928648733185       0.65053666420993839       0.46106115844012019       0.56832581154358353     
  0.58954264302368331       0.57726004113216511       0.88083271225785331       0.79326181037397736       0.81718109713193665       0.63647926132408628       0.64537360637146612       0.66976601824966642       0.56590607079529032       0.82886806577039496     
   6.9134828929093214E-002  0.12722001790236304       0.61712758214672314       0.35805927842924951       0.67325103587015089       0.99739987145699727       0.53986965183973001       0.66227430311738589       0.47531793335881695       0.58535124469620681     
  0.51556484497432298       0.66133998285697460       0.65172276755173275       0.66238151933220812       0.86206578124722189       0.72544370052337070       0.73708365351431548       0.70056774703326175       0.58890957955808798       0.80226432374626566     
   7.3337880787035944E-002  0.13439626011326986       0.63052593845476801       0.37134583412944755       0.69720169583190650       0.99750448976261663       0.54827137262351833       0.67249809977042341       0.49234866470392075       0.60201939791264769     
  0.50984997564148926       0.68593083091171358       0.61996491360269124       0.66376178993966439       0.76359807876059338       0.77387292783883355       0.79822378594011467       0.76203985775944949       0.59692637803473758       0.72065736635468780     
   7.7888093093873095E-002  0.14394722032051502       0.64345167737450559       0.38408048406044670       0.71243641430104565       0.99760579011281192       0.55706065069021948       0.68192499714566079       0.51289417580814300       0.61352212238045645     
  0.66496469302710570       0.60716340428526838       0.75387935451285137       0.72011165028957280       0.53854096712421684       0.68417657163074019       0.63594020693626119       0.65430691369261473       0.57636169151943062       0.69106759281739438     
   8.3288445382122420E-002  0.15374297697887174       0.65464186696925786       0.39902372023030908       0.72261066582761213       0.99770608520379322       0.56632138375546492       0.69057249903336115       0.53346960208798488       0.62241094902968064     
  0.66461400283977390       0.59884053866815345       0.60218893494015457       0.69697237567976533       0.56313992766776777       0.70175941362341232       0.78621542239073039       0.60985021432790865       0.56702748349639609       0.63935691375868131     
   8.8917726751323506E-002  0.16385786443262171       0.66634113147806628       0.41525964113009683       0.73135403766309437       0.99780534711400470       0.57581334162012177       0.69989319697001917       0.55324852709464567       0.62977853434809450     
  0.70754778502088778       0.74451151563090778       0.61047059225693823       0.66465722223043477       0.59550116181097790       0.70784351301760129       0.78611350532875701       0.63825927132069316       0.66014954795643299       0.49892380778839024     
   9.4593930059455836E-002  0.17540644681918943       0.67776685470731191       0.43278982085552337       0.74222310934814684       0.99790403085845747       0.58517301150020584       0.71027301947893684       0.57243457327349956       0.63612212254931499     
  0.61844867227327160       0.60339644126611991       0.57131683520510268       0.67218235777326873       0.52910264006757179       0.70497984281680315       0.87447430338987908       0.65702168475613665       0.62513199915038598       0.51385470322986437     
  0.10075761471827110       0.18630290796676968       0.69012964970350721       0.44866559639556441       0.75698951156563399       0.99800201211388351       0.59460425179291010       0.72114762657227571       0.59413916109900033       0.65142233075483413     
  0.57213847483269065       0.67367859741827341       0.72168319815821391       0.71034268458609007       0.64468669737374984       0.83136941494954963       0.58959337596877681       0.75505361281139260       0.62810629553432795       0.65861289146783353     
  0.10728585054218502       0.19632521587958585       0.70459588511115123       0.46512286717811191       0.77189931489282904       0.99809830654156162       0.60414448049958647       0.73205987861226862       0.61721466806083847       0.66526477407959739     
  0.67721905613107669       0.59845078433996057       0.68733489174956430       0.77465254129543171       0.82002123110027925       0.68313762075065920       0.69717753003403815       0.53983945101935871       0.93238983834948197       0.58979003248317774     
  0.11594150684313653       0.20919325521946641       0.72258720468579107       0.48375739233815840       0.78804802963310550       0.99818695550361625       0.61218215738679960       0.74176658396760120       0.63606148729494272       0.67857479593014347     
  0.59412573169967653       0.78826269880695232       0.79290274208619882       0.67201079293520827       0.69971892632376442       0.76490977756182799       0.56276253599120496       0.68744781115854448       0.60200977357152596       0.56473494465072960     
  0.12682689872415795       0.22223933253718850       0.74006478541228660       0.50318230528085850       0.80255647098755933       0.99827537206326977       0.62062736724234302       0.75182094361418816       0.65425247455561453       0.69358494646983193     
  0.66822864313293706       0.83340749339616815       0.71833225203709528       0.74485437438007152       0.61830928349267933       0.72717945365062475       0.68252451935479308       0.60165360618304076       0.72557491949107389       0.59211010288698929     
  0.13864074665427772       0.23841648141045349       0.75730953895745101       0.52205796707659902       0.81491515493868372       0.99836134200234072       0.63184450579755425       0.76025091734693240       0.66974573570357665       0.70897215189312024     
  0.57163525975626639       0.71698968396319807       0.82238176773046223       0.65355951637431176       0.67398257697846620       0.54664731111807241       0.63131587515138721       0.66546558213026719       0.56855221873272987       0.79149186717260944     
  0.15214114388477881       0.25611554123876640       0.77488105734966384       0.54152049700624150       0.82680964132342605       0.99844547827011110       0.64204841055799955       0.76913475339641013       0.68549968381172544       0.72334946179103177     
  0.63289530067642341       0.69767453680340774       0.84247665763618573       0.60363085559624474       0.67163374317010327       0.83354852447836458       0.61412813387595355       0.54959239073082577       0.68328196609235159       0.59736612763674812     
  0.16653193986981932       0.27352942995791690       0.79451738958486817       0.55606741437032059       0.83617717376779166       0.99852957466741510       0.65350671391414128       0.77879451510443565       0.70049239170471578       0.73751260146225861     
  0.66947192266355438       0.75564080410638579       0.75398450741680834       0.58341480169887272       0.66948255816396596       0.82047993607141800       0.69585177702328349       0.60070930883092066       0.65770188150040010       0.60355446675896962     
  0.18168427564404599       0.29116965724256166       0.81656705750970393       0.56800820734690394       0.84638117262388590       0.99861449159619131       0.66592200108700739       0.78938730883298192       0.71903444915819481       0.75032450222839275     
  0.67052564796496883       0.64708920823857441        1.0261775951180403       0.53598782537111089       0.66388217758900914       0.93795815986747011        1.0383999236391139       0.90235994199572189       0.64955347313977640       0.63388045616438193     
  0.19763505627494116       0.30958923021618745       0.83814773966719325       0.57575345509801645       0.85626021400872687       0.99869890352311064       0.67444313285200264       0.80215874178705115       0.74296449394985287       0.76500627901006479     
  0.59272413210248498       0.64665490812256954       0.69665057148138831       0.49110472400400496       0.74642262319315200       0.85341682887618320       0.63386373283246888       0.70503554844020233       0.55365512094591607       0.62777597734856261     
  0.21282855094322720       0.33044025010858574       0.85714788346851911       0.58395945732752175       0.86594762384306845       0.99878243152039192       0.68166884539968076       0.81513377831536871       0.76649322487634519       0.78351791581929309     
  0.64935585941739937       0.57968974368300696       0.77474778048543602       0.51164402162288913       0.67149324762028306       0.78844982728561619       0.71097137122136811       0.70180963075463954       0.63752974496780035       0.70768323489938800     
  0.22805638309454881       0.35491784730022219       0.87715296113149444       0.60213160777128127       0.87704688880432891       0.99886464743470837       0.68728012560865592       0.82823615462719546       0.78897979057490231       0.80152279457675424     
  0.58112954332725653       0.75309572110210588       0.80486025050433985       0.52668463239716234       0.84614830553169151       0.78865754142757682       0.59762363374212835       0.62533130408959336       0.58262023043302591       0.73331631063260772     
  0.24410637252078984       0.37372241669113254       0.89136991224507589       0.62743496852590119       0.88788470587439283       0.99894393710580853       0.69555823233501035       0.84243266977475484       0.81188697633095530       0.82136397024379570     
  0.55926692478031526       0.65990455356629973       0.69640996704790781       0.61604245777904876       0.59562497234521494       0.77132237814780469       0.60565996273069533       0.58685335273734773       0.48909113900296597       0.84816481309031222     
  0.26524325138023758       0.38611705758008169       0.90416510116286763       0.65752107366486345       0.90039241755653499       0.99902690054401755       0.70565498213510303       0.85979944483956905       0.83020852814826540       0.84315159098122561     
  0.62659503950442252       0.60156264328524622       0.76809052387005006       0.80342408214978978       0.65917987231210706       0.69445058334794607       0.55604219686408873       0.65761129572538290       0.50376692003891488       0.99967588585145728     
  0.28736991853663368       0.39918170376693973       0.91905611446973834       0.68884969291995002       0.91356613061182823       0.99911227365547006       0.71655816454857513       0.87660082277465379       0.84828719817122267       0.86471661457983640     
  0.59856663235389462       0.52929819173504078       0.67860223059844405       0.62821938772389674       0.76545524916792151       0.72522095452120061       0.55546822525595252       0.69390668378087361       0.54759433860640883       0.75169062850607193     
  0.31225604893256215       0.42217139673663734       0.93334986824802091       0.71825794775301444       0.92585154628762834       0.99919930512623734       0.73018058259780982       0.88991970108302820       0.86543426808552359       0.88511051824561859     
  0.51826018384311112       0.56851767875345205       0.76580602662643804       0.59005117522655337       0.87307387606043696       0.76338746465728713       0.56932207003413038       0.54233087327033513       0.57909724228208215       0.72290507918838942     
  0.33909583890953132       0.45708191419824240       0.94279630835700001       0.73753597300006513       0.93731462987049052       0.99928779769018528       0.74492021638174077       0.90306375013618101       0.88640093604844117       0.90660666800725054     
  0.51278783244944837       0.71530938757833884       0.58391208245780679       0.49973941563436042       0.85129259121858092       0.65699761136363721       0.75006556029745419       0.68046286167033931       0.52587620176199701       0.82600585234311241     
  0.36724164752137040       0.50155996904056255       0.95062048358282702       0.76141368124153197       0.94863709050796774       0.99938282464094585       0.76575298670883607       0.91754722830537550       0.90760103374057699       0.92775164622403483     
  0.50546438643081482       0.70831382774951690       0.51278783244944837       0.63131587515138721       0.76850842267523356       0.77988362220354079       0.73321826238402354       0.77142241016315338       0.58793850099029321       0.76593833431715497     
  0.43431265213154330       0.55658278702183761       0.96217219792262987       0.78745497530028541       0.96046100565277803       0.99947781828655324       0.79438267502855298       0.93897864199766035       0.93101129203094812       0.94760157140632251     
  0.52812615896509729       0.85770186310948615       0.62425870500140079       0.57382344169081612       0.56781183387090406       0.73703057133453531       0.71719922936930758       0.81002389239007155       0.62966651223602166       0.91625821164641474     
  0.52003323782383215       0.62805783730837028       0.97504041606262670       0.82305194251665825       0.97334834772445467       0.99960073846358810       0.82631084711731018       0.95956920217481734       0.95383938848478744       0.96584153885139779     
  0.54773405237953998       0.61555937541479355       0.63817977821573824       0.55584814283215866       0.76417816223656598       0.53530925928845785       0.81894692018128323       0.72535450443180227       0.61487334017966322       0.75783827296556305     
  0.68518701619680755       0.73566715232285251       0.98736480629120260       0.89541919715645069       0.98701381767369500       0.99976153881738683       0.87517769167843062       0.98064657308222225       0.97692892165683154       0.98297837504749686     
  0.61681704573993856       0.64901734942429234       0.59558670020194027       0.68223299304665741       0.92427586778791737       0.61102192718688264       0.70599111490634725       0.64432494673554586       0.66808418213319531       0.78831116370355658     
   1.0000000000000000        1.0000000000000000        1.0000000000000000        1.0000000000000000        1.0000000000000000        1.0000000000000000        1.0000000000000000        1.0000000000000000        1.0000000000000000        1.0000000000000000     
  0.49546555824754701       0.51278783244944837       0.61056759237372549       0.53899288244144916       0.59978137352723815       0.53734839531317902       0.51559067786625812       0.67555875834992107       0.65898833276661684       0.76274340833820276     
  -79.203439821487919       -50.094857296372673       -24.233345949731717       -59.778756926648008       -15.259106780211177        0.0000000000000000       -25.253989075760174       -66.151320366346681       -39.163248995148528       -24.535456088068337     
  -37.330515896082630       -46.857089638856550       -50.469276014088607       -87.076560894290537       -39.939831862002194        0.0000000000000000       -38.333037140619943       -34.503146389820813       -42.652760106357796       -47.557207726384718     
  -45.228513146843518       -49.474973655865917       -66.751697244231735       -27.738524742492093       -60.348358576581255        0.0000000000000000       -57.099145403715681       -51.606857472251640       -31.698897818543571       -45.740774084292880     
  -28.146921862845812       -72.914006682693341       -33.382718889201293       -27.876133895632709       -44.401604780609091        0.0000000000000000       -49.179244415078792       -32.010717562220400       -68.046231280403902       -40.656365587108780     
  -19.940682513505831       -52.374320706957988       -43.977910131210798       -34.033801394432871       -78.035999802317974        0.0000000000000000       -47.187403769941426       -38.231373240854928       -60.427814641627094       -14.667753581304504     
   9.2562692205254269       -58.128918440197438       -37.384005443738097       -81.512026517385934       -35.989608754471611        0.0000000000000000       -74.691555613949518       -32.708848447380475       -35.437556351103638       -50.285036757392163     
  -47.811187481439312       -24.466573302815981       -41.499642161768136       -50.658120377829171       -52.107619926155458        0.0000000000000000       -18.412953350269092       -24.263308969690105       -55.909350332954446       -46.697259955974772     
  -20.251352055812806        14.753888681382719       -55.530430391798646       -47.973430125222102       -70.689621170935865       -87.728927208495435       -39.824848991117747       -75.368350560323819       -20.962615728923002       -25.541742164383923     
   1.0968043248656282E-003
           1           1           1           1           1           1           1           1           1           1
   5.5870651806919005E-004   3.0156550282790827E-004  -2.4484852125533510E-006  -43.757219276101736        7.4482658929928089E-006   3.4566129086407215E-009
   1.4112399656314771E-005   1.2667665831982310E-005   1.0064298727068024E-006   1.4262753833611626        1.0061557371384887E-006   4.5262666279869785E-010
   7.0236545384486518E-003  -50.003599718731678     
