+0.0000030040745264 +0.0000031799725458 +0.0000033324584922 +0.0000035139926050 
+0.0000037312502549 +0.0000039868154827 +0.0000042918863129 +0.0000046389440491 
+0.0000050070824941 +0.0000053889929612 +0.0000057895467562 +0.0000062166340046 
+0.0000066890122452 +0.0000072114549516 +0.0000077901282152 +0.0000084185103163 
+0.0000090792077416 +0.0000097729970510 +0.0000105317037669 +0.0000112832638215 
+0.0000120532864699 +0.0000128858282434 +0.0000137441513339 +0.0000146304308410 
+0.0000155607316670 +0.0000165344125633 +0.0000176425586504 +0.0000188389707099 
+0.0000200700693393 +0.0000213484712312 +0.0000226728152610 +0.0000240739169610 
+0.0000255444213284 +0.0000270752946635 +0.0000286631667513 +0.0000303184602490 
+0.0000320641363640 +0.0000338790632082 +0.0000357684591847 +0.0000378162418613 
+0.0000400341277234 +0.0000423992763169 +0.0000449282787016 +0.0000475940660648 
+0.0000503193160157 +0.0000531388451772 +0.0000560594503600 +0.0000591547012689 
+0.0000624687924795 +0.0000659940686167 +0.0000697539591008 +0.0000736283184250 
+0.0000775704204584 +0.0000817781609763 +0.0000863161924021 +0.0000912357881707 
+0.0000965349408828 +0.0001021114112581 +0.0001078729499082 +0.0001138709787239 
+0.0001202125379163 +0.0001269432567710 +0.0001341283859938 +0.0001415136820398 
+0.0001492700717106 +0.0001570951606655 +0.0001660754648637 +0.0001755893394181 
+0.0001854035388675 +0.0001963909518636 +0.0002087530076216 +0.0002231359901784 
+0.0002386539694518 +0.0002549832338261 +0.0002718022495793 +0.0002905077767022 
+0.0003117677589263 +0.0003353540828644 +0.0003611316618935 +0.0003888876678936 
+0.0004229301893165 +0.0004631376696336 +0.0005109544452559 +0.0005666730798022 
+0.0006343067736587 +0.0007201263575999 +0.0008256236378641 +0.0009628362660022 
+0.0011506117454429 +0.0014129465848808 +0.0017882196018738 +0.0024159757039614 
+0.0039434763199765 +0.0109640812526547 +0.0109640812526647 +0.0652858853287422 
+0.0000031766553030 +0.0000055124551278 +0.0000083277288188 +0.0000111821865908 
+0.0000145634882788 +0.0000181980406567 +0.0000219226912831 +0.0000254960485068 
+0.0000287145537169 +0.0000319036261589 +0.0000349586043377 +0.0000386389736464 
+0.0000424677441858 +0.0000467596583255 +0.0000510915256050 +0.0000557813752659 
+0.0000607599390290 +0.0000658613834427 +0.0000709140301306 +0.0000760726192156 
+0.0000813767384185 +0.0000868859141294 +0.0000926943676049 +0.0000987012664771 
+0.0001051428478473 +0.0001116199389896 +0.0001182709854449 +0.0001250363756105 
+0.0001317624488094 +0.0001384482313693 +0.0001453152729866 +0.0001526133655438 
+0.0001600851044353 +0.0001675913371799 +0.0001755450639090 +0.0001836372746947 
+0.0001916161897466 +0.0001995059048481 +0.0002074308454477 +0.0002156459002430 
+0.0002241371367239 +0.0002327148757983 +0.0002417578516146 +0.0002509288868363 
+0.0002605054413907 +0.0002704217300494 +0.0002805125260525 +0.0002911492786521 
+0.0003024912897929 +0.0003143632046174 +0.0003265640850112 +0.0003392896338764 
+0.0003530878301568 +0.0003673223039438 +0.0003815005237461 +0.0003961867502868 
+0.0004119681461386 +0.0004286826652300 +0.0004462526216878 +0.0004653026042267 
+0.0004859190847986 +0.0005073522233390 +0.0005295781521105 +0.0005539376044501 
+0.0005806757574404 +0.0006086215505007 +0.0006397402380210 +0.0006732103097077 
+0.0007086530442517 +0.0007475473462059 +0.0007893978722717 +0.0008344489370384 
+0.0008820769218521 +0.0009324386357362 +0.0009864676618885 +0.0010452587169232 
+0.0011075359071414 +0.0011761596042786 +0.0012514324650745 +0.0013356274558384 
+0.0014348083149403 +0.0015532686788672 +0.0017019180482831 +0.0018709698858133 
+0.0020619010044916 +0.0022795231553562 +0.0025458485274506 +0.0029015535923684 
+0.0033862292523827 +0.0040932255837180 +0.0051236057354059 +0.0067657120338246 
+0.0101660193521224 +0.0297619330472026 +0.0297619330472126 +0.0536903001921945 
-0.0026901774957992 +0.0106277233193900 +0.0209053541236334 +0.0314641667964442 
+0.0421699055282020 +0.0526184037598856 +0.0631534615602947 +0.0733346106418827 
+0.0835408384707196 +0.0938137070647149 +0.1041683290180578 +0.1147711221048897 
+0.1256731107421348 +0.1360851335632589 +0.1460715305639516 +0.1564636059252990 
+0.1673404094182078 +0.1787312253373509 +0.1900378866713577 +0.2014147903985666 
+0.2125012075077653 +0.2237581593227558 +0.2356058310257544 +0.2480052546852429 
+0.2595979857609970 +0.2708076470274077 +0.2818014606878476 +0.2926956103356936 
+0.3032329815558086 +0.3142922661531272 +0.3258612163048882 +0.3374552522428951 
+0.3482201349776724 +0.3589571162731383 +0.3694673904630346 +0.3798712795012950 
+0.3899171734848495 +0.4000532792424598 +0.4105501574074803 +0.4203471529130173 
+0.4298021548703107 +0.4392679105758239 +0.4485552916670769 +0.4579160937797502 
+0.4677091514809604 +0.4774330548233808 +0.4875687241473885 +0.4985083055636049 
+0.5088073317662063 +0.5192523802534452 +0.5297261339449323 +0.5406564193093197 
+0.5519826581296289 +0.5625288490138258 +0.5733025570580155 +0.5838553642451088 
+0.5953245022254129 +0.6062517305133868 +0.6173119432520505 +0.6275041213267506 
+0.6372697041939553 +0.6474923791100373 +0.6578555025889963 +0.6688998218962997 
+0.6795591995405957 +0.6902904459872844 +0.7007872098720134 +0.7111479313129053 
+0.7215449165623680 +0.7323138680830471 +0.7433802355368976 +0.7533163181174950 
+0.7621116067629273 +0.7709627256074016 +0.7802181057050956 +0.7896995058088725 
+0.7989118901349744 +0.8078712118110628 +0.8172225206614701 +0.8280715045854499 
+0.8390717696560682 +0.8503416687516300 +0.8616113867984676 +0.8727341727116366 
+0.8831264920194873 +0.8933083065529374 +0.9036959527017646 +0.9141155295148130 
+0.9243816810832033 +0.9345101182269764 +0.9450365943281909 +0.9561334087523505 
+0.9670884244275602 +0.9778941757864279 +0.9892143293812531 +1.0000000000000000 
-0.0000563694781952 +0.0006240953484791 +0.0011462529939178 +0.0016955728159842 
+0.0022395706424808 +0.0027775238263191 +0.0033056065441348 +0.0038099622317976 
+0.0043045341326372 +0.0047898528304814 +0.0052672530698591 +0.0057377896998762 
+0.0062019507607608 +0.0066677836891538 +0.0071392318355585 +0.0076110100568041 
+0.0080736379686272 +0.0085397930939265 +0.0090046635997089 +0.0094594297434776 
+0.0098894469188531 +0.0103162779330002 +0.0107479465044754 +0.0111742881335209 
+0.0115980283304952 +0.0120208244765434 +0.0124400723541560 +0.0128967728976455 
+0.0133575824659882 +0.0138566280781694 +0.0143785877483935 +0.0149071551458930 
+0.0154070142320852 +0.0159037924889996 +0.0163962705230371 +0.0169182989113817 
+0.0174311163592392 +0.0179380551021774 +0.0184437317023792 +0.0189623327792078 
+0.0194896351684328 +0.0200101818452033 +0.0205423604850903 +0.0210784013359339 
+0.0216454115471754 +0.0222319711002715 +0.0227705322629284 +0.0233376423274011 
+0.0240200782031432 +0.0247944496134056 +0.0255833903874366 +0.0262854662828766 
+0.0269244057612238 +0.0274973730300480 +0.0279308339695611 +0.0284270483784840 
+0.0289691004499981 +0.0296330897640168 +0.0303387209721450 +0.0310522244022999 
+0.0317958894299706 +0.0327470598225949 +0.0338980367459835 +0.0350022203624590 
+0.0360718244192926 +0.0369252159490119 +0.0377832547500699 +0.0386982296131975 
+0.0398742560235165 +0.0413214742732299 +0.0425393694212778 +0.0433411695019866 
+0.0443805844411452 +0.0459163569847228 +0.0479486194430538 +0.0508292710724860 
+0.0533702647255286 +0.0552400140107959 +0.0569572774864608 +0.0586851403048302 
+0.0602772025513019 +0.0622318406879934 +0.0639076242096756 +0.0655996312005655 
+0.0683526042837630 +0.0713760934388440 +0.0745240756334109 +0.0774992680620396 
+0.0836959519913978 +0.0864235484338470 +0.0951184216780535 +0.1040841426678877 
+0.1221666777278926 +0.1356052438456468 +0.1356052438456568 +0.2956750866822633 
-0.0019185172234499 +0.0072320216093571 +0.0148068732013247 +0.0229245163649234 
+0.0314293136066742 +0.0397356544715320 +0.0481188935924296 +0.0565136323133916 
+0.0651338417151201 +0.0739531130175414 +0.0830675384136089 +0.0924233056047831 
+0.1021862512010932 +0.1122360062202110 +0.1227391010527945 +0.1335000352082514 
+0.1445236303762117 +0.1556179812269412 +0.1669945353368334 +0.1786955287811391 
+0.1909146013867868 +0.2043835974869841 +0.2190425741047420 +0.2335226531760717 
+0.2469214159459496 +0.2608570966061178 +0.2743867903212533 +0.2876143646754991 
+0.3003837777320509 +0.3130949667736685 +0.3251005626083695 +0.3361590112710628 
+0.3455331357730709 +0.3556280840463493 +0.3654792999793818 +0.3750614306685301 
+0.3843286866638472 +0.3934613970545748 +0.4037421582611113 +0.4145900690674669 
+0.4250554619072901 +0.4356015165311175 +0.4460220212038963 +0.4559767278247192 
+0.4656593134861115 +0.4749097098704343 +0.4840009941510932 +0.4928876945238546 
+0.5019484545209292 +0.5116414593490355 +0.5209445477061297 +0.5303378337856621 
+0.5400027753497740 +0.5499185387182448 +0.5596921618466950 +0.5689094993143078 
+0.5778722179931425 +0.5871638941354634 +0.5968809490651504 +0.6070460180101768 
+0.6174316670537708 +0.6279708078881773 +0.6386448478604447 +0.6496738256483126 
+0.6615199453438976 +0.6745580777888981 +0.6880801024639667 +0.7011602779211600 
+0.7141117765656981 +0.7274966339243490 +0.7416929959266380 +0.7565239541514160 
+0.7715963696852758 +0.7863330477096913 +0.8003671830012095 +0.8133584722518686 
+0.8252829295378755 +0.8370356303307536 +0.8482801788253503 +0.8584306455493199 
+0.8680537236358706 +0.8777416923659996 +0.8883007982459751 +0.8982793684144241 
+0.9079279486283360 +0.9178480907107054 +0.9270369726460277 +0.9358750474696665 
+0.9442788898002917 +0.9522936283990400 +0.9605136669337713 +0.9685679286328370 
+0.9763974209868810 +0.9839995201510308 +0.9920186691728969 +1.0000000000000000 
+0.7398032582499712 +0.7440986388975920 +0.7462633978759307 +0.7485086658644350 
+0.7511530474618938 +0.7547375426946554 +0.7584659215501561 +0.7618977619957871 
+0.7652106769563805 +0.7685079239992424 +0.7717659080053030 +0.7748502009722282 
+0.7779363938330730 +0.7809942343044214 +0.7840577619902369 +0.7870221431329615 
+0.7899486651499562 +0.7929016968709456 +0.7958857871508024 +0.7988313470235177 
+0.8017701237133388 +0.8047342525545058 +0.8076906450596444 +0.8107517776432294 
+0.8139156389973413 +0.8171532348620318 +0.8202173436422419 +0.8230942887167197 
+0.8258935990071151 +0.8287444903102367 +0.8314889857480262 +0.8342732323221439 
+0.8371344642983416 +0.8400436525160934 +0.8428837699781202 +0.8457110801669360 
+0.8486796769604547 +0.8517729831614492 +0.8548362356705993 +0.8576604619827559 
+0.8603449693353025 +0.8630503454261267 +0.8658427887259417 +0.8687789159006839 
+0.8717211433861056 +0.8746279366455835 +0.8774834041761451 +0.8803000918587645 
+0.8830137359949691 +0.8856927127308101 +0.8883270949378980 +0.8910312986438723 
+0.8937991377337693 +0.8965237172506436 +0.8991224640435622 +0.9016256322727763 
+0.9041075849963505 +0.9066071403899235 +0.9091601124313780 +0.9117764090817354 
+0.9143968427962962 +0.9169469670509145 +0.9194043973408323 +0.9218067305729876 
+0.9241563774773639 +0.9264481633152749 +0.9286982591073794 +0.9309927246398999 
+0.9333414050815927 +0.9357262560249106 +0.9380168636312988 +0.9402308692427046 
+0.9423994963653057 +0.9445666071171164 +0.9467591936441370 +0.9489748271890238 
+0.9512254302222261 +0.9534557801760815 +0.9556623176854774 +0.9579117180479773 
+0.9602297581333458 +0.9625749087055659 +0.9648815838274116 +0.9671281821684896 
+0.9693402647642109 +0.9715284164607783 +0.9736965787292911 +0.9758817564235067 
+0.9781437456971611 +0.9805699542105695 +0.9831244292207750 +0.9856819801092543 
+0.9883950539909926 +0.9913147544521456 +0.9950791969670938 +1.0000000000000000 
-0.0144517233335509 +0.0719981035834020 +0.0990815673843452 +0.1156275579435748 
+0.1285417330718800 +0.1393099174074906 +0.1487635959438035 +0.1576195772339315 
+0.1659510905045422 +0.1737199995869305 +0.1807176348104657 +0.1876968353260677 
+0.1940016519623298 +0.2002425982345675 +0.2065225639820907 +0.2125410517677014 
+0.2185017076587596 +0.2240917415214156 +0.2295325686326181 +0.2350130540084182 
+0.2406032984947464 +0.2462817953536057 +0.2518857605978995 +0.2573111393562458 
+0.2626459240410552 +0.2678977300368227 +0.2728420254115878 +0.2773221085122630 
+0.2815816561670973 +0.2858859728567537 +0.2902908847316438 +0.2947676479195311 
+0.2991907129084339 +0.3036253737949468 +0.3080349175013947 +0.3124225296544316 
+0.3168729861401504 +0.3213369847525762 +0.3257909542779459 +0.3301762273760155 
+0.3348517683572993 +0.3399390278333880 +0.3451873779236522 +0.3504601465056028 
+0.3557632269933793 +0.3611485097255816 +0.3667426656232669 +0.3724839690114631 
+0.3780819679694039 +0.3835278013220023 +0.3888458158055025 +0.3941028842147418 
+0.3995823833155556 +0.4052900324102829 +0.4110527345218273 +0.4167635656733397 
+0.4224309058646567 +0.4281148860469755 +0.4339615178970775 +0.4397992750518763 
+0.4457942772739256 +0.4520547297943741 +0.4583683475891411 +0.4648141472604838 
+0.4713940788946282 +0.4780596932438451 +0.4847386723241672 +0.4910816626441003 
+0.4973178430160622 +0.5036329661853299 +0.5100953252750151 +0.5167345136664898 
+0.5234974922095620 +0.5304731649550996 +0.5377677133158276 +0.5454379737905626 
+0.5533488154131860 +0.5613669902833893 +0.5696607644061773 +0.5783795037522105 
+0.5876268755211979 +0.5971809754659388 +0.6070930201703804 +0.6171861063501698 
+0.6277807749785732 +0.6391092631959862 +0.6512990815327099 +0.6645403091642902 
+0.6791593280894949 +0.6951355161763413 +0.7127781008185829 +0.7332352611409726 
+0.7566368732106864 +0.7871074266313586 +0.8351061728401936 +1.0000000000000000 
4.39612019314e-06 0.304064702128 
  <DiscreteSampler_grid>
  Helicity
  1 # grid_type. 1=='ref', 2=='run'
  80 # Attribute 'min_bin_probing_points' of the grid.
  1 # Attribute 'grid_mode' of the grid. 1=='default',2=='initialization'
  0.030 # Attribute 'small_contrib_threshold' of the grid.
  0.333 # Attribute 'damping_power' of the grid.
#  binID   n_entries weight   weight_sqr   abs_weight
    12   6596 0.000172687511556 1.09113575571e-06 0.000172687511556
    5   6256 0.000160661606719 6.31472413162e-07 0.000160661606719
    2   5200 0.000128881383706 5.2140907454e-07 0.000128881383706
    15   5355 0.000128095257852 7.54482441283e-07 0.000128095257852
    10   2080 5.03212419822e-05 4.97574591102e-07 5.03212419822e-05
    13   1654 3.99205028083e-05 2.198685569e-07 3.99205028083e-05
    4   1444 3.56300828734e-05 2.06178244638e-07 3.56300828734e-05
    7   1407 3.4942738264e-05 6.39257028332e-08 3.4942738264e-05
  </DiscreteSampler_grid>
  <DiscreteSampler_grid>
  grouped_processes
  1 # grid_type. 1=='ref', 2=='run'
  10 # Attribute 'min_bin_probing_points' of the grid.
  1 # Attribute 'grid_mode' of the grid. 1=='default',2=='initialization'
  0.030 # Attribute 'small_contrib_threshold' of the grid.
  0.333 # Attribute 'damping_power' of the grid.
#  binID   n_entries weight   weight_sqr   abs_weight
    17   10 1864.19971417 24069629.0404 1864.19971417
    14   10 1841.03343763 23426874.5501 1841.03343763
    16   10 1832.84008007 23856285.7727 1832.84008007
    13   10 1824.90084012 23488917.5681 1824.90084012
  </DiscreteSampler_grid>
