  0.00009625858205582  0.00015313442913668  0.00019096435153849  0.00022226862837204
  0.00025064884313269  0.00027554396591628  0.00029898198619884  0.00032059153382850
  0.00034208499366135  0.00036357966310758  0.00038761196079963  0.00041207574249851
  0.00043347181370310  0.00045425036613795  0.00047419417477688  0.00049491121206453
  0.00051542765545199  0.00053679417821653  0.00055996872894419  0.00058175221467087
  0.00060068710409825  0.00061836677219483  0.00063573478885991  0.00065410944168401
  0.00067049337516553  0.00068378094502741  0.00069444037219825  0.00070459167345191
  0.00071488778011214  0.00072536735056583  0.00073600464787925  0.00074658708777450
  0.00075794682365775  0.00077025634079707  0.00078371670575845  0.00079743594294395
  0.00081290494551684  0.00082958910819804  0.00084590745508480  0.00086306651255924
  0.00088103839101696  0.00090046294323315  0.00091991095002881  0.00093901476114789
  0.00095782424625224  0.00097653339239875  0.00099745275687621  0.00102106773609106
  0.00104594739735437  0.00107181051134248  0.00109911230989308  0.00112863311237302
  0.00115991830822311  0.00119218207964498  0.00122497873118793  0.00126169198418249
  0.00130012270462891  0.00133922728554161  0.00138168404521117  0.00143187311172847
  0.00148541060595175  0.00154132513576752  0.00159963935817098  0.00165944470953442
  0.00172119651717718  0.00178626277248842  0.00185554456166050  0.00192954243947476
  0.00201150344377050  0.00209838833696622  0.00219549024011986  0.00230326426687563
  0.00242626632952580  0.00255469577399190  0.00268458474144186  0.00282302912468480
  0.00297949700279108  0.00316351625844694  0.00337608328120241  0.00361014623475635
  0.00386444007036349  0.00412906665451737  0.00441038173738363  0.00472469783104383
  0.00509604982863797  0.00554519293876925  0.00598343242145245  0.00646256746061325
  0.00705619740179363  0.00777305543543240  0.00898955560747746  0.01056730488366976
  0.01306603267298553  0.01985297521301020  0.03287087772187677  1.00000000000000000
  0.00000283848956144  0.00000306217426476  0.00000343659781522  0.00000388766786096
  0.00000433835972671  0.00000475522377043  0.00000520096764578  0.00000571589329880
  0.00000632688375683  0.00000703687838556  0.00000776092724844  0.00000858803861094
  0.00000951423117481  0.00001055645184083  0.00001169450717388  0.00001291737575943
  0.00001425507965633  0.00001573534299462  0.00001741661073660  0.00001934703203490
  0.00002154735876629  0.00002389899081784  0.00002638258591833  0.00002909251201383
  0.00003191438448600  0.00003515989808479  0.00003891043391832  0.00004313924510351
  0.00004772993334586  0.00005266063981664  0.00005795697930345  0.00006337624076439
  0.00006880228318892  0.00007446697836886  0.00008078534452871  0.00008829402875499
  0.00009777970023932  0.00010810362328913  0.00011908768499683  0.00012989861374453
  0.00014115291530211  0.00015319906893070  0.00016651273276279  0.00018082232919347
  0.00019613740911653  0.00021412854665477  0.00023479059209152  0.00025644908412216
  0.00027954804401772  0.00030598360346035  0.00033844056281181  0.00037479307159080
  0.00041366205021755  0.00045359136617917  0.00049777553056389  0.00054558938888352
  0.00060006280545980  0.00065409115085860  0.00070382497387670  0.00075372827607144
  0.00080770504525702  0.00086871780255007  0.00094249516782313  0.00103100582683529
  0.00112773202416593  0.00123294384146114  0.00134469225419327  0.00146924006173323
  0.00159362393524870  0.00171759509747532  0.00184945019312318  0.00199296175484645
  0.00213983112847019  0.00231666562272474  0.00249768622694178  0.00270067503252064
  0.00291938855709900  0.00316804923631104  0.00346085570892448  0.00381171237117878
  0.00424147171619098  0.00470521578135577  0.00522111933068467  0.00582918548729302
  0.00661039151981335  0.00761248884330069  0.00870487714867233  0.00971535329048173
  0.01094839020109259  0.01242953376917205  0.01422753113517559  0.01960470565838953
  0.02391679995052374  0.03316805723914291  0.04185989347051873  1.00000000000000000
 -0.00107455625096284  0.01953729896234918  0.03361804828823209  0.04574882200161998
  0.05671315617965284  0.06611172765761419  0.07440824206298027  0.08302502849931895
  0.09210945198460826  0.10151535282923477  0.11059061715245169  0.11926907855621763
  0.12789387172112920  0.13657773753428545  0.14579971345933043  0.15575075857689072
  0.16706397720874633  0.17845048691246404  0.18983376666751778  0.20037623331627327
  0.21031702084702306  0.21966713312648153  0.22910513513706127  0.23969893915040155
  0.25084976329489922  0.26198583549649251  0.27286193287346722  0.28459645196548711
  0.29601651455833461  0.30677446636944766  0.31697124994751152  0.32718386223153795
  0.33831419458831002  0.35009081133283404  0.36131260160438483  0.37144697083882955
  0.38217460808145165  0.39321887935648081  0.40402562596175617  0.41456678038777295
  0.42492449619823958  0.43469474240071077  0.44458007858735604  0.45443174733579356
  0.46454374606688886  0.47422325076395455  0.48401833222325663  0.49428337245288212
  0.50509471837009967  0.51650296886051827  0.52781047699330852  0.53835625635796824
  0.54841557977801392  0.55858993374648369  0.56929661993019898  0.58038586812711390
  0.59143595479781363  0.60206937838067265  0.61194311844585281  0.62139983897798434
  0.63075816446381017  0.64030396082212204  0.64990226600805923  0.65918706541418370
  0.66843535776568774  0.67778786813963965  0.68776599050024145  0.69828711287313161
  0.70888417658638780  0.71994141481226637  0.73016060778875158  0.73959752232293552
  0.74902822774663358  0.75948659252293860  0.77096505613669908  0.78144155378273139
  0.79111360932265407  0.80087031005309905  0.80981385943438766  0.82020154175748705
  0.83307928557799282  0.84774079872648123  0.85807022895119478  0.86700289584732215
  0.87520207951346596  0.88366040738199580  0.89176917462495819  0.90002900806296193
  0.90890811578603881  0.91789273992183029  0.92933023258985092  0.94195391720796884
  0.95483447235913155  0.96870789998087337  0.98342451942713716  1.00000000000000000
 -0.00233196360335228  0.00863803255308997  0.01751627207041621  0.02671215607253684
  0.03651644613629822  0.04714890452587280  0.05844904820406728  0.07014377866912402
  0.08133893298256785  0.09191287508333328  0.10219263738742608  0.11197780202103161
  0.12267077481818991  0.13415830220578709  0.14607428267051950  0.15750944367748065
  0.16767914363068825  0.17751785061090106  0.18725678970479628  0.19703841925025919
  0.20695969895320879  0.21774059284534761  0.22978253199852516  0.24179761789129914
  0.25225742746425739  0.26266625741389937  0.27329490037242826  0.28583620799108905
  0.29900971300042506  0.31139521229137912  0.32252693873258786  0.33299367316111311
  0.34407263928693416  0.35543707751927145  0.36609956350699518  0.37617235799424953
  0.38542108153876775  0.39516620820117726  0.40486539277221717  0.41434838320751616
  0.42438560459132463  0.43528184026165628  0.44685206941784555  0.45860161320852222
  0.46976347344512687  0.47984080276206664  0.48951805567901563  0.49961208078561498
  0.51041281669395988  0.52151727667083314  0.53336254620001367  0.54487143530551330
  0.55755036656319401  0.56909113364939767  0.58153900266039626  0.59266889375238585
  0.60226245150902691  0.61089094309105429  0.61937035966056064  0.62830578570006923
  0.63815757937127227  0.64861669718466497  0.65949720668450684  0.66961308979653167
  0.67934306988156390  0.68864685044285856  0.69791274260638880  0.70725653472787209
  0.71589475606349062  0.72515280304602303  0.73502940724651544  0.74449486431985612
  0.75405915064090634  0.76365992325949417  0.77314186217378877  0.78309789891333481
  0.79380276844284237  0.80503043338618940  0.81613818897975843  0.82633975502543966
  0.83608152154929494  0.84622293928467973  0.85674114433475534  0.86746188602050833
  0.87817565369316997  0.88867137430420051  0.89902542336777502  0.90922513178206366
  0.91977281629677565  0.93150959481356088  0.94355989677602514  0.95465837558644484
  0.96504928990552152  0.97570869286108763  0.98743896700051481  1.00000000000000000
 -0.00128252724213343  0.00981243557122877  0.01982062565152950  0.02929400459911691
  0.03851540177791124  0.04789375071142603  0.05750931674800910  0.06727718266812768
  0.07695240647817223  0.08691321948956328  0.09760836704901919  0.10843918395559193
  0.11960245328214890  0.13064448748735130  0.14179122915885589  0.15400807448165313
  0.16718895255922300  0.18010680823643327  0.19134012744013223  0.20168029419218514
  0.21231480153354484  0.22374958279850748  0.23423379605595926  0.24399198170530007
  0.25350025328131864  0.26355426401444360  0.27393860934423137  0.28516696741119635
  0.29844942134366315  0.31036305138277487  0.32110503733304413  0.33152635472980613
  0.34276830946118564  0.35430778753068126  0.36467640726131473  0.37395286586125248
  0.38272664787060517  0.39129620429343687  0.39975031686985851  0.40903916207608759
  0.41930348798412137  0.42984046420688160  0.43990224996883931  0.45027782624463208
  0.46094844924146450  0.47201963070581460  0.48363426458899611  0.49556012579088843
  0.50783188538588320  0.51948994052463260  0.53043515907846162  0.53971332205616218
  0.54854123622622353  0.55729487142488510  0.56689881153472166  0.57794728749226998
  0.58978991990745522  0.60186179937110873  0.61347987955940675  0.62489434564976376
  0.63665529329786230  0.64789288035111270  0.65846907694466816  0.66831034663237332
  0.67723670869331554  0.68564281207419742  0.69393510265475289  0.70266235220400186
  0.71331789560604730  0.72467705090530732  0.73553525149190757  0.74539640478353697
  0.75424156817704779  0.76292977955802677  0.77187373794294534  0.78237909215574719
  0.79410588234878432  0.80503668165435727  0.81578641378910444  0.82591516226806172
  0.83649018953919096  0.84666296664673268  0.85690425894227518  0.86800433974561930
  0.87988924804276980  0.89189046991878052  0.90327798955531124  0.91465257160819657
  0.92607163433786854  0.93760860285284497  0.94942751723362651  0.96126714359834553
  0.97212402219608285  0.98228854473710758  0.99127691286628961  1.00000000000000000
  0.73190703279063052  0.73310387032526325  0.73657804550081407  0.74041367149110582
  0.74339634258552700  0.74584056458147097  0.74815135903571506  0.75046172202361061
  0.75279568708844902  0.75526886639099999  0.75796433136445462  0.76048810089712371
  0.76310151471088883  0.76577589130851342  0.77062237199000760  0.77583214961926728
  0.77959751955842593  0.78294868252177741  0.78602656993306619  0.78887035362867219
  0.79119771737571631  0.79349530112503075  0.79607319020966982  0.79900949503235963
  0.80196506573311022  0.80467661142731572  0.80696348835912379  0.80882508670779774
  0.81049256865129415  0.81236530322798028  0.81452021389622331  0.81699380162117963
  0.81956033549253915  0.82193703325870526  0.82426360111000385  0.82650259257536152
  0.82860448493742889  0.83061625896664326  0.83261047472451810  0.83469168141799999
  0.83704278090035555  0.83933350127095163  0.84163579270613609  0.84398196496210531
  0.84652940546251809  0.84885222160604334  0.85075804860808391  0.85250083653081010
  0.85441285961338764  0.85656057557529230  0.85893018381486008  0.86135952687760553
  0.86370799927908615  0.86619094352459303  0.86874969202089158  0.87141397950148769
  0.87394891305034483  0.87651293091577720  0.87895816459458442  0.88134129730989275
  0.88359635012003523  0.88573019290106769  0.88780357321503167  0.88993910352129613
  0.89224378428002105  0.89453034984650970  0.89686298269275655  0.89918549065451492
  0.90140568535930610  0.90363750185022840  0.90597453787149829  0.90835489186025720
  0.91084632496536022  0.91339339224655702  0.91583781070123993  0.91828876984440910
  0.92073529660427900  0.92319814456318960  0.92573276195967635  0.92829862332889013
  0.93090046584300534  0.93364626217248214  0.93650213813594574  0.93978076619578477
  0.94321385210443942  0.94685265574823718  0.95059555171526555  0.95441304062670451
  0.95785904716992465  0.96159843851700977  0.96554358008170460  0.96992004680920041
  0.97487181100060505  0.98081497060172873  0.98843459478090223  1.00000000000000000
 -0.00462527912185258  0.05844188288661756  0.08389850439732466  0.10113890272438959
  0.11499314579582405  0.12609829827378594  0.13583818369998979  0.14417537782107212
  0.15239765018730325  0.15989971530952191  0.16714011086619815  0.17396775102604803
  0.18012694543107532  0.18603545456166048  0.19179521711383635  0.19746684450725313
  0.20332108126263532  0.20924467263852051  0.21565910432870020  0.22200354961753255
  0.22781841086943450  0.23324407766793098  0.23848111828326163  0.24370660578202250
  0.24935774346294054  0.25551090060594001  0.26204979814257895  0.26805692149523053
  0.27344167221683935  0.27810190290500741  0.28260943197286936  0.28712931671394931
  0.29191592916554004  0.29704028481096412  0.30221632614181820  0.30738212867008025
  0.31260125457736154  0.31794035816674693  0.32329023190140399  0.32859114764138520
  0.33419588208770074  0.34033013487466801  0.34609168332587087  0.35138884755005451
  0.35671909966264065  0.36226495029273115  0.36855375303874804  0.37483231071528039
  0.38086953500169751  0.38697801657779179  0.39328930939928941  0.39924345194720290
  0.40477894616252541  0.41038211527601115  0.41671751149370428  0.42340928388674465
  0.42987602810422526  0.43627910381677804  0.44258806025169001  0.44896965328529209
  0.45552203664769292  0.46224146730214982  0.46898871918815699  0.47546374012876491
  0.48197050969707966  0.48834776759755366  0.49499699252464840  0.50153921587258044
  0.50853729867566622  0.51588442669193824  0.52358195104869709  0.53221548402929753
  0.54075954009326388  0.54946218827102966  0.55817565599188224  0.56674362778851572
  0.57565977599592344  0.58491126108598601  0.59542361734969773  0.60513176907080712
  0.61485632156480929  0.62442964062426787  0.63477394810051968  0.64494632697051268
  0.65547527021100460  0.66747360501535902  0.68027578938707867  0.69360780125187849
  0.70648163871410352  0.72010725325435254  0.73502043901369662  0.75281239492789387
  0.77376625568743207  0.80485955512959928  0.85441441106661020  1.00000000000000000
   1.7416123147600000E-007   3.1887936974800001E-003
  <DiscreteSampler_grid>
  Helicity
  1 # 1 for a reference and 2 for a running grid.
  80 # Attribute 'min_bin_probing_points' of the grid.
  1 # Attribute 'grid_mode' of the grid. 1=='default',2=='initialization'
  0.0300000000000000 # Attribute 'small_contrib_threshold' of the grid.
  0.3330000000000000 # Attribute 'damping_power' of the grid.
 # binID   n_entries weight   weight_sqr   abs_weight
    2   1023   2.735737957722510E-006   1.114542210187708E-010   2.735737957722510E-006
    4   1071   2.785420888395681E-006   1.978573750989486E-010   2.785420888395681E-006
    5   736   2.114347233405017E-006   5.710046750174756E-011   2.114347233405017E-006
    7   909   2.309637019426937E-006   8.212688602591533E-011   2.309637019426937E-006
    10   767   2.166382879349796E-006   5.753454418113673E-011   2.166382879349796E-006
    12   754   2.163899310823184E-006   6.264819272247757E-011   2.163899310823184E-006
    13   849   2.385258367884107E-006   8.580555550854729E-011   2.385258367884107E-006
    15   883   2.333058390794424E-006   8.846307824509328E-011   2.333058390794424E-006
  </DiscreteSampler_grid>
  <DiscreteSampler_grid>
  grouped_processes
  1 # 1 for a reference and 2 for a running grid.
  10 # Attribute 'min_bin_probing_points' of the grid.
  1 # Attribute 'grid_mode' of the grid. 1=='default',2=='initialization'
  0.0300000000000000 # Attribute 'small_contrib_threshold' of the grid.
  0.3330000000000000 # Attribute 'damping_power' of the grid.
 # binID   n_entries weight   weight_sqr   abs_weight
    13   10   4.208486239990000E+000   3.245591094500000E+001   4.208486239990000E+000
    14   10   4.185790191100000E+000   3.212855909300000E+001   4.185790191100000E+000
    16   10   4.106954010070000E+000   3.174844813990000E+001   4.106954010070000E+000
    17   10   3.948758403470000E+000   3.183618187100000E+001   3.948758403470000E+000
  </DiscreteSampler_grid>
