     
 Collinear #          64
 ME*wgt:
   0.0000000000000000        0.0000000000000000        3.5731657762381204E-023
   0.0000000000000000        0.0000000000000000        3.5731657762381204E-023
   0.0000000000000000        0.0000000000000000        3.5731657762381204E-023
   0.0000000000000000        0.0000000000000000        3.5731657762381204E-023
   0.0000000000000000        0.0000000000000000        3.5731657762381204E-023
   0.0000000000000000        0.0000000000000000        3.5731657762381204E-023
   0.0000000000000000        0.0000000000000000        3.5731657762381204E-023
   0.0000000000000000        0.0000000000000000        3.5731657762381204E-023
   0.0000000000000000        0.0000000000000000        3.5731657762381204E-023
   0.0000000000000000        0.0000000000000000        3.5731657762381204E-023
 wgt:
   1.0000000122573736        9.3303206225845043E-006   9.3303205082192796E-006
   1.0000000011748689        9.3303205191811819E-006   9.3303205082192796E-006
   1.0000000001170011        9.3303205093109373E-006   9.3303205082192796E-006
   1.0000000000116953        9.3303205083284011E-006   9.3303205082192796E-006
   1.0000000000011695        9.3303205082301911E-006   9.3303205082192796E-006
   1.0000000000001170        9.3303205082203706E-006   9.3303205082192796E-006
   1.0000000000000115        9.3303205082193880E-006   9.3303205082192796E-006
   1.0000000000000013        9.3303205082192914E-006   9.3303205082192796E-006
   1.0000000000000000        9.3303205082192796E-006   9.3303205082192796E-006
   1.0000000000000000        9.3303205082192796E-006   9.3303205082192796E-006
