     
 Collinear #          64
 
 part:           1
 comp:           0
   1.0000000132558298        276.25000366192296        276.25000000000000     
   1.0000000012701704        276.25000035088459        276.25000000000000     
   1.0000000001264882        276.25000003494233        276.25000000000000     
   1.0000000000126437        276.25000000349280        276.25000000000000     
   1.0000000000012645        276.25000000034930        276.25000000000000     
   1.0000000000001263        276.25000000003490        276.25000000000000     
   1.0000000000000127        276.25000000000352        276.25000000000000     
   1.0000000000000013        276.25000000000034        276.25000000000000     
   1.0000000000000000        276.25000000000000        276.25000000000000     
   1.0000000000000000        276.25000000000000        276.25000000000000     
 comp:           1
   0.0000000000000000        0.0000000000000000     
   0.0000000000000000        0.0000000000000000     
   0.0000000000000000        0.0000000000000000     
   0.0000000000000000        0.0000000000000000     
   0.0000000000000000        0.0000000000000000     
   0.0000000000000000        0.0000000000000000     
   0.0000000000000000        0.0000000000000000     
   0.0000000000000000        0.0000000000000000     
   0.0000000000000000        0.0000000000000000     
   0.0000000000000000        0.0000000000000000     
 comp:           2
   0.0000000000000000        0.0000000000000000     
   0.0000000000000000        0.0000000000000000     
   0.0000000000000000        0.0000000000000000     
   0.0000000000000000        0.0000000000000000     
   0.0000000000000000        0.0000000000000000     
   0.0000000000000000        0.0000000000000000     
   0.0000000000000000        0.0000000000000000     
   0.0000000000000000        0.0000000000000000     
   0.0000000000000000        0.0000000000000000     
   0.0000000000000000        0.0000000000000000     
 comp:           3
   1.0000000132558298        276.25000366192296        276.25000000000000     
   1.0000000012701704        276.25000035088459        276.25000000000000     
   1.0000000001264882        276.25000003494233        276.25000000000000     
   1.0000000000126437        276.25000000349280        276.25000000000000     
   1.0000000000012645        276.25000000034930        276.25000000000000     
   1.0000000000001263        276.25000000003490        276.25000000000000     
   1.0000000000000127        276.25000000000352        276.25000000000000     
   1.0000000000000013        276.25000000000034        276.25000000000000     
   1.0000000000000000        276.25000000000000        276.25000000000000     
   1.0000000000000000        276.25000000000000        276.25000000000000     
 
 part:           2
 comp:           0
  0.99999999900154357        276.25006957654551        276.25006985236917     
  0.99999999990469834        276.25006982604208        276.25006985236917     
  0.99999999999051326        276.25006984974846        276.25006985236917     
  0.99999999999905187        276.25006985210723        276.25006985236917     
  0.99999999999990530        276.25006985234302        276.25006985236917     
  0.99999999999999056        276.25006985236655        276.25006985236917     
  0.99999999999999922        276.25006985236894        276.25006985236917     
   1.0000000000000000        276.25006985236917        276.25006985236917     
   1.0000000000000000        276.25006985236917        276.25006985236917     
   1.0000000000000000        276.25006985236917        276.25006985236917     
 comp:           1
   0.0000000000000000        0.0000000000000000     
   0.0000000000000000        0.0000000000000000     
   0.0000000000000000        0.0000000000000000     
   0.0000000000000000        0.0000000000000000     
   0.0000000000000000        0.0000000000000000     
   0.0000000000000000        0.0000000000000000     
   0.0000000000000000        0.0000000000000000     
   0.0000000000000000        0.0000000000000000     
   0.0000000000000000        0.0000000000000000     
   0.0000000000000000        0.0000000000000000     
 comp:           2
   0.0000000000000000        0.0000000000000000     
   0.0000000000000000        0.0000000000000000     
   0.0000000000000000        0.0000000000000000     
   0.0000000000000000        0.0000000000000000     
   0.0000000000000000        0.0000000000000000     
   0.0000000000000000        0.0000000000000000     
   0.0000000000000000        0.0000000000000000     
   0.0000000000000000        0.0000000000000000     
   0.0000000000000000        0.0000000000000000     
   0.0000000000000000        0.0000000000000000     
 comp:           3
  0.99999999900154357       -276.25006957654551       -276.25006985236917     
  0.99999999990469834       -276.25006982604208       -276.25006985236917     
  0.99999999999051326       -276.25006984974846       -276.25006985236917     
  0.99999999999905187       -276.25006985210723       -276.25006985236917     
  0.99999999999990530       -276.25006985234302       -276.25006985236917     
  0.99999999999999056       -276.25006985236655       -276.25006985236917     
  0.99999999999999922       -276.25006985236894       -276.25006985236917     
   1.0000000000000000       -276.25006985236917       -276.25006985236917     
   1.0000000000000000       -276.25006985236917       -276.25006985236917     
   1.0000000000000000       -276.25006985236917       -276.25006985236917     
 
 part:           3
 comp:           0
   1.0000000251982275        184.10309668173082        184.10309204265923     
   1.0000000078140250        184.10309348124539        184.10309204265923     
   1.0000000024662798        184.10309249670897        184.10309204265923     
   1.0000000007797569        184.10309218621489        184.10309204265923     
   1.0000000002465761        184.10309208805464        184.10309204265923     
   1.0000000000779741        184.10309205701449        184.10309204265923     
   1.0000000000246576        184.10309204719877        184.10309204265923     
   1.0000000000077973        184.10309204409475        184.10309204265923     
   1.0000000000024658        184.10309204311318        184.10309204265923     
   1.0000000000007798        184.10309204280279        184.10309204265923     
 comp:           1
   1.0000001016416675        86.692661095096284        86.692652283510540     
   1.0000000315193029        86.692655016002504        86.692652283510540     
   1.0000000099481920        86.692653145945698        86.692652283510540     
   1.0000000031452927        86.692652556184314        86.692652283510540     
   1.0000000009946099        86.692652369735910        86.692652283510540     
   1.0000000003145226        86.692652310777348        86.692652283510540     
   1.0000000000994609        86.692652292133062        86.692652283510540     
   1.0000000000314522        86.692652286237220        86.692652283510540     
   1.0000000000099460        86.692652284372798        86.692652283510540     
   1.0000000000031453        86.692652283783204        86.692652283510540     
 comp:           2
   1.0000003938784889        15.130189813939435        15.130183854485482     
   1.0000001221425787        15.130185702525155        15.130183854485482     
   1.0000000385509109        15.130184437767852        15.130183854485482     
   1.0000000121885366        15.130184038900282        15.130183854485482     
   1.0000000038542800        15.130183912801447        15.130183854485482     
   1.0000000012188279        15.130183872926574        15.130183854485482     
   1.0000000003854272        15.130183860317066        15.130183854485482     
   1.0000000001218827        15.130183856329591        15.130183854485482     
   1.0000000000385427        15.130183855068640        15.130183854485482     
   1.0000000000121883        15.130183854669893        15.130183854485482     
 comp:           3
   1.0000000000000000        102.58854749068075        102.58854749068075     
   1.0000000000000000        102.58854749068075        102.58854749068075     
   1.0000000000000000        102.58854749068075        102.58854749068075     
   1.0000000000000000        102.58854749068075        102.58854749068075     
   1.0000000000000000        102.58854749068075        102.58854749068075     
   1.0000000000000000        102.58854749068075        102.58854749068075     
   1.0000000000000000        102.58854749068075        102.58854749068075     
   1.0000000000000000        102.58854749068075        102.58854749068075     
   1.0000000000000000        102.58854749068075        102.58854749068075     
   1.0000000000000000        102.58854749068075        102.58854749068075     
 
 part:           4
 comp:           0
   1.0000000168827459        135.09660701000021        135.09660472919856     
   1.0000000052353761        135.09660543648010        135.09660472919856     
   1.0000000016524009        135.09660495243230        135.09660472919856     
   1.0000000005224350        135.09660479977777        135.09660472919856     
   1.0000000001652054        135.09660475151725        135.09660472919856     
   1.0000000000522424        135.09660473625632        135.09660472919856     
   1.0000000000165206        135.09660473143043        135.09660472919856     
   1.0000000000052243        135.09660472990433        135.09660472919856     
   1.0000000000016520        135.09660472942176        135.09660472919856     
   1.0000000000005225        135.09660472926913        135.09660472919856     
 comp:           1
   1.0000001359205155        47.572115827863456        47.572109361837832     
   1.0000000421492485        47.572111366966496        47.572109361837832     
   1.0000000133032390        47.572109994700973        47.572109361837832     
   1.0000000042060488        47.572109561928450        47.572109361837832     
   1.0000000013300441        47.572109425110831        47.572109361837832     
   1.0000000004205960        47.572109381846474        47.572109361837832     
   1.0000000001330041        47.572109368165115        47.572109361837832     
   1.0000000000420597        47.572109363838699        47.572109361837832     
   1.0000000000133005        47.572109362470563        47.572109361837832     
   1.0000000000042060        47.572109362037921        47.572109361837832     
 comp:           2
   1.0000363538189343       0.12029721313853492       0.12029284003440921     
   1.0000112733986015       0.12029419614354382       0.12029284003440921     
   1.0000035581350089       0.12029326805257466       0.12029284003440921     
   1.0000011249658669       0.12029297535974828       0.12029284003440921     
   1.0000003557386392       0.12029288282722043       0.12029284003440921     
   1.0000001124942199       0.12029285356665842       0.12029284003440921     
   1.0000000355737890       0.12029284431368133       0.12029284003440921     
   1.0000000112494196       0.12029284138763385       0.12029284003440921     
   1.0000000035573788       0.12029284046233640       0.12029284003440921     
   1.0000000011249421       0.12029284016973169       0.12029284003440921     
 comp:           3
   1.0000000000000000        87.594070609004660        87.594070609004660     
   1.0000000000000000        87.594070609004660        87.594070609004660     
   1.0000000000000000        87.594070609004660        87.594070609004660     
   1.0000000000000000        87.594070609004660        87.594070609004660     
   1.0000000000000000        87.594070609004660        87.594070609004660     
   1.0000000000000000        87.594070609004660        87.594070609004660     
   1.0000000000000000        87.594070609004660        87.594070609004660     
   1.0000000000000000        87.594070609004660        87.594070609004660     
   1.0000000000000000        87.594070609004660        87.594070609004660     
   1.0000000000000000        87.594070609004660        87.594070609004660     
 
 part:           5
 comp:           0
  0.99999997033920596        233.30029630826994        233.30030322814218     
  0.99999999080212265        233.30030108227461        233.30030322814218     
  0.99999999709694554        233.30030255085870        233.30030322814218     
  0.99999999908214920        233.30030301400731        233.30030322814218     
  0.99999999970975562        233.30030316042809        233.30030322814218     
  0.99999999990821686        233.30030320672915        233.30030322814218     
  0.99999999997097566        233.30030322137080        233.30030322814218     
  0.99999999999082179        233.30030322600089        233.30030322814218     
  0.99999999999709754        233.30030322746504        233.30030322814218     
  0.99999999999908218        233.30030322792805        233.30030322814218     
 comp:           1
  0.99999991683391942       -134.26475047907437       -134.26476164534836     
  0.99999997421001652       -134.26475818266238       -134.26476164534836     
  0.99999999186010835       -134.26476055244774       -134.26476164534836     
  0.99999999742643264       -134.26476129980895       -134.26476164534836     
  0.99999999918618210       -134.26476153608129       -134.26476164534836     
  0.99999999974264875       -134.26476161079515       -134.26476164534836     
  0.99999999991861832       -134.26476163442166       -134.26476164534836     
  0.99999999997426492       -134.26476164189305       -134.26476164534836     
  0.99999999999186184       -134.26476164425569       -134.26476164534836     
  0.99999999999742650       -134.26476164500284       -134.26476164534836     
 comp:           2
  0.99999950480385236       -15.250469142542583       -15.250476694519891     
  0.99999984643859152       -15.250474352635210       -15.250476694519891     
  0.99999995153260801       -15.250475955369060       -15.250476694519891     
  0.99999998467619644       -15.250476460824583       -15.250476694519891     
  0.99999999515428051       -15.250476620620359       -15.250476694519891     
  0.99999999846765186       -15.250476671150851       -15.250476694519891     
  0.99999999951542906       -15.250476687129954       -15.250476694519891     
  0.99999999984676513       -15.250476692182987       -15.250476694519891     
  0.99999999995154298       -15.250476693780898       -15.250476694519891     
  0.99999999998467648       -15.250476694286201       -15.250476694519891     
 comp:           3
   1.0000000000000000       -190.18261809968541       -190.18261809968541     
   1.0000000000000000       -190.18261809968541       -190.18261809968541     
   1.0000000000000000       -190.18261809968541       -190.18261809968541     
   1.0000000000000000       -190.18261809968541       -190.18261809968541     
   1.0000000000000000       -190.18261809968541       -190.18261809968541     
   1.0000000000000000       -190.18261809968541       -190.18261809968541     
   1.0000000000000000       -190.18261809968541       -190.18261809968541     
   1.0000000000000000       -190.18261809968541       -190.18261809968541     
   1.0000000000000000       -190.18261809968541       -190.18261809968541     
   1.0000000000000000       -190.18261809968541       -190.18261809968541     
 
 part:           6
 comp:           0
   1.0484750697396865        7.3238467650548568E-005   6.9852369182923999E-005
   1.0046463334226214        7.0176926580507905E-005   6.9852369182923999E-005
   1.0004627123368033        6.9884690735899871E-005   6.9852369182923999E-005
   1.0000462521102651        6.9855600002405725E-005   6.9852369182923999E-005
   1.0000046250198797        6.9852692251520112E-005   6.9852369182923999E-005
   1.0000004625000762        6.9852401489650074E-005   6.9852369182923999E-005
   1.0000000462499887        6.9852372413595291E-005   6.9852369182923999E-005
   1.0000000046249988        6.9852369505991120E-005   6.9852369182923999E-005
   1.0000000004624996        6.9852369215230690E-005   6.9852369182923999E-005
   1.0000000000462494        6.9852369186154637E-005   6.9852369182923999E-005
 comp:           1
  -2.6443885352000294E-005  -0.0000000000000000     
  -8.2003066110162796E-006  -0.0000000000000000     
  -2.5881989250807145E-006  -0.0000000000000000     
  -8.1830381368350120E-007  -0.0000000000000000     
  -2.5876543787594811E-007  -0.0000000000000000     
  -8.1828659845859613E-008  -0.0000000000000000     
  -2.5876489343518195E-008  -0.0000000000000000     
  -8.1828642812555969E-009  -0.0000000000000000     
  -2.5876488445985014E-009  -0.0000000000000000     
  -8.1828645844684497E-010  -0.0000000000000000     
 comp:           2
  -1.7884535385594995E-005  -0.0000000000000000     
  -5.5460334896042612E-006  -0.0000000000000000     
  -1.7504513669003467E-006  -0.0000000000000000     
  -5.5343544706764798E-007  -0.0000000000000000     
  -1.7500830791914280E-007  -0.0000000000000000     
  -5.5342380406228447E-008  -0.0000000000000000     
  -1.7500793970282289E-008  -0.0000000000000000     
  -5.5342368886260113E-009  -0.0000000000000000     
  -1.7500793363262417E-009  -0.0000000000000000     
  -5.5342370936950063E-010  -0.0000000000000000     
 comp:           3
  0.94362758653199164       -6.5914622545624243E-005  -6.9852369182923999E-005
  0.99459987260238458       -6.9475157490310948E-005  -6.9852369182923999E-005
  0.99946224987718013       -6.9814806062816625E-005  -6.9852369182923999E-005
  0.99994624751033845       -6.9848614444171662E-005  -6.9852369182923999E-005
  0.99999462497615810       -6.9851993724774226E-005  -6.9852369182923999E-005
  0.99999946249986649       -6.9852331637266241E-005  -6.9852369182923999E-005
  0.99999994625000954       -6.9852365428359821E-005  -6.9852369182923999E-005
  0.99999999462500144       -6.9852368807467620E-005  -6.9852369182923999E-005
  0.99999999946249973       -6.9852369145378336E-005  -6.9852369182923999E-005
  0.99999999994624944       -6.9852369179169394E-005  -6.9852369182923999E-005
 
 part: i_fks+j_fks
 comp:           0
   1.0000000112589078        276.25014281501319        276.25013970473833     
   1.0000000010795662        276.25014000296864        276.25013970473833     
   1.0000000001075144        276.25013973443919        276.25013970473833     
   1.0000000000107470        276.25013970770721        276.25013970473833     
   1.0000000000010749        276.25013970503528        276.25013970473833     
   1.0000000000001077        276.25013970476806        276.25013970473833     
   1.0000000000000109        276.25013970474134        276.25013970473833     
   1.0000000000000013        276.25013970473867        276.25013970473833     
   1.0000000000000002        276.25013970473839        276.25013970473833     
   1.0000000000000000        276.25013970473833        276.25013970473833     
 comp:           1
  -2.6443885352000294E-005   0.0000000000000000     
  -8.2003066110162796E-006   0.0000000000000000     
  -2.5881989250807145E-006   0.0000000000000000     
  -8.1830381368350120E-007   0.0000000000000000     
  -2.5876543787594811E-007   0.0000000000000000     
  -8.1828659845859613E-008   0.0000000000000000     
  -2.5876489343518195E-008   0.0000000000000000     
  -8.1828642812555969E-009   0.0000000000000000     
  -2.5876488445985014E-009   0.0000000000000000     
  -8.1828645844684497E-010   0.0000000000000000     
 comp:           2
  -1.7884535385594995E-005   0.0000000000000000     
  -5.5460334896042612E-006   0.0000000000000000     
  -1.7504513669003467E-006   0.0000000000000000     
  -5.5343544706764798E-007   0.0000000000000000     
  -1.7500830791914280E-007   0.0000000000000000     
  -5.5342380406228447E-008   0.0000000000000000     
  -1.7500793970282289E-008   0.0000000000000000     
  -5.5342368886260113E-009   0.0000000000000000     
  -1.7500793363262417E-009   0.0000000000000000     
  -5.5342370936950063E-010   0.0000000000000000     
 comp:           3
  0.99999998474726470       -276.25013549116807       -276.25013970473833     
  0.99999999853922694       -276.25013930119957       -276.25013970473833     
  0.99999999985453836       -276.25013966455452       -276.25013970473833     
  0.99999999998546008       -276.25013970072166       -276.25013970473833     
  0.99999999999854627       -276.25013970433673       -276.25013970473833     
  0.99999999999985478       -276.25013970469820       -276.25013970473833     
  0.99999999999998557       -276.25013970473435       -276.25013970473833     
  0.99999999999999878       -276.25013970473799       -276.25013970473833     
   1.0000000000000000       -276.25013970473833       -276.25013970473833     
   1.0000000000000000       -276.25013970473833       -276.25013970473833     
