     
 Collinear #          40
 
 part:           1
 comp:           0
  0.99999999939555917        276.25004211990432        276.25004228688113     
  0.99999999994230682        276.25004227094337        276.25004228688113     
  0.99999999999425682        276.25004228529457        276.25004228688113     
  0.99999999999942635        276.25004228672265        276.25004228688113     
  0.99999999999994316        276.25004228686544        276.25004228688113     
  0.99999999999999445        276.25004228687959        276.25004228688113     
  0.99999999999999956        276.25004228688101        276.25004228688113     
   1.0000000000000000        276.25004228688113        276.25004228688113     
   1.0000000000000002        276.25004228688118        276.25004228688113     
   1.0000000000000000        276.25004228688113        276.25004228688113     
 comp:           1
   0.0000000000000000        0.0000000000000000     
   0.0000000000000000        0.0000000000000000     
   0.0000000000000000        0.0000000000000000     
   0.0000000000000000        0.0000000000000000     
   0.0000000000000000        0.0000000000000000     
   0.0000000000000000        0.0000000000000000     
   0.0000000000000000        0.0000000000000000     
   0.0000000000000000        0.0000000000000000     
   0.0000000000000000        0.0000000000000000     
   0.0000000000000000        0.0000000000000000     
 comp:           2
   0.0000000000000000        0.0000000000000000     
   0.0000000000000000        0.0000000000000000     
   0.0000000000000000        0.0000000000000000     
   0.0000000000000000        0.0000000000000000     
   0.0000000000000000        0.0000000000000000     
   0.0000000000000000        0.0000000000000000     
   0.0000000000000000        0.0000000000000000     
   0.0000000000000000        0.0000000000000000     
   0.0000000000000000        0.0000000000000000     
   0.0000000000000000        0.0000000000000000     
 comp:           3
  0.99999999939555917        276.25004211990432        276.25004228688113     
  0.99999999994230682        276.25004227094337        276.25004228688113     
  0.99999999999425682        276.25004228529457        276.25004228688113     
  0.99999999999942635        276.25004228672265        276.25004228688113     
  0.99999999999994316        276.25004228686544        276.25004228688113     
  0.99999999999999445        276.25004228687959        276.25004228688113     
  0.99999999999999956        276.25004228688101        276.25004228688113     
   1.0000000000000000        276.25004228688113        276.25004228688113     
   1.0000000000000002        276.25004228688118        276.25004228688113     
   1.0000000000000000        276.25004228688113        276.25004228688113     
 
 part:           2
 comp:           0
   1.0000000080247491        276.25000221683689        276.24999999999994     
   1.0000000007689298        276.25000021241681        276.24999999999994     
   1.0000000000765730        276.25000002115320        276.24999999999994     
   1.0000000000076545        276.25000000211452        276.24999999999994     
   1.0000000000007658        276.25000000021151        276.24999999999994     
   1.0000000000000766        276.25000000002109        276.24999999999994     
   1.0000000000000075        276.25000000000205        276.24999999999994     
   1.0000000000000009        276.25000000000017        276.24999999999994     
   1.0000000000000004        276.25000000000006        276.24999999999994     
   1.0000000000000000        276.24999999999994        276.24999999999994     
 comp:           1
   0.0000000000000000        0.0000000000000000     
   0.0000000000000000        0.0000000000000000     
   0.0000000000000000        0.0000000000000000     
   0.0000000000000000        0.0000000000000000     
   0.0000000000000000        0.0000000000000000     
   0.0000000000000000        0.0000000000000000     
   0.0000000000000000        0.0000000000000000     
   0.0000000000000000        0.0000000000000000     
   0.0000000000000000        0.0000000000000000     
   0.0000000000000000        0.0000000000000000     
 comp:           2
   0.0000000000000000        0.0000000000000000     
   0.0000000000000000        0.0000000000000000     
   0.0000000000000000        0.0000000000000000     
   0.0000000000000000        0.0000000000000000     
   0.0000000000000000        0.0000000000000000     
   0.0000000000000000        0.0000000000000000     
   0.0000000000000000        0.0000000000000000     
   0.0000000000000000        0.0000000000000000     
   0.0000000000000000        0.0000000000000000     
   0.0000000000000000        0.0000000000000000     
 comp:           3
   1.0000000080247491       -276.25000221683689       -276.24999999999994     
   1.0000000007689298       -276.25000021241681       -276.24999999999994     
   1.0000000000765730       -276.25000002115320       -276.24999999999994     
   1.0000000000076545       -276.25000000211452       -276.24999999999994     
   1.0000000000007658       -276.25000000021151       -276.24999999999994     
   1.0000000000000766       -276.25000000002109       -276.24999999999994     
   1.0000000000000075       -276.25000000000205       -276.24999999999994     
   1.0000000000000009       -276.25000000000017       -276.24999999999994     
   1.0000000000000004       -276.25000000000006       -276.24999999999994     
   1.0000000000000000       -276.24999999999994       -276.24999999999994     
 
 part:           3
 comp:           0
   1.0000000099674664        200.46443495139715        200.46443295327464     
   1.0000000030909328        200.46443357289675        200.46443295327464     
   1.0000000009755672        200.46443314884115        200.46443295327464     
   1.0000000003084424        200.46443301510638        200.46443295327464     
   1.0000000000975362        200.46443297282718        200.46443295327464     
   1.0000000000308435        200.46443295945767        200.46443295327464     
   1.0000000000097535        200.46443295522988        200.46443295327464     
   1.0000000000030844        200.46443295389295        200.46443295327464     
   1.0000000000009752        200.46443295347012        200.46443295327464     
   1.0000000000003084        200.46443295333646        200.46443295327464     
 comp:           1
   1.0000001777347292        37.219064815715377        37.219058200596145     
   1.0000000551159276        37.219060251959064        37.219058200596145     
   1.0000000173958112        37.219058848051851        37.219058200596145     
   1.0000000054999862        37.219058405300451        37.219058200596145     
   1.0000000017392152        37.219058265328094        37.219058200596145     
   1.0000000005499869        37.219058221066142        37.219058200596145     
   1.0000000001739211        37.219058207069324        37.219058200596145     
   1.0000000000549987        37.219058202643147        37.219058200596145     
   1.0000000000173919        37.219058201243456        37.219058200596145     
   1.0000000000054998        37.219058200800845        37.219058200596145     
 comp:           2
   1.0000000350462368       -66.362714114967716       -66.362711789204397     
   1.0000000108679146       -66.362712510428679       -66.362711789204397     
   1.0000000034301553       -66.362712016838799       -66.362711789204397     
   1.0000000010845027       -66.362711861174944       -66.362711789204397     
   1.0000000003429435       -66.362711811963052       -66.362711789204397     
   1.0000000001084479       -66.362711796401300       -66.362711789204397     
   1.0000000000342941       -66.362711791480251       -66.362711789204397     
   1.0000000000108449       -66.362711789924091       -66.362711789204397     
   1.0000000000034295       -66.362711789431984       -66.362711789204397     
   1.0000000000010845       -66.362711789276361       -66.362711789204397     
 comp:           3
   1.0000000000000000        137.00993055221062        137.00993055221062     
   1.0000000000000000        137.00993055221062        137.00993055221062     
   1.0000000000000000        137.00993055221062        137.00993055221062     
   1.0000000000000000        137.00993055221062        137.00993055221062     
   1.0000000000000000        137.00993055221062        137.00993055221062     
   1.0000000000000000        137.00993055221062        137.00993055221062     
   1.0000000000000000        137.00993055221062        137.00993055221062     
   1.0000000000000000        137.00993055221062        137.00993055221062     
   1.0000000000000000        137.00993055221062        137.00993055221062     
   1.0000000000000000        137.00993055221062        137.00993055221062     
 
 part:           4
 comp:           0
  0.99999998011086055        253.09223570820544        253.09224074199230     
  0.99999999383233418        253.09223918100395        253.09224074199230     
  0.99999999805334772        253.09224024930970        253.09224074199230     
  0.99999999938453221        253.09224058622218        253.09224074199230     
  0.99999999980537568        253.09224069273441        253.09224074199230     
  0.99999999993845445        253.09224072641561        253.09224074199230     
  0.99999999998053768        253.09224073706653        253.09224074199230     
  0.99999999999384537        253.09224074043462        253.09224074199230     
  0.99999999999805367        253.09224074149969        253.09224074199230     
  0.99999999999938449        253.09224074183652        253.09224074199230     
 comp:           1
  0.99999992921750303       -117.99218959046290       -117.99219794224530     
  0.99999997805019269       -117.99219535233929       -117.99219794224530     
  0.99999999307215326       -117.99219712481343       -117.99219794224530     
  0.99999999780964155       -117.99219768380009       -117.99219794224530     
  0.99999999930736105       -117.99219786051931       -117.99219794224530     
  0.99999999978096876       -117.99219791640132       -117.99219794224530     
  0.99999999993073629       -117.99219793407272       -117.99219794224530     
  0.99999999997809685       -117.99219793966090       -117.99219794224530     
  0.99999999999307354       -117.99219794142803       -117.99219794224530     
  0.99999999999780975       -117.99219794198686       -117.99219794224530     
 comp:           2
  0.99999997012093855        98.274319203001141        98.274322139345657     
  0.99999999073443768        98.274321228778803        98.274322139345657     
  0.99999999707558274        98.274321851950532        98.274322139345657     
  0.99999999907539505        98.274322048480727        98.274322139345657     
  0.99999999970761977        98.274322110612189        98.274322139345657     
  0.99999999990754140        98.274322130259350        98.274322139345657     
  0.99999999997076205        98.274322136472321        98.274322139345657     
  0.99999999999075417        98.274322138437029        98.274322139345657     
  0.99999999999707612        98.274322139058313        98.274322139345657     
  0.99999999999907541        98.274322139254792        98.274322139345657     
 comp:           3
   1.0000000000000000       -184.41384221972652       -184.41384221972652     
   1.0000000000000000       -184.41384221972652       -184.41384221972652     
   1.0000000000000000       -184.41384221972652       -184.41384221972652     
   1.0000000000000000       -184.41384221972652       -184.41384221972652     
   1.0000000000000000       -184.41384221972652       -184.41384221972652     
   1.0000000000000000       -184.41384221972652       -184.41384221972652     
   1.0000000000000000       -184.41384221972652       -184.41384221972652     
   1.0000000000000000       -184.41384221972652       -184.41384221972652     
   1.0000000000000000       -184.41384221972652       -184.41384221972652     
   1.0000000000000000       -184.41384221972652       -184.41384221972652     
 
 part:           5
 comp:           0
   1.0484750750889931        4.4336740923514325E-005   4.2286881182894198E-005
   1.0046463339589389        4.2483360154951889E-005   4.2286881182894198E-005
   1.0004627123904370        4.2306447846770463E-005   4.2286881182894198E-005
   1.0000462521156288        4.2288837040612250E-005   4.2286881182894198E-005
   1.0000046250204164        4.2287076760583014E-005   4.2286881182894198E-005
   1.0000004625001300        4.2286900740582241E-005   4.2286881182894198E-005
   1.0000000462499941        4.2286883138662204E-005   4.2286881182894198E-005
   1.0000000046249997        4.2286881378471009E-005   4.2286881182894198E-005
   1.0000000004624998        4.2286881202451877E-005   4.2286881182894198E-005
   1.0000000000462497        4.2286881184849956E-005   4.2286881182894198E-005
 comp:           1
  -1.8231929235710929E-005  -0.0000000000000000     
  -5.6537610937268129E-006  -0.0000000000000000     
  -1.7844525921559125E-006  -0.0000000000000000     
  -5.6418552197775727E-007  -0.0000000000000000     
  -1.7840771507709698E-007  -0.0000000000000000     
  -5.6417365281690066E-008  -0.0000000000000000     
  -1.7840733970848774E-008  -0.0000000000000000     
  -5.6417353537956144E-009  -0.0000000000000000     
  -1.7840733352038027E-009  -0.0000000000000000     
  -5.6417355628479258E-010  -0.0000000000000000     
 comp:           2
   6.4100359574904045E-006   0.0000000000000000     
   1.9877661566864892E-006   0.0000000000000000     
   6.2738315469938981E-007   0.0000000000000000     
   1.9835802540794025E-007   0.0000000000000000     
   6.2725115589957569E-008   0.0000000000000000     
   1.9835385241303159E-008   0.0000000000000000     
   6.2724983616744449E-009   0.0000000000000000     
   1.9835381112406225E-009   0.0000000000000000     
   6.2724981441111201E-010   0.0000000000000000     
   1.9835381847398564E-010   0.0000000000000000     
 comp:           3
  0.94362758196760432        3.9903067439565841E-005   4.2286881182894198E-005
  0.99459987214125600        4.2058526617759053E-005   4.2286881182894198E-005
  0.99946224983103316        4.2264141405393017E-005   4.2286881182894198E-005
  0.99994624750572358        4.2284608157555447E-005   4.2286881182894198E-005
  0.99999462497569691        4.2286653889880137E-005   4.2286881182894198E-005
  0.99999946249982052        4.2286858453687972E-005   4.2286881182894198E-005
  0.99999994625000499        4.2286878909974546E-005   4.2286881182894198E-005
  0.99999999462500122        4.2286880955602265E-005   4.2286881182894198E-005
  0.99999999946250007        4.2286881160165004E-005   4.2286881182894198E-005
  0.99999999994624977        4.2286881180621270E-005   4.2286881182894198E-005
 
 part:           6
 comp:           0
   1.0000000306808441        98.943329340397796        98.943326304733034     
   1.0000000095141965        98.943327246099287        98.943326304733034     
   1.0000000030028917        98.943326601849137        98.943326304733034     
   1.0000000009494161        98.943326398671417        98.943326304733034     
   1.0000000003002261        98.943326334438396        98.943326304733034     
   1.0000000000949396        98.943326314126679        98.943326304733034     
   1.0000000000300224        98.943326307703558        98.943326304733034     
   1.0000000000094940        98.943326305672400        98.943326304733034     
   1.0000000000030020        98.943326305030070        98.943326304733034     
   1.0000000000009495        98.943326304826968        98.943326304733034     
 comp:           1
   1.0000000404221951        80.773143006676776        80.773139741649160     
   1.0000000125350108        80.773140754141338        80.773139741649160     
   1.0000000039563277        80.773140061214178        80.773139741649160     
   1.0000000012508614        80.773139842685168        80.773139741649160     
   1.0000000003955496        80.773139773598942        80.773139741649160     
   1.0000000001250835        80.773139751752552        80.773139741649160     
   1.0000000000395548        80.773139744844130        80.773139741649160     
   1.0000000000125082        80.773139742659495        80.773139741649160     
   1.0000000000039553        80.773139741968649        80.773139741649160     
   1.0000000000012510        80.773139741750200        80.773139741649160     
 comp:           2
   1.0000000359721153       -31.911611498069391       -31.911610350141263     
   1.0000000111550313       -31.911610706116278       -31.911610350141263     
   1.0000000035207757       -31.911610462494885       -31.911610350141263     
   1.0000000011131540       -31.911610385663803       -31.911610350141263     
   1.0000000003520035       -31.911610361374262       -31.911610350141263     
   1.0000000001113132       -31.911610353693444       -31.911610350141263     
   1.0000000000352003       -31.911610351264560       -31.911610350141263     
   1.0000000000111313       -31.911610350496481       -31.911610350141263     
   1.0000000000035199       -31.911610350253589       -31.911610350141263     
   1.0000000000011131       -31.911610350176783       -31.911610350141263     
 comp:           3
   1.0000000000000000        47.403911667515914        47.403911667515914     
   1.0000000000000000        47.403911667515914        47.403911667515914     
   1.0000000000000000        47.403911667515914        47.403911667515914     
   1.0000000000000000        47.403911667515914        47.403911667515914     
   1.0000000000000000        47.403911667515914        47.403911667515914     
   1.0000000000000000        47.403911667515914        47.403911667515914     
   1.0000000000000000        47.403911667515914        47.403911667515914     
   1.0000000000000000        47.403911667515914        47.403911667515914     
   1.0000000000000000        47.403911667515914        47.403911667515914     
   1.0000000000000000        47.403911667515914        47.403911667515914     
 
 part: i_fks+j_fks
 comp:           0
   1.0000000068158639        276.25008645664525        276.25008457376231     
   1.0000000006535428        276.25008475430354        276.25008457376231     
   1.0000000000650862        276.25008459174239        276.25008457376231     
   1.0000000000065064        276.25008457555970        276.25008457376231     
   1.0000000000006513        276.25008457394222        276.25008457376231     
   1.0000000000000653        276.25008457378033        276.25008457376231     
   1.0000000000000067        276.25008457376413        276.25008457376231     
   1.0000000000000007        276.25008457376248        276.25008457376231     
   1.0000000000000002        276.25008457376236        276.25008457376231     
   1.0000000000000000        276.25008457376231        276.25008457376231     
 comp:           1
  -1.8231929235710929E-005   0.0000000000000000     
  -5.6537610937268129E-006   0.0000000000000000     
  -1.7844525921559125E-006   0.0000000000000000     
  -5.6418552197775727E-007   0.0000000000000000     
  -1.7840771507709698E-007   0.0000000000000000     
  -5.6417365281690066E-008   0.0000000000000000     
  -1.7840733970848774E-008   0.0000000000000000     
  -5.6417353537956144E-009   0.0000000000000000     
  -1.7840733352038027E-009   0.0000000000000000     
  -5.6417355628479258E-010   0.0000000000000000     
 comp:           2
   6.4100359574904045E-006   0.0000000000000000     
   1.9877661566864892E-006   0.0000000000000000     
   6.2738315469938981E-007   0.0000000000000000     
   1.9835802540794025E-007   0.0000000000000000     
   6.2725115589957569E-008   0.0000000000000000     
   1.9835385241303159E-008   0.0000000000000000     
   6.2724983616744449E-009   0.0000000000000000     
   1.9835381112406225E-009   0.0000000000000000     
   6.2724981441111201E-010   0.0000000000000000     
   1.9835381847398564E-010   0.0000000000000000     
 comp:           3
  0.99999999076637180        276.25008202297175        276.25008457376231     
  0.99999999911568416        276.25008432946998        276.25008457376231     
  0.99999999991194100        276.25008454943600        276.25008457376231     
  0.99999999999119826        276.25008457133083        276.25008457376231     
  0.99999999999912037        276.25008457351930        276.25008457376231     
  0.99999999999991218        276.25008457373804        276.25008457376231     
  0.99999999999999134        276.25008457375992        276.25008457376231     
  0.99999999999999922        276.25008457376208        276.25008457376231     
   1.0000000000000002        276.25008457376236        276.25008457376231     
   1.0000000000000000        276.25008457376231        276.25008457376231     
     
 Collinear #           1
 
 part:           1
 comp:           0
   1.0000000000000000        325.00000000000000        325.00000000000000     
   1.0000000000000000        325.00000000000000        325.00000000000000     
   1.0000000000000000        325.00000000000000        325.00000000000000     
   1.0000000000000000        325.00000000000000        325.00000000000000     
   1.0000000000000000        325.00000000000000        325.00000000000000     
   1.0000000000000000        325.00000000000000        325.00000000000000     
   1.0000000000000000        325.00000000000000        325.00000000000000     
   1.0000000000000000        325.00000000000000        325.00000000000000     
   1.0000000000000000        325.00000000000000        325.00000000000000     
   1.0000000000000000        325.00000000000000        325.00000000000000     
 comp:           1
   0.0000000000000000        0.0000000000000000     
   0.0000000000000000        0.0000000000000000     
   0.0000000000000000        0.0000000000000000     
   0.0000000000000000        0.0000000000000000     
   0.0000000000000000        0.0000000000000000     
   0.0000000000000000        0.0000000000000000     
   0.0000000000000000        0.0000000000000000     
   0.0000000000000000        0.0000000000000000     
   0.0000000000000000        0.0000000000000000     
   0.0000000000000000        0.0000000000000000     
 comp:           2
   0.0000000000000000        0.0000000000000000     
   0.0000000000000000        0.0000000000000000     
   0.0000000000000000        0.0000000000000000     
   0.0000000000000000        0.0000000000000000     
   0.0000000000000000        0.0000000000000000     
   0.0000000000000000        0.0000000000000000     
   0.0000000000000000        0.0000000000000000     
   0.0000000000000000        0.0000000000000000     
   0.0000000000000000        0.0000000000000000     
   0.0000000000000000        0.0000000000000000     
 comp:           3
   1.0000000000000000        325.00000000000000        325.00000000000000     
   1.0000000000000000        325.00000000000000        325.00000000000000     
   1.0000000000000000        325.00000000000000        325.00000000000000     
   1.0000000000000000        325.00000000000000        325.00000000000000     
   1.0000000000000000        325.00000000000000        325.00000000000000     
   1.0000000000000000        325.00000000000000        325.00000000000000     
   1.0000000000000000        325.00000000000000        325.00000000000000     
   1.0000000000000000        325.00000000000000        325.00000000000000     
   1.0000000000000000        325.00000000000000        325.00000000000000     
   1.0000000000000000        325.00000000000000        325.00000000000000     
 
 part:           2
 comp:           0
   1.0000000000000000        325.00000000000000        325.00000000000000     
   1.0000000000000000        325.00000000000000        325.00000000000000     
   1.0000000000000000        325.00000000000000        325.00000000000000     
   1.0000000000000000        325.00000000000000        325.00000000000000     
   1.0000000000000000        325.00000000000000        325.00000000000000     
   1.0000000000000000        325.00000000000000        325.00000000000000     
   1.0000000000000000        325.00000000000000        325.00000000000000     
   1.0000000000000000        325.00000000000000        325.00000000000000     
   1.0000000000000000        325.00000000000000        325.00000000000000     
   1.0000000000000000        325.00000000000000        325.00000000000000     
 comp:           1
  -0.0000000000000000       -0.0000000000000000     
  -0.0000000000000000       -0.0000000000000000     
  -0.0000000000000000       -0.0000000000000000     
  -0.0000000000000000       -0.0000000000000000     
  -0.0000000000000000       -0.0000000000000000     
  -0.0000000000000000       -0.0000000000000000     
  -0.0000000000000000       -0.0000000000000000     
  -0.0000000000000000       -0.0000000000000000     
  -0.0000000000000000       -0.0000000000000000     
  -0.0000000000000000       -0.0000000000000000     
 comp:           2
  -0.0000000000000000       -0.0000000000000000     
  -0.0000000000000000       -0.0000000000000000     
  -0.0000000000000000       -0.0000000000000000     
  -0.0000000000000000       -0.0000000000000000     
  -0.0000000000000000       -0.0000000000000000     
  -0.0000000000000000       -0.0000000000000000     
  -0.0000000000000000       -0.0000000000000000     
  -0.0000000000000000       -0.0000000000000000     
  -0.0000000000000000       -0.0000000000000000     
  -0.0000000000000000       -0.0000000000000000     
 comp:           3
   1.0000000000000000       -325.00000000000000       -325.00000000000000     
   1.0000000000000000       -325.00000000000000       -325.00000000000000     
   1.0000000000000000       -325.00000000000000       -325.00000000000000     
   1.0000000000000000       -325.00000000000000       -325.00000000000000     
   1.0000000000000000       -325.00000000000000       -325.00000000000000     
   1.0000000000000000       -325.00000000000000       -325.00000000000000     
   1.0000000000000000       -325.00000000000000       -325.00000000000000     
   1.0000000000000000       -325.00000000000000       -325.00000000000000     
   1.0000000000000000       -325.00000000000000       -325.00000000000000     
   1.0000000000000000       -325.00000000000000       -325.00000000000000     
 
 part:           3
 comp:           0
  0.99255181589655161        285.62501004215756        287.76836177984154     
  0.99927555392530143        287.55988911972770        287.76836177984154     
  0.99992775290275759        287.74757135102476        287.76836177984154     
  0.99999277725936020        287.76628330360006        287.76836177984154     
  0.99999927774562103        287.76815393788212        287.76836177984154     
  0.99999992777475899        287.76834099570226        287.76836177984154     
  0.99999999277747820        287.76835970142827        287.76836177984154     
  0.99999999927774785        287.76836157200023        287.76836177984154     
  0.99999999992777489        287.76836175905743        287.76836177984154     
  0.99999999999277767        287.76836177776318        287.76836177984154     
 comp:           1
  0.99113911025188217       -241.90705431916697       -244.06972928118049     
  0.99913901750508671       -243.85958951673118       -244.06972928118049     
  0.99991414482181318       -244.04877463108303       -244.06972928118049     
  0.99999141690516502       -244.06763440754773       -244.06972928118049     
  0.99999914171473891       -244.06951979972916       -244.06972928118049     
  0.99999991417171596       -244.06970833309444       -244.06972928118049     
  0.99999999141717422       -244.06972718637252       -244.06972928118049     
  0.99999999914171744       -244.06972907169970       -244.06972928118049     
  0.99999999991417188       -244.06972926023244       -244.06972928118049     
  0.99999999999141731       -244.06972927908572       -244.06972928118049     
 comp:           2
  0.99590534275213638        51.418564651366452        51.629971689150423     
  0.99960213609318083        51.609429986905212        51.629971689150423     
  0.99996032593366768        51.627923318228895        51.629971689150423     
  0.99999603371303858        51.629766909866895        51.629971689150423     
  0.99999960338249705        51.629951211799977        51.629971689150423     
  0.99999996033836158        51.629969641421155        51.629971689150423     
  0.99999999603383727        51.629971484377556        51.629971689150423     
  0.99999999960338370        51.629971668673136        51.629971689150423     
  0.99999999996033839        51.629971687102696        51.629971689150423     
  0.99999999999603384        51.629971688945652        51.629971689150423     
 comp:           3
  0.98409672876897736        69.236945638867184        70.355833542376274     
  0.99845473326821654        70.247115013416348        70.355833542376274     
  0.99984590958423980        70.344992382734574        70.355833542376274     
  0.99998459530712602        70.354749732368660        70.355833542376274     
  0.99999845957418620        70.355725164434133        70.355833542376274     
  0.99999984595785318        70.355822704612635        70.355833542376274     
  0.99999998459579009        70.355832458600247        70.355833542376274     
  0.99999999845957899        70.355833433998669        70.355833542376274     
  0.99999999984595800        70.355833531538522        70.355833542376274     
  0.99999999998459599        70.355833541292512        70.355833542376274     
 
 part:           4
 comp:           0
  0.99918382984908716        99.549885682738676        99.631201695662256     
  0.99991778537854414        99.623010554129650        99.631201695662256     
  0.99999177383868454        99.630382113325055        99.631201695662256     
  0.99999917733807120        99.631119732865699        99.631201695662256     
  0.99999991773335029        99.631193499337087        99.631201695662256     
  0.99999999177333054        99.631200876029297        99.631201695662256     
  0.99999999917733318        99.631201613698977        99.631201695662256     
  0.99999999991773336        99.631201687465932        99.631201695662256     
  0.99999999999177336        99.631201694842630        99.631201695662256     
  0.99999999999917732        99.631201695580287        99.631201695662256     
 comp:           1
   1.0641599600287930        12.460329081708558        11.709075279783519     
   1.0062155197960789        11.781853268978793        11.709075279783519     
   1.0006196180227793        11.716330433856953        11.709075279783519     
   1.0000619425309138        11.709800569541011        11.709075279783519     
   1.0000061940604441        11.709147806503548        11.709075279783519     
   1.0000006194041187        11.709082532432973        11.709075279783519     
   1.0000000619403913        11.709076005048223        11.709075279783519     
   1.0000000061940393        11.709075352309991        11.709075279783519     
   1.0000000006194032        11.709075287036159        11.709075279783519     
   1.0000000000619391        11.709075280508770        11.709075279783519     
 comp:           2
   1.0025396557249133       -28.989557350832488       -28.916120360217381     
   1.0002460300852174       -28.923234595773760       -28.916120360217381     
   1.0000245264563461       -28.916829570181093       -28.916120360217381     
   1.0000024518828126       -28.916191259155898       -28.916120360217381     
   1.0000002451806558       -28.916127449890730       -28.916120360217381     
   1.0000000245179894       -28.916121069182513       -28.916120360217381     
   1.0000000024517981       -28.916120431113871       -28.916120360217381     
   1.0000000002451799       -28.916120367307030       -28.916120360217381     
   1.0000000000245179       -28.916120360926346       -28.916120360217381     
   1.0000000000024518       -28.916120360288275       -28.916120360217381     
 comp:           3
  0.99220459308521569        49.470289557007050        49.858960442000580     
  0.99924481707944357        49.821307806638082        49.858960442000580     
  0.99992471668284821        49.855206894068765        49.858960442000580     
  0.99999247400974700        49.858585203950270        49.858960442000580     
  0.99999924742438129        49.858922919362577        49.858960442000580     
  0.99999992474267207        49.858956689748446        49.858960442000580     
  0.99999999247426974        49.858960066775495        49.858960442000580     
  0.99999999924742689        49.858960404478069        49.858960442000580     
  0.99999999992474276        49.858960438248332        49.858960442000580     
  0.99999999999247446        49.858960441625364        49.858960442000580     
 
 part:           5
 comp:           0
   1.0297592315329629        76.980218751427046        74.755551000819452     
   1.0028982971665097        74.972214802465999        74.755551000819452     
   1.0002890756721696        74.777161011973419        74.755551000819452     
   1.0000289000483462        74.757711439857516        74.755551000819452     
   1.0000028899296673        74.755767039104086        74.755551000819452     
   1.0000002889922153        74.755572604591734        74.755551000819452     
   1.0000000288992139        74.755553161196119        74.755551000819452     
   1.0000000028899214        74.755551216857114        74.755551000819452     
   1.0000000002889922        74.755551022423219        74.755551000819452     
   1.0000000000288991        74.755551002979828        74.755551000819452     
 comp:           1
  0.81001023096252034        53.579801177851976        66.147067197144011     
  0.94570670845068272        62.555725192677187        66.147067197144011     
  0.98333822935263715        65.044939934509500        66.147067197144011     
  0.99478000901608510        65.801780102762507        66.147067197144011     
  0.99835413319946054        66.038197935291180        66.147067197144011     
  0.99948001350795357        66.112671615713012        66.147067197144011     
  0.99983561401372012        66.136193546263286        66.147067197144011     
  0.99994802140091865        66.143628965257761        66.147067197144011     
  0.99998356340189065        66.145979964384381        66.147067197144011     
  0.99999480233233207        66.146723386671511        66.147067197144011     
 comp:           2
  0.77250755491141176       -4.9950692949679789       -6.4660458829309375     
  0.93402028603552600       -6.0394180250939895       -6.4660458829309375     
  0.97964799719412943       -6.3344488989786392       -6.4660458829309375     
  0.99361322357971149       -6.4247486935533304       -6.4660458829309375     
  0.99798516857262509       -6.4530178904751603       -6.4660458829309375     
  0.99936333681674239       -6.4619291895760211       -6.4660458829309375     
  0.99979871761031458       -6.4647443817638059       -6.4660458829309375     
  0.99993635373341572       -6.4656343432509260       -6.4660458829309375     
  0.99997987376070363       -6.4659157457441960       -6.4660458829309375     
  0.99999363556374354       -6.4660047301940846       -6.4660458829309375     
 comp:           3
   1.6085342761126125       -55.047327523667050       -34.222041980169294     
   1.1945393327563747       -40.879575192552075       -34.222041980169294     
   1.0619123318177215       -36.340808398725528       -34.222041980169294     
   1.0196237355065805       -34.893606280483233       -34.222041980169294     
   1.0062102959419945       -34.434570988605508       -34.222041980169294     
   1.0019643467143036       -34.289265935889802       -34.222041980169294     
   1.0006212290257976       -34.243301705969444       -34.222041980169294     
   1.0001964546870932       -34.228765060718196       -34.222041980169294     
   1.0000621249211263       -34.224168021828092       -34.222041980169294     
   1.0000196457000896       -34.222714296142492       -34.222041980169294     
 
 part:           6
 comp:           0
   1.0000000000000000        187.84488552367674        187.84488552367674     
   1.0000000000000000        187.84488552367674        187.84488552367674     
   1.0000000000000000        187.84488552367674        187.84488552367674     
   1.0000000000000000        187.84488552367674        187.84488552367674     
   1.0000000000000000        187.84488552367674        187.84488552367674     
   1.0000000000000000        187.84488552367674        187.84488552367674     
   1.0000000000000000        187.84488552367674        187.84488552367674     
   1.0000000000000000        187.84488552367674        187.84488552367674     
   1.0000000000000000        187.84488552367674        187.84488552367674     
   1.0000000000000000        187.84488552367674        187.84488552367674     
 comp:           1
   1.0580779071131050        175.86692405960639        166.21358680425297     
   1.0199046558974656        169.52201105507515        166.21358680425297     
   1.0064610690323912        167.28750426271660        166.21358680425297     
   1.0020604027479088        166.55605373524423        166.21358680425297     
   1.0006532995031825        166.32217405793438        166.21358680425297     
   1.0002067663742553        166.24795418494847        166.21358680425297     
   1.0000654027809461        166.22445763506099        166.21358680425297     
   1.0000206839281016        166.21702475413196        166.21358680425297     
   1.0000065410089498        166.21467400881184        166.21358680425297     
   1.0000020684690043        166.21393061190537        166.21358680425297     
 comp:           2
   1.0730026318634760       -17.433938005565984       -16.247805446002111     
   1.0245554343545837       -16.646777366037465       -16.247805446002111     
   1.0079296495453032       -16.376644849069177       -16.247805446002111     
   1.0025247416515348       -16.288826957157667       -16.247805446002111     
   1.0008001342381394       -16.260805871434087       -16.247805446002111     
   1.0002531995274186       -16.251919382662628       -16.247805446002111     
   1.0000800862308510       -16.249106671499881       -16.247805446002111     
   1.0000253272427739       -16.248216958115187       -16.247805446002111     
   1.0000080093542771       -16.247935580432156       -16.247805446002111     
   1.0000025328012030       -16.247846598463290       -16.247805446002111     
 comp:           3
  0.74029387580353667       -63.659907672207169       -85.992752004207574     
  0.92087816451818716       -79.188847627502327       -85.992752004207574     
  0.97519138443173259       -83.859390878077832       -85.992752004207574     
  0.99217348750114498       -85.319728655835704       -85.992752004207574     
  0.99752682750511357       -85.780077095191174       -85.992752004207574     
  0.99921809054636357       -85.925513458471272       -85.992752004207574     
  0.99975275608343983       -85.971490819406270       -85.992752004207574     
  0.99992181635902655       -85.986028777758563       -85.992752004207574     
  0.99997527633202477       -85.990625947958748       -85.992752004207574     
  0.99999218169652049       -85.992079686775369       -85.992752004207574     
 
 part: i_fks+j_fks
 comp:           0
   1.0084716833682799        264.82510427510380        262.60043652449622     
   1.0008250702265162        262.81710032614274        262.60043652449622     
   1.0000822923656942        262.62204653565016        262.60043652449622     
   1.0000082270961415        262.60259696353427        262.60043652449622     
   1.0000008226882160        262.60065256278085        262.60043652449622     
   1.0000000822686077        262.60045812826849        262.60043652449622     
   1.0000000082268585        262.60043868487287        262.60043652449622     
   1.0000000008226857        262.60043674053384        262.60043652449622     
   1.0000000000822684        262.60043654609996        262.60043652449622     
   1.0000000000082268        262.60043652665655        262.60043652449622     
 comp:           1
  0.98745945703905147        229.44672523745837        232.36065400139699     
  0.99878241970500325        232.07773624775234        232.36065400139699     
  0.99987859474620544        232.33244419722610        232.36065400139699     
  0.99998786299082187        232.35783383800674        232.36065400139699     
  0.99999878633423267        232.36037199322556        232.36065400139699     
  0.99999987863377449        232.36062580066147        232.36065400139699     
  0.99999998786338107        232.36065118132427        232.36065400139699     
  0.99999999878633805        232.36065371938972        232.36065400139699     
  0.99999999987863364        232.36065397319624        232.36065400139699     
  0.99999999998786315        232.36065399857688        232.36065400139699     
 comp:           2
  0.98745945703905136       -22.429007300533964       -22.713851328933050     
  0.99878241970500325       -22.686195391131456       -22.713851328933050     
  0.99987859474620577       -22.711093748047816       -22.713851328933050     
  0.99998786299082176       -22.713575650710997       -22.713851328933050     
  0.99999878633423267       -22.713823761909246       -22.713851328933050     
  0.99999987863377460       -22.713848572238650       -22.713851328933050     
  0.99999998786338096       -22.713851053263689       -22.713851328933050     
  0.99999999878633805       -22.713851301366113       -22.713851328933050     
  0.99999999987863375       -22.713851326176353       -22.713851328933050     
  0.99999999998786326       -22.713851328657377       -22.713851328933050     
 comp:           3
  0.98745945703905147       -118.70723519587422       -120.21479398437687     
  0.99878241970500325       -120.06842282005439       -120.21479398437687     
  0.99987859474620566       -120.20019927680336       -120.21479398437687     
  0.99998786299082199       -120.21333493631894       -120.21479398437687     
  0.99999878633423256       -120.21464808379667       -120.21479398437687     
  0.99999987863377449       -120.21477939436107       -120.21479398437687     
  0.99999998786338096       -120.21479252537571       -120.21479398437687     
  0.99999999878633816       -120.21479383847677       -120.21479398437687     
  0.99999999987863364       -120.21479396978684       -120.21479398437687     
  0.99999999998786326       -120.21479398291785       -120.21479398437687     
