   0.0000000000000000        0.0000000000000000        0.0000000000000000        0.0000000000000000        0.0000000000000000        0.0000000000000000        0.0000000000000000        0.0000000000000000        0.0000000000000000        0.0000000000000000     
   5.3792858165481613E-002   3.0038602989875965E-003   2.0183801009238819E-002   1.5464726871483266E-002   1.6188933545162140E-002  0.14281579789260160        7.8345157022829598E-002   7.8697317940608608E-002   1.8124436480289496E-002   1.4678576841785465E-002
   1.0135842105667332        1.2758519284373853        1.0558133576912614        1.0860398935516045       0.99403442366986328       0.99664320546565011       0.83566130590300958       0.82757324942367061        1.3038799117456970        1.1751734254288799     
  0.10286883083672839        6.0201624500757847E-003   4.0447919833025647E-002   3.0815253122080281E-002   3.2928184394229280E-002  0.23805368465322008       0.11910977085259368       0.13876754128511662        3.4619380069836989E-002   2.9620163573687297E-002
  0.99152582265582556        1.1618925229080972        1.0185940842492596        1.0657403309852402        1.0089609026776378        1.8532670093023733        1.3216852499543097        1.1322016783184106        1.3925128524936332        1.1183429142098018     
  0.14013964056657707        9.4118788832246378E-003   5.6391740679845204E-002   4.5632200773870896E-002   4.9093768472752354E-002  0.28755055602145163       0.14021128225288096       0.17907025021614931        4.8336203130279635E-002   4.3714231076872626E-002
   1.1442657153130766        1.5753221941321907       0.85452315550965641        1.0661133570145109        1.1739070188522109        1.1771142485360711        1.1430121582337474        1.1018799134053512        1.1794198492148147        1.1864046247593039     
  0.17547900971800195        1.3057546568397560E-002   7.2783279083657906E-002   6.0888407173975909E-002   6.6496673661961436E-002  0.32714899723501129       0.15543940474298973       0.21027018716986132        6.0963945415243949E-002   5.7846286489925125E-002
   1.1385921053616419        1.1938011286700285       0.94132680901252586        1.1027416501789142        1.1625145996412416        1.2211449638146830        1.1715106618759072        1.2361798577094341        1.3908276955465511        1.1663293501899954     
  0.20579437074248999        1.7242661139752667E-002   9.1481481252985455E-002   7.6318352677088169E-002   8.2671008504451388E-002  0.35280452457034389       0.16753641572804628       0.23416655859127994        7.1709542119251360E-002   7.4992074724025914E-002
  0.89848183133463866        1.1844269034152688        1.0656035260092838        1.1930896152047823        1.0628113203036373        1.1436754665768665        1.0680972682430157       0.97645489456979440        1.2056300360344707        1.0598794501260156     
  0.23526218877579991        2.1806141053085568E-002  0.10888890808277808        9.1837106231599269E-002   9.9771028764290531E-002  0.37751872247761614       0.17821359830993483       0.25506149687026047        8.2074721864747915E-002   9.1460293618921537E-002
   1.0244189321830035        1.1368867659476216        1.0086255888909246        1.1008191028728049        1.1039808545647338        1.2732895220189206        1.1091316368546402        1.0722935160481133        1.1959439642157534        1.0704154150583625     
  0.26202181501594701        2.6544275788494595E-002  0.12462170387382131       0.10782716838721788       0.11434949341786672       0.39785286105962070       0.18800960886939014       0.27388613555473384        9.2210274737431944E-002  0.10832049275873380     
   1.0099114341325492        1.1858341908831855        1.0952238723772685       0.98464456419291746        1.0788152040268961        1.0600089920437370        1.0559797030102058        1.2013489442898175        1.0878647730399411       0.91762877149651190     
  0.28727680309403891        3.1496742001694195E-002  0.13936844179063620       0.12366433786106296       0.12856763415653460       0.41764751971882408       0.19733019953227776       0.29156593106230627       0.10257432928999778       0.12417984213665191     
  0.86963667184862325       0.96093173854343961        1.0049534515840710        1.1098026548178719       0.89630211788834591        1.3801949138154690       0.94265440557058311        1.0254252178384351       0.97722058109428567        1.0553354776669330     
  0.31142937220625400        3.6827319117257631E-002  0.15512334958108889       0.13953242627762161       0.14462884816445357       0.43614818917870424       0.20598325758953687       0.30805560084161276       0.11646235870210560       0.14065711626595825     
   1.0117031889786241        1.0417338294975547       0.92016058889567365       0.92789167926537941        1.0124079334847171        1.0455373185196040        1.0258823870341118       0.86230048552332295        1.1503163693226757        1.1188280611999537     
  0.33346887435748451        4.2661185774479318E-002  0.17080586531993303       0.15497578058049560       0.16018176888011990       0.45357836978834015       0.21437744074618859       0.32437136515262049       0.12993497761838138       0.15727137659080107     
  0.97968126161775482        1.1050818825728923       0.98714594490947005       0.98968078128281911        1.0627189733635103       0.98546839743716586        1.1018306859405065        1.0656226562297890        1.3442284003690432        1.0783450778887824     
  0.35363016187428920        4.8762962804602260E-002  0.18606268872660683       0.17001270580723152       0.17583178683036552       0.46793028367004719       0.22250684392621203       0.34079941898788174       0.14471725009954653       0.17344313691486421     
   1.1920777285101476        1.0291512678810806        1.0453120878709872       0.98581203007600282       0.98077495464171072        1.0377457233914580        1.0455815332843224        1.1985917526303171       0.96543294637389732        1.2471557497539494     
  0.37334386762127719        5.5093559825543863E-002  0.20168317129400531       0.18534598304162769       0.19072895969048828       0.48168849626296500       0.23031058972398646       0.35690036772025935       0.15930148883845124       0.18989194540285598     
  0.96893595245084574        1.2519673265021669       0.92243139366222926        1.0019095230561736        1.0721865754821218        1.1947548009178131        1.3544363204347489        1.1009180139740544        1.0436605459803456        1.0352510502732977     
  0.39290238020389545        6.1573063563057494E-002  0.21770123638762529       0.20019297854754656       0.20700038553081532       0.49440066139264294       0.23734982572782121       0.37255816664737679       0.17490552892473463       0.20615827387611399     
   1.0579181902180348       0.91739863945389732        1.1355149003937921       0.99417282330458512       0.93622991467133898        1.0048743095768859       0.98007460102511290        1.1305362493053419       0.97403550883126400        1.0664631680723493     
  0.41341201132566374        6.8261405087372662E-002  0.23309280766465060       0.21523089134046805       0.22324937068469008       0.50668045663241901       0.24467852573741933       0.38709675460480825       0.19065927310633882       0.22187137175154745     
   1.0892319062005391       0.90367907383830948       0.96144654152875753        1.0047536057889968       0.86902663637299460        1.0119292908248931       0.86923818565891575        1.0680545803457884        1.1046393138282045        1.0960771975194670     
  0.43446665076852670        7.5197996407859707E-002  0.24578424247996769       0.23088389000027160       0.23892470511748709       0.51866471306791895       0.25280420647567153       0.40019883756205493       0.20765413355044973       0.23874225962587303     
   1.0224901423955126       0.98026956751999383       0.93576335369173491       0.98142947705729211        1.1242011459819818       0.89314744521301870        1.0235039769162537       0.98438813757606891        1.1146584309538397        1.0317094994183489     
  0.45461063256999762        8.3309292148487216E-002  0.25914679092106258       0.24679180138244766       0.25473548822490300       0.53072603577113908       0.26071527622962160       0.41393153051197895       0.22484355895570116       0.25545705187625256     
   1.0930711367938533       0.99819590669283698       0.86521875453619757        1.0809609598478283        1.0398493946050216        1.0961423316559815        1.2847276416906401       0.94404455021154654       0.98922179194980442        1.2047077357819957     
  0.47355144220875939        9.2411908245699462E-002  0.27297251601120465       0.26311342505048407       0.27060869488780304       0.54229929404800992       0.26802846706419131       0.42810874698795653       0.24378454264743676       0.27279934738426220     
   1.0142174898840173       0.98485660735748992        1.1040549084669029        1.0123543560107324        1.1153601113233764       0.99202294024602322        1.0962923465234546       0.93621017224219116        1.0061727577742414       0.97287474512670513     
  0.49082764496389297       0.10173828114773489       0.28613025957719651       0.27866376802521159       0.28700188050360814       0.55372077230276062       0.27515262273433189       0.44224208264142806       0.26250171587653454       0.29050410188228298     
  0.90307727169452168        1.1838805443529767        1.0880013833585283       0.96646381788228064       0.99436245635507581       0.98760170235339173        1.0148464465326386       0.99704672679889073        1.0239230803269437        1.2691737157665788     
  0.50707676270091473       0.11156788376962688       0.29924512462773439       0.29385201123124910       0.30197563501417540       0.56487762909501926       0.28200785673827111       0.45595337823487181       0.28147118330693882       0.30764780274528747     
  0.88686782012311438       0.99298866683181608        1.0354358564079309       0.99534256346707550        1.0364603246678561       0.95656345422481814        1.0481715015555058        1.0980376930286320       0.94654026685937787        1.1856946222000486     
  0.52365768084103581       0.12152553440608217       0.31223129681859252       0.31020170157285099       0.31650181132804439       0.57585743280701107       0.28900607785128896       0.46958144074741265       0.29969821408826386       0.32447137667543441     
  0.86167011558673201        1.1637457986548818        1.0096577172171382        1.1106093744572976        1.0708733447964072        1.0333284140902235       0.98304140439414101       0.94610533944617781        1.0534130455238790       0.88696778370539864     
  0.53995203678729209       0.13127667483487379       0.32484990838865790       0.32626434063787768       0.32974804224399451       0.58671459693938099       0.29606388725491578       0.48265935966097367       0.31899485609174733       0.33968749179799312     
  0.98485271201601587       0.96543459772850404       0.88164748000432092        1.0355498096524285       0.90755524963885914       0.91849494483104699        1.0867614298777828        1.0462001754740531       0.98638129355363358       0.88821406274706516     
  0.55630716144089842       0.14129921294816436       0.33812208923985898       0.34288271380605984       0.34304393220933321       0.59742217808561471       0.30302240159901295       0.49567844103634690       0.33853685600410066       0.35386157818120767     
   1.0749320677532723       0.90332943862719861        1.0366756189424919        1.1185396007171819       0.89396389445380042        1.2738120676659199       0.99959959482347827        1.1702636694670343        1.1361804832015130       0.91420175851655872     
  0.57187151761154353       0.15228006905046321       0.35223994390283175       0.35989644651946323       0.35901292023248282       0.60724750541952377       0.31047142371828634       0.50833222183096194       0.35696006347091203       0.36899325356365337     
  0.96409060498104548       0.92731918681095349        1.1351010375425772        1.0018851011126442        1.0343604837977811       0.93325033558170256        1.1731803266376337        1.1456290721812077       0.96568255389490221       0.96062861245185605     
  0.58754695448827721       0.16431674295775808       0.36627928147073435       0.37723030774917010       0.37520458301273291       0.61658986453146913       0.31784718327605471       0.52107067371744198       0.37531224862387247       0.38420345308093395     
   1.1170295688088538        1.0158081778954411        1.0938030958789164        1.1741928308156226        1.2253636393329255       0.98167265129694736        1.0723626867848999       0.99392206751757750        1.0895331914904367       0.92305294430190188     
  0.60231034799729044       0.17722213416491159       0.38023346203019587       0.39432427706545214       0.39088334879250880       0.62572738826125374       0.32512709277949658       0.53402290711913281       0.39268572488943559       0.39957148208646992     
   1.2447623226127960        1.0666677781726086        1.0278264999283053       0.93254458667981288        1.2585877016405320       0.98245905767143549       0.91551357474277273        1.0498421907403663        1.1376147574307811        1.1193169418994187     
  0.61668383628240364       0.19031203187130186       0.39448674384287197       0.41037361181370691       0.40678065573670119       0.63475447450556044       0.33268933436674353       0.54683703056080601       0.41006683683115430       0.41493246895761104     
  0.97585458388895907       0.94654007003316065        1.0936607852531879       0.99141393765826913        1.0833720812391334        1.0537701459802911        1.0085411159636950        1.1257707959963938       0.93522314812873764        1.1111607997520960     
  0.63035306153288373       0.20338613484660778       0.40945311584207278       0.42549124295140822       0.42235363276148530       0.64379079594335975       0.33934139306091560       0.55952221991601525       0.42686238874458693       0.42980954347495903     
   1.0883952777219570        1.0379021433340654        1.1960105386678528        1.0116646366516664        1.0610143119838231       0.94432014218334048       0.98864473247811246        1.1592506189477545       0.98373809137279067        1.2702392428394873     
  0.64378629816762645       0.21742870366049133       0.42461737252757598       0.44002705199686504       0.43827523541835189       0.65306109893315922       0.34583017159431484       0.57161681758975025       0.44339550952365686       0.44451674372609690     
   1.1020699940356433        1.3350618551137625       0.91574379525379090        1.0004569043680591        1.1345591971254450       0.87670702813309653       0.88943150350154332        1.1053649238557313        1.0271745812468123        1.0164902575565513     
  0.65716343189931481       0.23289103037723943       0.43981041439520702       0.45412771830887166       0.45320214498978212       0.66215541236737674       0.35285007353232145       0.58350387910656931       0.45981429479890407       0.45874996051636163     
  0.81251960166331683        1.0887038289783841        1.1862251865858500       0.85785068119778951        1.0148082414196433       0.93923812052690459       0.95496169337798198       0.96260989960158039       0.86430846718716015        1.0857564462547322     
  0.67027273183132974       0.24906949871273792       0.45494173845362601       0.46841012647593500       0.46847979386812150       0.67087474484919996       0.36007152936493203       0.59588080665552778       0.47672833445732138       0.47294391151362342     
   1.0652416820455963        1.0985168941553569        1.3901794019183860       0.97168714424057478       0.99934730193999266       0.97383582962638071       0.86274841177728290       0.94099268587534890       0.94202388266978576       0.98129692812136815     
  0.68231314998656334       0.26545828383566195       0.47044656758547382       0.48301890040681050       0.48434533515093048       0.67942097811172097       0.36731107173515115       0.60901316621505730       0.49265838012128593       0.48773904671487567     
  0.88054987273818253       0.99087787790319093        1.1781047255683486        1.1177048302532073       0.94983304496133847       0.97140638260093015       0.91287365245576235        1.0580795964306906        1.0968029088228277        1.0051635368434346     
  0.69446024423215003       0.28228706510661222       0.48668690143781118       0.49791051595629021       0.50055294562726760       0.68799724222492098       0.37471542247911671       0.62165571153598165       0.50849703695910731       0.50324165892330541     
  0.97117545768697233       0.95696162388634087        1.2154630197859306        1.0470161979766388        1.1118219842014843        1.0332859670792607       0.97824418825799475        1.0324104730401087       0.94073235863707505       0.85867649451508343     
  0.70687819172924615       0.29964951857731353       0.50091998216869360       0.51341886653997781       0.51748512336883246       0.69634919041683652       0.38235628433296259       0.63347434288314042       0.52400745542927807       0.51869944507746202     
  0.96033599140009251        1.1009384860809230        1.0541110019494708        1.0553529137539359       0.95093045983702174       0.93174108066769101        1.0227623598724049       0.91441037802732739       0.99779488836814112        1.0637414338972153     
  0.71906087332783120       0.31733883683162678       0.51513218356360868       0.52938098968422109       0.53414455225604762       0.70449038720152224       0.39005345401790842       0.64510801773500726       0.53868992492847489       0.53391098200408404     
  0.96359552120905256       0.90023861110748860       0.89124406207058382        1.1521805578055855       0.92674247156448375       0.83751978382872294        1.1530006864960718        1.1248138323990611        1.2052599170271476       0.96788136555042859     
  0.73101912402835778       0.33409815635511880       0.52836147010297441       0.54519864230860171       0.55049663667269588       0.71270161643646179       0.39784133718795461       0.65693144746788590       0.55500391430166862       0.54876293771212004     
  0.96796113656832394        1.0120432533276951        1.1159971900891010        1.0181393208785354        1.1486490386817230       0.98327681446015813        1.2285908377256571        1.1517984037391218       0.96174998941756240        1.1427710242063125     
  0.74273424250359632       0.35272020281948130       0.54136562639075081       0.56057840990228336       0.56728748239529569       0.72111418808821459       0.40592249222165999       0.66832369912218947       0.57154656576215623       0.56290186071789627     
  0.90991348607814859        1.0059653275633365       0.95365005260621571       0.96346539856952984        1.1389720978713160       0.92848702600334743        1.0683652403713169        1.0797473958761630        1.1099468076769530       0.92566731236122579     
  0.75431311398811174       0.37223578481195257       0.55455794844614492       0.57590390919020928       0.58249107380544896       0.72947093647777339       0.41431032489900294       0.67919754121204079       0.58651872888181400       0.57800848563705576     
   1.0815021425016480        1.0388911487241188       0.87199430541273870       0.94597851768421071       0.93263807000347287        1.0703985481532139       0.92482416605228512        1.1114982428750795        1.0285756339294068        1.0541539584816444     
  0.76548418604721635       0.39334401934265750       0.56785858316830262       0.59120886121273664       0.59826835638868259       0.73780090847652624       0.42290387828725218       0.69009409645501874       0.60139245555104437       0.59310638738678645     
  0.97614783792194926        1.0389540804338084        1.1262725403438969        1.1554135067525306       0.85913839600201669        1.0374580635663744       0.96774813661306069        1.1101625614127577        1.2172473328515312        1.0756709946693284     
  0.77638567425801763       0.41557165546606883       0.58145004570143732       0.60652370346626483       0.61392038314472130       0.74593271125712124       0.43140590462952899       0.70102821142774807       0.61609627996519090       0.60833041093087281     
   1.0013080508689289        1.2008856323043136        1.0931248165160801       0.90915267605975769        1.0028505971135870       0.91776283741255638        1.0387208568538191       0.86465799768152918       0.93882689335100400        1.0228950254235092     
  0.78737564170103758       0.43986200153925697       0.59523659227673298       0.62249373643759831       0.63002769292258221       0.75408660459379306       0.43984158656600730       0.71201848696040881       0.63076442823042178       0.62341290757063583     
  0.99580917888966147       0.96450402653521683        1.0560054911929755        1.0981555143806436        1.1143371332234768        1.1239147576289599        1.0894169114420127       0.98853345099330592       0.89403154643846205       0.95731583441616908     
  0.79825008539236719       0.46471499956804535       0.60977883138066469       0.63842309192726709       0.64597608600143475       0.76182978757387732       0.44836527552355887       0.72262156834449121       0.64595762186064287       0.63897728538793541     
  0.97225493396576013       0.90312725829219986        1.0224958285333552        1.0039645424397783        1.1338923881744682       0.94948151374338874       0.94359602557496947        1.0424479680539533        1.0800394495498045       0.89384011405593788     
  0.80897434204626539       0.48833555748824109       0.62494015123391577       0.65394703364037654       0.66173317729524583       0.76965019353728781       0.45710432764321557       0.73405923977455301       0.66105062314997998       0.65381342260208375     
   1.0248916625106077        1.0591422855244383        1.1214850530613150       0.94688692411677844       0.97254459717707786        1.0454364512017069        1.1844492216607994       0.94212542466016602       0.90662879043375677       0.98937488293323150     
  0.81940688499516401       0.51248421889445950       0.63942715259990857       0.66848677320426975       0.67792576686524031       0.77749009549137038       0.46608920608142995       0.74607254555893299       0.67610037669281620       0.66915516009402043     
  0.94942827060275925       0.83860713591161973       0.97822154529783156       0.93318339515614146        1.0507839674123158        1.0242223866490323        1.0974174856277790       0.95752002262936753        1.2084378111379497       0.95957683061938970     
  0.82912457309289767       0.53645536607015187       0.65371643604118523       0.68394265194357773       0.69370549637849055       0.78556188256339110       0.47539188726268289       0.75739350163716868       0.69098060403680162       0.68389408815242048     
   1.0628394144269646       0.98966861327652478        1.0941940003628916        1.2020035194424643       0.95725272940338579       0.91052641400398149        1.2192120751722539        1.1801031724183579        1.1389066900246809        1.0225520578446046     
  0.83837911301098045       0.56177070421920949       0.66844160711389933       0.69999292050623585       0.70883766278350091       0.79373099927803614       0.48493012329125601       0.76833784171041275       0.70607824392689744       0.70009453096887042     
  0.88770834440828716       0.93032124693211737        1.1118952747518720        1.1458244608460371       0.87164152682876683       0.83816222106681693        1.2242944937935016        1.0307606438697152       0.97867394089276272        1.0152978487590429     
  0.84768956129487139       0.58814153126317870       0.68360757353644874       0.71637794862378235       0.72343576405323129       0.80165809463072912       0.49575735177268015       0.77933560927450862       0.72239433039903556       0.71699678032299097     
   1.0447835583419363       0.86962367948773245        1.2016108784973927        1.0915662720402270        1.0642730038122323        1.0072798566518339       0.97767231607348581       0.94360802815076339       0.85156962929657432        1.1078061373693282     
  0.85696373548152904       0.61540063606573492       0.69792925713092502       0.73215892790063608       0.73778899163645995       0.80959402338448938       0.50716258838187489       0.79053081724731811       0.74090689999500092       0.73227797743540413     
  0.98965134543411437       0.91513085937695893        1.0279364013404610       0.96271451518104845       0.94481709345597364       0.89475974511442735       0.91668256831511152        1.0864960271827602       0.91461476919299356       0.93558405474896966     
  0.86603327638510197       0.64255699997194049       0.71222277941404455       0.74715023816063253       0.75253937850950026       0.81781216683111502       0.51907595753129054       0.80173936005860369       0.75943676425576112       0.74704310851771738     
   1.0865950351384086       0.88528668618907469        1.3349424542853341       0.96599698227402520       0.94477997793518065       0.99312392445345288       0.91081719197029487       0.95262746708880885       0.92641370207797702        1.0388463810059549     
  0.87482459256253908       0.67198055666425327       0.72807453482475670       0.76175887603885650       0.76754656787197362       0.82619824954707610       0.53063579808722627       0.81266290656024631       0.77633094507663059       0.76131486958981409     
   1.0565946037467999       0.91678598569716263       0.98621196337613048       0.98609236828559965        1.0764610153836021        1.2404070410136194        1.0590929627228611        1.0156486861395002       0.89412403171121013        1.0630694618819707     
  0.88353316089786449       0.70208570869831743       0.74402482844953788       0.77724998413094992       0.78219260326945228       0.83464932916357193       0.54156818750787183       0.82374676105147970       0.79322186293331620       0.77610925997454316     
   1.0616221208709660       0.77672438350265138        1.0238937043575840       0.97243774661186233       0.88774031506863282        1.0697733135557734       0.92479230966199355       0.82639596791219161       0.96129679767702370       0.92446768818985392     
  0.89222360546836366       0.73399867722799039       0.76004683440547383       0.79346227990882734       0.79663445854208392       0.84284055298427929       0.55265786442346532       0.83587431159052272       0.81017959007012086       0.79195211761438866     
  0.98264263442619826       0.92567395152847964        1.1409390075239365        1.0695887060252847        1.0148421175123150        1.0011623513507053        1.1704729833523313       0.99778585827624966       0.97026142418317851       0.94556454279416247     
  0.90092363827325339       0.76522834499517789       0.77597684437340142       0.80995971444953507       0.81104122517678490       0.85072133134873140       0.56425991570853939       0.84817310861911610       0.82695340047073373       0.80854052123250886     
   1.1822346475137504       0.91853286094807085        1.0849284836361535        1.2050280523092345       0.92861152641829092       0.82150563688965439       0.89304894573057969        1.1209606139211803        1.1496879294651101        1.1629063879295094     
  0.90958709598244891       0.79480530002327043       0.79219283535744200       0.82711416363260493       0.82657164903328861       0.85857600014142510       0.57647338610263910       0.86128066687088123       0.84258197210916708       0.82458547517407044     
   1.0659394538765488        1.0221014750346817       0.94868211741059794        1.0842607391671539        1.1520632311789567        1.1262755307515515       0.99169635019058300       0.95868884687770417       0.83142476579797875        1.0129651291989374     
  0.91823583829513811       0.82393862594952660       0.80866027263016305       0.84415605536085347       0.84262335418527068       0.86610177928862575       0.58935338321057229       0.87381027567530656       0.85802554413379262       0.84064244097930718     
  0.97068737976322528        1.0081090908411643        1.0245435429894025        1.1609620168109984        1.1876690889391934       0.90872186630214091       0.93231530038289656       0.98599920528345386       0.97265417342457849        1.1121697444820919     
  0.92646737578326976       0.85186703168629685       0.82635956770128816       0.86108075821663232       0.85863991492359282       0.87437249152756635       0.60325546491871906       0.88607625935776879       0.87347069794405829       0.85654131469950712     
   1.1954361099614190        1.0243989294441931        1.0456888799548885        1.0576233950597291        1.4521811648384573        1.0995117755706114       0.96916189564940869       0.85141941178049274       0.90950559694152444       0.90247978627804137     
  0.93467064587742243       0.87840928844447785       0.84431731526603304       0.87758262745404425       0.87450433960114926       0.88311338353999180       0.61836423678166141       0.89810377419888443       0.88972138202076922       0.87248301355168567     
   1.0420900895622094        1.0078579804918952       0.98108824172655729        1.1309525165355150       0.97192255377337056        1.0673966578987391       0.88183334494495447        1.0681710771169490        1.0939206246973652       0.97750052171447432     
  0.94243194241867112       0.89878301481016321       0.86275566329765385       0.89370648046748513       0.89039089393931725       0.89332533727367147       0.63512246238009296       0.91078619781889847       0.90469622578607423       0.88954534322249823     
  0.98720513546277855       0.96906330801723339        1.0293956868592120       0.99697001943952057       0.99750780566179953        1.0136707430591239        1.3121598901340930       0.97897537065458307       0.91454889990607846        1.0033872343726500     
  0.95012167774278788       0.91778458115891715       0.88129239733629405       0.90939462185492337       0.90619273492513408       0.90335317170234852       0.65224574109391953       0.92422291255515332       0.91919821480209796       0.90695811462499620     
   1.0632235886248071        1.0152476694931527        1.0404044714776965        1.1700400386235628       0.90492498539881128       0.99596076776744069       0.96552030528359778        1.0400008970722654       0.92692807798450272        1.0166120319929488     
  0.95800945709615359       0.93535416002243099       0.90052891860756001       0.92425822595285301       0.92152811570247950       0.91443953044101078       0.67498050551179800       0.93645723894551247       0.93436151756304364       0.92303656710945914     
   1.0530256379224037        1.1024948071466576        1.0623315316449615       0.97904975209066292        1.0288426869999221        1.1978065307293215        1.1169794081327962       0.87022805677887372        1.1368814648065746       0.98635347522775185     
  0.96605592237022753       0.95201859189783389       0.91950792318284325       0.93900781824792390       0.93696167646002915       0.92615958995184755       0.69803710900691607       0.94890925128213544       0.95016936939902086       0.93887727689951417     
   1.1982555535401835        1.0715366657464467       0.84309398336198738       0.96622152542723627       0.97771131781150811        1.1692525214475857        1.0545206487358307        1.2696088070466887        1.0102731505601208        1.1215755588314587     
  0.97430758079798163       0.96632458060358550       0.93988945033875204       0.95312476166972682       0.95194395142226440       0.93944132404310321       0.73098398871288650       0.96169244638571183       0.96322026536685978       0.95380240781062975     
   1.2237963243468597       0.85192670070258969        1.0551694503089584       0.88054040559582059        1.1174964344923350        1.0394906414372667       0.95940412664789443        1.0256040525700021        1.1489353166801990        1.0390907670944589     
  0.98258292622809607       0.97914137006254665       0.95958649027219145       0.96696523771581466       0.96701659764900338       0.95518277495266424       0.76899298847195630       0.97518219464071598       0.97514595406928617       0.96875094587749078     
   1.3207183227723891       0.97320803084688334       0.92232582816266040        1.0632034197785860       0.90746356036278086        1.4835478928504058       0.99418545450058393        1.0892036894815762       0.89330522455856198       0.94717738058306467     
  0.99116835439882012       0.98964352041756343       0.98023796437840771       0.98383721001355828       0.98340916550324819       0.97492399431890386       0.85239193996471763       0.98775635296597963       0.98792246498911485       0.98468728929174865     
   1.3828218642543075        1.2723289457007212       0.84776135371078365        1.0310247736020821        1.0865118636283100       0.98226551599793943        1.2891968151329847        1.0655030478448368       0.93080442978895639       0.92522277889075388     
   1.0000000000000000        1.0000000000000000        1.0000000000000000        1.0000000000000000        1.0000000000000000        1.0000000000000000        1.0000000000000000        1.0000000000000000        1.0000000000000000        1.0000000000000000     
   1.3626201609156843        1.6708133379461112       0.94795335863964714       0.96881324917359690        1.2760396358793598       0.83727838340011551       0.76904016013838639        1.0593202092281346       0.92048703286482836       0.99037878513641564     
   10.742155227362099        4.6144330637867919        6.0718705704275351        2.8691281133688817        1.2954746236668750       0.13072164968954081        4.4575025871707137        1.6265174597719347        4.7960979452527619        3.5254342414493873     
   7.9076663232091153       -1.4763095860323516        2.8971334441170438        3.4804046552537407        1.0068180250657996      -0.55229033873394739        3.1989737762783008        3.5155812645586191        8.6023610392823855        5.5754396703653937     
   9.6174484043456712        3.4849082514398839       0.52024991017454258       0.14511755847448127        5.6246712015191136       -8.6300304298125755E-002   1.9436902747355107        2.2784995498406406        2.1905383246428407        1.3048684977761869     
   9.3138284848378561        4.3890672768043537E-002   5.5004604926297658        7.7403137605330388        6.6346074706423277        1.5687245694681267        3.4567723906158108        5.6211883246943106        4.0641501104074891        5.8190583554432269     
   3.7991240961706123        6.0346979597154675       -1.9402125400168189        2.4525230607657975        5.1979559683348855        2.3275087496126816        4.5857373403066557        6.8060113176981218       -1.6176281219276709        1.6327732422821806     
   6.3856621932956434        6.7498208532040156        2.5906122524553380E-002  -1.0859506591841148        1.3825287534906752        2.7893395849312541        2.7111405884016748        1.8695059981647972        4.1886614651639622        3.6128914272866099     
   4.2406678237207247        6.3889623537187674        5.0513715451146268        6.0381437970476446        1.0648560229493722        2.1057183489343516        4.6972563193009256        4.1159290384204912        4.8084266166950167        1.5526789919169628     
  -11.681231259697519        1.3225052822220915        8.2534708988448795        2.8779975530107236        3.6465024773299937        11.592149636640135        3.2933406841560604       0.45952389515636921        1.8153913206359995        2.4716879292298346     
   7.1868656475260848E-002
           1           1           1           1           1           1           1           1           1           1
   6.8210400681037661E-002   3.2907253813656501E-002   2.2362008264724642E-004   6.8238461264319623        2.6924699728992645E-003   4.6300615883535396E-006
   8.5523004054758787E-004   8.5294616696251655E-004   2.9334066511087838E-004  0.38207419163910000        2.9304443531028463E-004   4.6008595310052028E-007
   8.1059592844029919E-003   3.9550316380660333     
