     
 Collinear #          99
 
 part:           1
 comp:           0
   1.0000000508737188        276.25001405386479        276.25000000000000     
   1.0000000048747077        276.25000134663799        276.25000000000000     
   1.0000000004854408        276.25000013410300        276.25000000000000     
   1.0000000000485239        276.25000001340470        276.25000000000000     
   1.0000000000048521        276.25000000134042        276.25000000000000     
   1.0000000000004849        276.25000000013398        276.25000000000000     
   1.0000000000000484        276.25000000001336        276.25000000000000     
   1.0000000000000047        276.25000000000131        276.25000000000000     
   1.0000000000000007        276.25000000000017        276.25000000000000     
   1.0000000000000000        276.25000000000000        276.25000000000000     
 comp:           1
   0.0000000000000000        0.0000000000000000     
   0.0000000000000000        0.0000000000000000     
   0.0000000000000000        0.0000000000000000     
   0.0000000000000000        0.0000000000000000     
   0.0000000000000000        0.0000000000000000     
   0.0000000000000000        0.0000000000000000     
   0.0000000000000000        0.0000000000000000     
   0.0000000000000000        0.0000000000000000     
   0.0000000000000000        0.0000000000000000     
   0.0000000000000000        0.0000000000000000     
 comp:           2
   0.0000000000000000        0.0000000000000000     
   0.0000000000000000        0.0000000000000000     
   0.0000000000000000        0.0000000000000000     
   0.0000000000000000        0.0000000000000000     
   0.0000000000000000        0.0000000000000000     
   0.0000000000000000        0.0000000000000000     
   0.0000000000000000        0.0000000000000000     
   0.0000000000000000        0.0000000000000000     
   0.0000000000000000        0.0000000000000000     
   0.0000000000000000        0.0000000000000000     
 comp:           3
   1.0000000508737188        276.25001405386479        276.25000000000000     
   1.0000000048747077        276.25000134663799        276.25000000000000     
   1.0000000004854408        276.25000013410300        276.25000000000000     
   1.0000000000485239        276.25000001340470        276.25000000000000     
   1.0000000000048521        276.25000000134042        276.25000000000000     
   1.0000000000004849        276.25000000013398        276.25000000000000     
   1.0000000000000484        276.25000000001336        276.25000000000000     
   1.0000000000000047        276.25000000000131        276.25000000000000     
   1.0000000000000007        276.25000000000017        276.25000000000000     
   1.0000000000000000        276.25000000000000        276.25000000000000     
 
 part:           2
 comp:           0
  0.99999999616810420        276.25026702355393        276.25026808211618     
  0.99999999963424935        276.25026798107746        276.25026808211618     
  0.99999999996359057        276.25026807205808        276.25026808211618     
  0.99999999999636058        276.25026808111079        276.25026808211618     
  0.99999999999963618        276.25026808201568        276.25026808211618     
  0.99999999999996336        276.25026808210606        276.25026808211618     
  0.99999999999999611        276.25026808211510        276.25026808211618     
  0.99999999999999956        276.25026808211607        276.25026808211618     
   1.0000000000000002        276.25026808211624        276.25026808211618     
   1.0000000000000000        276.25026808211618        276.25026808211618     
 comp:           1
   0.0000000000000000        0.0000000000000000     
   0.0000000000000000        0.0000000000000000     
   0.0000000000000000        0.0000000000000000     
   0.0000000000000000        0.0000000000000000     
   0.0000000000000000        0.0000000000000000     
   0.0000000000000000        0.0000000000000000     
   0.0000000000000000        0.0000000000000000     
   0.0000000000000000        0.0000000000000000     
   0.0000000000000000        0.0000000000000000     
   0.0000000000000000        0.0000000000000000     
 comp:           2
   0.0000000000000000        0.0000000000000000     
   0.0000000000000000        0.0000000000000000     
   0.0000000000000000        0.0000000000000000     
   0.0000000000000000        0.0000000000000000     
   0.0000000000000000        0.0000000000000000     
   0.0000000000000000        0.0000000000000000     
   0.0000000000000000        0.0000000000000000     
   0.0000000000000000        0.0000000000000000     
   0.0000000000000000        0.0000000000000000     
   0.0000000000000000        0.0000000000000000     
 comp:           3
  0.99999999616810420       -276.25026702355393       -276.25026808211618     
  0.99999999963424935       -276.25026798107746       -276.25026808211618     
  0.99999999996359057       -276.25026807205808       -276.25026808211618     
  0.99999999999636058       -276.25026808111079       -276.25026808211618     
  0.99999999999963618       -276.25026808201568       -276.25026808211618     
  0.99999999999996336       -276.25026808210606       -276.25026808211618     
  0.99999999999999611       -276.25026808211510       -276.25026808211618     
  0.99999999999999956       -276.25026808211607       -276.25026808211618     
   1.0000000000000002       -276.25026808211624       -276.25026808211618     
   1.0000000000000000       -276.25026808211618       -276.25026808211618     
 
 part:           3
 comp:           0
  0.99999982774854701        284.59450295153448        284.59455197335956     
  0.99999994658444391        284.59453677158331        284.59455197335956     
  0.99999998314086336        284.59454717534112        284.59455197335956     
  0.99999999466969258        284.59455045638310        284.59455197335956     
  0.99999999831444097        284.59455149365863        284.59455197335956     
  0.99999999946698048        284.59455182166511        284.59455197335956     
  0.99999999983144450        284.59455192538957        284.59455197335956     
  0.99999999994669797        284.59455195819010        284.59455197335956     
  0.99999999998314437        284.59455196856254        284.59455197335956     
  0.99999999999466993        284.59455197184263        284.59455197335956     
 comp:           1
  0.99999978465414074        255.52623086640310        255.52628589293070     
  0.99999993322077574        255.52626882908356        255.52628589293070     
  0.99999997892299297        255.52628050720139        255.52628589293070     
  0.99999999333613998        255.52628419013931        255.52628589293070     
  0.99999999789274274        255.52628535447107        255.52628589293070     
  0.99999999933362793        255.52628572265513        255.52628589293070     
  0.99999999978927478        255.52628583908486        255.52628589293070     
  0.99999999993336275        255.52628587590314        255.52628589293070     
  0.99999999997892752        255.52628588754612        255.52628589293070     
  0.99999999999333633        255.52628589122796        255.52628589293070     
 comp:           2
   1.0000087304464218       -3.5395882478194558       -3.5395573459036909     
   1.0000027073306224       -3.5395669286556832       -3.5395573459036909     
   1.0000008544936996       -3.5395603704331422       -3.5395573459036909     
   1.0000002701629507       -3.5395583021609478       -3.5395573459036909     
   1.0000000854313957       -3.5395576482930156       -3.5395573459036909     
   1.0000000270157268       -3.5395574415274047       -3.5395573459036909     
   1.0000000085431213       -3.5395573761425587       -3.5395573459036909     
   1.0000000027015721       -3.5395573554660604       -3.5395573459036909     
   1.0000000008543120       -3.5395573489275773       -3.5395573459036909     
   1.0000000002701572       -3.5395573468599277       -3.5395573459036909     
 comp:           3
   1.0000000000000000        7.9276581962494328        7.9276581962494328     
   1.0000000000000000        7.9276581962494328        7.9276581962494328     
   1.0000000000000000        7.9276581962494328        7.9276581962494328     
   1.0000000000000000        7.9276581962494328        7.9276581962494328     
   1.0000000000000000        7.9276581962494328        7.9276581962494328     
   1.0000000000000000        7.9276581962494328        7.9276581962494328     
   1.0000000000000000        7.9276581962494328        7.9276581962494328     
   1.0000000000000000        7.9276581962494328        7.9276581962494328     
   1.0000000000000000        7.9276581962494328        7.9276581962494328     
   1.0000000000000000        7.9276581962494328        7.9276581962494328     
 
 part:           4
 comp:           0
   1.0000001829869163        236.16211667254962        236.16207345798006     
   1.0000000567446363        236.16208685891101        236.16207345798006     
   1.0000000179098671        236.16207768761143        236.16207345798006     
   1.0000000056625138        236.16207479525107        236.16207345798006     
   1.0000000017906097        236.16207388085417        236.16207345798006     
   1.0000000005662395        236.16207359170434        236.16207345798006     
   1.0000000001790605        236.16207350026738        236.16207345798006     
   1.0000000000566238        236.16207347135247        236.16207345798006     
   1.0000000000179061        236.16207346220878        236.16207345798006     
   1.0000000000056624        236.16207345931730        236.16207345798006     
 comp:           1
   1.0000001942440209       -235.07594017178346       -235.07589450969652     
   1.0000000602354904       -235.07590866960831       -235.07589450969652     
   1.0000000190116585       -235.07589897887914       -235.07589450969652     
   1.0000000060108643       -235.07589592270583       -235.07589450969652     
   1.0000000019007658       -235.07589495652073       -235.07589450969652     
   1.0000000006010739       -235.07589465099448       -235.07589450969652     
   1.0000000001900762       -235.07589455437886       -235.07589450969652     
   1.0000000000601075       -235.07589452382632       -235.07589450969652     
   1.0000000000190077       -235.07589451416476       -235.07589450969652     
   1.0000000000060107       -235.07589451110951       -235.07589450969652     
 comp:           2
  0.99999875558919238        20.606523944492313        20.606549587505327     
  0.99999961410552041        20.606541635551597        20.606549587505327     
  0.99999987820313285        20.606547077692145        20.606549587505327     
  0.99999996149181614        20.606548793984526        20.606549587505327     
  0.99999998782287636        20.606549336576826        20.606549587505327     
  0.99999999614926260        20.606549508154917        20.606549587505327     
  0.99999999878229018        20.606549562412528        20.606549587505327     
  0.99999999961492636        20.606549579570288        20.606549587505327     
  0.99999999987822907        20.606549584996049        20.606549587505327     
  0.99999999996149258        20.606549586711822        20.606549587505327     
 comp:           3
   1.0000000000000000        9.3391045896327718        9.3391045896327718     
   1.0000000000000000        9.3391045896327718        9.3391045896327718     
   1.0000000000000000        9.3391045896327718        9.3391045896327718     
   1.0000000000000000        9.3391045896327718        9.3391045896327718     
   1.0000000000000000        9.3391045896327718        9.3391045896327718     
   1.0000000000000000        9.3391045896327718        9.3391045896327718     
   1.0000000000000000        9.3391045896327718        9.3391045896327718     
   1.0000000000000000        9.3391045896327718        9.3391045896327718     
   1.0000000000000000        9.3391045896327718        9.3391045896327718     
   1.0000000000000000        9.3391045896327718        9.3391045896327718     
 
 part:           5
 comp:           0
   1.0000001829442893        31.743380375929455        31.743374568660354     
   1.0000000567314176        31.743376369506993        31.743374568660354     
   1.0000000179056951        31.743375137047540        31.743374568660354     
   1.0000000056611948        31.743374748365781        31.743374568660354     
   1.0000000017901927        31.743374625487110        31.743374568660354     
   1.0000000005661076        31.743374586630519        31.743374568660354     
   1.0000000001790190        31.743374574343019        31.743374568660354     
   1.0000000000566107        31.743374570457370        31.743374568660354     
   1.0000000000179019        31.743374569228621        31.743374568660354     
   1.0000000000056610        31.743374568840057        31.743374568660354     
 comp:           1
   1.0000003001214754       -20.450397520835814       -20.450391383234177     
   1.0000000930683179       -20.450393286517702       -20.450391383234177     
   1.0000000293744278       -20.450391983952724       -20.450391383234177     
   1.0000000092872330       -20.450391573161724       -20.450391383234177     
   1.0000000029368246       -20.450391443293388       -20.450391383234177     
   1.0000000009287038       -20.450391402226533       -20.450391383234177     
   1.0000000002936817       -20.450391389240085       -20.450391383234177     
   1.0000000000928704       -20.450391385133411       -20.450391383234177     
   1.0000000000293681       -20.450391383834766       -20.450391383234177     
   1.0000000000092870       -20.450391383424101       -20.450391383234177     
 comp:           2
   1.0000002019551826       -17.066995688369168       -17.066992241601636     
   1.0000000626267382       -17.066993310451693       -17.066992241601636     
   1.0000000197663892       -17.066992578954448       -17.066992241601636     
   1.0000000062494856       -17.066992348261557       -17.066992241601636     
   1.0000000019762230       -17.066992275329817       -17.066992241601636     
   1.0000000006249354       -17.066992252267404       -17.066992241601636     
   1.0000000001976219       -17.066992244974447       -17.066992241601636     
   1.0000000000624936       -17.066992242668213       -17.066992241601636     
   1.0000000000197622       -17.066992241938916       -17.066992241601636     
   1.0000000000062492       -17.066992241708292       -17.066992241601636     
 comp:           3
   1.0000000000000000       -17.266762785882204       -17.266762785882204     
   1.0000000000000000       -17.266762785882204       -17.266762785882204     
   1.0000000000000000       -17.266762785882204       -17.266762785882204     
   1.0000000000000000       -17.266762785882204       -17.266762785882204     
   1.0000000000000000       -17.266762785882204       -17.266762785882204     
   1.0000000000000000       -17.266762785882204       -17.266762785882204     
   1.0000000000000000       -17.266762785882204       -17.266762785882204     
   1.0000000000000000       -17.266762785882204       -17.266762785882204     
   1.0000000000000000       -17.266762785882204       -17.266762785882204     
   1.0000000000000000       -17.266762785882204       -17.266762785882204     
 
 part:           6
 comp:           0
   1.0484750312716404        2.8107740514353690E-004   2.6808211617842045E-004
   1.0046463295658463        2.6932771404089491E-004   2.6808211617842045E-004
   1.0004627119511087        2.6820616097745473E-004   2.6808211617842045E-004
   1.0000462520716953        2.6809451553167819E-004   2.6808211617842045E-004
   1.0000046250160226        2.6808335606250317E-004   2.6808211617842045E-004
   1.0000004624996903        2.6808224016631614E-004   2.6808211617842045E-004
   1.0000000462499503        2.6808212857720498E-004   2.6808211617842045E-004
   1.0000000046249951        2.6808211741829893E-004   2.6808211617842045E-004
   1.0000000004624994        2.6808211630240824E-004   2.6808211617842045E-004
   1.0000000000462494        2.6808211619081912E-004   2.6808211617842045E-004
 comp:           1
   1.0682621617341358E-004   0.0000000000000000     
   3.3127042462958446E-005   0.0000000000000000     
   1.0455630457750541E-005   0.0000000000000000     
   3.3057282397632534E-006   0.0000000000000000     
   1.0453430634740992E-006   0.0000000000000000     
   3.3056586948111087E-007   0.0000000000000000     
   1.0453408640775053E-007   0.0000000000000000     
   3.3056580067107186E-008   0.0000000000000000     
   1.0453408278195518E-008   0.0000000000000000     
   3.3056581292005854E-009   0.0000000000000000     
 comp:           2
   5.9991696312384822E-005   0.0000000000000000     
   1.8603555778285456E-005   0.0000000000000000     
   5.8716954474701195E-006   0.0000000000000000     
   1.8564379770712835E-006   0.0000000000000000     
   5.8704600661315579E-007   0.0000000000000000     
   1.8563989218674339E-007   0.0000000000000000     
   5.8704477147128475E-008   0.0000000000000000     
   1.8563985354425368E-008   0.0000000000000000     
   5.8704475110946511E-009   0.0000000000000000     
   1.8563986042306594E-009   0.0000000000000000     
 comp:           3
  0.94362761935553552       -2.5296968908123697E-004  -2.6808211617842045E-004
  0.99459987591846610       -2.6663443948701679E-004  -2.6808211617842045E-004
  0.99946225020903146       -2.6793795507648312E-004  -2.6808211617842045E-004
  0.99994624754352590       -2.6806770610613909E-004  -2.6808211617842045E-004
  0.99999462497947678       -2.6808067523154409E-004  -2.6808211617842045E-004
  0.99999946250019822       -2.6808197208433613E-004  -2.6808211617842045E-004
  0.99999994625004274       -2.6808210176901818E-004  -2.6808211617842045E-004
  0.99999999462500455       -2.6808211473748031E-004  -2.6808211617842045E-004
  0.99999999946250029       -2.6808211603432641E-004  -2.6808211617842045E-004
  0.99999999994624977       -2.6808211616401097E-004  -2.6808211617842045E-004
 
 part: i_fks+j_fks
 comp:           0
   1.0000000432097866        276.25054810095907        276.25053616423236     
   1.0000000041431925        276.25053730879148        276.25053616423236     
   1.0000000004126206        276.25053627821904        276.25053616423236     
   1.0000000000412450        276.25053617562634        276.25053616423236     
   1.0000000000041245        276.25053616537173        276.25053616423236     
   1.0000000000004121        276.25053616434622        276.25053616423236     
   1.0000000000000409        276.25053616424367        276.25053616423236     
   1.0000000000000042        276.25053616423349        276.25053616423236     
   1.0000000000000007        276.25053616423253        276.25053616423236     
   1.0000000000000000        276.25053616423236        276.25053616423236     
 comp:           1
   1.0682621617341358E-004   0.0000000000000000     
   3.3127042462958446E-005   0.0000000000000000     
   1.0455630457750541E-005   0.0000000000000000     
   3.3057282397632534E-006   0.0000000000000000     
   1.0453430634740992E-006   0.0000000000000000     
   3.3056586948111087E-007   0.0000000000000000     
   1.0453408640775053E-007   0.0000000000000000     
   3.3056580067107186E-008   0.0000000000000000     
   1.0453408278195518E-008   0.0000000000000000     
   3.3056581292005854E-009   0.0000000000000000     
 comp:           2
   5.9991696312384822E-005   0.0000000000000000     
   1.8603555778285456E-005   0.0000000000000000     
   5.8716954474701195E-006   0.0000000000000000     
   1.8564379770712835E-006   0.0000000000000000     
   5.8704600661315579E-007   0.0000000000000000     
   1.8563989218674339E-007   0.0000000000000000     
   5.8704477147128475E-008   0.0000000000000000     
   1.8563985354425368E-008   0.0000000000000000     
   5.8704475110946511E-009   0.0000000000000000     
   1.8563986042306594E-009   0.0000000000000000     
 comp:           3
  0.99999994146259563       -276.25051999324302       -276.25053616423236     
  0.99999999439380116       -276.25053461551693       -276.25053616423236     
  0.99999999944174156       -276.25053601001315       -276.25053616423236     
  0.99999999994419742       -276.25053614881688       -276.25053616423236     
  0.99999999999442024       -276.25053616269093       -276.25053616423236     
  0.99999999999944178       -276.25053616407814       -276.25053616423236     
  0.99999999999994382       -276.25053616421684       -276.25053616423236     
  0.99999999999999445       -276.25053616423082       -276.25053616423236     
  0.99999999999999956       -276.25053616423224       -276.25053616423236     
   1.0000000000000000       -276.25053616423236       -276.25053616423236     
