  0.00000487803137879  0.00000504844057844  0.00000532635842083  0.00000555387444552
  0.00000579084841666  0.00000603646281238  0.00000627443395622  0.00000655105682308
  0.00000680865375355  0.00000702881527373  0.00000726100149868  0.00000752681201641
  0.00000783119532988  0.00000811340195704  0.00000838650399881  0.00000882989507694
  0.00000926048308143  0.00000971741678228  0.00001017158595899  0.00001072871476708
  0.00001127914616296  0.00001190734024724  0.00001253537786273  0.00001318207017516
  0.00001385690101844  0.00001462385231286  0.00001548641803424  0.00001636458567998
  0.00001724636056762  0.00001816527031283  0.00001912730683248  0.00002011521946065
  0.00002124826058833  0.00002241351293618  0.00002345482867738  0.00002470571883350
  0.00002608747175717  0.00002754272552343  0.00002916587659872  0.00003088827051263
  0.00003257630642300  0.00003444570463345  0.00003647184591651  0.00003863840772770
  0.00004102231567377  0.00004358474456507  0.00004622150914954  0.00004933956578767
  0.00005268261710876  0.00005626156837824  0.00005988529917995  0.00006361077672067
  0.00006754697826419  0.00007181978294328  0.00007675867516084  0.00008190903088923
  0.00008729998437146  0.00009265697715515  0.00009841797917948  0.00010499495024160
  0.00011268930498305  0.00012110351369326  0.00012961645990132  0.00013829841725397
  0.00014760719375690  0.00015830789425700  0.00017026947186011  0.00018387902833538
  0.00019951481363929  0.00021678449105332  0.00023494469443151  0.00025389116923754
  0.00027447778570151  0.00029720854473274  0.00032568250524173  0.00035833487189817
  0.00039425489755115  0.00043397969810097  0.00048120883036584  0.00053773918310163
  0.00060635588676060  0.00069333873120834  0.00080201798835639  0.00092968906267659
  0.00108949780015722  0.00131627253213219  0.00156375699594188  0.00178344697468746
  0.00202483003708599  0.00232981211772526  0.00290287769219953  0.00435427728123647
  0.00607252291088719  0.00883683123018019  0.01429385027845193  1.00000000000000000
  0.00025355478967986  0.00025989465670836  0.00026602911977613  0.00027287607358193
  0.00028145723174169  0.00029110414961386  0.00030113177875327  0.00031061969293859
  0.00032010595969422  0.00033014266696555  0.00034049335644025  0.00035118260044934
  0.00036268000322503  0.00037520949318333  0.00038879786361588  0.00040235901663127
  0.00041805874652543  0.00043492933261808  0.00045121986824309  0.00046719370006695
  0.00048371844741436  0.00050145094161875  0.00052025475545656  0.00054162111942680
  0.00056326685317965  0.00058484855919111  0.00060658303081270  0.00062987867569721
  0.00065597432288517  0.00068213169806453  0.00070763480160382  0.00073341353641672
  0.00075949185149246  0.00078772399408735  0.00081840628543404  0.00085090798509862
  0.00088417527884290  0.00091608515795585  0.00094876794329281  0.00098193147401860
  0.00101438214692473  0.00104747781505013  0.00108079438169323  0.00111380096249631
  0.00114753116332915  0.00118144386845750  0.00121782274739710  0.00125821310176149
  0.00130052926601768  0.00134636641797267  0.00138838985986394  0.00143184995234528
  0.00147759380083811  0.00152926272405171  0.00159685221099454  0.00165849022911667
  0.00171558844589672  0.00177247167919379  0.00183354609465576  0.00190023375566835
  0.00195497796761116  0.00201134169804330  0.00208313519285123  0.00217032480717556
  0.00226512613119309  0.00235091765541010  0.00242574812030305  0.00250727442174945
  0.00258402190226239  0.00266512335268622  0.00275490318804617  0.00288511248170213
  0.00303001198224406  0.00321556877271250  0.00341697597745738  0.00361229633086368
  0.00381628134977622  0.00403249033042223  0.00426494806807184  0.00448770197517924
  0.00473239610776045  0.00500885719473726  0.00529533582652244  0.00560317321489360
  0.00600563148597763  0.00637677668260933  0.00689351323774990  0.00731394538065751
  0.00766101826143982  0.00800400173034848  0.00854107952011879  0.00980183604872337
  0.01070584695372431  0.01147029841942751  0.01178111629039314  1.00000000000000000
 -0.00128072752144843  0.00770796076611369  0.01469017178731736  0.02271756292634912
  0.03084258341785208  0.03911172467512036  0.04793740622309155  0.05737619991265113
  0.06695385197076413  0.07688253957341920  0.08623335410649101  0.09505775914466394
  0.10422699573392201  0.11401426927450868  0.12488143345750302  0.13641820353698497
  0.14681504008834459  0.15703936848931258  0.16732401330100030  0.17750920475732829
  0.18777914184934855  0.19792879139433969  0.20847884953246659  0.21971502519171515
  0.23081773740199313  0.24213204288632570  0.25318039581751606  0.26418971446650191
  0.27530445804874354  0.28589006045699694  0.29503782488901992  0.30218489026227335
  0.30974544174809260  0.31772279595259428  0.32651774229161806  0.33638604186952636
  0.34704216198139476  0.35842277504263859  0.37034613211743156  0.38227202492431289
  0.39438297467133776  0.40559177924222678  0.41766496377635126  0.42898222325098240
  0.44129214079709411  0.45413021145012705  0.46744880626407109  0.47971418448736197
  0.49090187215073233  0.50219085859106960  0.51309981214089861  0.52452410952647188
  0.53629601897337109  0.54946979116452510  0.56215862284866669  0.57404808858137790
  0.58593910117393566  0.59770306337159762  0.60830804515489645  0.61740419918742240
  0.62647221529090613  0.63617518503548509  0.64646347195686160  0.65816816404229217
  0.66970713447938857  0.68120886055900176  0.69184554400266207  0.70224374789990729
  0.71249776776823881  0.72444933613110030  0.73556362539984654  0.74718173768789808
  0.75926273288641444  0.77194595428695123  0.78325419359177317  0.79446607109037137
  0.80464338108033173  0.81427647315263585  0.82362785808665451  0.83469937357417756
  0.84715969164445326  0.86053684213730686  0.87363787387026581  0.88570061104800679
  0.89666916552384290  0.90670748319947936  0.91620759156495291  0.92533290327874751
  0.93437884964547346  0.94355822447847348  0.95289362081930373  0.96236543568639454
  0.97172993201989177  0.98096049264290452  0.99052147726821849  1.00000000000000000
 -0.00240663195560221  0.00831160531660615  0.01627535617123044  0.02401314948090585
  0.03224262211166921  0.04114021978824666  0.05163983012821135  0.06216715171025945
  0.07320930722542796  0.08373473938184800  0.09479871197236046  0.10658340347366525
  0.11751553701031879  0.12864450794880677  0.13849055492317991  0.14832247006002966
  0.15836587664877716  0.16869575228581754  0.17957362166410792  0.18982959598511517
  0.19863493344195665  0.20769803376000939  0.21749337132111274  0.22771825361123910
  0.23698790495484676  0.24507444249399488  0.25364285392082409  0.26343919722642761
  0.27389965370316649  0.28364802755004898  0.29408658340858579  0.30480432541494340
  0.31638590088644519  0.32779934142992012  0.33851613669674796  0.34840559764296608
  0.35803504291079696  0.36785021127234918  0.37822206973312983  0.38778872155131727
  0.39724273099009222  0.40698189439421401  0.41776639472356636  0.42973554643114686
  0.44088924919128802  0.45072640738906805  0.46023597806566913  0.47041932057588443
  0.48164504951638343  0.49343297432258976  0.50540541030529906  0.51833776396170039
  0.53067408774217728  0.54192060290207822  0.55139861784983524  0.56072212540328015
  0.56938997954613180  0.57943689945591159  0.58931418079933606  0.59975280071726422
  0.61122150814631770  0.62416372558649236  0.63591824986790557  0.64687726278363067
  0.65762711839890142  0.66846797124378110  0.67951790067598583  0.68992511169441861
  0.70014586137746693  0.70996470280402435  0.71986341653138330  0.72966235094486909
  0.73942909952991065  0.74929264813999208  0.76003560065594122  0.77131170068524091
  0.78281937057575535  0.79417340008105153  0.80540338070991979  0.81660589462778288
  0.82752567757800544  0.83769937071429734  0.84719666577233865  0.85698312990018932
  0.86779430537472535  0.87922616598122638  0.89068090197577021  0.90223851365706875
  0.91403479898357776  0.92617881041481864  0.93791242580424228  0.94945174999474202
  0.96147695000692013  0.97466107247694267  0.98734905080194524  1.00000000000000000
 -0.00243137963777335  0.00872177746357782  0.01903336039678527  0.03031815910600829
  0.04259144069395050  0.05430113017224859  0.06503350756024316  0.07491170642501462
  0.08445316053097281  0.09439095417784105  0.10440346840121724  0.11370702726539524
  0.12243040624478098  0.13127153690083945  0.14035617805959119  0.14944091361807488
  0.15869570793919291  0.16875732220107340  0.17937069553225418  0.18952953199611874
  0.19945979811293127  0.20980939616805666  0.22019957056041486  0.22945806632475510
  0.23873991644768985  0.24810121774601981  0.25823268330979199  0.26780874182989250
  0.27798584692690531  0.28910566224331113  0.30161500695586174  0.31318711250039916
  0.32224862794707487  0.33118971406258385  0.33991426095189359  0.34803118991317317
  0.35599005905688291  0.36431773347189900  0.37482248135878182  0.38599868974079443
  0.39734140572124127  0.40766593759045738  0.41796857495281264  0.42872361696003092
  0.43997622165723949  0.45160932468584980  0.46364403055825665  0.47638566275856398
  0.48891615184187825  0.50065264696272305  0.51163930926069245  0.52277794828412449
  0.53389116752259036  0.54467044895565986  0.55553260885180578  0.56598913766655490
  0.57608764501106713  0.58601213828767962  0.59575598508817995  0.60558932025420564
  0.61535768520557144  0.62541889140201079  0.63689691233717882  0.64993211264105732
  0.66337083307242595  0.67628498780694191  0.68821331512680095  0.69955938148823826
  0.71052764780802569  0.72119263033498282  0.73237951414368030  0.74302029108255740
  0.75289151543965860  0.76289491285557376  0.77409846969384077  0.78586695989068678
  0.79739076849778068  0.80886003469221801  0.81980739115641332  0.83065381356854284
  0.84112803948970705  0.85304378520622481  0.86478147949971385  0.87818740349785884
  0.88895324573565748  0.89987406470707643  0.90964356556929771  0.91956318081424060
  0.92855281266210687  0.93807101257128700  0.94815328414344890  0.95846946938100552
  0.96847262690682479  0.97840958260804989  0.98953399976452128  1.00000000000000000
  0.70992388205768286  0.71138975272208482  0.71369243496851642  0.71634947163932672
  0.71946218017533226  0.72318246522506435  0.72709229880802440  0.73069192605375533
  0.73353666314472310  0.73593532120267469  0.73811973513837736  0.74030119810634010
  0.74259873031455204  0.74494971880974459  0.74723773091546319  0.74963971570740273
  0.75207024516808940  0.75474508794656325  0.75741450730766646  0.76002311364790287
  0.76261472499298133  0.76525946158293190  0.76780055889151533  0.77013495740515148
  0.77236780955216078  0.77473587570930025  0.77712906705334328  0.77944627892622609
  0.78175720429831297  0.78398936042423994  0.78640869042946138  0.78895368460543380
  0.79167670304884941  0.79426129305816240  0.79701912616121873  0.79984051523138122
  0.80251289924269631  0.80488405590506507  0.80722951576976643  0.80952770860692069
  0.81174506333625063  0.81397375954452067  0.81621100870112084  0.81838082432521697
  0.82074086410155644  0.82331255091413014  0.82642047679715669  0.82979618368307906
  0.83299667182933901  0.83567370409019193  0.83818420952611949  0.84074767544227225
  0.84341034563607331  0.84619230956566582  0.84898107302453563  0.85186154203959741
  0.85472006650165311  0.85775152297868407  0.86058701770997237  0.86352583031554830
  0.86620728470589836  0.86878571140565419  0.87138045693702548  0.87414941864646500
  0.87707578503011063  0.87991427059185412  0.88263605343180052  0.88533485350624730
  0.88816355224869525  0.89100645338775275  0.89408144270492973  0.89732504774062505
  0.90038449536817822  0.90331109568389678  0.90630227340636094  0.90981881831818689
  0.91365948040917400  0.91722803336047065  0.92058993665206468  0.92389590295263568
  0.92735261612469688  0.93093196080628837  0.93474243642759980  0.93862052381881911
  0.94275041681603600  0.94682326263495631  0.95089927675113795  0.95523478196308720
  0.95974716492084955  0.96417704192301656  0.96838565805867916  0.97265918974969523
  0.97726261182921803  0.98291578481569197  0.99032417191408939  1.00000000000000000
 -0.01665001001577697  0.11338722447932374  0.15014770043822651  0.17287365558699863
  0.19290198504753639  0.21067603369321053  0.22466792319352785  0.23637475098867022
  0.24666606823731815  0.25578502986731289  0.26458110519223965  0.27325306999314386
  0.28147751803714743  0.28932710631428638  0.29693337959815752  0.30429201557919422
  0.31072947656249472  0.31744337855981075  0.32422891844129248  0.33150646437174508
  0.33824237981969357  0.34433030444920770  0.34998217408785559  0.35559971431732879
  0.36142900692349939  0.36820448436151376  0.37525175703475783  0.38204767043110749
  0.38865589494336317  0.39490527761914967  0.40097844865417942  0.40755894214648669
  0.41361086360499377  0.42007054989861337  0.42617159608373739  0.43207452709507854
  0.43787095194888526  0.44363967774556012  0.44961171415503981  0.45564945132663021
  0.46137536846767502  0.46690210696839191  0.47224203948333104  0.47780810277263225
  0.48352106765912961  0.48921569467352299  0.49507539792003502  0.50093851166857184
  0.50629402928339495  0.51196432737708986  0.51706734365886264  0.52171787667894087
  0.52627477938236855  0.53108467093932676  0.53616485554481041  0.54139622170192747
  0.54633529001902659  0.55121947415426398  0.55577356555925250  0.56042587278390454
  0.56533798328655105  0.57032970610579359  0.57577398572869876  0.58104909736044374
  0.58669408707034565  0.59269727848098452  0.59891938168181191  0.60510597114111775
  0.61098340753111047  0.61722403945269178  0.62341454532672791  0.62918112588908659
  0.63478324908639516  0.64055857327818699  0.64657435878107927  0.65271679768493762
  0.65916296534755014  0.66546249245672440  0.67272106461786485  0.68054279365987136
  0.68867686490518942  0.69685165421046802  0.70554855876597322  0.71486419230643106
  0.72534252959389500  0.73535634576310538  0.74525237939765299  0.75587080384825722
  0.76834123731087189  0.78076006875975079  0.79328820721873317  0.80708072232603323
  0.82494726738088142  0.84800487902304311  0.88690266068851542  1.00000000000000000
   1.0919148674000000E-006   1.7812946896599999E-002
  <DiscreteSampler_grid>
  Helicity
  1 # 1 for a reference and 2 for a running grid.
  80 # Attribute 'min_bin_probing_points' of the grid.
  1 # Attribute 'grid_mode' of the grid. 1=='default',2=='initialization'
  0.0300000000000000 # Attribute 'small_contrib_threshold' of the grid.
  0.3330000000000000 # Attribute 'damping_power' of the grid.
 # binID   n_entries weight   weight_sqr   abs_weight
    1   1259   2.769949903206363E-005   1.545012969085921E-008   2.769949903206363E-005
    4   1343   2.727942271099071E-005   3.650485566018666E-008   2.727942271099071E-005
    5   530   1.258761972890699E-005   2.586274496823179E-009   1.258761972890699E-005
    8   427   9.614500017110376E-006   1.360623741143130E-009   9.614500017110376E-006
    9   442   1.121916273728223E-005   1.716285253172553E-009   1.121916273728223E-005
    12   567   1.315252959179432E-005   2.761058453234429E-009   1.315252959179432E-005
    13   1157   2.596633529226778E-005   1.315322755550409E-008   2.596633529226778E-005
    16   1267   2.689513007130222E-005   2.053473353101794E-008   2.689513007130222E-005
  </DiscreteSampler_grid>
  <DiscreteSampler_grid>
  grouped_processes
  1 # 1 for a reference and 2 for a running grid.
  10 # Attribute 'min_bin_probing_points' of the grid.
  1 # Attribute 'grid_mode' of the grid. 1=='default',2=='initialization'
  0.0300000000000000 # Attribute 'small_contrib_threshold' of the grid.
  0.3330000000000000 # Attribute 'damping_power' of the grid.
 # binID   n_entries weight   weight_sqr   abs_weight
    10   10   6.967613357940000E+000   1.194288321000000E+002   6.967613357940000E+000
  </DiscreteSampler_grid>
