  0.00010277622774954  0.00013464515328943  0.00016376630991645  0.00018894556814194
  0.00020935514467679  0.00022719143940928  0.00024409495163012  0.00026071603152916
  0.00027729925210907  0.00029398341289299  0.00031093546672317  0.00032925217642728
  0.00034749531610617  0.00036495822968011  0.00038221958780351  0.00039857535097317
  0.00041828080441619  0.00043923273410754  0.00045753513982832  0.00047269002630496
  0.00048773026931302  0.00050466534002434  0.00052035735588532  0.00053497160091114
  0.00054947972679652  0.00056432431924086  0.00058276602767462  0.00059978160012134
  0.00061360877169921  0.00062644773576148  0.00063864782819903  0.00065248931818200
  0.00066748381773101  0.00068203046490681  0.00069568434240727  0.00070878789264953
  0.00072165804980115  0.00073560475984144  0.00074957546797309  0.00076327336327368
  0.00077643119630886  0.00078883274076275  0.00079978995427548  0.00081013901099912
  0.00081987456967865  0.00083023297742418  0.00084120774154408  0.00085310241493814
  0.00086736428735368  0.00088245090717221  0.00089891279087990  0.00091705246932720
  0.00093546831315973  0.00095333905851227  0.00097109826727680  0.00098939552973761
  0.00101013041661265  0.00103219162581711  0.00105360732751623  0.00107439794941865
  0.00109499279114715  0.00111618846290273  0.00114543332778739  0.00117498446678861
  0.00119952442790432  0.00122519493978058  0.00125076475576446  0.00128016297722326
  0.00131381317370411  0.00134820011079407  0.00138593697921865  0.00142364654110943
  0.00146211097374132  0.00150129427228948  0.00154625271155444  0.00159715903633955
  0.00165338952189474  0.00171565477088087  0.00179169028571216  0.00188910896669608
  0.00200285539866699  0.00211782306070807  0.00225378819381377  0.00239536366900336
  0.00255628449531003  0.00274589759878534  0.00297241445970501  0.00321714700771199
  0.00354138355071159  0.00401902726451622  0.00509374769249006  0.00706040019206226
  0.00969396682894130  0.01418054040157105  0.03131859609242609  1.00000000000000000
 -0.00001925040436282  0.00041522329993398  0.00143338704772469  0.00331433681702089
  0.00585182242470504  0.00971857709612399  0.01334556664375462  0.01711351315459164
  0.02213078679053862  0.02736378179785271  0.03305350193656444  0.03889781232187488
  0.04466716921604230  0.05008409581457564  0.05559221689273125  0.06162284077784470
  0.06910251042213410  0.07741220294088123  0.08463579220959365  0.09237805425863198
  0.10034345571014172  0.10833530935466190  0.11627182726862016  0.12444571947390839
  0.13411600887974973  0.14372260481692706  0.15171691970112056  0.15871063294556842
  0.16460037383459206  0.17099444832972160  0.17758897585666455  0.18463176123013819
  0.19168977073051693  0.19838865269622818  0.20676890559770214  0.21590570975349285
  0.22691192406865382  0.23897289384122566  0.25114355367162317  0.26324528366219607
  0.27388019902028354  0.28462896003899818  0.29443760533074709  0.30375531698384783
  0.31283927208397344  0.32220408332551737  0.33308932602231933  0.34481107896965818
  0.35539495584525255  0.36619951669047679  0.37684001845526416  0.38882779158020708
  0.39941115121028103  0.40914524411964448  0.41869346172029370  0.42872286268039056
  0.43948568398578053  0.45023680711409592  0.46095465326945761  0.47323620711416592
  0.48557412084232238  0.49785035437952535  0.50970899793786828  0.52166522083863143
  0.53511620026989304  0.54934131585033774  0.56308741160591735  0.57617258524971848
  0.58876569201190887  0.60119964435955642  0.61578683823023084  0.63085543826895296
  0.64577026893150979  0.65938961311695943  0.67287719670776203  0.68665611734420506
  0.70132836258248887  0.71829971268990822  0.73641548264879109  0.75200516486162838
  0.76591647426735643  0.77904463298902848  0.79297784923660797  0.80780954424142504
  0.82256261004091624  0.83562938655421237  0.84832560156208803  0.86076018607202354
  0.87299033326111664  0.88706157055914292  0.90280027796772355  0.92390324768766063
  0.94714246072816632  0.96622413679155728  0.98361484955115119  1.00000000000000000
 -0.00192714808617696  0.01062221120123332  0.02082027147233807  0.03152075816761600
  0.04297559059679145  0.05536783600217116  0.06678613547476581  0.07774352996804385
  0.08851890486633636  0.10027643232606490  0.11202320069373851  0.12322445172846173
  0.13207741785760957  0.14085554699580854  0.15059739149427623  0.16003322535420250
  0.16938282076697164  0.17847225594451679  0.18843020480942779  0.19921833814465675
  0.21027365117515551  0.22083935450711098  0.23104670157531018  0.24078808489022163
  0.25123689316079928  0.26169964524592598  0.27266626223397350  0.28311434191504331
  0.29296866903409058  0.30331327963410920  0.31358145424147127  0.32761972798787220
  0.34132344101189865  0.35410540458444062  0.36477777418083235  0.37507648509784319
  0.38373654431220622  0.39187481491652182  0.39981713307792249  0.40790033209004495
  0.41693311926742838  0.42816903632426101  0.43985622157718302  0.45221714584311695
  0.46360585467906951  0.47317041233676937  0.48338656988677930  0.49435309663971960
  0.50473260912194617  0.51621834361617958  0.52811655649748490  0.54201840553654412
  0.55300724332979012  0.56210110593355489  0.57056036289750933  0.58023457658496624
  0.59132180043779370  0.60140574822103843  0.61132797091117441  0.62152909796464928
  0.63231918776672280  0.64296511722664651  0.65301125866244880  0.66274916475944867
  0.67207226287543864  0.68048980356693667  0.69006292215048015  0.69930282868987470
  0.71117298628766690  0.72328097270483593  0.73465064262646762  0.74605237312368611
  0.75889964178648595  0.77265701040623069  0.78605256731004736  0.79816199382203790
  0.81000958902730080  0.82227092718272765  0.83446389949559752  0.84683856936598478
  0.85965922214117085  0.87214174579620829  0.88199838076319248  0.89144860942899207
  0.90105907630862569  0.91038896969162875  0.92005444846919959  0.92984127705782549
  0.93868756653459184  0.94719676612912107  0.95633987719316615  0.96447551236345830
  0.97356867591878038  0.98271309963583631  0.99150377132104883  1.00000000000000000
  0.00286316886262681  0.00802332159926901  0.01209626956813312  0.01589148723094022
  0.02005263623467868  0.02570278093130117  0.03274449901211682  0.03872071734501293
  0.04370121772686344  0.04927206852837950  0.05645721583253879  0.06351151675819666
  0.07009402953776557  0.07737795060374875  0.08393970024442227  0.09174034235924157
  0.10044297063083643  0.10922479179693034  0.11833767028269102  0.12754254542956994
  0.13723445323588138  0.14767390277072429  0.15933436757815039  0.17197946195053102
  0.18290871395231603  0.19464583724011489  0.20613127893961106  0.21701190468663967
  0.22707976133203778  0.23745078579069126  0.24873205468128365  0.25789569170291049
  0.26643505093685788  0.27502917567952584  0.28561949477773380  0.29867272501092856
  0.31441432738172453  0.33074661315999981  0.34593440554876975  0.36124252092302139
  0.37733441673155749  0.39333905608514796  0.40914911085090699  0.42493790677679300
  0.44104899501075240  0.45763453449380809  0.47584954316575295  0.49343154772301068
  0.50954111036139516  0.52477474013450320  0.53916090950897566  0.55451188892034853
  0.57016407271976732  0.58514919007662636  0.60104314174050943  0.61635012127844058
  0.63079078059903826  0.64356170661827117  0.65465438294467804  0.66616778955480227
  0.67882275415792803  0.69215669191083418  0.70527979318113121  0.71843118049336752
  0.73107522656546142  0.74332972191684710  0.75624833652306345  0.76937703270304159
  0.78240975009988833  0.79450104100277463  0.80421698616020798  0.81605794964011846
  0.82681803363942818  0.83560326454467448  0.84353656597976179  0.85106042224512524
  0.86098470248336489  0.87138819531580902  0.88003547455276809  0.88724766165387348
  0.89487352487009753  0.90569787777770294  0.91909772912734733  0.92909431181420310
  0.93431896971909267  0.94047917292641625  0.94757954693511259  0.95360570020595736
  0.95807024919105421  0.96250630721337549  0.96767564652569626  0.97620957478777060
  0.98341463975055998  0.98976228890521178  0.99529986551720906  1.00000000000000000
 -0.00272422158003443  0.01126150968922534  0.02098386025797952  0.03259669190481741
  0.04420463553610923  0.05462260184265511  0.06481496732121210  0.07317478899655636
  0.08338814014562165  0.09338691375038138  0.10361810239127936  0.11350206573122275
  0.12309684429299037  0.13277334434455162  0.14258705978300854  0.15293271868393327
  0.16250103875774488  0.17128213567722625  0.17966932431340238  0.18851815781072143
  0.19747963118322864  0.20543748027675252  0.21395545522337447  0.22322796955068197
  0.23321251266961313  0.24421307246998977  0.25615640216870406  0.27110402216181978
  0.28557492461215017  0.29825640625640504  0.30648810587297132  0.31424920094584030
  0.32192166211948253  0.32968424006994373  0.34096438845990257  0.35246389704229636
  0.36302372994337878  0.37366433856014797  0.38514611855420028  0.39616741959845297
  0.40622762303390986  0.41572462514433317  0.42509205753901436  0.43587516330261328
  0.44662561295882425  0.45789021783240019  0.46970369478308355  0.48022130980081940
  0.48978090548298253  0.49933314444182020  0.50976645000626308  0.51993046339155191
  0.53010308152806807  0.54037902415435435  0.55218611605841672  0.56449129911768925
  0.57596764870567640  0.58571451265339203  0.59473878096828159  0.60361134570921926
  0.61344555186064120  0.62460238473231877  0.63637793461152048  0.64888919383445642
  0.66147054434433983  0.67330899340360528  0.68438692194571427  0.69449770024174318
  0.70396155584546294  0.71309215071226972  0.72324356280761692  0.73631707887017250
  0.74829729137203460  0.75865472080287655  0.76767276150760111  0.77707566936303119
  0.78717775477795116  0.79848965099982783  0.80872969577046716  0.81980405395700295
  0.83184256701695569  0.84307547430422880  0.85335174730100627  0.86324826938060317
  0.87357095686062680  0.88507575951785844  0.89694592048199295  0.90924048237424193
  0.92153508286924701  0.93383424945489379  0.94592445572063599  0.95773459796943272
  0.96923088876855434  0.98077059869163774  0.99067344148745595  1.00000000000000000
  0.72384567817659051  0.72603306538301793  0.72948641235683875  0.73284511187303059
  0.73709861681345556  0.74470090506810871  0.74967026458210229  0.75285387579849583
  0.75561600456913636  0.75834290487643452  0.76110757764726822  0.76404930175778019
  0.76736551189298619  0.77018914285137707  0.77273951317274037  0.77523435651233408
  0.77786061959509101  0.78058114610883267  0.78352024304091039  0.78678178564853019
  0.78999781805146241  0.79312333212851815  0.79606192518757413  0.79878319821976251
  0.80174828654488961  0.80514432126126445  0.80886505835041611  0.81195046248146174
  0.81499292171151938  0.81819855352324400  0.82133178214503544  0.82418776298099217
  0.82669319403900920  0.82928632724954876  0.83190173597484007  0.83515207942854963
  0.83895592774597250  0.84236780421997637  0.84513276962152639  0.84792496671367790
  0.85108779192460349  0.85443298182041572  0.85762282036645943  0.86036904611097975
  0.86309993127538065  0.86547494617786980  0.86784942271518317  0.87004536005810063
  0.87224870129005538  0.87464602753155007  0.87714698316151540  0.87965976009686575
  0.88217436334453903  0.88467052373556809  0.88701939279245579  0.88919007556481977
  0.89120416563249261  0.89316182632137930  0.89516455994116362  0.89741380824048778
  0.89981874889377622  0.90264196317577317  0.90526592958702490  0.90786043669810457
  0.91042140959025042  0.91293115093375410  0.91532188344099108  0.91752760867430794
  0.91962757333084588  0.92176227691010171  0.92381046990736049  0.92594712290297354
  0.92798189399231479  0.92991442450085326  0.93190152387164726  0.93385047156193302
  0.93590246644016994  0.93822777115801526  0.94069648841904097  0.94309591641361867
  0.94535341230510839  0.94751165240996071  0.94966600511233668  0.95173147664378965
  0.95383877829918640  0.95611692340572274  0.95837909042923275  0.96150007424041339
  0.96448800523872358  0.96743242578516864  0.97024507534208881  0.97311790666537534
  0.97644973550842107  0.98122482864810823  0.98907835032199032  1.00000000000000000
 -0.00004222719842747  0.14001501521077855  0.18665565379053170  0.21414373971249656
  0.24049281907327003  0.26518112824086271  0.28470995751851219  0.30171880719159094
  0.31722224823892375  0.33219113001015432  0.34574732851439005  0.35798233401464952
  0.36986523672524263  0.38099946055033668  0.39279310004007850  0.40041501948716740
  0.40779084441920083  0.41526902010730504  0.42354651562077450  0.43110319782688816
  0.43824699588670746  0.44487136046966713  0.45153111424332043  0.45892240254085576
  0.46681991797223138  0.47470913218151539  0.48185893884254255  0.48772783223749355
  0.49294545252981714  0.49802448397860188  0.50349413897351658  0.50969721297441251
  0.51665464731743205  0.52392997289866516  0.53075273374401088  0.53705060490148093
  0.54379852779957494  0.54998503674083354  0.55577149629311939  0.56138884312651538
  0.56685053876664615  0.57268466793844641  0.57829444178066658  0.58347237405447028
  0.58823159824037130  0.59274125488375828  0.59729426838203936  0.60193881645969016
  0.60716386776534059  0.61260949849923962  0.61875965033060332  0.62433550474929578
  0.63013449601942795  0.63622489305086294  0.64217987310420366  0.64799322684591054
  0.65430012091102185  0.66056744002298018  0.66702358376702253  0.67222534029710490
  0.67710107179338275  0.68190395339177667  0.68732890699267868  0.69223465058922673
  0.69701935677655291  0.70162986012613915  0.70577171396909877  0.71035368962740930
  0.71520231675278889  0.72101437561481085  0.72710002910570848  0.73215078281670842
  0.73678547542699258  0.74142212887292158  0.74646929305983600  0.75246433997101525
  0.75937652698378033  0.76597953091165993  0.77243761256447141  0.77769228865120810
  0.78321897745118529  0.78903148255446021  0.79501786591564927  0.80112657802176324
  0.80683021108983732  0.81251532854261477  0.81907703028003365  0.82669642629941598
  0.83553164028732785  0.84529668652281276  0.85599060480382205  0.86860078625666504
  0.88331248210923685  0.90117417435149250  0.92798244218561399  1.00000000000000000
   6.7980015729999997E-009   2.4655686956500002E-004
  <DiscreteSampler_grid>
  Helicity
  1 # 1 for a reference and 2 for a running grid.
  80 # Attribute 'min_bin_probing_points' of the grid.
  1 # Attribute 'grid_mode' of the grid. 1=='default',2=='initialization'
  0.0300000000000000 # Attribute 'small_contrib_threshold' of the grid.
  0.3330000000000000 # Attribute 'damping_power' of the grid.
 # binID   n_entries weight   weight_sqr   abs_weight
    1   1061   8.315303178150184E-008   4.454136662601938E-013   8.315303178150184E-008
    2   636   5.864076376538052E-008   1.089712226765202E-013   5.864076376538052E-008
    3   1092   7.663095914329658E-008   4.753293358534704E-013   7.663095914329658E-008
    4   403   3.751732654185280E-008   2.618590732513325E-014   3.751732654185280E-008
    13   809   5.232449981222735E-008   1.285279858851057E-013   5.232449981222735E-008
    14   836   6.991841982463036E-008   1.643919667970678E-013   6.991841982463036E-008
    15   1010   7.134279504811751E-008   3.459885803611850E-013   7.134279504811751E-008
    16   1185   9.196482387051605E-008   1.198027975393569E-012   9.196482387051605E-008
  </DiscreteSampler_grid>
  <DiscreteSampler_grid>
  grouped_processes
  1 # 1 for a reference and 2 for a running grid.
  10 # Attribute 'min_bin_probing_points' of the grid.
  1 # Attribute 'grid_mode' of the grid. 1=='default',2=='initialization'
  0.0300000000000000 # Attribute 'small_contrib_threshold' of the grid.
  0.3330000000000000 # Attribute 'damping_power' of the grid.
 # binID   n_entries weight   weight_sqr   abs_weight
    10   10   4.060383304860000E-001   3.511953426240000E-001   4.060383304860000E-001
    11   10   4.060383304820000E-001   3.511953426250000E-001   4.060383304820000E-001
    16   10   2.312453721010000E-001   1.100565070380000E-001   2.312453721010000E-001
    17   10   2.312453720960000E-001   1.100565070380000E-001   2.312453720960000E-001
  </DiscreteSampler_grid>
