  0.00000448685538017  0.00000451986899174  0.00000455928027480  0.00000461559636179
  0.00000477568344640  0.00000489436487698  0.00000505303509923  0.00000519552597109
  0.00000534747314801  0.00000549940824073  0.00000569809070292  0.00000589438607863
  0.00000610530425843  0.00000630686268089  0.00000649652507687  0.00000672973279210
  0.00000688942383939  0.00000710407466985  0.00000733122704832  0.00000755893516601
  0.00000780790924141  0.00000807168541551  0.00000832985534347  0.00000863366429912
  0.00000892495658457  0.00000925354587292  0.00000966951248210  0.00001020031902225
  0.00001073364018336  0.00001126058767091  0.00001176730008011  0.00001228299271558
  0.00001284238124450  0.00001344239889516  0.00001407311934356  0.00001474778380333
  0.00001539900728482  0.00001607656655938  0.00001680677712455  0.00001764486679635
  0.00001854922073442  0.00001947447234051  0.00002055537020575  0.00002172103316639
  0.00002292862955061  0.00002426441950087  0.00002574919717133  0.00002722652605953
  0.00002876970660399  0.00003050394144447  0.00003225969209194  0.00003401146604790
  0.00003604874339914  0.00003802588010237  0.00004023928793006  0.00004252310610313
  0.00004488096173869  0.00004709951054584  0.00004952437132065  0.00005217315238503
  0.00005520653259627  0.00005868305801676  0.00006277909036838  0.00006712545585992
  0.00007206644187770  0.00007698391258039  0.00008215529563507  0.00008779657473627
  0.00009390369224070  0.00010067034028151  0.00010804742460166  0.00011570497258389
  0.00012496183650073  0.00013550928751392  0.00014805083523410  0.00016260965212374
  0.00017849392941402  0.00019556413778371  0.00021261078033815  0.00023147397385826
  0.00025397484920330  0.00028276075589925  0.00031553234447792  0.00035372042393299
  0.00040105276858529  0.00046281631755925  0.00052894953248832  0.00060118078196248
  0.00069131017933568  0.00081386998818363  0.00098262870215665  0.00129948162768167
  0.00215580042910468  0.00643865869120701  0.05958096601803181  1.00000000000000000
 -0.00001088781478202  0.00035521591583886  0.00105785168874602  0.00219045804899054
  0.00395146563200041  0.00620271161491413  0.00922982731209778  0.01263287203039665
  0.01619544095460716  0.02006736933230800  0.02476144581694968  0.02961558752412935
  0.03459146296315695  0.03968183186758574  0.04487223208608165  0.04992855450652100
  0.05493144412519738  0.06035248193806670  0.06648232514353056  0.07351149498354209
  0.08056167849155446  0.08806623270789236  0.09567861371448814  0.10362665647300330
  0.11169175053288191  0.11886975873415873  0.12536798884561115  0.13180779292212511
  0.13864605587728979  0.14687853705263135  0.15568073293413257  0.16420188310366701
  0.17411037648316688  0.18431871150396353  0.19491726465503253  0.20534018310385505
  0.21594228180689881  0.22684566661092434  0.23749018271790767  0.24842066707936411
  0.25899359832302754  0.26955430047696688  0.27988182991458366  0.29031555475632492
  0.30104902453903271  0.31256643948435497  0.32502453540897480  0.33768299054202122
  0.35077675567833544  0.36370477949638524  0.37628076533025856  0.38786974692233561
  0.39979513195957384  0.41185998345483654  0.42452227636715673  0.43795248496342493
  0.45101407603102112  0.46494938028484983  0.47826728616451325  0.49126398631372103
  0.50414270125036587  0.51782021306308512  0.53198089232121948  0.54628908580549262
  0.56078176744477692  0.57545110048387116  0.59054515015104991  0.60515146685280896
  0.61787946850042252  0.62998228838174197  0.64173002121786227  0.65416227353162670
  0.66653727866335433  0.67982287403125485  0.69390383782279308  0.70846581818222232
  0.72355610731154441  0.73913194721483932  0.75370469504056004  0.76699385790190444
  0.77897610669569695  0.79124924724503365  0.80390523814645187  0.81709804456798829
  0.83174269198419681  0.84651242678089988  0.86089303466633549  0.87452727937456309
  0.88833308588548088  0.90250206625459628  0.91715139216367381  0.93323265481532602
  0.94970505050028464  0.96641555430251258  0.98321365817088258  1.00000000000000000
 -0.00112269147129825  0.00799240803283996  0.01670332621131507  0.02727556841384230
  0.03817543053418755  0.04944519986497788  0.06265631256308699  0.07819852744129482
  0.09083964674280909  0.10163600216246567  0.11133895007312646  0.12093971183908193
  0.13091508004591784  0.14147589240658173  0.15337065940627534  0.16588549326257304
  0.17787401819464060  0.18956992257765168  0.20200197054481991  0.21414597890266834
  0.22555361728781959  0.23634636036237319  0.24687395435288675  0.25793847750654425
  0.26864958737616323  0.27975828739723169  0.28926068591947712  0.29815612157088667
  0.30731544197268090  0.31714440009683192  0.32642979913672582  0.33469238706598847
  0.34275591645935521  0.35116470879301609  0.36107606184081370  0.37185051888229637
  0.38197697789408969  0.39184265245015526  0.40103507823814655  0.41048930717869003
  0.42123234984102137  0.43292476831423193  0.44367344440059647  0.45280275341745813
  0.46195650596423493  0.47138035860250388  0.48194716063220427  0.49393181430930694
  0.50593474090022206  0.51777685842856602  0.52886390142851225  0.54065317509119071
  0.55172993207973986  0.56347438860428112  0.57561309101872216  0.58786894970220838
  0.59966050398317039  0.61062095435829022  0.62162478218557060  0.63308969453855246
  0.64412058919041304  0.65333748803137703  0.66170843836567872  0.67032648457347466
  0.67889089294954497  0.68747414889922087  0.69705254106600223  0.70693757006624691
  0.71625471027858323  0.72530350484183792  0.73555389319427866  0.74766528759993034
  0.76040187055003794  0.77200008403325593  0.78410042466030727  0.79518991310830889
  0.80571434154981580  0.81628344499377747  0.82744446324429999  0.83876755948890880
  0.85010252621830273  0.86205242510859981  0.87373991034635756  0.88460596759329979
  0.89554520336163312  0.90726093805768226  0.91889047846842598  0.92880627312718611
  0.93801810956006737  0.94709157822287704  0.95604737634028469  0.96456802450090906
  0.97264130684013128  0.98085117043288106  0.99026192575733574  1.00000000000000000
  0.05974640226834885  0.06646494442538893  0.07456617048735924  0.08607829471614824
  0.09568369272028190  0.10677226563799634  0.12014598379094579  0.13061418245493864
  0.13956135067353381  0.14818598557119800  0.15715383043528686  0.16605591105455247
  0.17481886294462065  0.18397444900128418  0.19379158810396685  0.20346745061005253
  0.21198968932451304  0.22004267545323997  0.22849157763845743  0.23663901296139092
  0.24403010498773417  0.25129825687076013  0.25876627098412980  0.26656498139827550
  0.27653875185016730  0.28729478544289455  0.29735800978933968  0.30775646351811697
  0.31773220253400142  0.32830440209725120  0.33804904094110844  0.34738098174926946
  0.35672672950476819  0.36595103798797313  0.37489778969932169  0.38303624105856993
  0.39149362322527687  0.40042280061091173  0.40960787967174728  0.41839583366198374
  0.42700599338747214  0.43585285956616282  0.44548773848547812  0.45550021665106649
  0.46565858500017299  0.47656226100872096  0.48662211770455011  0.49711303359660175
  0.50686587797277638  0.51611168292389931  0.52457498321736784  0.53231939777413617
  0.53989594708566258  0.54774914508788231  0.55654200778404406  0.56625691687672430
  0.57613389924842262  0.58544741283978274  0.59414903337509717  0.60257149100362817
  0.61096080456858115  0.61974150387759142  0.62912808684232169  0.63910971318819465
  0.64871830152195198  0.65781063754927727  0.66644614256413937  0.67646415120392267
  0.68641431910479056  0.69566674918282045  0.70425754696772747  0.71339102266762211
  0.72332030961092708  0.73354423669127233  0.74314423616542680  0.75247281869395255
  0.76235675259597546  0.77171417209345738  0.78126196137786419  0.79137356574835205
  0.80160833052817171  0.81392101042527698  0.82278231057104390  0.83255518612079960
  0.84142300917561386  0.85057374681326392  0.86058994785501730  0.87012424966059876
  0.87930220688249638  0.89023920513402954  0.90275846528915449  0.91680104378390981
  0.93010553353779968  0.94470106572049595  0.94470106572050716  1.00000000000000000
 -0.00185880210027597  0.00935754410939623  0.01805993163968685  0.02745678139103644
  0.03679232521436110  0.04756243283609259  0.05959249451755409  0.07135591463893549
  0.08170447768410055  0.09139962651207650  0.10142407508619386  0.11205106268544314
  0.12309772664043490  0.13260449482588257  0.14080369633589254  0.14866685072941466
  0.15673836679890235  0.16512065744137555  0.17406042753925588  0.18445007039915101
  0.19350023206299011  0.20281613910491239  0.21171633953966978  0.22162992512921925
  0.23059155430057346  0.23968665186069127  0.24835160560549008  0.25979643374454070
  0.27289033126593298  0.28412917034707208  0.29352399238992960  0.30266461659092875
  0.31245701956439809  0.32269813283384091  0.33252926085598883  0.34206963042674254
  0.35214826992971782  0.36323864155838920  0.37441011874197022  0.38481750436966894
  0.39552640313509230  0.40628902928033328  0.41636272722731482  0.42669105149152897
  0.43764040747332728  0.45042749181729430  0.46210083597850421  0.47289613913384188
  0.48359041977349243  0.49470310057927230  0.50601471746092685  0.51724677302440680
  0.52881592952592682  0.54098264482977421  0.55284610967209913  0.56588337692458701
  0.57936057791861562  0.59288304433838424  0.60710096061763508  0.62178506738960704
  0.63426661409842489  0.64488083787586425  0.65451556616499174  0.66368220846227766
  0.67261104119159343  0.68168751762527369  0.69172632581529736  0.70195983894577685
  0.71308481462689211  0.72495448689350284  0.73722170919423968  0.74956205655009367
  0.76095132626774220  0.77127002436451852  0.78116756544969179  0.79069683783917066
  0.80046140969146939  0.80998780184157615  0.81911523883957027  0.82899467316283681
  0.84028051136934212  0.85194387744004862  0.86120072056382968  0.86896785019025069
  0.87768571252949124  0.88711317006557189  0.89666219978171924  0.90641619146509300
  0.91620671022818956  0.92720908186091389  0.93828839721209523  0.94963552965041997
  0.96253771100024266  0.97536918807441286  0.98827313662504712  1.00000000000000000
  0.70834157705873224  0.70983805312677983  0.71125197886124614  0.71303070511094202
  0.71524144074247598  0.71715050065111285  0.71891870201411756  0.72054348007061664
  0.72198068222384382  0.72343262767285010  0.72499264836793587  0.72657851002627016
  0.72839152536660368  0.73078966115865163  0.73354889350920316  0.73640191541633060
  0.73859335373087054  0.74042270590951453  0.74219784315565485  0.74395133522116885
  0.74582754873910440  0.74776806289839037  0.74975279218505997  0.75186037032497532
  0.75400317168041164  0.75615488058791958  0.75827104492202990  0.76048244869276560
  0.76292182114778373  0.76536071033256925  0.76768217636259439  0.76966387037352713
  0.77160586205535253  0.77359722914714901  0.77572958433945127  0.77810613681488361
  0.78039587622180184  0.78282753707954866  0.78509918517881183  0.78735975722368023
  0.78953514106651534  0.79191213817013706  0.79450789292618307  0.79696368417071317
  0.79921150063220125  0.80130140450275922  0.80357351931467047  0.80607415653806824
  0.80873801267880774  0.81117150589321541  0.81369321409665285  0.81632657220471372
  0.81897826996211842  0.82146826658981598  0.82387789222766405  0.82630034218495163
  0.82874937161184237  0.83119427176765093  0.83372600159176391  0.83634202565856031
  0.83910968453083379  0.84172443762758653  0.84442142436988910  0.84719793280879940
  0.85021842249335478  0.85329128122714870  0.85659237914521069  0.85982202647115080
  0.86279378700666620  0.86549388602015964  0.86804535955677442  0.87083492613432156
  0.87357290483899275  0.87660808661923051  0.87967880600198511  0.88271521298057032
  0.88570590798633009  0.88882624007904154  0.89211558999103635  0.89532094695096853
  0.89852408411026041  0.90219723763835247  0.90609918798408284  0.91022135171114738
  0.91478126689484829  0.91965106166004118  0.92428183331252889  0.92865546346063665
  0.93329354155809563  0.93907264198941742  0.94635764408620660  0.95365981887224294
  0.96140944569549935  0.97045724852054771  0.98173411361155538  1.00000000000000000
 -0.01418521493672591  0.14492343141990488  0.18881175778615719  0.21934653852185731
  0.24198045279784150  0.26041437322989430  0.27669247837797317  0.29369414605205524
  0.30989150631404128  0.32578806462144816  0.34054892236712503  0.35438239789218723
  0.36662224883265071  0.37835167155135485  0.38934144000828491  0.39956795104146192
  0.40778179051897506  0.41565641244770446  0.42394880336884538  0.43257273713860861
  0.44149844312130571  0.45027743826537020  0.45829002836834382  0.46514843306306669
  0.47172149813508474  0.47838180456654350  0.48500358049041264  0.49131216873196115
  0.49761682357633502  0.50416389640950576  0.51107102725075804  0.51756514733015502
  0.52448152717547247  0.53175458533306030  0.53900226224381631  0.54625054460692601
  0.55332059601751815  0.56001492791426000  0.56621260241231952  0.57175720532849750
  0.57744647024351281  0.58314855387889686  0.58854979604751712  0.59367843829555988
  0.59876748772165522  0.60415783100930198  0.60985383792049097  0.61595634786715914
  0.62165862020639728  0.62689829916800355  0.63221557445627752  0.63759467970447714
  0.64307578341126781  0.64777680571705376  0.65215499804037669  0.65604638517711955
  0.65989608939405520  0.66398992612939156  0.66858895792540174  0.67433848413915709
  0.68005499066583330  0.68588126766170809  0.69155791176412829  0.69723297743158907
  0.70276949780829667  0.70816998115006358  0.71357117453734908  0.71893873052290991
  0.72459086379868887  0.73041587330962154  0.73651810333994783  0.74252298148719864
  0.74747717128410551  0.75250809916865458  0.75777531241060203  0.76255809726421586
  0.76804441544165936  0.77315329883751505  0.77844902457970500  0.78363216962118032
  0.78916425882733920  0.79540571672764870  0.80227148955099592  0.80919103687120275
  0.81586361033704002  0.82268938233590994  0.82959139080917965  0.83838730759167124
  0.84759181636331993  0.85849056700892257  0.87014258063510674  0.88277509076890370
  0.89686700273864672  0.91386573120923009  0.93927345674900398  1.00000000000000000
   2.3550890945500001E-007   6.0417366666700003E-003
  <DiscreteSampler_grid>
  Helicity
  1 # 1 for a reference and 2 for a running grid.
  80 # Attribute 'min_bin_probing_points' of the grid.
  1 # Attribute 'grid_mode' of the grid. 1=='default',2=='initialization'
  0.0300000000000000 # Attribute 'small_contrib_threshold' of the grid.
  0.3330000000000000 # Attribute 'damping_power' of the grid.
 # binID   n_entries weight   weight_sqr   abs_weight
    1   1365   3.070587829509313E-006   3.309390066448648E-010   3.070587829509313E-006
    2   301   6.625028832469245E-007   1.592449803702158E-011   6.625028832469245E-007
    3   437   1.096875188091876E-006   3.670592059239386E-011   1.096875188091876E-006
    4   1175   2.816724765291732E-006   3.024838227716097E-010   2.816724765291732E-006
    13   1393   3.200432955979795E-006   7.107394975245955E-010   3.200432955979795E-006
    14   480   1.274682024765119E-006   6.690687493959347E-011   1.274682024765119E-006
    15   191   6.311140064979413E-007   1.699813739851739E-011   6.311140064979413E-007
    16   1709   3.618908907343535E-006   4.882702555608616E-010   3.618908907343535E-006
  </DiscreteSampler_grid>
  <DiscreteSampler_grid>
  grouped_processes
  1 # 1 for a reference and 2 for a running grid.
  10 # Attribute 'min_bin_probing_points' of the grid.
  1 # Attribute 'grid_mode' of the grid. 1=='default',2=='initialization'
  0.0300000000000000 # Attribute 'small_contrib_threshold' of the grid.
  0.3330000000000000 # Attribute 'damping_power' of the grid.
 # binID   n_entries weight   weight_sqr   abs_weight
    10   10   4.477575356410000E+001   4.769712478630000E+003   4.477575356410000E+001
    11   10   4.477575356410000E+001   4.769712478630000E+003   4.477575356410000E+001
  </DiscreteSampler_grid>
