   0.0000000000000000        0.0000000000000000        0.0000000000000000        0.0000000000000000        0.0000000000000000        0.0000000000000000        0.0000000000000000        0.0000000000000000        0.0000000000000000        0.0000000000000000     
  0.17310100385373392        1.1589020340819709E-002   1.4558911927321828E-002  0.11593699534584390        1.7707184274119006E-002  0.88295847578164566       0.24278542382462745       0.11952727290296583        1.1161043040066104E-002   1.5448137868572754E-002
  0.48600956142910329       0.75922848705290036       0.66163934593980545       0.49028630124208672       0.68946775442825103       0.45346295501568801       0.48600956142910329       0.52089215047861526       0.48600956142910329       0.79491209015416464     
  0.28062043897342237        2.2496272752245375E-002   2.9918510216892798E-002  0.16306307684405733        3.4260689756892899E-002  0.91664090111526941       0.31259758585876823       0.15627574337233860        1.9136445922513099E-002   3.0656509662111746E-002
  0.52089215047861526       0.73713943934192205       0.68732131321603773       0.57927947772384658       0.62847295677814563       0.45346295501568801       0.63254870361968463       0.74417210832269010       0.91921089609835704       0.53201813564561906     
  0.29985536161634563        3.3635589766441765E-002   4.6030822032439161E-002  0.19714761512138940        4.9766432056860620E-002  0.93779504996986174       0.35475394086730838       0.17763668697363913        2.5110111522368226E-002   4.6161192261590545E-002
  0.45346295501568801       0.66190068588695739       0.58913040002112960       0.74271705467078797       0.60460504727923037       0.48600956142910329       0.56911567848375910       0.77011780143213837       0.83021892705606071       0.59526644897763681     
  0.30555705919077408        4.4668566055617275E-002   6.3047524213625694E-002  0.22068310029702032        6.3877700739424170E-002  0.94919616217156355       0.38394669734593712       0.19544284820102206        3.0702821453053815E-002   6.0042053819045545E-002
  0.67659548875924247       0.73873870803599795       0.63937367090931174       0.67262102316885930       0.60449298254911854       0.56036850655988923       0.59324295121873716       0.77633879772795933       0.65268146944134164       0.54735636782948438     
  0.31053962590158191        5.7027476342163264E-002   7.8959361723205973E-002  0.23886925262139361        7.8412395684691855E-002  0.95623531267385664       0.40062212341637943       0.21129424507549641        3.6210325672385538E-002   7.2626951715276195E-002
  0.63708830763524316       0.60321893478004440       0.59552908466660492       0.66917682527573452       0.56721161590649172       0.64511421013619386       0.75376856120436175       0.80052110655218389       0.57697942423470217       0.56791295361552541     
  0.31592389010123412        7.0528541516408347E-002   9.4877692240778078E-002  0.25560467145902693        9.3408107891183909E-002  0.96055474627073911       0.41577078397411432       0.22472612212265797        4.1612771141263057E-002   8.4805301571329539E-002
  0.51649984341278077       0.78264898224892787       0.63517251482683712       0.57806665602527574       0.55924999709105383       0.57441993839705274       0.61362457392333991       0.79003226495972301       0.79019953970054446       0.53048047920652008     
  0.32211035732641774        8.4531794941214239E-002  0.10921226147773899       0.27093253199046952       0.10886158046572976       0.96272655642404770       0.42978242902459884       0.23647858177771294        4.7054152175337788E-002   9.8544920727567278E-002
  0.57957241169295393       0.74671625033265721       0.61480008199788094       0.55268599825682296       0.60771540699254334       0.70094470848503421       0.59420122263226760       0.77702899718605223       0.71875068773198725       0.56963847161236969     
  0.32918860929094984        9.8718991827752733E-002  0.12350445174973790       0.28497846024368900       0.12515689976852939       0.96392688089437639       0.44331801615917554       0.24718636657347565        5.2612845960224225E-002  0.11429916369558518     
  0.50070337369043005       0.69106091829837357       0.59663358560827728       0.58956530168595001       0.55912563008719907       0.80350634871546323       0.57684231624218885       0.64119552378888767       0.58349867479824491       0.63628803883364227     
  0.33684061817260275       0.11283245878352162       0.13793136767071151       0.29819090894630729       0.14215744187053375       0.96477372856779964       0.45653126915350734       0.25758377951741707        5.8274832726616460E-002  0.13083051080073815     
  0.55418323126842151       0.73758160187725641       0.65764637431988782       0.72930472471183150       0.61301452539585510       0.58286407936911233       0.78346238471265151       0.68468333356365574       0.63804148627474089       0.68901043283275987     
  0.34715224001776668       0.12678524671916719       0.15285312649440772       0.31085739834428178       0.15616355235114862       0.96542783231444984       0.46888260753108330       0.26735062578596047        6.4034186519928246E-002  0.14755811392920737     
  0.67410632712360008       0.72100292177611025       0.56096408453465463       0.67805624706437684       0.90839094950522958       0.64027910845724834       0.65082261252964713       0.64356057585987902       0.57998838088397042       0.59712322716773025     
  0.35821673029760298       0.14034914082606675       0.16846659116667492       0.32330061744199873       0.17049228321124035       0.96605951410342517       0.48010812319098067       0.27697561506551455        6.9879042317864362E-002  0.16375274048290389     
  0.59982309128931399       0.67959449707502628       0.70895067261621270       0.69962143265289600       0.59165024102257202       0.55454427588652555       0.77707968354883306       0.71542599416918318       0.64299260356839416       0.58755027135012350     
  0.36939123292605219       0.15300471674298152       0.18327207448100116       0.33556782098929389       0.18466331809242034       0.96663894889064439       0.49055976364275350       0.28626323884735794        7.5752423097700514E-002  0.17948949671616760     
  0.53985635817803912       0.59546398358802222       0.62350951352140505       0.75096596935381055       0.64394233131793843       0.70199615226053369       0.68472601653638299       0.65568213587001145       0.72856253226917944       0.63543073149983254     
  0.38065629817458929       0.16422568902792084       0.19723571724056349       0.34781099807961496       0.19896542680615811       0.96715936708313843       0.50097353629209873       0.29493100870688882        8.1728222943755952E-002  0.19479408962862532     
  0.55760089631486554       0.59699944639691238       0.59186310949614773       0.73402893529514834       0.65568605786125456       0.65121479417897288       0.61864810840135498       0.59708117661146731       0.57853094367838653       0.72715159485467495     
  0.39236934594679973       0.17590727474754944       0.21070574284866425       0.35978985581770417       0.21325819678526917       0.96768738745613636       0.51049798846086358       0.30340886083851076        8.7831656142108722E-002  0.21021158656855865     
  0.57678980607950381       0.57128323070404230       0.58455163159134604       0.59968481230941817       0.62137679046990790       0.75046294741992237       0.75770675423961764       0.61145385496071381       0.62717847910028068       0.50136528123571245     
  0.40471428489654965       0.18871140968302164       0.22369977321203019       0.37099627490197123       0.22758507914681608       0.96821745291585515       0.51794853933811402       0.31172670072902908        9.4142074513662743E-002  0.22658568393220141     
  0.58331147719307774       0.67682491243898413       0.55371363057984557       0.59313036125851515       0.59140190803027992       0.66378733720596061       0.66178754890668201       0.53359966553659899       0.64850305034445443       0.69838108129663956     
  0.41682926541873361       0.20109799795273739       0.23857194013016941       0.38044934145788989       0.24420346994659425       0.96874467671245990       0.52615309828864598       0.31954776534638674       0.10075080037507694       0.24368104784366179     
  0.56408022449516204       0.62571374646722899       0.65313642114517123       0.59966517565359556       0.72099020618658061       0.62404772307538259       0.70436470615696323       0.58308210917245762       0.64129346101696671       0.67706345082626518     
  0.42996068214722111       0.21301085377893944       0.25360301112373207       0.38996685118071006       0.26386499708638728       0.96922451098293771       0.53414721833694823       0.32701352837963515       0.10753271853701599       0.26121729335927041     
  0.55808141159223335       0.60189765272636175       0.58118321083567137       0.65672126924282448       0.67973397668494795       0.75186222828040661       0.63718544748113970       0.57582820814982871       0.65847617220724308       0.68526294487328954     
  0.44356769421126124       0.22414834271866765       0.26907303529224424       0.39958431039732467       0.28343042234441090       0.96967896061702774       0.54167912611495750       0.33536715483145607       0.11432333001783790       0.27765480782272778     
  0.72706324932431254       0.55186293660757624       0.54165012960276904       0.64002611181819957       0.56703714573841790       0.59830517905355929       0.56806020783223588       0.57643460744832442       0.63447844707286283       0.65408364935756147     
  0.45689242121802431       0.23484229116812885       0.28509062434010335       0.40910464598953195       0.30306994470141946       0.97012459923262240       0.54898842884111843       0.34422359981895645       0.12145658439557072       0.29352396788962959     
  0.57310349526249427       0.54474853485265384       0.62251980006597318       0.58624979649386877       0.79507947876639629       0.89595617711804132       0.53251774457541412       0.71933610652076552       0.60149031878341630       0.56242456623004833     
  0.47004708268234779       0.24624802730438630       0.30257356354270032       0.41775894216813853       0.32200627711416768       0.97055859915115250       0.55611587659689310       0.35349571705452487       0.12937178590020973       0.30851414148735856     
  0.76057940387565826       0.55955106371788932       0.60486500891095529       0.67633946966735903       0.85437138941995960       0.76429366194755177       0.80499008933566640       0.61715647178373578       0.54582145280692818       0.65118101299228426     
  0.48351409139630835       0.25874120503220599       0.32070723329931417       0.42600730961616351       0.33771731647073461       0.97099173321520993       0.56303937115414360       0.36221640842029634       0.13741422513071114       0.32251886335947066     
  0.56403300096609110       0.64644271635461303       0.66559318642578025       0.60996527296547798       0.54039450672861578       0.70898968170780141       0.60476579912617634       0.54357221825490942       0.58047734244802884       0.66192238761187006     
  0.49713972815484253       0.27103889701739492       0.33808959580383108       0.43391543235906560       0.35332494144703763       0.97144074621089360       0.56983720615359090       0.37058254226845372       0.14566650216807087       0.33794766059070169     
  0.71741204767268874       0.60379171694265965       0.86406402626935030       0.64518193651327427       0.58769997124785167       0.79061613155201316       0.55676913427501729       0.76430262936387638       0.57970329772168605       0.58268154540265082     
  0.51060977345711500       0.28316332112276837       0.35596643971929348       0.44163612658264118       0.36840649221491784       0.97190135812075062       0.57643188539741319       0.37909550480688448       0.15419349498155338       0.35404737550297966     
  0.74890612452589189       0.68441304865214914       0.75936224761752125       0.82713802425152883       0.62313803534274648       0.53734157727641763       0.67832435847942807       0.53582198792452651       0.66489960210569465       0.67587479988902766     
  0.52374546815340117       0.29411835116486745       0.37439563039310153       0.44966275946244078       0.38411004187205455       0.97237692534429510       0.58321978751873893       0.38793970534309641       0.16293458525845636       0.37123663390908102     
  0.53558588584815647       0.47649991329249985       0.69627242276707602       0.65530707353010798       0.59935553615459969       0.62309193803972796       0.64398562169717688       0.59623459890255370       0.63687643144542505       0.58282158061241685     
  0.53689840408634615       0.30559171892206849       0.39224611978137935       0.45782910227773016       0.40177856940227513       0.97285223583326419       0.58971294164579358       0.39731775978923140       0.17197648237673466       0.38431681407338525     
  0.59322645312705702       0.67010706045964352       0.74762917886063640       0.59079892503479381       0.54858892753642130       0.73562763928356756       0.57686205059120998       0.67823803245151626       0.64457367297334744       0.63359807365158427     
  0.55011487961440109       0.31781929104237389       0.40968919476075705       0.46595152494124903       0.41962722247756395       0.97333155714561936       0.59560089418287288       0.40719343350657505       0.18122227905307692       0.39689179523290619     
  0.61327717068908694       0.67922190951626804       0.60109749773326715       0.65972760411035147       0.66272122543308765       0.78309745716164159       0.62177429649193428       0.49599710692951915       0.61688497996255243       0.54915699085830738     
  0.56365698640313033       0.33031176852904381       0.42713321554347111       0.47423080452716077       0.43655917744512102       0.97381442978281407       0.60154570892039516       0.41707703639305466       0.19067604133818819       0.41065539325236194     
  0.60629289712083212       0.52810849612883703       0.61771194356168491       0.59633912895671293       0.67717652369570969       0.74793956607113643       0.60341615140492910       0.57855239125384339       0.56945364431669798       0.50623390232755461     
  0.57699206294282723       0.34428434917542539       0.44440302909121115       0.48243434781710642       0.45397564024255810       0.97429684251252791       0.60769657609040950       0.42697595551400447       0.20071298139715807       0.42399817525412498     
  0.72496436690765675       0.66645587368785264       0.62681462683299494       0.67456801124431842       0.53275207190170426       0.75264833073609394       0.72040546601776156       0.55112507841404090       0.67961877174627172       0.58765594682262035     
  0.58996733005733593       0.36011016260304846       0.46261911679399914       0.49047963771017977       0.47097984151753663       0.97476840507541163       0.61424655612164369       0.43514241999167552       0.21144007036203655       0.43724437531392091     
  0.64618278228793402       0.75896750558400627       0.87750858460272552       0.62106027372333916       0.61811284541348921       0.65882657639854381       0.69437140185908408       0.53181587871360281       0.62655188937888007       0.54316469713231097     
  0.60309179236334209       0.37563809988505348       0.47985436654167174       0.49815836627585242       0.48770417811556249       0.97521821156453126       0.62120213358235332       0.44356062685926850       0.22240635196222708       0.45094068792869973     
  0.64716586595868708       0.70027072183494199       0.66625893790766155       0.56361552546867710       0.66764329021788038       0.52963721972547939       0.76804252908994608       0.48967282487065805       0.47031382785408943       0.63100352861859632     
  0.61649638698503928       0.39078394519724063       0.49600181140386840       0.50550023096586993       0.50430574766056979       0.97566590226585437       0.62820688980558692       0.45218314003111404       0.23368977503669616       0.46652030871049011     
  0.63222070338320902       0.69686945703824721       0.63395407511813728       0.65996999619856656       0.59369458018215071       0.80089706472536137       0.79433293619736556       0.47233459994448501       0.65304560849181970       0.62811589266136603     
  0.63020649691210096       0.40610437865240595       0.51321226315048329       0.51281393401675157       0.52130684945710870       0.97611317642766293       0.63535864682966636       0.46095782302431398       0.24541225056511276       0.48143177946460197     
  0.63307807466741117       0.74683867203333132       0.62968424652371668       0.68960972472995374       0.68413319523926674       0.64439606692208495       0.66801713337918467       0.68980772371971377       0.52937480732182229       0.56727059179696770     
  0.64411234694195074       0.42247315937839186       0.53072801335119180       0.52014878270146847       0.53616987338179678       0.97656212744386806       0.64226632256153127       0.47089229659370513       0.25769658601840711       0.49544303636099191     
  0.72120617825279765       0.56996773119032285       0.64267655013198011       0.66028463693037676       0.52126697469189975       0.58859283753840919       0.74188099020823706       0.63088329477825389       0.55167198460160272       0.62033704268468237     
  0.65818719723402630       0.43889562032730489       0.54840256243464314       0.52802903630759279       0.54978168035344799       0.97702134487362458       0.64913066352939586       0.48160297562228671       0.27024576787545723       0.51023613286860248     
  0.74030159453909561       0.67347665887556873       0.65932424367926168       0.63357154986191710       0.65245037571604136       0.56507167555216986       0.62321133062323053       0.70794331323299686       0.59300860892744089       0.52164387638391418     
  0.67257816091787936       0.45585332232107317       0.56629212371253201       0.53571217687714923       0.56122255259708120       0.97748862480693643       0.65510337482221492       0.49245029651243805       0.28359351643027386       0.52425898266469695     
  0.77950183177666288       0.50936912930946088       0.66624508660624604       0.58787999343908259       0.58283051219568982       0.61326253853625179       0.56066336098124325       0.56360473296480174       0.57787032627253165       0.56674988625074707     
  0.68675654237964157       0.47419021686286805       0.58405819280907445       0.54349132461471472       0.57288318922226678       0.97795407219741359       0.66078861090019125       0.50286016964737368       0.29872331722673412       0.53542500858667763     
  0.53748509283141443       0.68321962789110435       0.61555986941597474       0.57204693872006851       0.54924551076253825       0.61231973642010085       0.67450063116009396       0.65221063211021257       0.79572341299328819       0.58534332127665911     
  0.70032028156021986       0.49297061345671811       0.59961214710509159       0.55085212884499057       0.58574784961171578       0.97840972553598615       0.66649774147541385       0.51316196992555574       0.31504717338694826       0.54576146593247010     
  0.62255193396500219       0.52089215047861526       0.59340626871471047       0.64487855211705947       0.58253940324195308       0.58691695673167643       0.61284545443299521       0.69454598073975682       0.68365424934180874       0.61861458598104879     
  0.71386912930228086       0.51255935339511038       0.61347505414426151       0.55744151553580723       0.60011471314121678       0.97885343736411012       0.67237035369223508       0.52344487874377288       0.33160167817634345       0.55704141083843317     
  0.79379457558896038       0.71450016061342581       0.58052176917665255       0.53475607464237296       0.58170413229242079       0.67788600479101502       0.55200531802625619       0.65807603474767917       0.64365313620186848       0.56616283861092420     
  0.72767320244770328       0.53318002488951366       0.62747227241031722       0.56413232105869371       0.61504180498271976       0.97929840825010084       0.67807513555536492       0.53328316282965915       0.34911672890393813       0.57338254612141537     
  0.70998133994587032       0.69054604209671200       0.54859318111399391       0.51164604003043401       0.67838072575342323       0.55876222550171584       0.57205580677402457       0.64154079672830910       0.61085308820951345       0.89244010853541123     
  0.74161333837322885       0.55423540961756157       0.64394391375812166       0.57121352172433648       0.63072508965130181       0.97975253465120782       0.68339847681942523       0.54332395059033034       0.36796410354844766       0.58973116790091407     
  0.56790051038809852       0.64519281367884473       0.60103645081634272       0.65130856524028780       0.72919588999441565       0.62776566013496804       0.52965052309406890       0.59928275555107069       0.55918776971731521       0.59388435007625229     
  0.75529806170316227       0.57464202499160388       0.66056869446837607       0.57859852955891933       0.64586257721855278       0.98021431374042733       0.68860756171023085       0.55348296044766399       0.38778292409285797       0.60656513488355945     
  0.73873887163305874       0.70450786439194313       0.73335442933353312       0.67132423717911571       0.71597613424463502       0.62886919258284135       0.62974616223539825       0.59203474853263249       0.59639798881602979       0.74413482985368029     
  0.76866195950933214       0.59438992474250940       0.67599065832984739       0.58628673182663060       0.66027932154713409       0.98068307127339993       0.69390116168914207       0.56405357176439908       0.40831906542529339       0.62292878667827734     
  0.66696034352072708       0.72186399968917236       0.56941432910146539       0.66468165566205506       0.53549434858920664       0.72380485683030593       0.59937344831329453       0.57775671220292002       0.82188529013102485       0.66238093501646611     
  0.78211533713931070       0.61402782135754519       0.69153987498042557       0.59436127913480019       0.67454454976754585       0.98115376977586399       0.69973075407977114       0.57455483323936174       0.43139130072081250       0.63921032064323946     
  0.58166457518611980       0.67135870902413486       0.59394209242599494       0.77842744289502608       0.61576083185308184       0.62825901108796522       0.63518433405133135       0.63055075288450968       0.61879613640453668       0.57445630472182307     
  0.79528943684608966       0.63362776069748794       0.70689351473495721       0.60304533833943685       0.68924455633203285       0.98162524574858379       0.70597919308224166       0.58567096059137691       0.45512859861829386       0.65722980850634782     
  0.53811700827502651       0.59889378781279978       0.65815157892145937       0.73639313604640533       0.67548521101090464       0.59079739682410437       0.64465034366213259       0.55711771364982898       0.64401286679002245       0.65176384141753674     
  0.80762141666010567       0.65324010614854544       0.72078802316012724       0.61205218796727801       0.70254487462390913       0.98211977461476463       0.71225378256056049       0.59643741255737326       0.47859719750914653       0.67529105475018281     
  0.55169144064945796       0.58463595139564795       0.57430079794423894       0.66879555141330838       0.50729340400724610       0.61623662342946006       0.65272424378183658       0.68354620532031851       0.80347404259855615       0.71764813724257337     
  0.81960085396057714       0.67277220572531471       0.73480370460261513       0.62103556504300472       0.71561687866216916       0.98257980986650029       0.71835026637593380       0.60974888826699536       0.49935318685297847       0.69373260237101930     
  0.66070490105384094       0.59677153433659413       0.51498247951208986       0.73939604765811007       0.60038465689096754       0.70343183712222479       0.63365806477836828       0.57095452956840265       0.63017712246778401       0.78092867497087626     
  0.83171762700986929       0.69227778560506747       0.74906922996411029       0.63023179431850329       0.72923929190923331       0.98303456416910950       0.72449804766714487       0.62278687377305064       0.51937697676113492       0.71259068962972849     
  0.64149887283211038       0.58287954333452963       0.66249779166583689       0.61337005637473796       0.53905808735405725       0.67948010547748816       0.67212223357076606       0.59096765793765993       0.54726484565213462       0.74143491165962394     
  0.84375389785158228       0.71256082015208055       0.76252936515828251       0.63979753468349587       0.74382599786118886       0.98349904611591621       0.73093074352101273       0.63617754172627627       0.53936555790611029       0.73100993383864299     
  0.60114794861944232       0.68266226612815861       0.68462540371865088       0.56030086569291127       0.54959505299627764       0.54149017406794786       0.53593238993825976       0.68624348744527797       0.75437560511643287       0.80398829454071918     
  0.85559258169230012       0.73314417189427861       0.77537168434877457       0.64829469887432778       0.75944856216782031       0.98399892044756476       0.73777157700548357       0.64901040296443846       0.56165572443678313       0.74891815347673107     
  0.68317422179801257       0.63699039960712245       0.65739041966059497       0.50533716266952633       0.54631233863821127       0.57930614798460778       0.57105706423052771       0.63629441529589048       0.55961569532803501       0.66202515740409329     
  0.86738204161106702       0.75431146714560160       0.78851116240782049       0.65592514439312544       0.77421587621490850       0.98454484789084684       0.74474270593291247       0.66167755434237041       0.58906896873333037       0.76694068444336150     
  0.65636171902471330       0.70474714318859377       0.60962476608995508       0.70783710649736109       0.65109967639608013       0.70850741902139469       0.62656453147269031       0.69826539300584478       0.52171871131312209       0.50688899625293005     
  0.87928257989043812       0.77583304633776562       0.80195967150657488       0.66341872249314404       0.78811039642090930       0.98510069927454769       0.75150951096346574       0.67503352787565807       0.61844363078561904       0.78517336315996034     
  0.57160270088335541       0.56732064989709474       0.69057321440990260       0.59305512235225932       0.96110435790221005       0.52939113773924484       0.64962205021739672       0.68305241167735375       0.71734636327465007       0.80050099852047396     
  0.89148581447897324       0.79532288762722025       0.81546708760956299       0.67145214413663401       0.80219487111363263       0.98568023623568490       0.75861300656311426       0.68948349452179791       0.64529506734953945       0.80256029253850658     
  0.69655739325191779       0.70147893387589244       0.59661668812203839       0.60516439244525455       0.73698430973051376       0.55439919415733774       0.60491057098161194       0.64922325857512730       0.61650989684806401       0.62344194659344909     
  0.90346989788944265       0.81323131918934510       0.82917513826146250       0.67994062317213722       0.81666465823004331       0.98630443186850891       0.76627525658269191       0.70537508825525896       0.66523247420758724       0.81903496312193536     
  0.55025481180852154       0.56418750059048151       0.67918868997582149       0.52089215047861526       0.60552722186129870       0.62174538047377348       0.58515632979714149       0.59417850155587959       0.62390238836006784       0.70424776937672595     
  0.91502494013084179       0.82881782907867785       0.84268018526936150       0.68910026640723343       0.83221446028369728       0.98694175572530352       0.77485544460068156       0.72124122564458526       0.68331167307856733       0.83516734433399720     
  0.57982021882262103       0.56726848570426869       0.55000417629707021       0.53905812506054096       0.65696392279651672       0.57751705411720322       0.59133262470755710       0.73056868999856917       0.59834795638565341       0.58191536443937542     
  0.92661102341348789       0.84540158732248449       0.85526418696745721       0.69907125476450505       0.84937306540171342       0.98753942819338614       0.78431037962989281       0.73715522431337932       0.70281901838965277       0.85111166875641686     
  0.72742883380320833       0.66358529718257542       0.62194029098680281       0.52101249286842977       0.62649141576065914       0.67602020029585463       0.59995272161046664       0.53215172104567787       0.59707750527045411       0.62564716560509215     
  0.93862625139159073       0.86385385396594194       0.87129572728543381       0.71093524892448479       0.86721911615921443       0.98820856318094685       0.79424696742871026       0.75389249346071896       0.72923771514244018       0.86827060995467231     
  0.58915392328783844       0.64407025278526819       0.65310523513032848       0.70715291850944184       0.71207305258070352       0.58811754306724728       0.63098112779554527       0.59149517552519426       0.63698621574668568       0.66336472005338010     
  0.94972726837575006       0.88406594474509248       0.88938294650466920       0.72460812121403673       0.88479060764152850       0.98889233488845030       0.80495850905417698       0.77312043009988751       0.76326462719687882       0.88519031099462908     
  0.61524605835478086       0.55757149582023480       0.71320970171301135       0.58907316488108086       0.68878957951171194       0.60156217541881563       0.66312927547270784       0.78160310863532645       0.61434046819676269       0.62872400035045317     
  0.95936595911841482       0.90388082152815641       0.90535551645834844       0.73730276819138141       0.90181502012822590       0.98962976960652249       0.81661039854154260       0.79474884522051248       0.79956760264742543       0.90204606867904158     
  0.64595232906235134       0.50068955266043147       0.66755024123463358       0.63616037479985077       0.58137398122119022       0.67068918609442962       0.64963623653608304       0.59580345045521277       0.67011957289491741       0.67485591692021729     
  0.96793369413535491       0.92096074768536740       0.92016089643833154       0.75800067689240169       0.91854010340331971       0.99046292213856790       0.82883013985338783       0.81946433312671207       0.83700668704703896       0.91853521543883176     
  0.72136019273387497       0.64806901266199857       0.56478926203739954       0.60472159884670951       0.73743956627293183       0.49484940422915202       0.67926105835527906       0.76818552993063038       0.68830522901841806       0.52138607830124040     
  0.97607326422742191       0.93662511877858867       0.93576831008997829       0.78464974577002311       0.93547213808996921       0.99144888206127479       0.84128696820322846       0.84747210106516868       0.87238692983102217       0.93503676655540691     
  0.63496328492717935       0.58426001376015202       0.61247869649841746       0.74860784222652510       0.73130619767925109       0.90302204812109854       0.58353508397792353       0.68613505804540253       0.69058366123077652       0.68092994104406679     
  0.98339976182479316       0.95186158474189797       0.95194969860574619       0.81058336375383677       0.95220448138137892       0.99261110552520593       0.85737735793145431       0.87663220692371946       0.90716079846140807       0.95112070802643633     
  0.81713467074288226       0.54523306916654724       0.60576839809340877       0.74201457404568272       0.62263083701528088       0.72810508911111260       0.71275226194150287       0.56208190054816598       0.76259969694260310       0.64372329141023132     
  0.98954729703959798       0.96837198468061370       0.96941714620659392       0.84156287330360391       0.96859925704913175       0.99401961023967278       0.87933136583407401       0.90731992611156254       0.93934516713409089       0.96718305444034924     
  0.90229373761263354       0.53159700490244677       0.57058420495685669       0.62730959556427346       0.61811706984882409       0.61458987611696403       0.77854033559372515       0.61889086447398933       0.58452079746801910       0.79583443022918388     
  0.99491830280162574       0.98453202282895413       0.98518059833790028       0.88867120097558994       0.98478238228925918       0.99609524986387910       0.91410860763270718       0.94535136999901492       0.97111713177179448       0.98392795957098478     
  0.63335858530661782       0.61373462640468779       0.68750632983262416       0.60143060937796522       0.77355214679764406       0.48600956142910329       0.58433372404945250       0.67878301373330008       0.54480613749694273       0.72751309642998474     
   1.0000000000000000        1.0000000000000000        1.0000000000000000        1.0000000000000000        1.0000000000000000        1.0000000000000000        1.0000000000000000        1.0000000000000000        1.0000000000000000        1.0000000000000000     
   1.2815397670424251       0.54817410202917050       0.62311427743083370       0.65462432560690476       0.57807105960034499       0.50999363641685891       0.45346295501568801       0.71744791344432157       0.62813329062859291       0.75957763080489449     
   0.0000000000000000       -26.753792931983838       -23.724441244004851       -10.755246672485313       -3.2602006382468272        0.0000000000000000       -15.138853211757864       -29.637424601609631       -25.792211857228441       -25.286832353982565     
   0.0000000000000000       -20.715058726342999       -29.213651632055807       -49.904923010716715       -10.973171890358815        0.0000000000000000       -27.531356278649639       -36.368819326013664       -26.531238946656995       -21.792397446159253     
  -34.264467672181929       -24.891777127098006       -7.1466906167050031       -25.183437824705827       -23.499409850776843        0.0000000000000000       -28.821263641076555       -24.760512337344647       -27.946169004432473       -15.730490574196308     
  -28.568129015586930       -23.008310625140087       -25.011723546373958       -30.089407270596119       -28.507596635111216        0.0000000000000000       -25.544198815566077       -23.625014110379169       -19.405099347369863       -26.517072804214497     
  -32.947123192690995       -29.226701629370869       -27.330363454438512       -21.649729832945827       -27.877056797540977        0.0000000000000000       -24.343090063196222       -30.038418518705196       -25.253958028262485       -30.207295181046632     
  -25.234446110038700       -26.264615208628172       -28.773932542084523       -26.655009508354180       -24.903003902845501        0.0000000000000000       -22.831694465858707       -26.600979453194750       -24.655717613456016       -24.336390567576686     
  -26.537558076722451       -10.963577174561674       -24.495827802833517       -11.309191045552401       -28.169963879638200        0.0000000000000000       -21.360165221905973       -25.423878266219138       -13.986882703763598       -17.030114992499460     
  -10.028120881456166       -14.098475006664259       -26.876133389846796       -36.924630899522278       -23.493392725136268       -20.235757877361291       -21.735453219346962       -16.634724820293055       -24.324366148276628       -24.653282385597187     
   1.4162152397153934E-006
           1           1           1           1           1           1           1           1           1           1
   3.7401188975945870E-004   3.4191822679889686E-004   6.6271628660905309E-009  -7.1510125323062468        6.6271628660905309E-009   3.9562669425101634E-012
   1.4874096762133630E-005   1.4835778631418751E-005   0.0000000000000000        0.0000000000000000        0.0000000000000000        0.0000000000000000     
   5.0000000000000001E-003  -23.857939873070936     
