   0.0000000000000000        0.0000000000000000        0.0000000000000000        0.0000000000000000        0.0000000000000000        0.0000000000000000        0.0000000000000000        0.0000000000000000        0.0000000000000000        0.0000000000000000     
  0.18614892990058116        1.8381102492918196E-002   1.4452437589718113E-002  0.12176402053185492        1.7366072429057300E-002  0.90815459247137809       0.10282603347776359       0.11858496019032239        1.2797065404057914E-002   1.3683500957177953E-002
  0.49505525577776882       0.65217977392995763       0.58837459626837108       0.63453145330430771       0.68576602433303580       0.45712613655249534       0.62445631590582318       0.52510004108400132       0.78757490826759791       0.58727748830783888     
  0.29047448339449455        3.6662207502332546E-002   2.9482061834568071E-002  0.17378435229295616        3.2672783562735640E-002  0.94616956741266378       0.13561694093795765       0.15793415899824528        2.0573075685993359E-002   2.7282048688659306E-002
  0.48794563441975375       0.68369802667994528       0.74193577499106000       0.77936160597525683       0.71870654943773338       0.48993566218870627       0.64883169447458733       0.81831472500164426       0.83958488347469107       0.57826956092419801     
  0.30129510624558764        5.1859108343597853E-002   4.4862755971860992E-002  0.20578845538672061        4.7965185503667601E-002  0.95878931842371262       0.15571829585055746       0.17925935195238363        2.6305035888265875E-002   4.2033841993395583E-002
  0.62298652331065929       0.58054277964182255       0.60735581608591582       0.62602760316859685       0.57980033192846581       0.80781491928015081       0.73711493629343372       0.64713564975816551       0.69543630973643655       0.55929032185797667     
  0.30540930643477304        6.6651920623069932E-002   6.0350637913012553E-002  0.22999278154210012        6.4172674605060057E-002  0.96283531134737321       0.17145035066104233       0.19530216553861238        3.1753705536987413E-002   5.6906935949683532E-002
  0.63480949593301406       0.56410552443285511       0.59022926706327061       0.65140176602499433       0.60377036982040622       0.70238438761777189       0.61791178194714447       0.63968857994970807       0.71088606706000590       0.77719985126632596     
  0.31005321025911964        8.1915544736122656E-002   7.6598312802380844E-002  0.25085789818181975        7.9919224105741135E-002  0.96433638810478206       0.18459494123975698       0.20899111866015638        3.7013244699447063E-002   7.2020920410901898E-002
  0.58063650935237254       0.54665373518058669       0.76036493464988253       0.71321666922422655       0.57446230921462660       0.68230583044639104       0.67061981501533297       0.79208751227360874       0.80409404428556941       0.56278828921054991     
  0.31626037430981269        9.9121399243053063E-002   9.3363383447828172E-002  0.26666010819712010        9.4897035871632840E-002  0.96526224166721997       0.19687472124943550       0.22128709415025447        4.2342385356853647E-002   8.7756101564224823E-002
  0.54321736850725433       0.58136844866742432       0.61937040388699049       0.79904460817432266       0.76103254484492266       0.77716215536688527       0.55819944603358918       0.65304359152446934       0.59173307311790735       0.59163904044227922     
  0.32317816867729554       0.11722485336655454       0.10961174395771908       0.27647837222168609       0.10931068646403921       0.96600874539718140       0.20812139159460702       0.23273856375723589        4.7744565659459122E-002  0.10281496074032567     
  0.66938968230224383       0.67228861039049903       0.59741406834776634       0.58923371197101970       0.57798912272000458       0.75208446014633923       0.69305769771683234       0.92208696932744327       0.74727652329426664       0.58439577056846337     
  0.33058182029199623       0.13695884063499419       0.12481626252951751       0.28503682546110176       0.12422836870552512       0.96664036840740986       0.21867876867892577       0.24398572068526342        5.3319798895164111E-002  0.11623260910251923     
  0.58815357962603132       0.73831483914859997       0.61405851088667329       0.59902425778845225       0.70052576119804633       0.65933643628487570       0.68610306934677046       0.62076975820609714       0.68446357643943923       0.56312975882855354     
  0.33871587861886016       0.15906561964397833       0.13995511433779570       0.29400826953143627       0.13894611123647096       0.96713261898045633       0.22852730552597048       0.25463292452087877        5.9064627058858822E-002  0.12957976350781569     
  0.54618305424089697       0.66420010756654946       0.64647398202775419       0.60119287608342842       0.63417288809659922       0.59382964727288778       0.68525361432428722       0.81724569982786865       0.68310641077015821       0.57283113500724392     
  0.34660015234299602       0.18203322041800471       0.15522479671543296       0.30377905036463837       0.15451291561441441       0.96758632547835488       0.23734987822992432       0.26407767077873545        6.4854911968630108E-002  0.14306467233200248     
  0.66490800521879212       0.75026260607402506       0.56539143663789548       0.64535842468152671       0.57631582054150954       0.53963355935920665       0.58925297922873721       0.75851974039389625       0.64970420904236836       0.72711536622765371     
  0.35714318037947046       0.20532148112671300       0.16853713789588759       0.31256971370172359       0.17120567274509610       0.96802557321063187       0.24256821493309869       0.27329466827643140        7.0620497706160995E-002  0.15867638489540528     
  0.62223283467254986       0.67825919870215601       0.79267526783773290       0.61674477150475837       0.71202515273060629       0.75485000045847817       0.53761550656154755       0.67753605127463667       0.62324213573243570       0.89190676797423463     
  0.36764497627904169       0.22821813320791004       0.18014150925456959       0.32058366345643430       0.18957811231669400       0.96843481711591806       0.24892974103725621       0.28254522025265993        7.6546994694419043E-002  0.17428712463984644     
  0.66102754360457838       0.64368359735263003       0.66940801630455204       0.58425968212907742       0.73620788715447050       0.69811657488543322       0.69515048953114944       0.69279670137212701       0.66631272748301029       0.58530482237611636     
  0.37903499455997169       0.24992549698349273       0.19182716575568051       0.32835223224944698       0.20825479667485775       0.96890720813708642       0.25531692861377181       0.29130578381512284        8.2649206174281148E-002  0.18915075173695622     
  0.64106476611231045       0.54673679015732157       0.57969265851342111       0.63136414906786531       0.70766496732203421       0.68841845138097524       0.59034962785400558       0.51806037540105265       0.58580554707000732       0.75043038771135573     
  0.39138450680064396       0.27013804210006759       0.20491783297997476       0.33669326766153562       0.22676283103947134       0.96938271868659476       0.26162357071667008       0.30061410610331790        8.9005160183173865E-002  0.20396601052130434     
  0.57561197546552134       0.62249360901126916       0.64303973730170916       0.56307215319181025       0.62251128891778051       0.63385072622696259       0.58472148121812417       0.67259125197720793       0.64920650512199629       0.63136178117752295     
  0.40423294058139808       0.28966706667178660       0.22114387467788166       0.34437472856215207       0.24495394391650030       0.96976633879033836       0.26782452226929032       0.31018295476345914        9.5426431661568958E-002  0.21632632584297906     
  0.59704307475094243       0.67776094664939623       0.50790924170009588       0.57496666402820096       0.61735062536222285       0.57493416138922104       0.57467764225621898       0.71805147675128456       0.70589587633119089       0.50889802409176255     
  0.41745361462863123       0.30937468738886970       0.23889651399239906       0.35099493619137528       0.26283491350709010       0.97012342441865440       0.27408157688778745       0.31990857881339385       0.10216618614979887       0.22893614244185384     
  0.68149484831572116       0.72753227983338720       0.56843474086279622       0.61435864310251476       0.65749546986099017       0.64680093894441293       0.68923806336490800       0.71200556890049771       0.62575450283007483       0.57176648158357324     
  0.43162364807732034       0.32895225401638784       0.25666575635446326       0.35792481654350022       0.28053334268597929       0.97047447031237544       0.28015341881187855       0.32954032091814306       0.10980258765258305       0.24313808604831194     
  0.59133483840959022       0.63323115523085460       0.71830489307645184       0.52510004108400132       0.68263352623084717       0.59921606379586267       0.54113928757363439       0.56723013700913427       0.64285793703865801       0.62998848353975323     
  0.44654765870677054       0.34809941415502721       0.27488803299184977       0.36624291415468679       0.29818524688194220       0.97085214403592202       0.28575784004184801       0.33867568742718701       0.11789098686070600       0.25856933206567329     
  0.79515265538347613       0.76034841710536949       0.79735808840808309       0.64442573558705796       0.66903772077749724       0.66987372369410669       0.58149035146234007       0.79917243100593094       0.64963913139908247       0.65171343326745568     
  0.46154954729914915       0.36664447098691377       0.29225159920355853       0.37535372924543370       0.31563807642198760       0.97124935676763879       0.29120907569628790       0.34764905531436008       0.12593381787359470       0.27165237020888394     
  0.61280567540971820       0.54739640883860918       0.65680450194377837       0.54505450921560561       0.69506289674433819       0.78381416616200927       0.60281105887192421       0.68903202981709455       0.56887145210319157       0.65075951154527956     
  0.47613559449486087       0.38653883690796004       0.30922080394852619       0.38441838372971043       0.33268001393161512       0.97165975678398819       0.29657272361669235       0.35678942854677476       0.13394829696866339       0.28312415422428089     
  0.69499442695799873       0.62788071922876609       0.52631613893589657       0.85914777745367832       0.64238897674917694       0.60175897440478709       0.71780394887885490       0.69313825472943225       0.70544404811451600       0.67496948820092229     
  0.49065264692897703       0.40501610185381270       0.32575881032247250       0.39295423717177286       0.34970696560546888       0.97207161066296333       0.30161950301667767       0.36615294848512392       0.14096137581466670       0.29522666586239543     
  0.58370348368160430       0.67479473178898675       0.78855017659642346       0.66631322695585005       0.79929006386617929       0.74628689010102400       0.67396856718993692       0.66823695323045473       0.60523158625515538       0.51680343752522662     
  0.50540957687047694       0.42316669284489472       0.34220411920337046       0.40145298843944854       0.36686069440089047       0.97247781854555460       0.30647091106257707       0.37568339648900290       0.14843947552168554       0.30688947094077629     
  0.63330214134023677       0.76104336681333629       0.59968412712965224       0.58667816951657359       0.61820466678836472       0.69109902440820281       0.54399852555349293       0.53269764503150985       0.52510004108400132       0.51376743645003464     
  0.51997098848624412       0.44178749786307492       0.35844702689879432       0.41031226365438306       0.38332826158641592       0.97287464772970844       0.31152625043542476       0.38520630755500995       0.15627169212220254       0.31705703176613692     
  0.62433865107563746       0.58829296185331104       0.61782897975391160       0.59692093254745804       0.68082186314219928       0.60109198735880620       0.63705735387238416       0.72594334027364182       0.56044829777143135       0.51622458912890035     
  0.53479145065231737       0.46142829727532020       0.37304444303175982       0.41897805742137723       0.39781783986362818       0.97326410696218257       0.31696216056345272       0.39455983838292524       0.16510450800693374       0.32892344719973654     
  0.56276491087151292       0.63134588137336334       0.74256871351794473       0.59053289124503405       0.61178554746869118       0.76409354563081899       0.60250662654812626       0.57945870397605714       0.64870134624089837       0.58133419834737576     
  0.54972357540149230       0.48291831745940239       0.38850714392640107       0.42711603136573190       0.41124577242151267       0.97364418804889685       0.32231009848194503       0.40369250434538445       0.17536641055220814       0.34229902874412726     
  0.59759961409339568       0.74859332843016746       0.72914614795545607       0.52773845359838156       0.66419226894446781       0.71126078886508071       0.59390651307144982       0.70695870092015578       0.60644781623050992       0.54050818982421600     
  0.56400336605912393       0.50496766263573245       0.40428105548543752       0.43490890059694576       0.42393453792749908       0.97400733518652438       0.32753137445484670       0.41304664968408350       0.18599887671798782       0.35547220423205173     
  0.63934676131610957       0.99665227022388869       0.72473113044679971       0.54646330501359608       0.68577157301587344       0.49105120479854442       0.50626920331356262       0.52802881035551130       0.61702218168577616       0.63974616322385403     
  0.57815718904926960       0.52556591449678758       0.42137553029612773       0.44245556250749546       0.43707815303929271       0.97435569388846455       0.33302388718588460       0.42245737639081166       0.19741912118337784       0.37012330990422754     
  0.71697005238049183       0.69317769204410351       0.72194495531673286       0.61544990307235703       0.57167084513185962       0.67378369359886914       0.69238591395093463       0.58308819752283669       0.74677750251701469       0.67057226957833038     
  0.59226210373362909       0.54391817786440022       0.43924216696861218       0.44929295369232036       0.45196891000927231       0.97469506969631903       0.33876075617880241       0.43212554104266926       0.20974186687034754       0.38669758083417061     
  0.74963821895881988       0.78367594763396653       0.69202600945392090       0.65760030901615718       0.60687748168946198       0.64647398202775419       0.66081427611597765       0.54045327038479807       0.68995652007582242       0.72847654042155474     
  0.60625689171624475       0.56148211317993346       0.45683713345415417       0.45618718412496201       0.46779048656650429       0.97505396980837755       0.34477099348008683       0.44210628902911991       0.22308496823262977       0.40321686150651354     
  0.63686894682660888       0.67763240795777191       0.74901037712539376       0.64088274643705512       0.70236479400689722       0.55034737694966507       0.57833376764512967       0.63683675755030988       0.62471041523973669       0.56063916864323915     
  0.62033756912183835       0.57870343825517878       0.47394647660598077       0.46357443312850743       0.48293241383930108       0.97541920874113042       0.35072505054543929       0.45176463636466346       0.23627010249087629       0.41880292160150551     
  0.67656516090590013       0.70668364993270827       0.56544440451322842       0.56208568453444530       0.59068005198988149       0.64347264603645460       0.56432745714223698       0.60046872053887279       0.74431062489004507       0.57869079316625760     
  0.63477312306219824       0.59688137797578156       0.49040894934330609       0.47140481577563931       0.49879665069653778       0.97575548796648559       0.35654412567511340       0.46094322480101768       0.24951224772249789       0.43460141312122813     
  0.52310542117024394       0.72480442039900450       0.59990089244955713       0.60313696380828419       0.60242298982547926       0.54867320482389093       0.66788398016396466       0.60161250737508232       0.60999984864890788       0.57163170144575182     
  0.64931687657701620       0.61489497844808749       0.50653756620579871       0.48000281509965753       0.51517769402217606       0.97609969742245795       0.36250944260135537       0.46929809658158378       0.26304166268148638       0.45155012510790132     
  0.76107919821388115       0.60151369894745388       0.60623038252450800       0.65220938969493136       0.66476558667343955       0.62244268424130800       0.68420441853722569       0.54376033064938412       0.61193200112803281       0.54843832237808499     
  0.66294894983950048       0.63209849421375952       0.52262513466504235       0.48893387121758125       0.52881610633885634       0.97647459980315643       0.36908432943398772       0.47859451431568817       0.27749927133486907       0.46999634852363859     
  0.64144695401931484       0.63373247847186576       0.55348796056655969       0.58837799493957110       0.65311740520423112       0.62484547528018231       0.55419986243740471       0.62084837499841172       0.60132559170459998       0.70235392569502542     
  0.67581808560182310       0.64845582154372827       0.53975404157729701       0.49779262398719254       0.54036801551146474       0.97687013785434285       0.37603095990005020       0.48762413424345891       0.29365162100195280       0.48703076134569151     
  0.63131199561306761       0.59594696896497557       0.65270826511703894       0.58817319874173057       0.46607532239223598       0.68122141086432808       0.74239983114724273       0.63461076126739535       0.57011494871822621       0.62068884164508376     
  0.68878647206249599       0.66538304501063916       0.55793640916189990       0.50656600849175115       0.55292391126309326       0.97726313992760161       0.38276815863788205       0.49679125833959653       0.31089153006140530       0.50264251743313071     
  0.54487762175463839       0.57421788307486621       0.63595727180405481       0.68858845283482328       0.58196916801665621       0.55314572489691105       0.66206348280801142       0.65174786154762332       0.76522627443954561       0.58157574624749753     
  0.70186524313545462       0.68101716554349512       0.57659008373784937       0.51503817774036775       0.56450783766737445       0.97766583393063067       0.38948372763248013       0.50657073779806849       0.32872317862995826       0.51892344808837121     
  0.68335816038352715       0.64000038572331996       0.61557530493448487       0.72474516779152065       0.65626771697494590       0.69436377835837282       0.66773639323865508       0.65465571141557877       0.72275225931509124       0.77691628389138034     
  0.71504442039246141       0.69583669585289532       0.59508329851517883       0.52298062998730055       0.57587590881989659       0.97808350439634983       0.39639141898540436       0.51618085281184145       0.34743893852356661       0.53759462275939862     
  0.59479590561785323       0.81456246297025492       0.67159548453728846       0.55504680019514974       0.54809029297892187       0.61264504762897720       0.60497255146129281       0.60519806302573664       0.61108574847539687       0.57866654674076290     
  0.72900140026950144       0.71014760760207474       0.61276415620004687       0.53083298256186473       0.58748544785586532       0.97850000450763142       0.40338476738089618       0.52440218061147925       0.36672973187490271       0.55681943161883540     
  0.69968970931403063       0.70835494322017789       0.68731332603307504       0.68085416814457733       0.46659072156911457       0.59710334351806182       0.80023185119611884       0.58729056182305728       0.73808184922580400       0.70506405674040518     
  0.74331153110295412       0.72334515397327426       0.62978671712806289       0.53862857698306588       0.60057018718658639       0.97893081347741440       0.41080578913397459       0.53199151500735298       0.38697649301229703       0.57726067756988109     
  0.66629715653908939       0.58477574490000273       0.70449085791598609       0.63838821243840238       0.54940949123844740       0.75026344883500240       0.82372421607437629       0.63961802189147965       0.69290432090079790       0.79884272502728648     
  0.75749476627896106       0.73699643587478092       0.64670124660566330       0.54661662844007786       0.61470166867323850       0.97936641693174764       0.41708019967835791       0.54020307565072778       0.40786142072305931       0.59717744300702202     
  0.65484481788723459       0.62363313412402122       0.67391458927233661       0.82660553074054377       0.51388719059843035       0.66925425725802601       0.58358782450380631       0.54906518203600685       0.63487663524934057       0.78331297677468281     
  0.77160269735338660       0.75194915525144435       0.66356053210013277       0.55475653380667522       0.62806132596662845       0.97982151443357823       0.42323114539296069       0.54860894835226703       0.42935999098989491       0.61679906143174146     
  0.74104026853337990       0.65995491208752044       0.62614555255486426       0.69764923588514505       0.62352714469641801       0.63964017907257631       0.63901126287391974       0.62484543418014715       0.53078071468208132       0.57806701210669964     
  0.78591946004776259       0.76743975292370503       0.67921253618740729       0.56305089415341047       0.64231478302308720       0.98029410957728358       0.42951689838898588       0.55770680249783888       0.45114639886035174       0.63630218312287012     
  0.59527052258925672       0.68091195443264785       0.61215229950110028       0.84975043270044437       0.64522768704665578       0.76014976224989450       0.70138960043924070       0.49580274794859058       0.69387118219951205       0.82437543254404555     
  0.80075495462112722       0.78298558555595887       0.69476052535435751       0.57195713900091527       0.65847670084094867       0.98074323631646920       0.43628392004636035       0.56737207890900054       0.47305641061443809       0.65525854417580942     
  0.61754100460661088       0.73668688578532637       0.66140292640678056       0.80432079486362795       0.57952583646722877       0.69722342392089898       0.57360989381941618       0.59111499847885740       0.82377546408791669       0.88616542367594209     
  0.81575441910911273       0.79727184990479671       0.71147610032363695       0.58097753899846638       0.67566343339998702       0.98119318385667209       0.44373283470096569       0.57724866817286113       0.49365618259445382       0.67362716494520203     
  0.69443340120254593       0.71808177938034756       0.69430887717263556       0.79624852356957221       0.66815915498962908       0.65113311858828282       0.73489753759253817       0.68469529460718848       0.66236587310496675       0.70096400493285826     
  0.83072173154021423       0.81030668789054716       0.72848351243322307       0.58983183092268343       0.69252329880513497       0.98162841568605330       0.45187311127727792       0.58678740909763050       0.50897515182647179       0.69160622571202746     
  0.63299996294260485       0.58211498575446741       0.65692981001274897       0.61680358584970296       0.72967590433180951       0.53909287104122261       0.77648162097100581       0.56319514777571300       0.49813357379866863       0.71891241920652116     
  0.84570509460029097       0.82273000455204726       0.74702480934300319       0.59872576468991445       0.70940141093831188       0.98207112911352723       0.46047723129488133       0.59619834625420409       0.52306946402756549       0.70958647782869533     
  0.65681583201233618       0.75946020176694362       0.68267117460556148       0.64262517558294385       0.58627480647674934       0.63728760184586219       0.79896238969767008       0.56660015591364377       0.67396856718993692       0.72094174250115883     
  0.86053198904579742       0.83504640428835930       0.76226355268055734       0.60780554433779488       0.72658427706333617       0.98253638836950086       0.46924428068933399       0.60494663142564575       0.53967312493603758       0.72495747443568259     
  0.74977407074410063       0.61692455076741015       0.55559624316784872       0.64938939887728353       0.55685691445877306       0.60015881730907727       0.69467369613417274       0.56061369968341990       0.59885862864704975       0.59182201537895152     
  0.87519009090290134       0.84809910181664350       0.77768281638838876       0.61719932547983059       0.74373800379135835       0.98302164193783481       0.47785258863913332       0.61716452773244546       0.55762163513801943       0.73966255862362473     
  0.75030388661625957       0.58224733952049101       0.64964681304480221       0.60261875678412291       0.59844902424206803       0.67061778741647105       0.80583970864451382       0.65186881853525824       0.59372970524116686       0.76167930792360428     
  0.88988490526033348       0.86245666021890954       0.79284709918355800       0.62693516554009343       0.76041802455532581       0.98353074581790478       0.48609294243906054       0.62963357104766571       0.57202832572960005       0.75431465450383073     
  0.73163625839233282       0.61029583176956115       0.61037367670684795       0.59610945163893336       0.75206767070171388       0.76832599452865713       0.68856298330512711       0.53401685757439077       0.56150138129526117       0.63007575518473802     
  0.90467329911780325       0.87587523483771301       0.80679311302620171       0.63701976316588371       0.77563217623673630       0.98406468375709544       0.49386418282256872       0.64200434108780124       0.58609677033503504       0.76904837982937013     
  0.70783308919269738       0.67474862419779313       0.59746789468178507       0.58427554941067406       0.64042579448481662       0.55285760460453992       0.54206264818448380       0.70676445001933752       0.53925665441653936       0.65820154892267158     
  0.91980004323504194       0.88611583918596537       0.82113795871597006       0.64744973231259639       0.78897125396052881       0.98462296511687353       0.50140216005579497       0.65403627260003649       0.60173988855179461       0.78537258114391661     
  0.65522759237720396       0.59780885555911234       0.68450964552687721       0.67672249018909025       0.68391673750942672       0.68821680699388654       0.59047468952803173       0.51488437260616082       0.59355431368223177       0.65828988520778531     
  0.93437462988147313       0.89499177238251160       0.83734271591376375       0.65781741067248234       0.80219528791762829       0.98519696861929829       0.50945525379922085       0.66658114034303728       0.62189221616987089       0.80376154633949715     
  0.64318423154976667       0.56142686895902261       0.70066011591846677       0.65559028846776335       0.59960255790125649       0.66714236822301010       0.59369173988741064       0.65138614766773850       0.69597930975988553       0.62801709971727260     
  0.94752125026551182       0.90336871627551896       0.85332390389315960       0.66912637083143933       0.81681861803910216       0.98578417540430563       0.51748261514505567       0.68041454100246024       0.64698292883065645       0.82238665186462900     
  0.62134051091171683       0.53007654853978026       0.70543394687696515       0.65305347575702222       0.60929794041905050       0.61824553285201789       0.52337295190689537       0.61549916456502707       0.56747869979904420       0.64460689279109318     
  0.95964781677767075       0.91180110430051764       0.86881132503313496       0.68111751940658283       0.83283072350281018       0.98641015595906578       0.52761027513456338       0.69681698950349413       0.67512846639512336       0.84077015201518213     
  0.78926731084201951       0.60042189668648616       0.68754089085632530       0.78231283793351258       0.87295173232979462       0.77310390062101941       0.66208129104620450       0.66797858117371101       0.65639155751796663       0.63024369439089423     
  0.96969201963400631       0.92037021982482348       0.88348266622515947       0.69252430325462422       0.85002468898661476       0.98707771643080056       0.53896200186579957       0.71351902966356617       0.70383691636854961       0.85755074530492625     
  0.72686310698536594       0.67981768024494482       0.63267192802090111       0.57557885057782421       0.72366551868658846       0.57041125638420287       0.61085329189287230       0.64484837756651658       0.67024521439256879       0.62089511020155985     
  0.97786256051003650       0.92958898020982228       0.89778687102677168       0.70390432225842092       0.86608390755093145       0.98778691928409779       0.55018446046198188       0.73182900549727425       0.73686710216764162       0.87343051615581002     
  0.70766639754671601       0.61332134929475801       0.63866243388359556       0.49373938148491070       0.62182978418274737       0.65561706998787994       0.66471309638628007       0.70570607291055976       0.72744170121026519       0.59913247384578605     
  0.98330622557545089       0.93869015713094439       0.91014648575346524       0.71502794025281902       0.88122077639411434       0.98853578328458414       0.56256077718689024       0.75440788090596023       0.76938471774575401       0.88872993340235862     
  0.67753451008086563       0.60744354327824579       0.61976279941519619       0.64324365589181420       0.62181711310132848       0.72834366227042191       0.64774421991176101       0.63838178952883784       0.67097515265197571       0.57346624889888242     
  0.98756163843149847       0.94798799068944761       0.92403424167371606       0.72801869533096553       0.89640200206306320       0.98928550672664628       0.57526131429959815       0.77984769046148206       0.79822546682096884       0.90290229935058686     
  0.55605888733343678       0.60596786250517887       0.58183693826696503       0.68535848440579272       0.58446103608737021       0.50964394381905398       0.71169605469339747       0.68895153567969392       0.59650139996367402       0.63126097689046079     
  0.99080821090641324       0.95717166575338697       0.93762484359044662       0.74339655325130949       0.91234194199808705       0.99008450855990293       0.58976861054698648       0.80430981360666221       0.82849374006767729       0.91727678845632987     
  0.60318155340206780       0.64915533628653799       0.67350573634265831       0.68326640532751581       0.55428091227517717       0.68434623828188312       0.59152443831452850       0.69729630368123374       0.54545799788268268       0.66566676670806924     
  0.99332996435028464       0.96610096928124045       0.94985469738556760       0.76463218745546868       0.92945414374341340       0.99093695998816500       0.60624024017675149       0.82976786578510486       0.85975941161839109       0.93216155487667496     
  0.60318155340206780       0.55421914221476465       0.63721435459510256       0.71566351551350282       0.63186309168276411       0.57244352812947097       0.66127418984038255       0.70801884670072235       0.52756030271810139       0.67266258203147178     
  0.99541698971549042       0.97538667274352009       0.96217702908826397       0.78736956552860249       0.94699033362114982       0.99195641593185002       0.62944570622105644       0.85824139289276657       0.89739909624686032       0.94790594258507621     
  0.74260359970366396       0.60661278029010257       0.55095258508103906       0.67954220645163554       0.85938385782949978       0.56842499903021571       0.88908270722281535       0.66697564908122742       0.56190960945680979       0.89634382189159323     
  0.99701220685069869       0.98404034543938057       0.97441774063716247       0.81757460196225262       0.96414188070310403       0.99323255798413912       0.66553088788487547       0.89168138662306540       0.93598531613444724       0.96453324585351230     
  0.66962717392497073       0.47435697187206000       0.55042572909004972       0.75085416670136940       0.74875129095198456       0.58482680403948062       0.70743600727262390       0.72191648831917943       0.64983651509401996       0.68996806175031200     
  0.99852764430066121       0.99217001598495713       0.98600838124151835       0.87420628072874540       0.98205017653618953       0.99539704891360059       0.73199457417121172       0.94220086193330044       0.97012825301051764       0.98162203451453278     
  0.71123231762046524       0.56575738098959683       0.59781817897537159       0.68472111809611880       0.76620443189438148       0.72602977666315427       0.66059976761153238       0.78225827709401319       0.57554465223830753       0.64102739434545708     
   1.0000000000000000        1.0000000000000000        1.0000000000000000        1.0000000000000000        1.0000000000000000        1.0000000000000000        1.0000000000000000        1.0000000000000000        1.0000000000000000        1.0000000000000000     
  0.60870284078928627       0.48993566218870627       0.57311793344867401       0.54428170197165160       0.75244729087526008       0.56623429805520775       0.46999691399246762       0.61980278681562884       0.60573083081284307       0.69206616360756790     
   0.0000000000000000       -7.0984072470068131       -21.560690755666013       -34.878882404108374       -27.248124882873469        0.0000000000000000       -26.844008309776996       -30.996273475685779       -15.604876895459965       -24.726522355098407     
   0.0000000000000000       -24.600473354358634       -11.563615440430867       -20.519436843213143       -22.510475923137637        0.0000000000000000       -20.996359803962157       -16.217349752147118       -17.135828892858534       -18.116564544202827     
  -35.795047629205484       -25.691594230539181       -38.282784117196066       -25.281203705111039       -22.902215079618870        0.0000000000000000       -26.813777031083070       -19.550129637385325       -23.283167435239374       -10.704227538530304     
  -28.546914574739368       -28.460880376736441       -18.646348270334940       -27.024660546776339       -24.572861575171491        0.0000000000000000       -17.985945990239202       -24.544904992954404       -20.510994052328559       -25.368623590745404     
  -29.105305034023466       -26.478425794479755       -28.236931897442993       -25.434052329934296       -14.238696489621059        0.0000000000000000       -23.184386087280572       -30.341542046826024       -22.906616173086249       -27.043237204573668     
  -23.590447257766510       -27.065104926531923       -27.619051389689016       -20.612393522061321       -20.427090555387640        0.0000000000000000       -3.0402985641179519       -20.313029002209486       -2.4725176901205210       -37.666128144735666     
  -32.349666737776182       -24.862851587665968       -28.483852937442535       -29.030282521210189       -24.382544161668037        0.0000000000000000       -22.355345835866927       -22.966907585033635       -2.9037638704791644       -23.453755685314082     
  -8.9195975053053740       -6.0405109053209838       -23.961230993908600       -25.214955749934500       -21.484563189646043       -22.840373750470423        8.5941512414623524       -33.495849855222453       -28.718884995059231       -27.518688703205672     
   2.0428161169445313E-006
           1           1           1           1           1           1           1           1           1           1
   3.6888273635009213E-004   3.4409081235144671E-004  -1.3817136029698920E-009  -22.475672684250036        8.6410090394762822E-009   2.8489730009451507E-011
   1.3998079847502812E-005   1.4022544085669270E-005   0.0000000000000000        0.0000000000000000        0.0000000000000000        0.0000000000000000     
   5.0000000000000001E-003  -18.270018680973362     
