     
 Collinear #          70
 ME*wgt:
   1.0038915432147708        8.2856963370329598E-013   8.2535771847420900E-013
   1.0002326048934052        8.2554970071833586E-013   8.2535771847420900E-013
  0.99997449553478890        8.2533666816699144E-013   8.2535771847420900E-013
  0.99998203156219845        8.2534288808538058E-013   8.2535771847420900E-013
  0.99999314909209236        8.2535206402448891E-013   8.2535771847420900E-013
  0.99999915514516424        8.2535702116674935E-013   8.2535771847420900E-013
   1.0000016002686001        8.2535903926824980E-013   8.2535771847420900E-013
   1.0000258714285712        8.2537907165746829E-013   8.2535771847420900E-013
   1.0000000000749363        8.2535771853605822E-013   8.2535771847420900E-013
   1.0000000000072231        8.2535771848017072E-013   8.2535771847420900E-013
 wgt:
   1.0151591101604158        1.2798768359823748E-003   1.2607647640379529E-003
   1.0015005776818673        1.2626566395049529E-003   1.2607647640379529E-003
   1.0001499059508268        1.2609537601786748E-003   1.2607647640379529E-003
   1.0000149890774392        1.2607836617386336E-003   1.2607647640379529E-003
   1.0000014988907100        1.2607666537865453E-003   1.2607647640379529E-003
   1.0000001498905380        1.2607649530146615E-003   1.2607647640379529E-003
   1.0000000149891519        1.2607647829357474E-003   1.2607647640379529E-003
   1.0000000014991834        1.2607647659280705E-003   1.2607647640379529E-003
   1.0000000001491884        1.2607647642260444E-003   1.2607647640379529E-003
   1.0000000000146436        1.2607647640564151E-003   1.2607647640379529E-003
