+0.0002466020670333 +0.0002495980623040 +0.0002518756791409 +0.0002550286166169 
+0.0002592917699270 +0.0002640133402650 +0.0002686281104358 +0.0002733729096193 
+0.0002784376377971 +0.0002836300345247 +0.0002889827505606 +0.0002943665943162 
+0.0002998875604104 +0.0003054573129819 +0.0003111262620743 +0.0003168790698802 
+0.0003227300707112 +0.0003286777444068 +0.0003347835918450 +0.0003410370140044 
+0.0003475579191414 +0.0003544270284017 +0.0003615965470679 +0.0003689638851953 
+0.0003764240249389 +0.0003838929286435 +0.0003914601793453 +0.0003993122200189 
+0.0004076326041737 +0.0004161460179718 +0.0004247472279677 +0.0004334226467231 
+0.0004424171467934 +0.0004516949407207 +0.0004614201531666 +0.0004716771975429 
+0.0004822497228850 +0.0004930216492278 +0.0005040364073488 +0.0005154733588515 
+0.0005272811835701 +0.0005394618655404 +0.0005523329810375 +0.0005656776680513 
+0.0005790453369439 +0.0005928495765980 +0.0006066579856199 +0.0006213414775696 
+0.0006370038647406 +0.0006538097574974 +0.0006711077138824 +0.0006885999271490 
+0.0007066937735402 +0.0007252520365483 +0.0007452755522365 +0.0007655700842859 
+0.0007865548095601 +0.0008081464317058 +0.0008308014430860 +0.0008555474959646 
+0.0008815367502902 +0.0009083477374726 +0.0009359021698536 +0.0009646264995525 
+0.0009962307463915 +0.0010305466170639 +0.0010661931346395 +0.0011016298301032 
+0.0011380324797546 +0.0011776125236531 +0.0012199818923426 +0.0012647535195825 
+0.0013127402926126 +0.0013666716695940 +0.0014265899883589 +0.0014863403861522 
+0.0015500039462269 +0.0016220988875211 +0.0017020091684992 +0.0017911868660278 
+0.0018976578278304 +0.0020119883602471 +0.0021378710363669 +0.0022778009792411 
+0.0024413091617089 +0.0026347708250159 +0.0028581796324604 +0.0031149964533334 
+0.0034151974583838 +0.0038197798116819 +0.0044321290371542 +0.0052441235467678 
+0.0063096695479298 +0.0121552482610654 +0.0121552482610754 +0.0493966012938195 
-0.0012935044411719 +0.0103116907021037 +0.0195662220391348 +0.0297840809300363 
+0.0397998710469185 +0.0498876261420604 +0.0599089720709174 +0.0700510911510163 
+0.0802205955520817 +0.0906994961655927 +0.1012531625292416 +0.1119320417996581 
+0.1225000385996498 +0.1331745700707435 +0.1438013334027039 +0.1546068583305245 
+0.1653583244755658 +0.1761551070781136 +0.1867883807199665 +0.1975401731831783 
+0.2084623904719692 +0.2195729114245563 +0.2304113185594513 +0.2409946997337963 
+0.2516315983142538 +0.2625039769817700 +0.2734109842527522 +0.2841053218437010 
+0.2946577383598367 +0.3051232442074395 +0.3155610486539323 +0.3260012766019704 
+0.3363530603869172 +0.3467588872023810 +0.3570877236076104 +0.3672727040188078 
+0.3774731006904121 +0.3877090008071556 +0.3980107896224035 +0.4083151702979552 
+0.4187704591143297 +0.4294846693945231 +0.4401829570639385 +0.4508204664712842 
+0.4615462715944312 +0.4723248323152838 +0.4829951349912348 +0.4936776480274859 
+0.5046940022738968 +0.5160317797643706 +0.5274887584674546 +0.5386739868658313 
+0.5496056763045282 +0.5601923424887105 +0.5708667938410814 +0.5816032247863129 
+0.5921620019616856 +0.6026617791554353 +0.6132897073015130 +0.6239526753788501 
+0.6345307374884732 +0.6449925557666174 +0.6559111179171031 +0.6670059153431595 
+0.6777658594496094 +0.6882018636695406 +0.6986823795595311 +0.7092471558012573 
+0.7195861644243259 +0.7297115130110963 +0.7399028417406983 +0.7502194784925675 
+0.7605526466837267 +0.7708657046923950 +0.7812594431115281 +0.7918463721809468 
+0.8026984633976356 +0.8135539433799693 +0.8242964897470667 +0.8346386513151934 
+0.8446737411491783 +0.8548770839606219 +0.8653818173746578 +0.8760795292704935 
+0.8862389615022935 +0.8964288327244941 +0.9067003345808478 +0.9170408917917520 
+0.9271456190752665 +0.9371403774598317 +0.9477080543193991 +0.9584685359041661 
+0.9688739097740343 +0.9791734618526985 +0.9894955616799711 +1.0000000000000000 
+0.7461669455710210 +0.7474445764856923 +0.7485073299878197 +0.7496326217372796 
+0.7514207152519582 +0.7541156673841589 +0.7569005958585513 +0.7595904485389244 
+0.7622280951151726 +0.7647713828510184 +0.7672257426639023 +0.7696414779199373 
+0.7721166711111918 +0.7746612006938920 +0.7772055106027846 +0.7797191177078345 
+0.7822615640094246 +0.7847971564326056 +0.7873211671119839 +0.7898102485975297 
+0.7922307234203018 +0.7945693379359854 +0.7968597304746664 +0.7991575899531979 
+0.8014856373371745 +0.8038313057969924 +0.8061379723672083 +0.8084198474457805 
+0.8107257525015835 +0.8131110569564813 +0.8155356439910769 +0.8179366593873479 
+0.8202773003940877 +0.8225763350154336 +0.8248586349336502 +0.8271471711237619 
+0.8294190336165025 +0.8316957278143773 +0.8339594002610905 +0.8362083069033501 
+0.8384152375977071 +0.8405823035375819 +0.8427651359866736 +0.8449755684830468 
+0.8472202477644353 +0.8495206392325161 +0.8518148774433467 +0.8541080599407082 
+0.8564235727583558 +0.8587610160123785 +0.8611042434578667 +0.8634405361640821 
+0.8657743191126243 +0.8681109685146897 +0.8704508970296612 +0.8728023028203115 
+0.8751813569254634 +0.8775857321855388 +0.8799683240379225 +0.8823293690942464 
+0.8846720158509451 +0.8870111194891148 +0.8893434533911287 +0.8917011254975381 
+0.8940355195570383 +0.8964163780982694 +0.8988243408896310 +0.9012908032339615 
+0.9037962634463195 +0.9062825458332114 +0.9087714317404912 +0.9112882210388875 
+0.9138154989360661 +0.9163840209781103 +0.9190026444722768 +0.9216754197249983 
+0.9243728818617776 +0.9270494435711084 +0.9297169944885058 +0.9323868989331886 
+0.9350717281322464 +0.9378196660599136 +0.9406614147613138 +0.9436076694231732 
+0.9466623417161512 +0.9498306753946003 +0.9531145544856165 +0.9564566303711686 
+0.9599728166331947 +0.9637403162039505 +0.9677422032506908 +0.9720493643691532 
+0.9767216868941387 +0.9821030306993288 +0.9892638657792939 +1.0000000000000000 
-0.0263062596616932 +0.1278125703465960 +0.1639506175365322 +0.1855802091691146 
+0.2029807544548899 +0.2178960128101378 +0.2306074897547996 +0.2418930710924193 
+0.2523151582292941 +0.2621132279049265 +0.2714732893324602 +0.2804803804950850 
+0.2890004860733792 +0.2972139346993233 +0.3052059216284703 +0.3131461581187265 
+0.3205685019896021 +0.3276536501221206 +0.3344388296632220 +0.3411216056966082 
+0.3477271174645404 +0.3542064073278218 +0.3605114241804444 +0.3667033935988537 
+0.3727250664417989 +0.3785772109083953 +0.3843352531775925 +0.3900742496151156 
+0.3957518178725773 +0.4012581477158406 +0.4067086610009318 +0.4122072927591094 
+0.4176684277369663 +0.4231619822027995 +0.4285858062992280 +0.4340401850390531 
+0.4395747020832396 +0.4452018795109840 +0.4507681396816381 +0.4562765733640150 
+0.4616354176405715 +0.4669784415111762 +0.4722892213279228 +0.4774889158342062 
+0.4826549103929274 +0.4877632058296618 +0.4929457766606857 +0.4980878504719520 
+0.5032325435811320 +0.5083352453815948 +0.5134359979974954 +0.5185483220097380 
+0.5236979366481465 +0.5288816999183288 +0.5340630746303124 +0.5392353761641053 
+0.5444319201003508 +0.5496825138528197 +0.5549961413868951 +0.5603907994677972 
+0.5658573366518841 +0.5712790347628173 +0.5767916860992812 +0.5822941691426083 
+0.5879131858621988 +0.5934877155956201 +0.5991137052871754 +0.6050238840686875 
+0.6109932427858484 +0.6168462029070657 +0.6225603699287902 +0.6282868123723716 
+0.6341838526963957 +0.6402700437554605 +0.6466538068149560 +0.6533782515713149 
+0.6600810946018422 +0.6668835738097698 +0.6738189370255869 +0.6809245751402189 
+0.6881234550267987 +0.6955322549720789 +0.7031205228732527 +0.7110508671964003 
+0.7194454317504431 +0.7281552080793736 +0.7372229409903642 +0.7466864735185775 
+0.7569991687777393 +0.7684112650676889 +0.7811346030400098 +0.7956688280158692 
+0.8131187587803481 +0.8352561296949430 +0.8716445754717533 +1.0000000000000000 
3.37952710059e-06 0.0136392268519 
  <DiscreteSampler_grid>
  Helicity
  1 # grid_type. 1=='ref', 2=='run'
  80 # Attribute 'min_bin_probing_points' of the grid.
  1 # Attribute 'grid_mode' of the grid. 1=='default',2=='initialization'
  0.003 # Attribute 'small_contrib_threshold' of the grid.
  0.500 # Attribute 'damping_power' of the grid.
#  binID   n_entries weight   weight_sqr   abs_weight
    8   5385 0.000278325866389 1.05493690502e-06 0.000278325866389
    1   5025 0.000258872428692 9.42481063204e-07 0.000258872428692
    5   2349 0.000122002468522 2.11107504845e-07 0.000122002468522
    4   2610 0.000119862534089 2.14835728611e-07 0.000119862534089
    3   118 3.32999948533e-06 8.46230833485e-12 3.32999948533e-06
    6   115 3.12811954102e-06 7.94928413081e-12 3.12811954102e-06
    2   90 1.81271004318e-07 2.72372246199e-15 1.81271004318e-07
    7   98 1.68400274594e-07 2.52535368594e-15 1.68400274594e-07
  </DiscreteSampler_grid>
  <DiscreteSampler_grid>
  grouped_processes
  1 # grid_type. 1=='ref', 2=='run'
  10 # Attribute 'min_bin_probing_points' of the grid.
  1 # Attribute 'grid_mode' of the grid. 1=='default',2=='initialization'
  0.003 # Attribute 'small_contrib_threshold' of the grid.
  0.500 # Attribute 'damping_power' of the grid.
#  binID   n_entries weight   weight_sqr   abs_weight
    10   10 119964286.708 7.78311891475e+16 119964286.708
  </DiscreteSampler_grid>
