  0.00857285743971124  0.03811275848016700  0.04673883334802781  0.05488659478581802
  0.06332408636332752  0.07301714603933912  0.08137775340720760  0.08902699797052353
  0.09596767358065449  0.10325925527569579  0.11122283491449010  0.11957988443954608
  0.12783334597416976  0.13585368225343039  0.14365277811506891  0.15090626040658484
  0.15799341984327148  0.16547527959553807  0.17330334139538980  0.18090402355480631
  0.18826899720625045  0.19556079212903374  0.20320449803111038  0.21122641847795276
  0.21955133584524761  0.22800566306942330  0.23617124123915276  0.24435360264989203
  0.25266763616628840  0.26100459607671433  0.26945669221632335  0.27803933240448259
  0.28664240131173174  0.29516541595683299  0.30369015910348546  0.31239205537640874
  0.32112814568174247  0.32979005370634878  0.33853811888948437  0.34749778606686027
  0.35672571418369853  0.36622751439261203  0.37567365060177260  0.38505314323904716
  0.39445609352056410  0.40377907309176558  0.41297014783721359  0.42197655450735166
  0.43126787150055013  0.44055848358743094  0.45002580500946965  0.45948461688245990
  0.46902574705008215  0.47894757363202728  0.48901585651439272  0.49947720550612801
  0.50966910439281099  0.51966819318006130  0.52975005687240229  0.54029657312439017
  0.55099764052093636  0.56156476042467618  0.57199544103593214  0.58198241286099506
  0.59234812494475253  0.60248970365505372  0.61251860582348483  0.62278069229093225
  0.63284575366408113  0.64275605025942895  0.65303760930235222  0.66353970071219526
  0.67444657378333983  0.68511471104662403  0.69577605094828987  0.70666886960897946
  0.71760630162421979  0.72953267916617015  0.74086441341351972  0.75197058037906028
  0.76280226167725784  0.77436324049713434  0.78649995335335343  0.79856350487506911
  0.81159756974575825  0.82485758450725299  0.83754062941628649  0.84938866219244302
  0.86046186481830189  0.87309039786721221  0.88549781114663939  0.89831099507518308
  0.91414451770092142  0.93252111596440179  0.95931249791811446  1.00000000000000000
 -0.00165271367329398  0.00952107399311041  0.01802347184368210  0.02715830057580729
  0.03651207338727267  0.04643483722757912  0.05738910499801646  0.06890965965793734
  0.08059748464206615  0.09183751892844824  0.10283124429759403  0.11399838430210685
  0.12495865595329510  0.13540607237805977  0.14553327434954846  0.15569484058459312
  0.16598893754454769  0.17578621821020501  0.18528440034774676  0.19538534101312302
  0.20636835300466447  0.21723044993064181  0.22733185990161042  0.23720005828700400
  0.24775567394110687  0.25819119078055253  0.26921824994044685  0.28007406487188019
  0.29097863981713806  0.30186591341913771  0.31235509938565881  0.32358299675373747
  0.33458649762609050  0.34596543479598707  0.35698167751221682  0.36913189879835934
  0.38123388783283435  0.39356483082439392  0.40496521792082096  0.41654554228342000
  0.42759665220127541  0.43865573156271265  0.44936567056447513  0.45948844133008165
  0.46907723304148857  0.47900867775537409  0.48961997671423496  0.50127863511974835
  0.51192712083007463  0.52197044556926964  0.53173365470265987  0.54286712962778660
  0.55428363137973968  0.56489412011724849  0.57515877519989578  0.58539936156478622
  0.59568329979067525  0.60576320373486336  0.61591346937524916  0.62629408449482549
  0.63712624274124396  0.64837589089632441  0.65981069196059394  0.67109233969647797
  0.68243942565823379  0.69333584916651103  0.70402799169319974  0.71449768695053661
  0.72486562011823985  0.73553740531038703  0.74627311889903536  0.75686240301493457
  0.76730726243017466  0.77753664742116069  0.78850754140382484  0.79935618415027543
  0.81038508371413087  0.82120546098079894  0.83268293123136217  0.84397684082286417
  0.85470287926486199  0.86523595769739126  0.87542146240901542  0.88542312338043516
  0.89537259028208094  0.90535033728347580  0.91471807012944994  0.92347696480023944
  0.93206173348702259  0.94078852390726675  0.95025132477240581  0.95984499059870976
  0.96949844722497769  0.97916925933894661  0.98923190027059116  1.00000000000000000
  0.74621571213555449  0.74777449256510142  0.74855170955760841  0.74891346143989002
  0.74931574306026560  0.74970798573625830  0.75025759893103194  0.75149734883403230
  0.75303809558805779  0.75457466623576963  0.75616956830932269  0.75776193699263650
  0.75929928770202604  0.76079626687825919  0.76226504859057898  0.76375791493712220
  0.76529340442809768  0.76682910602582222  0.76834705131959036  0.76983198562291744
  0.77134466911379573  0.77293186938060687  0.77455359664968126  0.77620013181533654
  0.77772488309400423  0.77922707226583687  0.78074805645099798  0.78232382339211415
  0.78387828157499706  0.78540056862225271  0.78689756554392276  0.78837239412300686
  0.78980461559379544  0.79123399903600888  0.79279077982162249  0.79445784782767170
  0.79622610316465003  0.79797308871837402  0.79965492559800155  0.80133500388828138
  0.80301634083995999  0.80473420690893038  0.80647057675108669  0.80819341856773441
  0.80997954477180856  0.81193678785222134  0.81413655644099991  0.81635096946405328
  0.81838039288507414  0.82035302991936887  0.82242453024099760  0.82468647901182179
  0.82704152272612663  0.82922069505030860  0.83134178574707307  0.83343050243406192
  0.83568745342479545  0.83796346139274769  0.84032529258293109  0.84259860727074487
  0.84489999538508109  0.84712087329005847  0.84947938638859655  0.85185894905489690
  0.85432111916411158  0.85674448558561644  0.85917446669482611  0.86162296875323630
  0.86413592511043824  0.86674753257111414  0.86944526035177727  0.87220882520915544
  0.87497999820525396  0.87786007847247827  0.88095346693565446  0.88427031856034055
  0.88775845527490138  0.89118387513740216  0.89454766568139443  0.89740965509271031
  0.90050356313841362  0.90354001294584008  0.90691259822410142  0.91037481420932154
  0.91382496312717387  0.91759228616609967  0.92185401298484304  0.92647240109547502
  0.93113137358308740  0.93596463505897043  0.94182387485280084  0.94884344697459311
  0.95672600719128598  0.96653452225034608  0.97921553033212783  1.00000000000000000
 -0.01931771493929672  0.13374799240826760  0.18511311752422147  0.21931811745138616
  0.24425287356092842  0.26491888956148496  0.28374719811580451  0.30075570009039970
  0.31662387071277148  0.33121746395025631  0.34491003447935542  0.35777781784336904
  0.37014431739109321  0.38232335872305778  0.39350090495266093  0.40464750308893743
  0.41484785396093260  0.42468830686994657  0.43336674147653648  0.44234148303091902
  0.45095478857405502  0.45968350706527378  0.46805567780486146  0.47595229854365129
  0.48392940795820921  0.49138338987718444  0.49841835662892414  0.50523626309534042
  0.51213480200577388  0.51929973645079208  0.52596106253763697  0.53230610247120214
  0.53858623561093544  0.54488020161385242  0.55096402170082059  0.55691854950510089
  0.56255038398673618  0.56820255171930933  0.57397625194790347  0.57980681924175004
  0.58568598795500637  0.59155037595079663  0.59770968393813628  0.60396546160919029
  0.60986397975179429  0.61536759724712253  0.62092758397898107  0.62639346444758115
  0.63214414908354932  0.63788705658811662  0.64334560156075338  0.64847384064586644
  0.65354742266649746  0.65866586359553991  0.66400478784289341  0.66956098984531343
  0.67500891266247520  0.68026040005015542  0.68540089460527287  0.69023195961388861
  0.69500137306609433  0.69988422085329571  0.70494980305332711  0.70995098764383968
  0.71481318166212049  0.71939472439490360  0.72381106425845854  0.72829446347184024
  0.73274072755021713  0.73760254663719016  0.74265407537043193  0.74780321762590130
  0.75350381266786259  0.75926123432475312  0.76505870001087461  0.77065967884941478
  0.77610532628877005  0.78136493738863566  0.78674359953748096  0.79245805381204459
  0.79825059241106067  0.80383078636176786  0.80936040005514409  0.81527058359625371
  0.82199844300472469  0.82932419013588099  0.83679488628948984  0.84511156875481652
  0.85369485619736118  0.86314342916651876  0.87315925569166497  0.88408078555346570
  0.89572631486698617  0.91091836719447250  0.93584845957804286  1.00000000000000000
   5.6735086117300003E-007   1.2648384325400000E-003
  <DiscreteSampler_grid>
  Helicity
  1 # 1 for a reference and 2 for a running grid.
  80 # Attribute 'min_bin_probing_points' of the grid.
  1 # Attribute 'grid_mode' of the grid. 1=='default',2=='initialization'
  0.0300000000000000 # Attribute 'small_contrib_threshold' of the grid.
  0.3330000000000000 # Attribute 'damping_power' of the grid.
 # binID   n_entries weight   weight_sqr   abs_weight
    1   2089   1.788481463156614E-005   3.072184804159223E-009   1.788481463156614E-005
    2   1484   1.032981712775361E-005   3.124410257607010E-009   1.032981712775361E-005
    7   1475   1.017050589814916E-005   2.935390600650989E-009   1.017050589814916E-005
    8   1944   1.691785844635422E-005   2.619495635094319E-009   1.691785844635422E-005
  </DiscreteSampler_grid>
  <DiscreteSampler_grid>
  grouped_processes
  1 # 1 for a reference and 2 for a running grid.
  10 # Attribute 'min_bin_probing_points' of the grid.
  1 # Attribute 'grid_mode' of the grid. 1=='default',2=='initialization'
  0.0300000000000000 # Attribute 'small_contrib_threshold' of the grid.
  0.3330000000000000 # Attribute 'damping_power' of the grid.
 # binID   n_entries weight   weight_sqr   abs_weight
    10   10   2.220232168990000E+004   6.048502496619999E+008   2.220232168990000E+004
    11   10   2.220232168990000E+004   6.048502496619999E+008   2.220232168990000E+004
  </DiscreteSampler_grid>
