  0.00000500625931385  0.00000543420420414  0.00000560673255926  0.00000576405725043
  0.00000595233316770  0.00000619227941591  0.00000640756737433  0.00000663777883394
  0.00000699953822019  0.00000728994670622  0.00000756546698780  0.00000785776189707
  0.00000818627608545  0.00000847174959768  0.00000885852665881  0.00000929705378903
  0.00000990952095169  0.00001050519229176  0.00001113565491772  0.00001171044184114
  0.00001228662243986  0.00001288120899360  0.00001352047400359  0.00001427252391008
  0.00001510188057836  0.00001583768877915  0.00001657300239415  0.00001733781288954
  0.00001818838095836  0.00001915267789282  0.00002019966848168  0.00002140985327864
  0.00002258976966045  0.00002364458059845  0.00002484628480787  0.00002608089406928
  0.00002733988167840  0.00002866283993134  0.00003035077056786  0.00003202363649310
  0.00003376816957808  0.00003554816366074  0.00003732497332983  0.00003921619061531
  0.00004121735194593  0.00004333539788379  0.00004565616048409  0.00004836537648757
  0.00005140771087570  0.00005457476032167  0.00005766856927767  0.00006105796012340
  0.00006478646846730  0.00006916603142991  0.00007369384983334  0.00007819374799506
  0.00008281483278766  0.00008762182262606  0.00009309779628066  0.00009918572422202
  0.00010588966846508  0.00011311473195402  0.00012026285174860  0.00012659778552685
  0.00013344946417054  0.00014081820991548  0.00014884840226978  0.00016021105207953
  0.00017317693443431  0.00018634862973989  0.00020105323537360  0.00021755455958159
  0.00023614159547771  0.00025758947193236  0.00028005205844731  0.00030506434477432
  0.00033697690794354  0.00037455579371865  0.00041656967199158  0.00046402375700091
  0.00052212009774328  0.00058592904240264  0.00066896372048690  0.00075739968107497
  0.00085110869748948  0.00093772619125577  0.00104790042192070  0.00119291848749228
  0.00143673424475538  0.00175834587373850  0.00224548123102832  0.00319939936817465
  0.00526645154339719  0.00938082545278912  0.01537862463171026  1.00000000000000000
  0.00024238633520205  0.00024988042884709  0.00025551963933332  0.00026049084906548
  0.00026564846931592  0.00027111859951273  0.00027772719677158  0.00028743497729097
  0.00029811191059534  0.00030857197810884  0.00031864384554331  0.00032979458871572
  0.00034200303435063  0.00035468533213019  0.00036794944062311  0.00038139284022004
  0.00039454951927466  0.00040803064935920  0.00042335972409539  0.00043948907855720
  0.00045524189968925  0.00047125127469181  0.00048824486256227  0.00050638177958653
  0.00052553924927510  0.00054548750873077  0.00056745090034694  0.00058874831907097
  0.00061115430650138  0.00063469378409966  0.00065951131875704  0.00068574278876710
  0.00071242274946387  0.00074074848902951  0.00076721778484684  0.00079607686440041
  0.00082677288024088  0.00085908688049939  0.00089232336955198  0.00092635839489215
  0.00096153127556848  0.00099582598793073  0.00102901713623225  0.00106269393971058
  0.00110069273780854  0.00113997780424913  0.00118301063339468  0.00122796637458369
  0.00127234175967786  0.00131609512434077  0.00136118712807919  0.00141387794038862
  0.00146297894490243  0.00151231371865846  0.00156198683925717  0.00161683848865359
  0.00167329414262363  0.00172974939100736  0.00178928188150993  0.00185494738626678
  0.00192111378571090  0.00198032371257572  0.00203509541251115  0.00210363140794536
  0.00218091553824278  0.00226298614011888  0.00234591919146665  0.00242907813415932
  0.00252144712640278  0.00263035070778214  0.00273486212363231  0.00286384519439861
  0.00300212819970451  0.00316524714954409  0.00336570966412287  0.00355843136831348
  0.00374701522746619  0.00393996044930931  0.00415878630652090  0.00446993155713739
  0.00482698420289343  0.00520314355597773  0.00538521852099330  0.00558427288996716
  0.00578550405253276  0.00598355569360013  0.00628019998008860  0.00676536748060781
  0.00744105507082548  0.00817033756384416  0.01045260572641636  0.01115032953373584
  0.01172568052735564  0.01215004089029832  0.01236157387532477  1.00000000000000000
 -0.00112726995528470  0.00836578977164297  0.01650700843482349  0.02684784556836780
  0.03681860228733471  0.04708374652080095  0.05679869762128951  0.06713627909596591
  0.07764520912464999  0.08849269372461582  0.09895871249682364  0.10922626002867453
  0.11992171732531083  0.13062669634777593  0.14087820308321752  0.15120363447999391
  0.16087285004006260  0.17296524845990299  0.18450254236523178  0.19613738378848872
  0.20687886166386490  0.21723459544470511  0.22718364054640638  0.23754494651383176
  0.24907157642321917  0.26146267741913826  0.27455679591105209  0.28678213432356270
  0.29663725051399398  0.30500352900315197  0.31400901650756796  0.32286005443676785
  0.33139715806951697  0.34004395624553696  0.34875640409689801  0.35875966598351128
  0.37025236973468661  0.38275917915495627  0.39570279414464055  0.40650635575340133
  0.41748528568366305  0.42753425429193470  0.43867574636193057  0.44919227023616370
  0.46146924425459501  0.47430333971637156  0.48667382558512173  0.49719845773609739
  0.50733341601959125  0.51734729858067396  0.52798790539227336  0.53797271994582752
  0.54843390997722574  0.56012413994470367  0.57266734831898858  0.58397644272702753
  0.59474454487427386  0.60481683451379620  0.61411950307310481  0.62339130858993663
  0.63327686994836063  0.64511043963887316  0.65729772724148394  0.66772323842665549
  0.67840145934272178  0.68909121176256793  0.70185422583087453  0.71395368560656547
  0.72526232210930541  0.73559904880415872  0.74578162358686384  0.75663580804543085
  0.76851690793673189  0.77965534699473582  0.79052465929770399  0.80153235780479848
  0.81164942897249004  0.82090630412530718  0.82995645923132200  0.83975441066378176
  0.85125601257930827  0.86325328215640207  0.87489462252398176  0.88579428228475476
  0.89579865316889384  0.90537949340917145  0.91555127083726318  0.92667313402811746
  0.93734551264701049  0.94773232772258720  0.95845842371743073  0.96938727112484924
  0.97791016127124075  0.98574421386751210  0.99308909972816461  1.00000000000000000
  0.00115125023385152  0.01134964296243902  0.02042000757015242  0.03106450747862687
  0.04207500998411988  0.05405417425261051  0.06505380858606132  0.07563645024700061
  0.08635355408283422  0.09774328582881260  0.10831139850681851  0.11842841662831756
  0.12803543674808948  0.13983982788380189  0.15382439222675426  0.16593933871718036
  0.17591976505058907  0.18523334795761059  0.19341265900712504  0.20314629890023289
  0.21305050848113460  0.22277120763785105  0.23114869450744996  0.23865817331416811
  0.24589783208767149  0.25423695838386640  0.26479029778805380  0.27527535488197308
  0.28496869594650942  0.29482531596279515  0.30433900982774964  0.31413637694151231
  0.32429715864152930  0.33423801343670423  0.34404540078178686  0.35379851577310367
  0.36445242353271595  0.37620212124472568  0.38776846051260860  0.39843316914725974
  0.40924414958213773  0.42046361389925374  0.43288454472922622  0.44428759513024468
  0.45546448849876398  0.46574738489878792  0.47613744997822016  0.48622113981015841
  0.49630506513889960  0.50714624273322118  0.51907752635970050  0.53169312141753078
  0.54419990018306896  0.55521000611506288  0.56516303116602762  0.57492928043124392
  0.58505577870680903  0.59494318325363393  0.60431838117516268  0.61384531943471021
  0.62402776742155230  0.63422661404392999  0.64483771759910313  0.65636144422723985
  0.66803761925976368  0.67889765023052950  0.68900068229374734  0.69933428992071778
  0.71009496426360175  0.72025962549173927  0.72954748135674674  0.73916561192488350
  0.74897213611978375  0.76011416170842006  0.77175891881203551  0.78403601264441525
  0.79675818230442375  0.80991529746026003  0.82171304312981130  0.83240790711901536
  0.84214225616823091  0.85247532291887385  0.86366759116697578  0.87438594925756241
  0.88571352825456329  0.89795064014728321  0.90817603129411406  0.91837581884130381
  0.92751821083052222  0.93602085384920142  0.94568949270029812  0.95497356077762940
  0.96570069742520170  0.97774593815523003  0.98901933188613733  1.00000000000000000
 -0.00217678235654077  0.00872585438247988  0.01883136131682446  0.02972361139687193
  0.04156610369443856  0.05283217563007315  0.06319960174808313  0.07320266331944648
  0.08299018813606751  0.09335353360188679  0.10350130707677507  0.11459514112495453
  0.12634119073723249  0.13758970835088652  0.14729661054157500  0.15703444114510165
  0.16758129610431949  0.18021641879901878  0.19359242848999020  0.20599038983570322
  0.21822025019776831  0.22871339861959561  0.23942251456107033  0.25065915674096173
  0.26312057677455220  0.27521447103092989  0.28692339015140716  0.29886599768574745
  0.31003931920005834  0.31994494520954958  0.32837762339416560  0.33678403759781866
  0.34492218893378135  0.35324137177081188  0.36203459625566359  0.37079791398295098
  0.38046431633480970  0.39085687759892401  0.40195371685059067  0.41305998942355787
  0.42322302709487408  0.43328322410915637  0.44307935022428441  0.45385088110364746
  0.46575055184289743  0.47814710635092078  0.48975735453933772  0.50089676322766197
  0.51292013994733487  0.52425481210444980  0.53527967742384042  0.54657661053236450
  0.55812910664539706  0.56931074750490795  0.57850474494422577  0.58795550565018184
  0.59745158962468903  0.60709011650761158  0.61645083030031911  0.62530733901732860
  0.63425848093330683  0.64435646145224956  0.65494738674613784  0.66648722442165664
  0.67870566364728013  0.69166250986105693  0.70462524873361110  0.71567832285222677
  0.72637864149308051  0.73727378114678099  0.74789680601070130  0.75805033443237002
  0.76821971596982597  0.78064419598769497  0.79439514630820107  0.80638239146153656
  0.81682287276518339  0.82627528483459134  0.83599498733938549  0.84538508816740121
  0.85569016920277630  0.86546722281140054  0.87588900111149970  0.88627079125364550
  0.89657085661315905  0.90707215306642630  0.91756797853849692  0.92701524718357198
  0.93567759939325035  0.94378985097082324  0.95226154941205698  0.96241953579560291
  0.97300347175820767  0.98273983418927457  0.99184512810228032  1.00000000000000000
  0.71477810508796313  0.71669656069606180  0.71881689988545916  0.72122392072225994
  0.72428604503514260  0.72742696514032501  0.73083937914927866  0.73434010412188444
  0.73718429372725702  0.73952733096881007  0.74170413196391005  0.74421089641471794
  0.74689288534300236  0.74976203096535099  0.75169261148732924  0.75360730912840923
  0.75561636344974914  0.75793488437547873  0.76071001078890466  0.76337766787837547
  0.76604473569780573  0.76853729263807447  0.77092419752753349  0.77316898095618225
  0.77550004553570961  0.77801951350210852  0.78069068417634102  0.78322973548812547
  0.78583203501289012  0.78832110177419024  0.79065015356019819  0.79289393664112862
  0.79514000287136144  0.79756725493532954  0.80000978128427580  0.80258130835685315
  0.80509880609622408  0.80748090670998740  0.80978675269794809  0.81210491985117050
  0.81468386323527164  0.81732818148325947  0.81996282520730035  0.82272059145441045
  0.82541419491879953  0.82806745133925430  0.83077129179593212  0.83320089856910029
  0.83587189679626039  0.83832911603434379  0.84118804732162789  0.84393448064985344
  0.84692695814654784  0.84950971143796516  0.85213156036945392  0.85468541862726188
  0.85760206755306834  0.86040948092758152  0.86314447993242327  0.86572224777605811
  0.86813275941653056  0.87043179329164699  0.87266430571052711  0.87504933376486405
  0.87778031032212533  0.88072320966258810  0.88384452490785814  0.88687487719065694
  0.88987800925622385  0.89287607054088280  0.89589098905990106  0.89918516210184996
  0.90236117507356706  0.90555574916790593  0.90862970104825802  0.91190461143420065
  0.91552502027875993  0.91929025716702428  0.92263761630112140  0.92566760543679893
  0.92879838597909892  0.93222037501163790  0.93604404840913535  0.93986082652155256
  0.94342271859736171  0.94715596676890268  0.95154220416689650  0.95644173638678931
  0.96085491659964750  0.96489824173949812  0.96891394945678699  0.97308262783749910
  0.97777154382347453  0.98326270860857545  0.99049797549566243  1.00000000000000000
 -0.01820301230962797  0.12416710382624931  0.15846545175674676  0.18028807728113322
  0.19738404000848470  0.21155512193275100  0.22386920234861324  0.23534052320188503
  0.24603231336998768  0.25562216446078878  0.26506137162650467  0.27402538738534293
  0.28231923041994095  0.29022349570045797  0.29802778134650443  0.30570664107248441
  0.31330555789321424  0.32171527410521955  0.33026708179901909  0.33784925857320919
  0.34459487537354311  0.35104703477656868  0.35744044432693600  0.36358119161467756
  0.36972136934313471  0.37580453094921701  0.38220589249466824  0.38875658923851103
  0.39510183590985548  0.40129924841343667  0.40748267396646026  0.41301948547110323
  0.41873384926817681  0.42437405113243426  0.42996165537123682  0.43614673989043234
  0.44219698043582223  0.44835864348982807  0.45441912686999364  0.46039322422218115
  0.46670423723425836  0.47301903547963786  0.47841806490351385  0.48361076200834685
  0.48834268557878474  0.49308706793816748  0.49815317573389256  0.50306940459921068
  0.50810178739028122  0.51366566658021473  0.51849841791337092  0.52342168937363664
  0.52846164127153650  0.53422360360680043  0.53970635427965341  0.54455381816206949
  0.54915951021329901  0.55383552658132329  0.55885376362167138  0.56506993808073624
  0.57162074691787546  0.57770537064742122  0.58330689526564672  0.58889021297440280
  0.59494069844543329  0.60152986388320828  0.60745698948458127  0.61369026132306337
  0.62034207732744828  0.62768784437352532  0.63381520424438431  0.63941001527185248
  0.64514747171542608  0.65098080168978456  0.65706843500251477  0.66270922059883897
  0.66887088974931430  0.67581557041284779  0.68287632422527367  0.69019416968684755
  0.69816899357173634  0.70673630392959286  0.71575139733862170  0.72481694036304078
  0.73333331614253172  0.74135345595592461  0.74963153882658484  0.75865731199218733
  0.76967440054372693  0.78135013603110726  0.79344182929066165  0.80809203094639059
  0.82650741340685385  0.84907357955792551  0.88855029224970061  1.00000000000000000
   1.0919148674000000E-006   1.7812946896599999E-002
  <DiscreteSampler_grid>
  Helicity
  1 # 1 for a reference and 2 for a running grid.
  80 # Attribute 'min_bin_probing_points' of the grid.
  1 # Attribute 'grid_mode' of the grid. 1=='default',2=='initialization'
  0.0300000000000000 # Attribute 'small_contrib_threshold' of the grid.
  0.3330000000000000 # Attribute 'damping_power' of the grid.
 # binID   n_entries weight   weight_sqr   abs_weight
    1   1223   2.850420698364751E-005   1.590560835077906E-008   2.850420698364751E-005
    4   1352   2.707589910755275E-005   3.626165895835695E-008   2.707589910755275E-005
    5   521   1.279412057445029E-005   2.630982249273209E-009   1.279412057445029E-005
    8   432   9.573232451433949E-006   1.345211545203923E-009   9.573232451433949E-006
    9   464   1.072885373211153E-005   1.635086126447346E-009   1.072885373211153E-005
    12   556   1.333836322894479E-005   2.815266522596901E-009   1.333836322894479E-005
    13   1159   2.590739434693784E-005   1.313060981373933E-008   2.590739434693784E-005
    16   1285   2.649864211628416E-005   2.024708125974609E-008   2.649864211628416E-005
  </DiscreteSampler_grid>
  <DiscreteSampler_grid>
  grouped_processes
  1 # 1 for a reference and 2 for a running grid.
  10 # Attribute 'min_bin_probing_points' of the grid.
  1 # Attribute 'grid_mode' of the grid. 1=='default',2=='initialization'
  0.0300000000000000 # Attribute 'small_contrib_threshold' of the grid.
  0.3330000000000000 # Attribute 'damping_power' of the grid.
 # binID   n_entries weight   weight_sqr   abs_weight
    10   10   6.967613357940000E+000   1.194288321000000E+002   6.967613357940000E+000
  </DiscreteSampler_grid>
