+0.0002852622903049 +0.0002868340806486 +0.0002877514232600 +0.0002886815427599 
+0.0002897021863154 +0.0002909249424759 +0.0002920907836926 +0.0002934784707277 
+0.0002957985600385 +0.0002986855765071 +0.0003016722355938 +0.0003047219114708 
+0.0003078155769716 +0.0003109744654078 +0.0003142819713560 +0.0003175597847760 
+0.0003208683630083 +0.0003242668510334 +0.0003281589021742 +0.0003320798208079 
+0.0003358260810761 +0.0003404416474964 +0.0003460331204111 +0.0003520581834846 
+0.0003583573602033 +0.0003649131170065 +0.0003715092352668 +0.0003786801721026 
+0.0003862157426265 +0.0003939551186491 +0.0004025638696087 +0.0004128707499530 
+0.0004233675870444 +0.0004344367819900 +0.0004456182179909 +0.0004573252981734 
+0.0004701478315051 +0.0004843289375794 +0.0004995929904051 +0.0005156886997368 
+0.0005329000204899 +0.0005511931930017 +0.0005709155471165 +0.0005905757889832 
+0.0006112827267715 +0.0006360775532941 +0.0006635213612192 +0.0006918013104273 
+0.0007219725393367 +0.0007546023721108 +0.0007891462619513 +0.0008256008454505 
+0.0008671182059638 +0.0009121749032103 +0.0009579478400102 +0.0010064138623778 
+0.0010594626866869 +0.0011139655600602 +0.0011762774332611 +0.0012439161846193 
+0.0013146639854763 +0.0013930118274867 +0.0014755265376837 +0.0015643980294021 
+0.0016636961605738 +0.0017690370740696 +0.0018909187350618 +0.0020243366010272 
+0.0021639206652527 +0.0023099082190252 +0.0024696221856624 +0.0026583163301685 
+0.0028697680047272 +0.0031055025923697 +0.0033701150940897 +0.0036671958785138 
+0.0039819416474005 +0.0043256874010075 +0.0047423923365343 +0.0052111838357686 
+0.0056884354565059 +0.0061899323799394 +0.0067731825379066 +0.0074954946356167 
+0.0083983625265254 +0.0095020818750159 +0.0109120621876327 +0.0125577668832277 
+0.0142222807740048 +0.0164057937312062 +0.0193851846473833 +0.0239744618176112 
+0.0354580430789206 +0.0460680056961456 +0.0460680056961556 +0.0722040009110588 
+0.0000025422610227 +0.0000029591763507 +0.0000031445113257 +0.0000033347639249 
+0.0000035123254097 +0.0000036958209343 +0.0000038963447118 +0.0000041281934151 
+0.0000043947711989 +0.0000046832370720 +0.0000049723290840 +0.0000052900403091 
+0.0000056244170200 +0.0000059819291732 +0.0000063730710309 +0.0000067860447314 
+0.0000072478281912 +0.0000077361093769 +0.0000082618380315 +0.0000088157137187 
+0.0000094213482787 +0.0000100868041498 +0.0000107736527388 +0.0000115540192199 
+0.0000123160475253 +0.0000131912525318 +0.0000141037404040 +0.0000150918073012 
+0.0000161546082936 +0.0000172828457483 +0.0000184958001299 +0.0000197871980628 
+0.0000212154048626 +0.0000228103418901 +0.0000245080167066 +0.0000262804635746 
+0.0000281121367211 +0.0000300275360075 +0.0000321063265287 +0.0000343245944389 
+0.0000367707289349 +0.0000393671126005 +0.0000420394104345 +0.0000451849064986 
+0.0000482356126577 +0.0000520484078778 +0.0000559608506902 +0.0000601862847894 
+0.0000645098741376 +0.0000691955293883 +0.0000741081743074 +0.0000793532181679 
+0.0000849079260098 +0.0000908155275983 +0.0000971708664474 +0.0001039606173291 
+0.0001115686507611 +0.0001200344145169 +0.0001289848844209 +0.0001389186648645 
+0.0001495405808346 +0.0001612800963010 +0.0001738233507787 +0.0001867428938652 
+0.0002014806854047 +0.0002178366763516 +0.0002354885562671 +0.0002541024440275 
+0.0002729757393364 +0.0002929450075039 +0.0003149800536120 +0.0003392127248757 
+0.0003662157498523 +0.0003966869984359 +0.0004317032207600 +0.0004718096422740 
+0.0005166903437992 +0.0005666443709859 +0.0006226630626904 +0.0006797140936554 
+0.0007374714965858 +0.0008038254706335 +0.0008808342710492 +0.0009800302705742 
+0.0011163185360384 +0.0012893395364422 +0.0015120722073020 +0.0017784046788276 
+0.0021433667233895 +0.0026549451477833 +0.0035240185923917 +0.0049578863283272 
+0.0073524651726059 +0.0143432413181036 +0.0143432413181136 +0.0335481862006220 
-0.0027924424360129 +0.0111026423342671 +0.0212477218254089 +0.0309647981544333 
+0.0407187815115244 +0.0510751306599889 +0.0614326445899495 +0.0725643188489617 
+0.0834063525891177 +0.0935531843229035 +0.1032294535585711 +0.1126026409156287 
+0.1220803799473924 +0.1316293438326832 +0.1410562732741114 +0.1507706558564262 
+0.1603147362306056 +0.1702359550078152 +0.1806196082560443 +0.1921246707354596 
+0.2036587687591241 +0.2142061170186101 +0.2241672300367069 +0.2341690313017699 
+0.2441427573010457 +0.2541684028991901 +0.2643111426367697 +0.2745824253325487 
+0.2848264865680906 +0.2947637125872182 +0.3047048289781601 +0.3148424529578451 
+0.3257635646769148 +0.3372659246309753 +0.3486892322066067 +0.3594864927293202 
+0.3698618928521654 +0.3805339775386357 +0.3914687342104035 +0.4025416939444693 
+0.4137009996372313 +0.4250612343921163 +0.4366324667697959 +0.4478189268598742 
+0.4588581312415848 +0.4701364745279371 +0.4813725219933456 +0.4920797153248895 
+0.5022166215148796 +0.5121969402192950 +0.5224072673349583 +0.5326604212083946 
+0.5430088450375345 +0.5538999755908941 +0.5648818207913906 +0.5760003989607546 
+0.5868771300606781 +0.5981130787706788 +0.6093520373900778 +0.6194960025075932 
+0.6287651028037070 +0.6379178155487097 +0.6475092057904265 +0.6577019780576908 
+0.6681626171186644 +0.6787182052723383 +0.6898677564091708 +0.7014042818716815 
+0.7124312063206917 +0.7228591973812027 +0.7335417048046796 +0.7448772989682945 
+0.7560676950602423 +0.7664533064100117 +0.7764701781954119 +0.7862155481837997 
+0.7959055581948492 +0.8058294284470311 +0.8163463838521746 +0.8277967550312942 
+0.8391688017897986 +0.8503283297413501 +0.8616529518511169 +0.8727107587995414 
+0.8830488787695642 +0.8926085076642154 +0.9023605245075861 +0.9127489247768812 
+0.9236476842779556 +0.9344057117827940 +0.9446597225244526 +0.9553470460479195 
+0.9664923091866602 +0.9778839686228545 +0.9889640387743012 +1.0000000000000000 
-0.0002658406899394 +0.0002745864172060 +0.0005537560449703 +0.0008645932399394 
+0.0012150439062601 +0.0015643266909280 +0.0019371063933841 +0.0023273730641551 
+0.0027097296756500 +0.0030905380883285 +0.0034752002826500 +0.0038664834690849 
+0.0042561331909898 +0.0046412004166035 +0.0050263088760309 +0.0054139056534849 
+0.0058046847710736 +0.0061984852586412 +0.0065877141258529 +0.0069911330721102 
+0.0073988368224472 +0.0078049786607432 +0.0082154879070938 +0.0086245955352661 
+0.0090444700865407 +0.0094599989719888 +0.0098684204824281 +0.0102769340115598 
+0.0106981739849872 +0.0111479755154856 +0.0116118826836781 +0.0121059694298489 
+0.0125911004974871 +0.0130857456036677 +0.0135826111105058 +0.0140852732488778 
+0.0145972499835200 +0.0151001828895255 +0.0155614463490529 +0.0160277308387623 
+0.0164612872909994 +0.0169157434457059 +0.0173675516908574 +0.0178573998609640 
+0.0184155063323275 +0.0190280374916079 +0.0197067249911806 +0.0203113659117973 
+0.0209946910746004 +0.0217849427557161 +0.0225932956386891 +0.0234869281626218 
+0.0243279088593052 +0.0252505812129507 +0.0260943805106629 +0.0269702920357297 
+0.0278423739953433 +0.0284750783525309 +0.0289168236562324 +0.0293252753532036 
+0.0297288067908286 +0.0301266433126491 +0.0307986685426999 +0.0316320544934127 
+0.0325081884984289 +0.0333696572892686 +0.0342415355141154 +0.0349683993190378 
+0.0357826068068743 +0.0366043824207523 +0.0373504291302610 +0.0387356074558285 
+0.0400074059044535 +0.0408325300991792 +0.0416329157281012 +0.0426033727581092 
+0.0435932299139200 +0.0447021077372315 +0.0472990273626617 +0.0491034845957657 
+0.0509224196631210 +0.0526528556270862 +0.0543911515920018 +0.0588002041477028 
+0.0611894532230243 +0.0629737246418450 +0.0649720878918020 +0.0676022506272316 
+0.0760472380445709 +0.0865904622557812 +0.1003637299919176 +0.1050173460689330 
+0.1221766237296288 +0.1311337025965879 +0.1311337025965979 +0.2219971102744022 
-0.0026373849563072 +0.0130907716107165 +0.0262201147260137 +0.0392425996451942 
+0.0516004646601815 +0.0640315161764634 +0.0774701638968868 +0.0910213251452754 
+0.1037786119456893 +0.1157453790386722 +0.1276100750015378 +0.1397837414567088 
+0.1526922250263890 +0.1660393014722107 +0.1787905650764655 +0.1911412089878960 
+0.2025649107240385 +0.2144073084945457 +0.2260554105329776 +0.2391496395560245 
+0.2523338452544066 +0.2659346908843210 +0.2791475277917032 +0.2917537183318736 
+0.3036669082873069 +0.3151984169580827 +0.3263583172233597 +0.3370265769078006 
+0.3467667970776557 +0.3560901777747607 +0.3650878158923689 +0.3739996315773041 
+0.3828024888219406 +0.3914726977144977 +0.3999562921546662 +0.4081722009784381 
+0.4161592375541155 +0.4239838210692898 +0.4318420260996161 +0.4399511868095014 
+0.4475013001445858 +0.4545397191997222 +0.4615076701419242 +0.4685408859278907 
+0.4759524130354444 +0.4830213382372607 +0.4900260190006163 +0.4971581124411532 
+0.5045258904719612 +0.5120100269341438 +0.5194737184748773 +0.5269858992782945 
+0.5347412606927393 +0.5423385177381467 +0.5495638031685267 +0.5566610977609662 
+0.5638325444263518 +0.5711191905777950 +0.5782062841375847 +0.5853496265736622 
+0.5929027328066542 +0.6007922624663971 +0.6094012903585906 +0.6188243581902995 
+0.6282623651544136 +0.6374964244118646 +0.6468911690886998 +0.6563293412411508 
+0.6662850787146136 +0.6759021917083261 +0.6851067574915964 +0.6945456207307524 
+0.7047627872188430 +0.7166321438811388 +0.7295039714398193 +0.7424258318958058 
+0.7548119864281129 +0.7674482185621007 +0.7805218193131177 +0.7939459560927764 
+0.8069073723599479 +0.8189262789812958 +0.8298255022331918 +0.8403133647260974 
+0.8512544268290013 +0.8638632250244864 +0.8769296062183204 +0.8894176456220776 
+0.9024174076155804 +0.9165101068206283 +0.9317743789377039 +0.9469549229587224 
+0.9612707390485834 +0.9745183408082801 +0.9872172494639057 +1.0000000000000000 
+0.7323890931637471 +0.7367070940259856 +0.7408171259065263 +0.7457667502272420 
+0.7502318364678864 +0.7552771826562994 +0.7609765490548466 +0.7662291817826735 
+0.7710747822146766 +0.7753965332115997 +0.7794568746253268 +0.7836274184761260 
+0.7877651713410269 +0.7917527085553602 +0.7953524804544656 +0.7987122223374293 
+0.8019633579983615 +0.8051152082708197 +0.8081996629474711 +0.8114764471728383 
+0.8143448680604264 +0.8169837137188650 +0.8194206060026096 +0.8219374519010807 
+0.8246200373120420 +0.8275364467138806 +0.8305969385117737 +0.8335558037727123 
+0.8365616687164996 +0.8396297971275490 +0.8427194731081892 +0.8456326623337245 
+0.8483591616926227 +0.8510997163461047 +0.8539977891308009 +0.8569069207979356 
+0.8596318374689739 +0.8621347255152276 +0.8644931856717158 +0.8667461518035652 
+0.8689741089776815 +0.8711719305068880 +0.8734674803351369 +0.8758944360342240 
+0.8784345505303182 +0.8809376037384131 +0.8833652569559538 +0.8858437292047003 
+0.8884864145383361 +0.8912548429216485 +0.8938752314800253 +0.8963305535236586 
+0.8988387941685295 +0.9013509074844929 +0.9037622663290755 +0.9061305961811329 
+0.9086733330268824 +0.9114562650849535 +0.9140776294762908 +0.9164808200197110 
+0.9188124216353470 +0.9213312277437955 +0.9239970091446497 +0.9266192802757240 
+0.9291154784057781 +0.9315077565803306 +0.9338836507230974 +0.9362102362161544 
+0.9384885508580555 +0.9407511125395563 +0.9430746962225210 +0.9454433722159914 
+0.9477269609496423 +0.9499701137483287 +0.9521794669297777 +0.9542366225179265 
+0.9562080104121093 +0.9581541892296704 +0.9601560080511580 +0.9622904765749670 
+0.9644801647496182 +0.9666042001025134 +0.9686399391922365 +0.9706276305218106 
+0.9726059484137666 +0.9746160372676353 +0.9766835084719349 +0.9787333430955025 
+0.9808703278942758 +0.9830209796139113 +0.9852669300180344 +0.9875676755563181 
+0.9899412085735724 +0.9925222467094756 +0.9956879629793907 +1.0000000000000000 
-0.0092305193837200 +0.0647527160107238 +0.0935802015492252 +0.1109073251835243 
+0.1244532622080478 +0.1358686120963958 +0.1458556081111732 +0.1542685510724994 
+0.1620734125012183 +0.1700585510594278 +0.1783145624847276 +0.1862028093829733 
+0.1933136098715452 +0.2001847324058895 +0.2066708300359435 +0.2131051785111066 
+0.2194907161504443 +0.2257371294301588 +0.2319184048774496 +0.2381325970399638 
+0.2440927868365334 +0.2501059493909227 +0.2561177191546352 +0.2620041458613148 
+0.2680074679801809 +0.2738860756329375 +0.2792831084250602 +0.2841441724398923 
+0.2887257826459494 +0.2932271012038822 +0.2980152694578652 +0.3029360576940925 
+0.3081334988130788 +0.3130732208717437 +0.3178221538124592 +0.3225052311839110 
+0.3272625696408382 +0.3321614800418022 +0.3371335171955975 +0.3420472596414409 
+0.3470533886741278 +0.3521577075041203 +0.3572901240839907 +0.3624256262285149 
+0.3674130196528224 +0.3723634976831092 +0.3773856164028075 +0.3822676976700898 
+0.3871697617001150 +0.3918849228043372 +0.3967238851228974 +0.4018527404281054 
+0.4068523465028754 +0.4122509934692273 +0.4178073405866943 +0.4236238841861957 
+0.4294152586166674 +0.4352208813115226 +0.4412704839917151 +0.4475750393031671 
+0.4538559194304987 +0.4599535439603063 +0.4661907757848637 +0.4722522279826971 
+0.4786911335932570 +0.4854346390063771 +0.4923318333040147 +0.4994120359258525 
+0.5064601198431518 +0.5132823561868312 +0.5200921014685175 +0.5271133476798020 
+0.5346483452254991 +0.5426724639339124 +0.5512107458556073 +0.5598648431854955 
+0.5686550518113211 +0.5776994174911353 +0.5868769705285318 +0.5965511755429860 
+0.6057650306094375 +0.6157658893130717 +0.6262389820028649 +0.6374630295504241 
+0.6489277948311041 +0.6607949458905408 +0.6739443303912616 +0.6883207285648770 
+0.7029802284466110 +0.7183486634461923 +0.7364853490509475 +0.7562917242632399 
+0.7792612327929702 +0.8085496461884956 +0.8559895385956484 +1.0000000000000000 
2.87772055125e-06 0.123974932487 
  <DiscreteSampler_grid>
  Helicity
  1 # grid_type. 1=='ref', 2=='run'
  80 # Attribute 'min_bin_probing_points' of the grid.
  1 # Attribute 'grid_mode' of the grid. 1=='default',2=='initialization'
  0.030 # Attribute 'small_contrib_threshold' of the grid.
  0.333 # Attribute 'damping_power' of the grid.
#  binID   n_entries weight   weight_sqr   abs_weight
    12   3699 0.000137882020566 4.89428365968e-07 0.000137882020566
    5   3289 0.000122257897014 2.65625011511e-07 0.000122257897014
    2   2636 9.09798229774e-05 5.47438542862e-07 9.09798229774e-05
    15   2332 8.96000194048e-05 1.66021371149e-07 8.96000194048e-05
    4   579 1.84877858898e-05 1.62335924503e-08 1.84877858898e-05
    10   501 1.84589659847e-05 6.60032141149e-08 1.84589659847e-05
    13   548 1.83325458092e-05 1.55922795575e-08 1.83325458092e-05
    7   428 1.45830976711e-05 2.45146634059e-08 1.45830976711e-05
  </DiscreteSampler_grid>
  <DiscreteSampler_grid>
  grouped_processes
  1 # grid_type. 1=='ref', 2=='run'
  10 # Attribute 'min_bin_probing_points' of the grid.
  1 # Attribute 'grid_mode' of the grid. 1=='default',2=='initialization'
  0.030 # Attribute 'small_contrib_threshold' of the grid.
  0.333 # Attribute 'damping_power' of the grid.
#  binID   n_entries weight   weight_sqr   abs_weight
    16   10 139.368472608 54429.1245746 139.368472608
    13   10 139.083699597 54056.8332886 139.083699597
    14   10 138.240422886 55007.2007637 138.240422886
    17   10 137.570006027 54666.4782843 137.570006027
  </DiscreteSampler_grid>
