  0.00028514696858912  0.00028684933033342  0.00028786961612276  0.00028917006850256
  0.00029065995984076  0.00029207039200791  0.00029377334739628  0.00029627299818111
  0.00029908668150691  0.00030182235397342  0.00030465494599769  0.00030724578789562
  0.00030997222800085  0.00031283824451095  0.00031598002682753  0.00031923201587868
  0.00032242925279913  0.00032585487896817  0.00032955651577687  0.00033326479913714
  0.00033713102815200  0.00034189825138274  0.00034750316640584  0.00035297989701264
  0.00035850474461314  0.00036424207935492  0.00037033913727424  0.00037712599809757
  0.00038427445479535  0.00039154179063514  0.00039950636886743  0.00040841753528184
  0.00041768430121245  0.00042715998200695  0.00043710605916081  0.00044757802248164
  0.00045874628315547  0.00047052105851463  0.00048353872372763  0.00049766263734619
  0.00051283031967671  0.00052900734049359  0.00054591652447682  0.00056378366844131
  0.00058222470230708  0.00060102508885889  0.00062202665705881  0.00064620972565362
  0.00067233420155957  0.00070056977743679  0.00073068770656368  0.00076289037011042
  0.00079676220029336  0.00083240613666510  0.00087279704442126  0.00091640277980247
  0.00096146264852647  0.00101023486772688  0.00106229104407558  0.00111503987445812
  0.00117473542511453  0.00124068348463539  0.00131125747402348  0.00138893762643275
  0.00146950266771003  0.00155792142849860  0.00165451977721420  0.00175952745038622
  0.00187641698257190  0.00200774606203470  0.00214029095653812  0.00227641655008445
  0.00242284595657803  0.00259254825021120  0.00278923938288932  0.00301088398358828
  0.00326204401214094  0.00354210238974446  0.00384529534283824  0.00418775972143884
  0.00462326335085836  0.00518448672509589  0.00572957554129822  0.00623013972941065
  0.00678993666720335  0.00736479157779184  0.00810598862774568  0.00900371619729133
  0.01037090938592694  0.01246423883718093  0.01533135978692424  0.02008804958113603
  0.02981800876664297  0.04348817340733262  0.04606800569615749  1.00000000000000000
  0.00000260297797037  0.00000286327064335  0.00000304925310392  0.00000319068041631
  0.00000332969160038  0.00000346217819881  0.00000360036992282  0.00000376656241956
  0.00000398991063091  0.00000423734038672  0.00000450902945269  0.00000479395169229
  0.00000510317750652  0.00000544561092369  0.00000581386929720  0.00000620198487853
  0.00000660441621666  0.00000703797435590  0.00000750444610676  0.00000800316280894
  0.00000853239044725  0.00000910071564577  0.00000972540137046  0.00001038771911559
  0.00001110658439694  0.00001187271071410  0.00001267808616819  0.00001356679142127
  0.00001450876351136  0.00001552240844193  0.00001658992351453  0.00001774132708086
  0.00001899869737678  0.00002037179917955  0.00002190075070056  0.00002356283865445
  0.00002530298539679  0.00002708264173233  0.00002891660262189  0.00003087410318231
  0.00003301614896920  0.00003531759464589  0.00003781377399315  0.00004043473629801
  0.00004333026705449  0.00004648769242194  0.00004988268768613  0.00005376170065615
  0.00005781931593176  0.00006205458308365  0.00006644395283609  0.00007113020445071
  0.00007615401881092  0.00008167896862506  0.00008776092301133  0.00009441931979184
  0.00010139631526095  0.00010875484141112  0.00011690132218585  0.00012572378219612
  0.00013542851193453  0.00014580290727401  0.00015708219698595  0.00016932453463148
  0.00018220703278104  0.00019650841227395  0.00021289436859875  0.00023013035993655
  0.00024845796409134  0.00026743297742070  0.00028795958850141  0.00031028641192610
  0.00033321305187624  0.00035843092263066  0.00038613512870636  0.00041807875062737
  0.00045464526368187  0.00049629238768216  0.00054333310954056  0.00059514320075306
  0.00065050553642961  0.00070829247132423  0.00077467160632851  0.00085571765343356
  0.00096091314933165  0.00110587283690379  0.00128876520801226  0.00153195106770946
  0.00181129936873330  0.00217760467078595  0.00272462947655117  0.00385674242178923
  0.00627349662738962  0.01434324131810364  0.01967838767284939  1.00000000000000000
 -0.00265221739527664  0.01063622363072827  0.02081526801155862  0.03043145344799921
  0.04047632199910421  0.05101421208823377  0.06140745608687560  0.07306472606880303
  0.08428060557816718  0.09511826375848581  0.10513362691801477  0.11493116460892285
  0.12481511571993410  0.13497540547648182  0.14544357657757040  0.15576764921193009
  0.16599091297816379  0.17660474582612926  0.18786675782373732  0.19924694782905333
  0.21009761017594356  0.22063913179482569  0.23113884016168487  0.24131126783397397
  0.25106751564658397  0.26073384125316779  0.27079954112472621  0.28146582511728280
  0.29221045445996147  0.30229102638804978  0.31221151438695094  0.32271489153509664
  0.33376081518169287  0.34442236692795219  0.35423799231245195  0.36364400289529913
  0.37330802424032866  0.38350924022342592  0.39386179593866105  0.40417998245631431
  0.41463348343922252  0.42542311848493841  0.43603949109114787  0.44657731100154385
  0.45736635302965861  0.46851274675859450  0.47966755772652697  0.49028323890840458
  0.50069816839411119  0.51094958806287438  0.52146018265605720  0.53145972229615246
  0.54138630307353597  0.55155126713997260  0.56219574887080892  0.57292129675353087
  0.58369127362407347  0.59487997914022472  0.60640629298659743  0.61701955599785796
  0.62658694347542221  0.63595236184566939  0.64593253013949281  0.65675814549861566
  0.66791332690786220  0.67916999306822312  0.68972504276067004  0.70029952308912180
  0.71050092511044705  0.72091873816006946  0.73190683785841515  0.74317670829530358
  0.75443234343936150  0.76519002141358139  0.77575411506857217  0.78619860951531462
  0.79654945619379924  0.80713843176542932  0.81830430211625893  0.83014194571229027
  0.84209192777463659  0.85390654951358680  0.86529015582618363  0.87607124933236402
  0.88628829085856120  0.89637259388117763  0.90672694777642460  0.91704984977511073
  0.92712005980027290  0.93707460803811349  0.94673817161248519  0.95684508792537704
  0.96715051394646778  0.97784632952362249  0.98885707016873559  1.00000000000000000
 -0.00010445800864867  0.00019046555013590  0.00043237196258604  0.00066479654060760
  0.00091555524379381  0.00118366686371498  0.00144058700758226  0.00170267249294789
  0.00197274787772914  0.00225487712168292  0.00253404644764759  0.00281195852199856
  0.00308946998634523  0.00337185060308948  0.00365201485936764  0.00393040917598913
  0.00420720586907197  0.00448172766129636  0.00476012761382111  0.00504487611259505
  0.00533355311178406  0.00561538051822658  0.00589577631163214  0.00617872126281677
  0.00646475163827322  0.00676849315866636  0.00708739017146412  0.00741093382721768
  0.00773288279459580  0.00805001851297152  0.00836174749427038  0.00866869065870576
  0.00897349481963037  0.00928229843871039  0.00959957956253076  0.00993579672354085
  0.01031069079036339  0.01065158381259408  0.01100007398742128  0.01133664222436425
  0.01166848869693348  0.01202640612643907  0.01240058463017843  0.01279671007995835
  0.01320669323383380  0.01360600610435206  0.01397277841504078  0.01434245599355913
  0.01472586743450055  0.01513660562833909  0.01554758326870899  0.01593220004656830
  0.01631715661870605  0.01669182411523959  0.01706852422357758  0.01744495220214374
  0.01777739729096106  0.01815523093568255  0.01857340540751271  0.01904495276986735
  0.01958340233902118  0.02011629737493053  0.02065092833544203  0.02126698729738466
  0.02200144567665798  0.02268048657310645  0.02332639556828082  0.02396268428722612
  0.02460248783238542  0.02525115271414837  0.02569256488331805  0.02613587094196958
  0.02659839570900328  0.02706767012396379  0.02756464190701509  0.02826887946236280
  0.02897368239946496  0.02959441483433213  0.03034113722100596  0.03147860190474346
  0.03288514412307172  0.03529649392195718  0.03628033757219985  0.03720523354690126
  0.04031553916063868  0.04228954012715994  0.05114977174169125  0.05302832746830292
  0.05528793083802584  0.05921619829910311  0.06162011879112537  0.06309858781976221
  0.06481113260631173  0.06701376468440640  0.07110248287495782  1.00000000000000000
 -0.00250997799370538  0.01400676058894094  0.02801231773742222  0.04177162089038820
  0.05521085094859573  0.06854445091201572  0.08224889080191014  0.09549088242852199
  0.10833703332207366  0.12075278589676997  0.13325141454821077  0.14595209365621598
  0.15919787974728661  0.17261094833526269  0.18580702584366637  0.19845038968641715
  0.21047818744171051  0.22220708396216018  0.23497584937813648  0.24816730303244744
  0.26167817156507373  0.27472515520197555  0.28720681085127264  0.29871932921724498
  0.30965290539889717  0.32059696374811791  0.33157746470681637  0.34181285815133355
  0.35115574098697039  0.35999083315734709  0.36852290339422605  0.37693735632957132
  0.38506393882855378  0.39314226791298912  0.40113243074987759  0.40894959774304140
  0.41653279195521947  0.42380027856598429  0.43102768475735909  0.43867716214528180
  0.44599704229437664  0.45282215502865986  0.45955655572017740  0.46650357611038207
  0.47429138710737861  0.48200588570611774  0.48940208351961162  0.49670993682600839
  0.50453883004965694  0.51275109148585052  0.52098864019650060  0.52863172231430844
  0.53597302193789675  0.54305233065263636  0.54990204148390931  0.55700579195280464
  0.56408547365918760  0.57106479918074293  0.57784121402452360  0.58484465286315412
  0.59293054966203607  0.60147585291224193  0.61045074893899731  0.61985658440232128
  0.62916164583134804  0.63822633998265998  0.64741005650213257  0.65662909139935477
  0.66630520473534782  0.67547993928299754  0.68450108116476749  0.69383869944857268
  0.70388638490911937  0.71547713063286034  0.72839672322220494  0.74207553336431875
  0.75542921555829712  0.76961978850658286  0.78407583459874741  0.79790942368998707
  0.81093092055827454  0.82292572042886125  0.83387678006177968  0.84448792112828963
  0.85604209075349069  0.86917924394848678  0.88247684096912959  0.89469938197926313
  0.90633025741016293  0.91840476170365193  0.93150914318336553  0.94630757162303580
  0.96146329908743222  0.97516113959687911  0.98780426966248081  1.00000000000000000
  0.73346272449234573  0.73847076824789959  0.74397300606437844  0.74964288815879410
  0.75495060464771135  0.76050912380612867  0.76507725994123044  0.76999498166270852
  0.77462335070795740  0.77957843527655157  0.78479073177410819  0.78976499128516964
  0.79397041202735841  0.79763049339987213  0.80126740919452766  0.80473226242838203
  0.80803322181946369  0.81134318156368213  0.81425433251055090  0.81711055442873515
  0.81967638115799324  0.82257969847378609  0.82553205536313767  0.82863992101578998
  0.83173491882848682  0.83479005076139201  0.83786311566359606  0.84103178179628846
  0.84425946556681997  0.84732931642091158  0.85017281046333715  0.85311490287576708
  0.85622065282167259  0.85920779643766909  0.86210877393698382  0.86475367978637629
  0.86720095240817230  0.86945579212849966  0.87168330308363884  0.87404525319969684
  0.87658213700939713  0.87929119624999441  0.88206480620974015  0.88476821309377751
  0.88747970615618921  0.89028014475584716  0.89299027526803265  0.89552678486790838
  0.89806909626159726  0.90067442778685936  0.90318807946743884  0.90559924367884526
  0.90807778731617750  0.91066398396012216  0.91315861500089646  0.91545978338667489
  0.91766693420999834  0.91994322007515517  0.92235009748793007  0.92480185411130833
  0.92718201406286738  0.92947379840077760  0.93170503759050671  0.93394690763722965
  0.93614201423907317  0.93829923273730687  0.94047618761829221  0.94262806017949496
  0.94482450786440608  0.94694745296190386  0.94899539370852359  0.95101125954547960
  0.95296790279569887  0.95484640726113124  0.95666946084970061  0.95837507211103434
  0.96009252161674608  0.96193276511673043  0.96383585291818474  0.96572381236297100
  0.96753488361028006  0.96929526748531170  0.97106331092817610  0.97283447944146206
  0.97462398653931992  0.97642763566124924  0.97821169201901170  0.98006416250787420
  0.98192591416954200  0.98381415754457835  0.98577701489836878  0.98778744303502519
  0.98986020987178891  0.99217179981141446  0.99519459554570189  1.00000000000000000
 -0.01221736186031374  0.07727479005750829  0.10482828919663265  0.12074734764418397
  0.13310028324157760  0.14372143490029701  0.15289501870822542  0.16159043155488423
  0.17031221618585038  0.17900607029265339  0.18698501182568766  0.19428891361366890
  0.20116287456962920  0.20761719909216822  0.21389679464888414  0.22013100878664357
  0.22597542809410567  0.23194170285629356  0.23812599131681411  0.24434363438437015
  0.25006958614213509  0.25550751657244902  0.26082831489134273  0.26643329899171181
  0.27207951128097030  0.27742741773291824  0.28221662760385358  0.28663865112433556
  0.29084460850671628  0.29514754731874393  0.29980890635610896  0.30477028353447699
  0.30993171175707412  0.31480090407728767  0.31951992211756319  0.32405157686010083
  0.32855907929771744  0.33314021800166116  0.33777730067474893  0.34252182304729978
  0.34733883962681589  0.35235146289887065  0.35731140887991131  0.36231399793713315
  0.36737391373356526  0.37245763550811306  0.37756590640316939  0.38238605331717412
  0.38723530162676711  0.39177895271996194  0.39644575052323261  0.40140491922278310
  0.40645803229894467  0.41193385958383633  0.41757396364894100  0.42328699385830959
  0.42881936648872843  0.43436062097992201  0.43996511197354909  0.44538562584643604
  0.45063440176582686  0.45582598099176108  0.46118515761850237  0.46702452677833434
  0.47275910540921945  0.47876817770792301  0.48508804765216057  0.49172227172727051
  0.49878482777431005  0.50596215755689655  0.51284918049010841  0.51944064278214974
  0.52614012867800319  0.53329401712305313  0.53998894404165465  0.54678495908089486
  0.55376398495962709  0.56092507108139611  0.56897464659145924  0.57748452916195991
  0.58657351767856503  0.59690201672151855  0.60646850834742250  0.61643932852386008
  0.62715348192794040  0.63918862044361102  0.65226909431160762  0.66575572594995602
  0.68049555397192774  0.69642090568449333  0.71360711622887407  0.73324750057733190
  0.75533558936238920  0.78344292854625797  0.83120251366085662  1.00000000000000000
   2.8777205512500002E-006  0.12397493248700001     
  <DiscreteSampler_grid>
  Helicity
  1 # 1 for a reference and 2 for a running grid.
  80 # Attribute 'min_bin_probing_points' of the grid.
  1 # Attribute 'grid_mode' of the grid. 1=='default',2=='initialization'
  0.0300000000000000 # Attribute 'small_contrib_threshold' of the grid.
  0.3330000000000000 # Attribute 'damping_power' of the grid.
 # binID   n_entries weight   weight_sqr   abs_weight
    2   3026   8.002619778081875E-005   4.768944673602568E-007   8.002619778081875E-005
    4   662   1.631757446355794E-005   1.419895879275160E-008   1.631757446355794E-005
    5   3855   1.059363056058864E-004   2.266686523613382E-007   1.059363056058864E-004
    7   501   1.251162059149455E-005   2.094274346096204E-008   1.251162059149455E-005
    10   592   1.575847770740404E-005   5.585876389763948E-008   1.575847770740404E-005
    12   4359   1.185742246307096E-004   4.153524362585127E-007   1.185742246307096E-004
    13   662   1.535948709301640E-005   1.290838331648770E-008   1.535948709301640E-005
    15   2794   7.591809017717344E-005   1.385859349325529E-007   7.591809017717344E-005
  </DiscreteSampler_grid>
  <DiscreteSampler_grid>
  grouped_processes
  1 # 1 for a reference and 2 for a running grid.
  10 # Attribute 'min_bin_probing_points' of the grid.
  1 # Attribute 'grid_mode' of the grid. 1=='default',2=='initialization'
  0.0300000000000000 # Attribute 'small_contrib_threshold' of the grid.
  0.3330000000000000 # Attribute 'damping_power' of the grid.
 # binID   n_entries weight   weight_sqr   abs_weight
    16   10   1.393684726080000E+002   5.442912457460000E+004   1.393684726080000E+002
    13   10   1.390836995970000E+002   5.405683328859999E+004   1.390836995970000E+002
    14   10   1.382404228860000E+002   5.500720076369999E+004   1.382404228860000E+002
    17   10   1.375700060270000E+002   5.466647828430000E+004   1.375700060270000E+002
  </DiscreteSampler_grid>
