   0.0000000000000000        0.0000000000000000        0.0000000000000000        0.0000000000000000        0.0000000000000000        0.0000000000000000        0.0000000000000000        0.0000000000000000        0.0000000000000000        0.0000000000000000     
   3.7163603780912514E-004   5.0094094040521026E-004   1.4795652310429622E-002   1.3105157625884680E-002   6.3976542626897892E-003  0.91972989843436914       0.20102221553130567        5.4460661432775878E-002   6.1707313052161072E-003   1.0859096004981030E-002
   1.5500327673569421        1.0838953597609571       0.78268436344348957       0.60812178238444392       0.56393376587881372       0.44395963863728832       0.47582415912864795       0.49259793879307989       0.69385817464919453       0.62018982356758434     
   7.4387860027379802E-004   1.0119848497965086E-003   2.9471325099281243E-002   2.2978635523340184E-002   1.2900224633841972E-002  0.94593256858283448       0.28162615690696435        9.4638507726785059E-002   1.2493339821450285E-002   2.1922267931540885E-002
   1.3103192431562134        1.0616902085064541       0.71764144327804125       0.60727246055507866       0.62638492624993747       0.46681322020341409       0.47356783680925368       0.57087621443233771       0.71377875749753650       0.79782929166779748     
   1.1405369846058473E-003   1.5397230792854569E-003   4.4983644346804082E-002   3.0891386396983741E-002   1.9592852854222985E-002  0.97699938420510246       0.32227825566569918       0.12408072757573768        1.9460978802794824E-002   3.3141987766274632E-002
   1.0007027969746354       0.75416565652260259       0.63955229837998506       0.60092938653771877       0.53605290747004697       0.47582415912864795       0.55676379325446945       0.48585901505689527       0.94974214667252033       0.53691371346543637     
   1.5584620830647537E-003   2.1529263060975322E-003   6.0537771941211779E-002   3.8211728509755946E-002   2.6960105216909776E-002  0.98152464477469925       0.35642363503653135       0.14910540556527391        2.6824713497333830E-002   4.4447329211883269E-002
  0.98350927506038488       0.81186061890496797       0.65959975889175126       0.74206541374331259       0.54586867547183737       0.48958059187263092       0.70331847029102446       0.59670774000133009       0.91755597800112321       0.66925588455064344     
   2.0779675908385170E-003   2.8085768522766201E-003   7.5416318266002050E-002   4.5495580869585869E-002   3.5162059047867837E-002  0.98384675715946734       0.37071540075666948       0.17166811879519617        3.3748600892666222E-002   5.7366955865468555E-002
  0.84300020254683239       0.83346119378502159       0.71983653050113416       0.61803420701483214       0.73115013345757818       0.61915110985485589       0.68320074566247635       0.55416948427442525       0.78467269055160671       0.60727864533413878     
   2.6485090629640926E-003   3.5319631616715112E-003   9.1405527447490698E-002   5.2903971769179381E-002   4.3449214616010645E-002  0.98530078491018547       0.37853480973126225       0.19456281217741708        4.0244252598341003E-002   7.1814999186314496E-002
  0.67708229739435299       0.76291795776886528       0.53404328849343630       0.65175969174220127       0.60576385372600627       0.66483534830889013       0.52417626704392339       0.66620935050040364       0.64245899679932972       0.52074612888586747     
   3.3216346317233043E-003   4.4122287749422274E-003  0.10751870480434172        6.0602365540627763E-002   5.1470564918019074E-002  0.98636514394082642       0.38723375928290238       0.21519625514304166        4.6699411589953763E-002   8.6375389329892582E-002
  0.87863887623898129       0.67839341391359709       0.70101867806037110       0.69475900906603871       0.66012120945700070       0.80040702301965161       0.52663022542843030       0.53756984670176111       0.93824638643077041       0.62203631356137545     
   4.1783901567307496E-003   5.3811670375330523E-003  0.12521009890006213        6.8936255631591115E-002   5.8971261918223841E-002  0.98718513599718005       0.39604625990022280       0.23248311511937206        5.3224851299624412E-002   9.9681713931845342E-002
  0.85483051300765500        1.0371123467096366       0.78549869733720934        1.0202660581686998       0.62650843880559459       0.69657349238491229       0.57701829936381466       0.52940369348819738       0.71614731507036000       0.66792727169949728     
   5.0862403811570058E-003   6.4860409736301429E-003  0.14325395133344648        7.7802625252345201E-002   6.6277863667466200E-002  0.98777990452334130       0.40411362191786138       0.24836508247570541        5.9962245959121897E-002  0.11198310208019822     
   1.1010253250318667       0.77259524872811725       0.74511741309199875       0.83546326803334447       0.64732159407138479       0.59019334263355927       0.55383602668440102       0.58617190160095167       0.82855751013721057       0.47715978767776385     
   6.0753289361401971E-003   7.7762236015293850E-003  0.16235091746299418        8.6389727215836445E-002   7.3426696953642193E-002  0.98834847390506364       0.41165585834519453       0.26396179474281889        6.7440373238005613E-002  0.12341547125674544     
  0.77381283381512422       0.76376783680438798       0.70314743439419147       0.81902150036578258       0.60081282725202567       0.77297862699286990       0.61917355498467141       0.61593900194477380       0.77341938769554852       0.61742481320403120     
   7.1857598745857483E-003   9.3305352487217021E-003  0.18102499327554747        9.4265196820280006E-002   8.0539586347583098E-002  0.98885326145165975       0.41904228465365340       0.28024844335922589        7.5115742953000678E-002  0.13939101066707144     
  0.52281491615123110       0.61922884130744238       0.72462644503957419       0.60697465752404811       0.62576242523729908       0.55351129014178369       0.56323413194963656       0.64392566422581776       0.82332578547544644       0.60152874500348275     
   8.5539680772419458E-003   1.1144021368437087E-002  0.19964026690212741       0.10237751778731292        8.7246286639494047E-002  0.98930895194371871       0.42612503637959054       0.29577724400888683        8.2852264825825500E-002  0.15774497106042137     
  0.63741588077147571       0.73984829728324342       0.72585138262020199       0.68696840654341207       0.63171953931075953       0.58917001097932875       0.53960976748702105       0.81485945186300512       0.96469416864492108       0.82049846621049471     
   1.0161125770964285E-002   1.3116991483762837E-002  0.21743220628015106       0.11134414230191686        9.3532968658471952E-002  0.98964649073036259       0.43268115036583471       0.31055526519484900        9.0975061869283669E-002  0.17609326085454285     
  0.71592109960632699       0.71780526014783463       0.87634446495080687       0.70678542722902327       0.63311003823240519       0.66291240688985609       0.60590622991809207       0.52726134594053597       0.73896586254766261       0.70884575029056462     
   1.1942778440036226E-002   1.5187909292394558E-002  0.23403146857134774       0.12119018199845159       0.10044490911488872       0.98999086655718649       0.43839273184033567       0.32517800363274790        9.9225455480709573E-002  0.19621368558434266     
  0.71364867909491880       0.69794438389109525       0.56467216071709048       0.72858847363686530       0.49600309752847926       0.63143904873385615       0.58580825524577729       0.71660411699406490       0.63691095450979307       0.67935054054147748     
   1.3912586453565658E-002   1.7359355854216232E-002  0.25010326723580223       0.13168318543438418       0.10877844693744092       0.99035317813392820       0.44451264111384009       0.33987312213076831       0.10833113467135709       0.21874293506645259     
  0.60913814506056052       0.70729530784384986       0.68045498301832708       0.67896598285668608       0.51999213918845166       0.64772390709814587       0.56617441982142125       0.72121456073717138       0.65894327947475395       0.88131501673505297     
   1.6141755980728437E-002   1.9724697250762053E-002  0.26675870087952319       0.14284225558845667       0.11870101362222786       0.99071365859699190       0.45118491582624148       0.35485292249515643       0.11868685822652039       0.24202163554343725     
  0.58802702201499735       0.85238576019196244       0.66471746451629843       0.73304096204203451       0.65520587119733531       0.68568862304061551       0.56950160426949303       0.79646919705562247       0.67217069134853014       0.67245331709050737     
   1.8628542140335765E-002   2.2578253327706646E-002  0.28380129292963974       0.15445131430658007       0.13033318452114612       0.99105285761086048       0.45741353050062256       0.37074433391808620       0.13004817329816798       0.26305335373497429     
  0.72881335032410877       0.61457759194306416       0.67303935498992795       0.85231332610086785       0.72920216278852568       0.50060469591799583       0.49105399926433035       0.72681610293035614        1.0309120238959510       0.63571467375705382     
   2.1372125352935298E-002   2.5921446038905907E-002  0.30013024528681381       0.16613651870674423       0.14081646339999623       0.99136416994768040       0.46350057897286001       0.38260431904363534       0.14301543273196415       0.28220678908818847     
  0.66324567761460396       0.80944993321056324       0.69865454113840586       0.83283759333016905       0.62981483924153403       0.78246344138632629       0.54640094477175349       0.72659688794632638       0.76154863325980104       0.60707296288934309     
   2.4334315185618044E-002   2.9760443732403167E-002  0.31480161165084142       0.17819618665350606       0.15030908600844928       0.99166656651606000       0.46930747095957515       0.39416336258385326       0.15924296262774371       0.30050105905191637     
  0.72963712855303453       0.61072367125144655       0.66152024246874097       0.83088284813986490       0.61291723779706342       0.71702087072026399       0.50997570658773117       0.75632399617252166       0.78578658285201297       0.55380160627672914     
   2.7294382415534026E-002   3.3847945291518917E-002  0.32876243537106925       0.19055238039270553       0.15999849277113504       0.99195847437639550       0.47410009382134366       0.40511679198342887       0.17581027049217129       0.31748448347340047     
  0.59304904700880823       0.65345810236428659       0.63953030839623115       0.70307019477778232       0.61047744287003791       0.68470822402128484       0.47124212286240197       0.51248624583497870       0.81725244779428530       0.65269557011925128     
   3.0464148951489477E-002   3.7949968999603255E-002  0.34278009164256651       0.20295308811132029       0.17119509015225257       0.99223753907754486       0.47887939328790796       0.41568562519728192       0.19310345126434800       0.33591124388951837     
  0.73160935590409615       0.55782770869507758       0.81486781240582840       0.69959037595153684       0.60566299669674362       0.58372656931915645       0.67284083940900719       0.52555788523990454       0.77941422022707341       0.63695651695969779     
   3.3402932791472009E-002   4.2067423796310587E-002  0.35727916610867205       0.21512508363885516       0.18546807162949275       0.99251599932756163       0.48414727414970382       0.42723381939085731       0.21113271135290843       0.35180607881634857     
  0.56262580289157271       0.46366630503455730       0.72199949303749100       0.57930497401471537       0.81403369146451210       0.84882804674801493       0.59925388556392900       0.76718517695229549       0.93887495490134454       0.67040025959085148     
   3.6054385953460624E-002   4.7179671195451876E-002  0.37263453873690228       0.22740147073515105       0.20100623573330881       0.99276816954757940       0.48966492558357672       0.44028080109727469       0.22939057726449896       0.36748079235744524     
  0.50887240177232584       0.59161099445496057       0.63506518699298609       0.68671028792449496       0.67437340638122012       0.63977653138025725       0.56771997586945311       0.75757794454483007       0.72756593543205272       0.66688561624073639     
   3.8668625091264112E-002   5.2718482478068332E-002  0.38289370672279815       0.23926114252281327       0.21591505613292844       0.99302108004993206       0.49729532879157962       0.45239277109068993       0.24868448184458797       0.38281155328270633     
  0.59154666151509805       0.53812574451934336       0.48274372653714726       0.71173287149401265       0.59940463638751418       0.73754665706863975       0.59032834879917473       0.61569491192816250       0.69055657776186652       0.52114300629769195     
   4.1276871873731781E-002   5.8840072629846217E-002  0.39143922651257851       0.25145215311869779       0.23027856350136380       0.99324981997529127       0.50543003201244008       0.46325455974810686       0.26868645873870872       0.39738295680038510     
  0.61587238145570367       0.63364720939089703       0.57605526820471853       0.73142214970292929       0.62935894838761652       0.73632977260321808       0.70837282348837782       0.65012961820079140       0.61389509518741880       0.66256565860315653     
   4.4610892717413059E-002   6.5173711182497762E-002  0.40180604913701590       0.26433051261398172       0.24360527977012611       0.99346368344148805       0.51319288865571588       0.47456288177558742       0.28843375833520885       0.41160326303030570     
  0.62673346540739938       0.65789180551022597       0.71551405663456347       0.77592292488686510       0.59261916738906673       0.77669944874026609       0.76186867209462450       0.71934452253489245       0.78474205106931327       0.63872792159254221     
   4.7813190883370417E-002   7.1377722398738450E-002  0.41409720241128467       0.27809961833830310       0.25614582311437251       0.99367275929367360       0.52009672594441181       0.48543100392573107       0.30913864068537955       0.42588462229526414     
  0.57815100317616908       0.53841356497682336       0.59686373253027425       0.65672283714968993       0.51290228493523837       0.72842671606401166       0.82373759744716557       0.65939784630906562       0.64813064606750481       0.72917377456590993     
   5.1077542542455029E-002   7.7343001769824157E-002  0.42397805202797018       0.29230281195725083       0.26844670049782132       0.99386755829280182       0.52652269320434497       0.49835396639587926       0.32926747939383927       0.43983708988464731     
  0.57993304449457594       0.60631760449550454       0.77080387386543758       0.71672335807538401       0.51212038657072634       0.60913884081955105       0.77373916744366578       0.73334685902653585       0.59272289226430674       0.55169193259183702     
   5.4719015829277864E-002   8.2992740683756672E-002  0.43305793552831329       0.30536287721558908       0.27990583081281523       0.99403843948514592       0.53280545003068935       0.51362572910809745       0.34929445510856333       0.45376772555229444     
  0.52799338777745075       0.56904469773265243       0.56517621517264316       0.84662691287474223       0.48845148452058929       0.69339179795781480       0.75003702948232520       0.82001571163951070       0.68433186864049877       0.65316136262111713     
   5.9016039787301786E-002   8.9100393604010689E-002  0.44276888131930714       0.31647666334968888       0.29174110066836922       0.99420740395145279       0.53904576716044450       0.52889165019338125       0.37226668550859743       0.46711149744631980     
  0.59076287908244440       0.45939942833909109       0.49025500073217232       0.64199840002028186       0.50393503078936808       0.51633876106391385       0.65170614444174813       0.75687706235899344       0.70237781425328349       0.53248429577882450     
   6.3855713122703592E-002   9.5114521937885582E-002  0.45416305415313207       0.32707038092033797       0.30707463401421148       0.99437809215499740       0.54518519041501579       0.54308322483569182       0.38390247894951662       0.48057295507477338     
  0.69380512253621707       0.67114459427726947       0.53187122811139442       0.65454457674143551       0.60242947105226297       0.69353547961757123       0.72188037618896905       0.72140824229478917       0.55343528833118016       0.65782193561805979     
   6.8407951691506111E-002  0.10076320223572441       0.46432956321864344       0.33731700393441322       0.32782736792722633       0.99455103894475783       0.55147036470423250       0.55664164351070688       0.39608527738644317       0.49479071015525244     
  0.67663440388075735       0.54657842885892527       0.49228321473900344       0.71978411810550846       0.54907787260224528       0.63398734921144917       0.57981101012672553       0.75104656823812610       0.66089433900897032       0.60646364650015139     
   7.2638250263452678E-002  0.10616513974597432       0.47451538397136628       0.34778279161168313       0.35056037043927818       0.99472420028090414       0.55774889422571361       0.56980594313665622       0.40829727716020375       0.50954956836990917     
  0.68324510543847172       0.55420908970718052       0.56262443206348456       0.53573882846931142       0.71519082271782397       0.62885353806836319       0.58113823608380666       0.69054587341248763       0.49922341375614721       0.73725682837461559     
   7.6979212534217578E-002  0.11146442117224718       0.48919759319515199       0.35943964717852572       0.37637124722473930       0.99488818900969966       0.56464779196580206       0.58329633889304622       0.42079755268946856       0.52365627725263586     
  0.55878787513539530       0.55839012166885837       0.61574904724738522       0.64798543888584581       0.64715087818396499       0.76623943123881988       0.84584244899437622       0.81154649018342095       0.45009013160520339       0.60235269127337521     
   8.1550187953230338E-002  0.12119895264668626       0.50693923531230611       0.37089039422131603       0.40851335280498141       0.99504808071084205       0.57266024819390526       0.59755855648815603       0.43346899579304649       0.53703505239476945     
  0.53134536237706265       0.66012438288334396       0.56464519943786817       0.56331571239559608       0.75079788630578803       0.78825681887619947       0.81898953583976120       0.59581940779549258       0.51352782608489445       0.63645192972038012     
   8.6238617729656325E-002  0.13201553589486492       0.52361045993820243       0.38262543041672686       0.44267162036021040       0.99520496316874263       0.58041336065195759       0.61217385251905598       0.44616967002325780       0.55137625278283997     
  0.57950071734872644       0.63378757619880177       0.61314907156024989       0.72099660659798270       0.78653350467886551       0.64792250558158715       0.67842080112158887       0.65906245390920104       0.47582415912864795       0.62085260708972878     
   9.0978287966698032E-002  0.14211534682939725       0.53952012532622950       0.39490189182215080       0.47190914134547607       0.99536091028123674       0.58775565018328013       0.62579317801308099       0.45820191626011930       0.56656234675901451     
  0.50893081563086695       0.69464495583968477       0.62650321272065224       0.59965496434505539       0.83271165286179927       0.67991172097254371       0.57842153998850510       0.66415959277292924       0.49529125333728491       0.71282330217575052     
   9.5667183918762125E-002  0.15316438228349805       0.55513689121087106       0.40603170343227984       0.50346761241083438       0.99551803622932955       0.59498327021288211       0.63603646324146867       0.46934864236206841       0.58266909436593040     
  0.49147907945245484       0.63045935673307896       0.62664475863200464       0.56402644060071938       0.69051288552882795       0.76992077358686506       0.75256799792221263       0.81603525705739377       0.57652843484021732       0.58789959788046375     
   9.9708879120134278E-002  0.16433247655670749       0.57044427980370660       0.41586418548795967       0.54052875602765205       0.99567128690426998       0.60217737493817980       0.64663755117163946       0.48024723875460523       0.59909489846480546     
  0.60890046810993337       0.75728113585147294       0.71894329887240183       0.68926172033846556       0.71869996412703829       0.65136102920091332       0.82675265306684753       0.69317395041830410       0.52854182068771738       0.70022851281741738     
  0.10575994852922849       0.17560262183859862       0.58638782966698666       0.42655008487450619       0.56867961944071443       0.99582581048879382       0.60883885803354476       0.65751308441181378       0.49403232888010923       0.61652537417497744     
  0.57476733717065520       0.66322409482291667       0.60976013288047848       0.60580759906580262       0.55530972488289065       0.74208878637348452       0.62242697147457493       0.55571745229111547       0.58520526782849336       0.66981339386574767     
  0.11255693507937080       0.18715037899212944       0.60390274607395755       0.43675458848917426       0.59477523215078287       0.99597626759623004       0.61464964360622698       0.66876604585346344       0.50909799004631007       0.63450769963417131     
  0.64317968118321223       0.54282680462992117       0.82344030653080036       0.56771997586945311       0.65331468647152846       0.70792758279170453       0.55550067409055914       0.59229028320542054       0.60233315265726262       0.81404661312883653     
  0.12003515565210615       0.19930459031228043       0.62233514623595110       0.44571539658869153       0.62137058503928877       0.99612157143526636       0.62138320769021027       0.68227434831594302       0.52219449058899992       0.65312535199225674     
  0.56701877321918548       0.83153435169676326       0.65278007441175590       0.58955061418512045       0.71930646616259419       0.72555319002246454       0.63556952877689277       0.84561201340800063       0.48752054535078609       0.70330986607710966     
  0.12788947605218984       0.21200672652421282       0.63936189794991261       0.45501457106646115       0.64619727951095474       0.99626336276521099       0.62889962584014159       0.69755602847918208       0.53461235051941880       0.67176560725585777     
  0.60426770735665136       0.51427430055788825       0.92193965168829917       0.46157581782181023       0.67849429652279158       0.70663972736579328       0.90852448831572408       0.69335539461167739       0.49438016575563148       0.70009878315006879     
  0.13538907821629342       0.22423476598916292       0.65483247650068888       0.46801068600793655       0.67491504143345815       0.99640263278891017       0.63748822217714030       0.71304599931318757       0.54937311138242029       0.69648457421274601     
  0.58158242648501546       0.70591872730038985       0.71716749463731355       0.70758855131494969       0.63290016645552027       0.63113192230593640       0.80996018494039224       0.69535321989783472       0.58411828485170481       0.90107483867058136     
  0.14318782882544273       0.23589368002230765       0.67193109088928249       0.48240651145447822       0.70189940366523085       0.99654064064541947       0.64582984492520035       0.72816302633580077       0.56454538193631620       0.71665865969525611     
  0.73205581789180596       0.56689546293695070       0.65177371484981361       0.56641277040043514       0.67733367308026882       0.61687842048223185       0.90689362303674503        1.0059295489001581       0.46821467665888372       0.79683367658544624     
  0.15080817088856707       0.24834451309596711       0.69129806957465945       0.49619185322764492       0.72653864659219969       0.99667810022830161       0.65394837549006446       0.74319047996268806       0.57993466040962871       0.73535160332123906     
  0.59105240973808038       0.64826797645405410       0.60322994692835297       0.69307572967619380       0.69898835265267634       0.70008108593607588       0.72809364651029063       0.81215472048546156       0.49394395992774226       0.67556502259463291     
  0.15859476175451478       0.26251541797772621       0.71051048812605755       0.50894203904768420       0.75052290797568311       0.99681720733367873       0.66190922510018413       0.75859908648029772       0.59396094153561152       0.75460235954907062     
  0.72056018957886037       0.65936281358863080       0.72497579563227410       0.54474801409503870       0.77766017501041929       0.61667183395901370       0.72097710126402359       0.75414227333990935       0.62132302015751195       0.64198350829770323     
  0.16901581367184509       0.27855531915212894       0.72825461840086037       0.52435722249367478       0.77373382145872982       0.99695492603796998       0.66972150936667307       0.77515887033490316       0.61591598086367405       0.77443065800990429     
  0.59162301292124286       0.58147666748916749       0.60401976800742541       0.58867923004553846       0.76972988881364657       0.90940839892427194       0.75683918932130234       0.80921422599645121       0.60949342008746954       0.88750298378230841     
  0.18151729910736580       0.29609529631507447       0.74526042240724144       0.54294789581197156       0.79409910076641632       0.99709290637997139       0.67762086995947657       0.79467241453581960       0.64234785713681286       0.79494304306373287     
  0.69590375399476900       0.74211005663873464       0.82886675075957383       0.60377866933750612       0.85928290721326228       0.70794079340937210       0.68197497480293268       0.89300884524827173       0.69420050380793052       0.76175883012488976     
  0.19563554062140659       0.31516915667335949       0.76271132080418047       0.56264120388521610       0.81349787732464818       0.99723216005239568       0.68604208044156012       0.81041457510583026       0.66659982770517223       0.81384881345936477     
  0.75784162352472106       0.70794866022039815       0.60518873795154993       0.50879561574022347        1.1116384589159352       0.78231682940933067       0.68479161559122059        1.0024299808412118       0.66642351080514362       0.80345875563815361     
  0.20971024831830593       0.33583482344459159       0.77816199926440088       0.58112372580246141       0.83167231205462666       0.99737452450591335       0.69468664001466041       0.82471484554107510       0.68753438203392125       0.83031576786392625     
  0.64834626150701569       0.88226266294725986       0.54001539473655680       0.58732977567216305       0.70596824272875403       0.75794652107726013       0.70360660975485301       0.57347856227230176       0.60098367231910088       0.64283917746173380     
  0.22525735598002669       0.35702491039191792       0.79113733525974961       0.59849074047058393       0.84789137750543664       0.99751771701836112       0.70298104009334839       0.83853892609344760       0.70882777522205331       0.84523946041350306     
  0.56218675484093106       0.70583400088507520       0.53543679014998469       0.80095843493796626       0.76699160954239842       0.68935481940053800       0.87083816140048265       0.52889257458897398       0.69195238763144251       0.58538233917138904     
  0.24284060593549950       0.37804232666920895       0.80413374357214862       0.61708408835375217       0.86220933909849895       0.99766152762888627       0.71061294641408967       0.85301091215169611       0.73150615456123214       0.85913868858446951     
  0.68787418905951903       0.64976052151566355       0.58611538496085369       0.69515345715542454       0.63676231864119781       0.74718971969244852       0.69843718718880721       0.53627917231399147       0.50829105583125511       0.68729641323547164     
  0.26490404623194935       0.40089657999693018       0.81736210888170191       0.63542333054420896       0.87569420149473720       0.99780581180546735       0.71767204652682615       0.86827438749605412       0.75817433003852963       0.87360410961654134     
  0.75248867041880940       0.78628892178025567       0.67673986009587372       0.55176192683413039       0.91154811959317350       0.66009135232543170       0.51985796906406345       0.56987172692561427       0.60533637907041593       0.65413240254367766     
  0.28846154042633348       0.42480470658457276       0.83316774564724705       0.65423743344677943       0.88834223215242658       0.99794990982621445       0.72462443003975885       0.88409883895646169       0.78872987656618021       0.88741343863793931     
  0.62080989138452325       0.63062756153340216       0.72120921687272621       0.63819466695614890       0.58575297548145056       0.72959164711874491       0.60823861254209843       0.70762227693690305       0.68790277542880607       0.63867917803824192     
  0.31149737263526578       0.44880612726613889       0.85124873295087866       0.67358083379808265       0.90093793513928211       0.99809445017986298       0.73526497375695310       0.89444069902470380       0.81846602605284158       0.89990177915297642     
  0.56789476292036922       0.64696674534160359       0.64027304743354752       0.51056645975296777       0.52421556822278836       0.65657163913247685       0.91286062631480014       0.54128835083303417       0.60101573989583656       0.63794422110359017     
  0.33585763279734732       0.47138148050954132       0.87002510589330018       0.69309505129054294       0.91404070834506346       0.99824058591052478       0.74761808400820939       0.90467551269122048       0.84470587078084536       0.91292726424093185     
  0.57686108378576451       0.66149225925704502       0.56534597971992484       0.58981624587873727       0.71624578024047103       0.59212606881932461       0.82466865905710296       0.54870120363864250       0.53984660994650768       0.76840497631751059     
  0.36793350067123126       0.49359838890358515       0.88916205172647722       0.71651469520005651       0.92701016043975260       0.99839075828273605       0.76278517738876805       0.91671007433864704       0.87039273572607756       0.92569952585238080     
  0.53488975913874015       0.56934831742503822       0.64020459722071932       0.58580825524577729       0.66888847239296212       0.72896302560226867       0.88391382238488581       0.56832005437865740       0.70682280320380231       0.54905702318532867     
  0.40883008947489546       0.51840087195837214       0.90747262375441351       0.74489100589440649       0.93966686660759591       0.99855572207387722       0.78082896034316684       0.93207731006826844       0.89579697935699509       0.93788748567315428     
  0.72701227133033208       0.56844233151597512       0.77002426560639936       0.68749979638825698       0.69307550603395418       0.58746083512851344       0.92142874091625082       0.57699711134513665       0.84167258138758128       0.72401670240519478     
  0.45028243473668811       0.54264632335822305       0.92488114411680222       0.77273916969636236       0.95176586019434339       0.99873677244549997       0.80178040846966625       0.94742562710847400       0.91727531536623086       0.95022057451149533     
  0.56804146881552231       0.57211868222853990       0.75168595314768250       0.63345937179913470       0.77162215597133677       0.71234799790691494        1.0240704389233022       0.54779685863044469       0.58425152104490918       0.52668337728009962     
  0.48885380240481346       0.57848561491917683       0.94230934820363210       0.81192829487404528       0.96355730321451039       0.99893565562286724       0.82686889928719420       0.96127089616914063       0.93674963851414528       0.96235391364254352     
  0.60620335717522378       0.60513240718964223       0.83242231518507981       0.61199836603278346       0.84427428014435590       0.67957434252537197       0.77321754207848303       0.58073837190266187       0.60584636251555624       0.73265260579707447     
  0.54733023910157019       0.62714418578753706       0.96072415128078259       0.85538241496499978       0.97593020947236231       0.99916868780214141       0.85897933883394284       0.97337909642360876       0.95540314365548773       0.97419912388008123     
  0.55064384920657428       0.50997570658773117       0.58580825524577729       0.70477654483862562       0.80158761729585692       0.65741952082803390       0.64338201063881728       0.60988015123195560       0.57711161708105119       0.66391183235822826     
  0.67870349408958619       0.71560478082078949       0.98001160680474353       0.91047463207841506       0.98807596395981956       0.99948769073587151       0.90906897877292570       0.98488282486051870       0.97440218843681714       0.98699070891316343     
  0.62272899520550762       0.58866957884487980       0.64385805259560813       0.60678634135747866       0.70008039749008555       0.52218710610726193       0.56959091444873866       0.60179827561049881       0.71573663596323989       0.64784732360902320     
   1.0000000000000000        1.0000000000000000        1.0000000000000000        1.0000000000000000        1.0000000000000000        1.0000000000000000        1.0000000000000000        1.0000000000000000        1.0000000000000000        1.0000000000000000     
  0.49201827784918728       0.44395963863728832       0.72166166227241346       0.64594470484621291       0.71228326598402125       0.44395963863728832       0.53786598414485043       0.63872006305839335       0.62820796476411500       0.62784457328343457     
  -53.386539584949602       -55.820204507945007       -44.095594820215595       -47.546295001669115       -70.054236439801102        0.0000000000000000       -31.371643025735825       -76.418264822401667       -38.225410389632792       -73.943882744093713     
  -43.025204001130852       -26.179775582957046       -36.098617240354336       -48.624970279097525       -69.312078548429753        0.0000000000000000       -38.177534900360648       -50.411409437955740       -55.102676943086749       -28.652830792375106     
  -38.000771982139007       -45.966744761175541       -43.698982521816596       -83.943181641107543       -74.239947415844284        0.0000000000000000       -44.741918096348982       -44.578024916992817       -35.057044141438254       -31.734747998913200     
  -84.976930618275802       -51.146923315351643       -35.619720406309185       -57.283799435689922       -73.563331679076356        0.0000000000000000       -64.212656878456428       -70.619855531750389       -37.454404271295381       -55.235655120461445     
  -39.752442012291489       -57.039050091139757       -61.108200268711315       -39.130070630598638       -60.448991400297452        0.0000000000000000       -64.660315789107401       -56.889433620142661       -72.028694778457208       -77.778504959044113     
  -20.887169844003012       -55.798883396578091       -78.867859427394677       -72.795327582858505       -48.389744791591170        0.0000000000000000       -56.234637125222150       -51.276280953322711       -38.111772285370499       -43.455704431908103     
   24.196744656024958       -62.276500590031930       -64.382044327314830       -47.351791273182570       -36.945980712953144        0.0000000000000000       -39.760879182484402       -71.574569704726983       -31.267027988641352       -45.753196892539947     
   22.606782214286834       -9.4221821133716528       -82.890440858722286       -65.454300469762288       -38.860416464218012       -57.569859379511684       -36.055994808821438       -46.715497053000000       -54.227915574697150       -49.305213225242738     
   6.1896493761862759E-003
           1           1           1           1           1           1           1           1           1           1
   2.9140566418220962E-004   1.5066666038562900E-004  -5.3019175338458361E-006  -37.954096249745625        3.3447204034918755E-005   3.9921950728791710E-008
   9.2668735061540621E-006   8.3662759497379196E-006   4.8206119341546262E-006  0.68876913732368428        4.8187144287884229E-006   4.8092902639883423E-009
   2.4021640094004728E-002  -48.790836826081957     
