+0.0000031948016355 +0.0000033794921940 +0.0000035224741903 +0.0000037192517529 
+0.0000039552578156 +0.0000041914361906 +0.0000045082652461 +0.0000049068253154 
+0.0000053044730893 +0.0000057055650762 +0.0000061448792584 +0.0000066128778892 
+0.0000070947887176 +0.0000076015951623 +0.0000081650495754 +0.0000087815968638 
+0.0000094407663468 +0.0000101394067107 +0.0000108719447365 +0.0000116463898668 
+0.0000124707752794 +0.0000133530604785 +0.0000142605993372 +0.0000151830547894 
+0.0000161179584502 +0.0000170903982926 +0.0000181340733990 +0.0000192306258539 
+0.0000203492822371 +0.0000214855571707 +0.0000226852658396 +0.0000240143275904 
+0.0000254580275612 +0.0000270157204589 +0.0000287001007678 +0.0000304566536085 
+0.0000323064399897 +0.0000342431859578 +0.0000363171967939 +0.0000384490552921 
+0.0000407593911741 +0.0000430860588317 +0.0000455394437518 +0.0000481051873217 
+0.0000508015637583 +0.0000536180294005 +0.0000565115401787 +0.0000594878629788 
+0.0000626352166783 +0.0000659496814579 +0.0000696325426242 +0.0000735975737491 
+0.0000778002293955 +0.0000823190535153 +0.0000868368668755 +0.0000918097297312 
+0.0000970785397107 +0.0001026942480285 +0.0001088713062162 +0.0001154076163822 
+0.0001222687929049 +0.0001295579761501 +0.0001372974564109 +0.0001459573377915 
+0.0001554052771532 +0.0001653127862235 +0.0001761737238388 +0.0001872511902849 
+0.0002006089402427 +0.0002153568803643 +0.0002318452435304 +0.0002496682775025 
+0.0002682810735392 +0.0002877928274738 +0.0003093834606205 +0.0003341361371559 
+0.0003635951023220 +0.0003969382034200 +0.0004337519325586 +0.0004749794526421 
+0.0005214845480065 +0.0005753450948613 +0.0006394667787846 +0.0007166592749789 
+0.0008063306503550 +0.0009131833500707 +0.0010495390609714 +0.0012291907207367 
+0.0014667562753229 +0.0017616353979228 +0.0021705373023636 +0.0028724167743431 
+0.0043013880860452 +0.0083524584676733 +0.0083524584676833 +0.0446719657498206 
+0.0002476198840823 +0.0002511553842913 +0.0002542860905121 +0.0002590671796352 
+0.0002643453727711 +0.0002697743579774 +0.0002752681510028 +0.0002813257006388 
+0.0002874674914912 +0.0002942330801371 +0.0003010762778612 +0.0003081822293403 
+0.0003151624840313 +0.0003223140107027 +0.0003298014922293 +0.0003380142487689 
+0.0003466430817960 +0.0003558353787749 +0.0003649515115540 +0.0003745100937872 
+0.0003843758115622 +0.0003947239430336 +0.0004059572870339 +0.0004177099612563 
+0.0004295217472468 +0.0004413045694942 +0.0004532926733908 +0.0004659273356681 
+0.0004794634101709 +0.0004938388236973 +0.0005091294673555 +0.0005251223047662 
+0.0005418501961648 +0.0005603116824602 +0.0005796389713156 +0.0005994765841793 
+0.0006192358933576 +0.0006422923395038 +0.0006667574478696 +0.0006913278478731 
+0.0007170050189920 +0.0007455713879521 +0.0007752956329084 +0.0008058056589752 
+0.0008380129096906 +0.0008730117840067 +0.0009097813367611 +0.0009475806828835 
+0.0009861467508094 +0.0010251246636756 +0.0010646122524565 +0.0011046045764868 
+0.0011479420027312 +0.0011957375723348 +0.0012471335092754 +0.0013010784319914 
+0.0013572497653193 +0.0014162523423276 +0.0014775082834008 +0.0015398156698507 
+0.0016056226763365 +0.0016743446055454 +0.0017463217634223 +0.0018245364718282 
+0.0019090634471391 +0.0019943405975722 +0.0020770260982116 +0.0021638289853285 
+0.0022531035161995 +0.0023542885739191 +0.0024618644145881 +0.0025892212797284 
+0.0027224477389897 +0.0028762949830665 +0.0030672639522854 +0.0032445852438313 
+0.0034408145435338 +0.0036538343631774 +0.0039007382231116 +0.0041801111600246 
+0.0044647836538463 +0.0047585274630703 +0.0051002032030888 +0.0055569349859941 
+0.0060851192567279 +0.0065950796428196 +0.0071084218760137 +0.0077596871565966 
+0.0087495103617394 +0.0103095872234465 +0.0124745437553588 +0.0139384123307175 
+0.0155480412499447 +0.0177415786981848 +0.0177415786981948 +0.0234228792549861 
-0.0023250270435902 +0.0094179072753162 +0.0195064184260926 +0.0310971534046920 
+0.0427129322862331 +0.0540147352779218 +0.0647673781217907 +0.0752124736178783 
+0.0846980307540599 +0.0945831287297718 +0.1045046517171697 +0.1148875501615207 
+0.1257975385635160 +0.1369081228717369 +0.1478394023069815 +0.1586557779865962 
+0.1696988658640290 +0.1808985896917663 +0.1918484390635874 +0.2023919757999426 
+0.2125107410951639 +0.2224379831848125 +0.2324386844364920 +0.2428128848165260 
+0.2535017082909640 +0.2638248728698129 +0.2737880417204991 +0.2834184651954614 
+0.2929877039342884 +0.3026476375084591 +0.3128479690034054 +0.3237213373004794 
+0.3344316724915208 +0.3445066371243546 +0.3545558858343679 +0.3652890220242667 
+0.3763448296941463 +0.3871302527635086 +0.3975513973038414 +0.4079700360842876 
+0.4186008008812964 +0.4294867958412053 +0.4408480725621795 +0.4527604137094007 
+0.4641591699540031 +0.4749644795446104 +0.4854266522760052 +0.4962196796816974 
+0.5075032121032800 +0.5187278264728074 +0.5293151032820048 +0.5393121323433123 
+0.5488057017047447 +0.5583986017297144 +0.5685194791963927 +0.5791487807747168 
+0.5902922456621230 +0.6016041978470642 +0.6131961710361521 +0.6245446902567706 
+0.6350095247105848 +0.6451495615123815 +0.6552677351424409 +0.6657088252859060 
+0.6760450355753482 +0.6861094587297749 +0.6963149885827765 +0.7068075157622128 
+0.7176340305307224 +0.7285708791971922 +0.7396369200488406 +0.7503374304606150 
+0.7608293035616411 +0.7711417512567453 +0.7815876727079962 +0.7921833588801084 
+0.8028013416802942 +0.8132529522068090 +0.8231711780513596 +0.8330636127685663 
+0.8432771102372459 +0.8537707983875715 +0.8647291425746889 +0.8759057850778164 
+0.8870050667371602 +0.8979433854172293 +0.9088908373819681 +0.9203336703413828 
+0.9310970266424042 +0.9410454966783778 +0.9501261311531256 +0.9593639262070586 
+0.9686480060500833 +0.9785630386572536 +0.9887890950682990 +1.0000000000000000 
+0.0000185335985416 +0.0003091758428037 +0.0005060180492387 +0.0007084205762916 
+0.0009494026972219 +0.0011931862556308 +0.0014132256378676 +0.0016510469702056 
+0.0018949176779155 +0.0021343013428366 +0.0023658024819068 +0.0025894369583434 
+0.0028192522663264 +0.0030509432454144 +0.0032846881913081 +0.0035210826829259 
+0.0037556014059094 +0.0039923861066326 +0.0042279119987913 +0.0044631575615561 
+0.0046983056374223 +0.0049334111625965 +0.0051697023435214 +0.0054155575627500 
+0.0056740294623613 +0.0059407755768721 +0.0062083005257085 +0.0064683763340487 
+0.0067217657768780 +0.0069749718630824 +0.0072361926433786 +0.0075030060071948 
+0.0077747555517126 +0.0080590708020746 +0.0083577222216893 +0.0086622483404747 
+0.0089716389277000 +0.0092978186894435 +0.0096230148847890 +0.0099879357566985 
+0.0103722989827868 +0.0107592904695729 +0.0111227668786776 +0.0114760815770424 
+0.0118401712385864 +0.0122018041913934 +0.0125649806495120 +0.0129402417627308 
+0.0133661892081412 +0.0138245590382685 +0.0142406887946458 +0.0146347891796035 
+0.0149980439703802 +0.0153275871765984 +0.0156355424671640 +0.0159567734100492 
+0.0163110239809889 +0.0166648180086601 +0.0170657710146710 +0.0175194635971321 
+0.0179902757549974 +0.0184862236579804 +0.0190503283241527 +0.0196571852560695 
+0.0202405007775900 +0.0208350338136921 +0.0214533698026363 +0.0221248735143052 
+0.0228638410632097 +0.0234607623100637 +0.0240217347160433 +0.0245257289093956 
+0.0250942197490993 +0.0257328235696403 +0.0265001878258091 +0.0272510776002740 
+0.0279557849995096 +0.0288605110061053 +0.0300740191674475 +0.0311841687693592 
+0.0317213406427050 +0.0322710581786773 +0.0329008684995067 +0.0342517142320974 
+0.0356640248770511 +0.0360774616260746 +0.0366001297753594 +0.0375067178017545 
+0.0386497987299201 +0.0418072323088847 +0.0466694219455759 +0.0542275770959353 
+0.0654188899315320 +0.0704663138281244 +0.0704663138281344 +0.2403279965002763 
-0.0025500349118839 +0.0109148327188140 +0.0213857298280679 +0.0321770428821607 
+0.0428890014478914 +0.0531997148718075 +0.0635366722823138 +0.0735106065460989 
+0.0840590552162925 +0.0946432785973253 +0.1050050501301533 +0.1146180882895693 
+0.1242993270091614 +0.1338128899871240 +0.1438759012073476 +0.1546338776968784 
+0.1653182230773870 +0.1753488196077331 +0.1849982588785711 +0.1953341977186061 
+0.2057529001501263 +0.2161775818851860 +0.2263752690338071 +0.2367224727429380 
+0.2475568609374004 +0.2586594876807594 +0.2699780639238232 +0.2811273770138718 
+0.2924046577150909 +0.3032770090713681 +0.3135742878128626 +0.3234385458848245 
+0.3334832983571045 +0.3437566274247135 +0.3540217505001306 +0.3644411128922878 
+0.3749139342017782 +0.3851919684148893 +0.3949692544287658 +0.4044805277421656 
+0.4145163139524431 +0.4246470492665994 +0.4349209969877526 +0.4454686199672517 
+0.4565739219366378 +0.4678711081624555 +0.4792718917573758 +0.4907754428956699 
+0.5021606398657981 +0.5129584370312524 +0.5233718282374703 +0.5339509117292238 
+0.5446928901891223 +0.5552213745913434 +0.5656645994294993 +0.5765285018237852 
+0.5877263788073533 +0.5985443780875574 +0.6089332618938876 +0.6187531584327317 
+0.6285104962191290 +0.6380783017047427 +0.6477365472358204 +0.6579145637133667 
+0.6682324374094152 +0.6786849897749989 +0.6888803144987528 +0.6992553370567786 
+0.7093662061041127 +0.7195973830053046 +0.7301328742657349 +0.7412273081830307 
+0.7521557340136682 +0.7627048849866758 +0.7731788182951670 +0.7840858545007003 
+0.7954696234558261 +0.8065934870005246 +0.8174974288422968 +0.8286827737977470 
+0.8403824830930796 +0.8526257593579717 +0.8648255231065562 +0.8769305033953156 
+0.8887534001128103 +0.9000778017977079 +0.9110160914320681 +0.9211087821836809 
+0.9307991978642053 +0.9404955682633687 +0.9504643090383862 +0.9600040497756350 
+0.9688323634539163 +0.9780609885875435 +0.9887511601429360 +1.0000000000000000 
+0.7170813718987187 +0.7182616627254734 +0.7206089669699371 +0.7235770023821487 
+0.7273186088941920 +0.7311775311268462 +0.7352966258009175 +0.7393735817227020 
+0.7425705953427192 +0.7454966346187027 +0.7487892940739762 +0.7517579749775647 
+0.7548248867817161 +0.7581265078429473 +0.7615628537166047 +0.7650247271693336 
+0.7685187139772556 +0.7720103089483195 +0.7753579336269014 +0.7785707477769467 
+0.7816033905981833 +0.7846163069911231 +0.7877950937725103 +0.7911117377095611 
+0.7943736859514848 +0.7974254206640199 +0.8003854413082413 +0.8034206115238405 
+0.8065526136319668 +0.8096551520966133 +0.8126403294452508 +0.8155192196279886 
+0.8183034447660888 +0.8210236550418540 +0.8237907946436459 +0.8265783218989400 
+0.8292429840961795 +0.8318477975512061 +0.8344513541859727 +0.8371438589124969 
+0.8398892983826273 +0.8427055462507173 +0.8455258561130679 +0.8481581697474557 
+0.8506190339293568 +0.8531014085234985 +0.8557231256787247 +0.8583476158283810 
+0.8609119706502214 +0.8634527454153312 +0.8660162223828581 +0.8685553298067448 
+0.8710551961257268 +0.8735972858720437 +0.8761314417570318 +0.8786147039417095 
+0.8810702299322209 +0.8835595271255757 +0.8861007235932093 +0.8886590330023209 
+0.8912505157435989 +0.8938024185106488 +0.8963356719726809 +0.8988146165227656 
+0.9013336552636155 +0.9038808648391800 +0.9064117332139495 +0.9089330055638860 
+0.9114308807446033 +0.9139321225761505 +0.9165879871732809 +0.9193004359472808 
+0.9219576654496099 +0.9245137187738508 +0.9270486668991850 +0.9296009783349263 
+0.9321694210440402 +0.9347139632436283 +0.9372970637346625 +0.9399371322806797 
+0.9427225456103240 +0.9456203529208498 +0.9485201403831802 +0.9513716943838466 
+0.9541860508919675 +0.9570935073512314 +0.9601541169327067 +0.9633054435526028 
+0.9665215651921247 +0.9698004944097315 +0.9732109523333545 +0.9767532427764427 
+0.9805555290875569 +0.9850100111336404 +0.9910442566164420 +1.0000000000000000 
-0.0224460141348895 +0.1296822017214001 +0.1665838146605257 +0.1889357085138457 
+0.2065496783913976 +0.2212214750128170 +0.2337555619411142 +0.2446210602843993 
+0.2544664135001373 +0.2633660780656492 +0.2721646426559552 +0.2807757971956756 
+0.2895742856371840 +0.2978913531058590 +0.3059018228224801 +0.3134185131319312 
+0.3206941721525654 +0.3276144514512983 +0.3344056987195281 +0.3407564987922143 
+0.3468727466258412 +0.3529159316356122 +0.3589810052194145 +0.3650902189099007 
+0.3712223502725116 +0.3774443109327205 +0.3837867087201448 +0.3901551912405958 
+0.3963639419265539 +0.4023154857576616 +0.4081862346954558 +0.4140204611343962 
+0.4196463966818979 +0.4250587313676423 +0.4305359090060078 +0.4361926153288794 
+0.4417064873619312 +0.4469409121170707 +0.4517837065634681 +0.4567337588830697 
+0.4617738086839523 +0.4672261152658896 +0.4725782298896335 +0.4776805748192665 
+0.4825696198433136 +0.4875287552135802 +0.4926172146507644 +0.4976934275645868 
+0.5028222874657614 +0.5079901634793391 +0.5130759163030768 +0.5181986271880443 
+0.5233555608215313 +0.5285634815263570 +0.5339276654274479 +0.5394699643048758 
+0.5450186425387835 +0.5504208395294542 +0.5556223150381779 +0.5606942478687212 
+0.5658622698232554 +0.5710199014684357 +0.5762820456527269 +0.5816683221855607 
+0.5873571936239003 +0.5929905188377043 +0.5985972289793424 +0.6039889851456666 
+0.6095698648813338 +0.6152016626661501 +0.6209504673447739 +0.6268238161417031 
+0.6331846037605230 +0.6398256021059348 +0.6466875361355443 +0.6535867863445234 
+0.6603336385772030 +0.6669491284709772 +0.6735835864628027 +0.6805761269694814 
+0.6879674885794343 +0.6953984129903518 +0.7029602769247933 +0.7108082627645627 
+0.7191576032677683 +0.7278513822076863 +0.7367628395078450 +0.7462845537788158 
+0.7566120037410476 +0.7680016076982185 +0.7807077236310935 +0.7956284878072436 
+0.8133559100946253 +0.8352873650094075 +0.8731139076291105 +1.0000000000000000 
5.04527955414e-07 0.0941624557087 
  <DiscreteSampler_grid>
  Helicity
  1 # grid_type. 1=='ref', 2=='run'
  80 # Attribute 'min_bin_probing_points' of the grid.
  1 # Attribute 'grid_mode' of the grid. 1=='default',2=='initialization'
  0.003 # Attribute 'small_contrib_threshold' of the grid.
  0.500 # Attribute 'damping_power' of the grid.
#  binID   n_entries weight   weight_sqr   abs_weight
    1   5638 0.000123491528223 4.34071456361e-07 0.000123491528223
    16   5547 0.000122707906306 4.44587611614e-07 0.000122707906306
    12   2020 4.10836515044e-05 9.57999041649e-08 4.10836515044e-05
    5   1765 3.68689389084e-05 5.02175949414e-08 3.68689389084e-05
    3   1014 2.24329882938e-05 6.25203255245e-08 2.24329882938e-05
    15   874 1.8185513262e-05 1.82366049194e-08 1.8185513262e-05
    6   832 1.79677639527e-05 2.42079914518e-08 1.79677639527e-05
    10   840 1.77141846479e-05 3.1247249616e-08 1.77141846479e-05
    2   693 1.50258856301e-05 5.92401341971e-09 1.50258856301e-05
    7   742 1.4659630589e-05 7.14713590125e-09 1.4659630589e-05
    14   650 1.45259933292e-05 7.30639509551e-09 1.45259933292e-05
    11   618 1.30699064544e-05 7.37017823968e-09 1.30699064544e-05
    9   102 4.09782166187e-07 1.4551248723e-12 4.09782166187e-07
    8   104 3.65961163904e-07 1.06799736871e-12 3.65961163904e-07
    13   91 2.13213276722e-08 2.63998445811e-15 2.13213276722e-08
    4   94 2.02522277877e-08 2.56760315861e-15 2.02522277877e-08
  </DiscreteSampler_grid>
  <DiscreteSampler_grid>
  grouped_processes
  1 # grid_type. 1=='ref', 2=='run'
  10 # Attribute 'min_bin_probing_points' of the grid.
  1 # Attribute 'grid_mode' of the grid. 1=='default',2=='initialization'
  0.003 # Attribute 'small_contrib_threshold' of the grid.
  0.500 # Attribute 'damping_power' of the grid.
#  binID   n_entries weight   weight_sqr   abs_weight
    10   10 152450.834709 2.31553921055e+11 152450.834709
    16   10 152450.834708 2.31553921055e+11 152450.834708
  </DiscreteSampler_grid>
