  0.00000487848494427  0.00000503859460154  0.00000537933759383  0.00000585291843164
  0.00000636121551139  0.00000684697415797  0.00000767188003870  0.00000819014048308
  0.00000865940466139  0.00000910879859431  0.00000957800108875  0.00001002198072604
  0.00001050047470720  0.00001104246314605  0.00001147770223886  0.00001189568491014
  0.00001231031542436  0.00001272946847632  0.00001317572052002  0.00001366966432093
  0.00001437697742709  0.00001508051243329  0.00001581820233108  0.00001649344651071
  0.00001729630517374  0.00001820525822101  0.00001917752484987  0.00002023933051372
  0.00002136377220640  0.00002247686163319  0.00002361982194599  0.00002491956961651
  0.00002635385622139  0.00002794667590040  0.00002956058317350  0.00003116105297935
  0.00003280226084889  0.00003451954056133  0.00003631725006606  0.00003812199518533
  0.00003996774518441  0.00004201395884896  0.00004426440179609  0.00004663874679550
  0.00004946736679036  0.00005240044019360  0.00005531699574907  0.00005845976972213
  0.00006185542482351  0.00006490788735880  0.00006806054221294  0.00007140073656078
  0.00007516012860325  0.00007940920407870  0.00008374868814500  0.00008828916080566
  0.00009307180555953  0.00009873145916660  0.00010601339452730  0.00011290210253920
  0.00012145084275451  0.00013079910606921  0.00014178661322991  0.00015262897221963
  0.00016390519225661  0.00017597477716915  0.00018982357928012  0.00020475961825951
  0.00022154808420399  0.00023908997826407  0.00025958683614952  0.00027914652735844
  0.00030105979423639  0.00032389626925682  0.00035483925799863  0.00038988034100941
  0.00042707027782179  0.00046686940442241  0.00051822161853920  0.00058405485302254
  0.00065692821658551  0.00073407748252930  0.00081526415038257  0.00091044689578348
  0.00102333046064393  0.00115342619454206  0.00133103773936335  0.00154843528792334
  0.00185373067095194  0.00221635566771151  0.00261642807566875  0.00310832600298217
  0.00386133174501061  0.00564573844487897  0.00633006425601802  1.00000000000000000
  0.00025073859471719  0.00026289193744081  0.00027172990171269  0.00027997469246102
  0.00028758511539689  0.00029503806629927  0.00030288559057000  0.00031175956758179
  0.00032163575194115  0.00033241908814078  0.00034339492471708  0.00035509306093886
  0.00036824741099027  0.00038272575542508  0.00039696477947034  0.00041186099997119
  0.00042771663077251  0.00044406262379666  0.00046016379229700  0.00047761412099452
  0.00049671364858935  0.00051589815689458  0.00053517719529008  0.00055507571244021
  0.00057545927945502  0.00059667694226550  0.00061879774136141  0.00064263045569290
  0.00066647877608871  0.00069089026019884  0.00071846239990059  0.00074947368397314
  0.00078141217034372  0.00081426672631732  0.00084833522311601  0.00088085496702998
  0.00091527569872702  0.00095285587845209  0.00099178449967971  0.00102959575276956
  0.00106603027218540  0.00110228648101517  0.00114129501646489  0.00118473644499871
  0.00123076238094787  0.00127707314330731  0.00132315664868190  0.00137026207414708
  0.00142026114847373  0.00147231262754462  0.00152122629491842  0.00157123165040544
  0.00162708163064959  0.00168710889723531  0.00175243356888883  0.00182332403888636
  0.00189340893043357  0.00196122169546274  0.00202199207758529  0.00207923738465917
  0.00214178250020749  0.00220577858013865  0.00227212251461814  0.00236626342213952
  0.00249327857460626  0.00262366315681896  0.00274550893235030  0.00286991043367802
  0.00301612366740552  0.00319466730964468  0.00337819254356253  0.00350719739453935
  0.00362416859106189  0.00374094801838487  0.00387026974243508  0.00403518858717880
  0.00423996715710784  0.00443781415841336  0.00458733968620960  0.00474597239458373
  0.00490996339412957  0.00504338415677925  0.00517680491942893  0.00531410180910016
  0.00546036175236233  0.00562116766774133  0.00593123511858100  0.00609502566236261
  0.00629374414817985  0.00650543289831697  0.00671646408570266  0.00803783961309584
  0.01113205583608425  0.01583597044198465  0.04994515923330760  1.00000000000000000
 -0.00157282347299143  0.00857449298994955  0.01665461754347667  0.02474347949710438
  0.03295656853370230  0.04157364365835563  0.05095038689616335  0.06065510109062229
  0.07049668476485658  0.08021160944768714  0.08985619041978479  0.09830156494606668
  0.10621517746556142  0.11373866822517781  0.12109993547175917  0.13015153495865275
  0.14026937398735678  0.15054422003650256  0.16025298941444369  0.16939327175047741
  0.17835547051234926  0.18713428313959934  0.19523870612806971  0.20409116957926299
  0.21395634613218303  0.22516887733622529  0.23717995971451242  0.24883826019548275
  0.26099620202357865  0.27361127031793014  0.28738261382634239  0.30090825703055807
  0.31411156755728686  0.32662108775701576  0.33939858096717979  0.35196685553098755
  0.36450736244113807  0.37695244954088952  0.38975448142567626  0.40290320744957908
  0.41562919949572291  0.42534691171884420  0.43498000110101792  0.44419852002228594
  0.45306751271996726  0.46355465717222044  0.47382735301759155  0.48531130673716993
  0.49722760548536304  0.50926448896332810  0.52068653447733371  0.53193156903941829
  0.54322862680106543  0.55654886675421567  0.56902188065567483  0.58044979951769693
  0.59184915151885886  0.60306710011253484  0.61523631896544517  0.62766765338875252
  0.63969878725677254  0.65088317014257546  0.66213331230095940  0.67342171228788650
  0.68333926743008433  0.69266150707477248  0.70172121683163768  0.71172914857990977
  0.72201282749353113  0.73179852773499754  0.74150511526131246  0.75108782559766707
  0.76151543541093580  0.77185527033706691  0.78257316868360549  0.79287316780243999
  0.80325183921784138  0.81381218073644479  0.82570037265819540  0.83859471695402155
  0.85087091450573660  0.86188753889310332  0.87272298719435781  0.88543781637259777
  0.89637731397693288  0.90638474853564155  0.91608621104288745  0.92574659796962333
  0.93573093254681750  0.94475516396211090  0.95335933256798600  0.96226847162333795
  0.97139000773067974  0.98034021666117255  0.99004970858141528  1.00000000000000000
 -0.00169445924682573  0.01043158334703610  0.02103844349018920  0.03170341672822073
  0.04254756009414055  0.05285298262126967  0.06333132768669100  0.07388907047376245
  0.08404067653876794  0.09481407836309343  0.10558639024618403  0.11749511407959909
  0.13040285395687490  0.14415275474448572  0.15735256260404612  0.16869243282572430
  0.17909666663170945  0.18935351950344850  0.19937664963561408  0.20951733906662864
  0.21956966003451661  0.22964991865808343  0.23986311277738900  0.25048550802139330
  0.26015080406439195  0.26958320507560823  0.27831593243992742  0.28620962674360867
  0.29442378891171433  0.30305517978815993  0.31212524633417366  0.32242736899746505
  0.33375357998940852  0.34521099276959472  0.35657588879584595  0.36702672946464865
  0.37709111900421327  0.38668048534635152  0.39692858385597962  0.40776629159141314
  0.41807423245167513  0.42730554763646078  0.43521517434668683  0.44423091382927099
  0.45316674286455472  0.46307651101749486  0.47367534252076621  0.48462169950339118
  0.49567401091574476  0.50613797600498511  0.51549081640242156  0.52506923580291232
  0.53515790867332236  0.54562244511989033  0.55707129489577312  0.56716080548493053
  0.57688378476131885  0.58583068511696001  0.59558262894932856  0.60512459932608664
  0.61548054952318276  0.62759079076530377  0.63954305255834643  0.65088556993101743
  0.66179759716461140  0.67252279087731492  0.68425534798385113  0.69728116422429098
  0.70986733101563859  0.72121082326388120  0.73151462403088441  0.74144602164843332
  0.75107359539507224  0.76104581308012953  0.77084712178559667  0.78130361011054539
  0.79095300249543166  0.80182697453196139  0.81283363235936756  0.82444637219537287
  0.83659057234255407  0.84890161725369417  0.85982416434998266  0.86962306972193160
  0.87938061726600802  0.88952876633888378  0.90024068936757073  0.91107064369627577
  0.92216328551116022  0.93308841923343255  0.94474814249811012  0.95599119224277496
  0.96737583049687292  0.97833267769002930  0.98921732867994672  1.00000000000000000
 -0.00253474951544596  0.00849040078182774  0.01786122021891966  0.02716045762929534
  0.03669402808453300  0.04672740460707378  0.05730970948022179  0.06753217305056583
  0.07756612545719675  0.08758266325691896  0.09696822245467823  0.10578771261631147
  0.11451225353020066  0.12362246594719320  0.13327640975785729  0.14392497802853413
  0.15600409214467345  0.16892918015635747  0.17852123639967629  0.18700276470807312
  0.19575350754794368  0.20510335892997483  0.21715577673501074  0.22861698075839929
  0.23989055274959709  0.25102514695920564  0.26196975954262602  0.27289677094085285
  0.28376469637872892  0.29438430871539684  0.30517802258166254  0.31648289858738388
  0.32790641672037163  0.33866465187906758  0.34883842807047866  0.35830913740561970
  0.36912672455091289  0.37977021885365675  0.39174122032380082  0.40230254375820129
  0.41229588035135756  0.42287670600342653  0.43394946212919916  0.44531916960735746
  0.45481441008870993  0.46399577973243095  0.47303852605435603  0.48335417531980535
  0.49353883937029608  0.50402674050450602  0.51493014315362506  0.52577146577497469
  0.53763193077486926  0.55157670491153299  0.56606127912561455  0.57775164144457747
  0.58880203537517128  0.59839695831485773  0.60879340863048426  0.61915544196747907
  0.62942993055773033  0.63967671533570869  0.64967370223865439  0.65971660632426055
  0.66979198653194627  0.67951641491767290  0.69087297220829003  0.70199809386061551
  0.71363125874964350  0.72479162396853125  0.73611704630445807  0.74606021668091482
  0.75577368344324880  0.76603522251028633  0.77617338157400817  0.78667092681862261
  0.79662165980764654  0.80614688102869858  0.81605375688542003  0.82610373257381586
  0.83651790166222584  0.84645303715714282  0.85682563466422867  0.86768916470146340
  0.87903248600417827  0.89074991214419807  0.90283091103311197  0.91520566033380701
  0.92694140054153229  0.93778187267343294  0.94814001568480344  0.95846224827251036
  0.96898290744800242  0.97942782284792551  0.98960131995286105  1.00000000000000000
  0.70766917122418282  0.70946574596335299  0.71307088040143007  0.71666946763046724
  0.72016119032318315  0.72386258239808743  0.72787903966393286  0.73218014133592257
  0.73570103814724730  0.73903587149772176  0.74217217586167239  0.74587579789191438
  0.74907062694514537  0.75211910376812252  0.75512265925173538  0.75837819866185263
  0.76139547023343279  0.76404204441961332  0.76653583423391058  0.76903413618953476
  0.77176829216788334  0.77447027700340942  0.77711243657788698  0.77955525248909574
  0.78185880162457655  0.78413433810878119  0.78646974276106540  0.78864557339217445
  0.79085295872083194  0.79316579872487114  0.79585322517082591  0.79901387433765247
  0.80205238628420528  0.80468176306099359  0.80702186489118655  0.80931692055743520
  0.81171662235477404  0.81434736660897644  0.81738791349039264  0.82055126266464262
  0.82345241067581876  0.82616378197653861  0.82871770718994564  0.83136109357549659
  0.83398546691558562  0.83678860905994978  0.83943170798434119  0.84207523517567118
  0.84467161259688184  0.84747780468258049  0.85024577467999130  0.85278140481693943
  0.85525527921756628  0.85762796081676584  0.85975409055911345  0.86176191519257994
  0.86369394272724720  0.86558002603573803  0.86747907465337981  0.86933744031635429
  0.87125366175963415  0.87334164583841289  0.87588734960037085  0.87880468850921756
  0.88148733986420280  0.88428844640150983  0.88723104382696483  0.89033289836040486
  0.89340106703655620  0.89629281371822711  0.89942167772632331  0.90249130410626521
  0.90547530073500626  0.90843263447434863  0.91136482499965710  0.91430041795340156
  0.91730286011414053  0.92035147700983566  0.92354004181729277  0.92681656072397134
  0.93006102534244983  0.93332402198326680  0.93660818787215705  0.93996212281676794
  0.94347501248606991  0.94693651042193638  0.95061247575337904  0.95443414217666944
  0.95853324477594282  0.96306488625046449  0.96757412291833678  0.97218449208417235
  0.97697211993408095  0.98257173252770125  0.98979698645223679  1.00000000000000000
 -0.01626166163073053  0.12060219132214996  0.15908764390547839  0.18397318460817516
  0.20035439186346846  0.21444724089367376  0.22655507794394811  0.23696484874541507
  0.24633040530139352  0.25524055581112692  0.26453459441578531  0.27415766434515693
  0.28357660461885592  0.29183281182619319  0.29909414434548987  0.30624107700642705
  0.31393429070476775  0.32205588750092828  0.32934803398552026  0.33587152406774978
  0.34217023853492390  0.34845728607862464  0.35479482601250872  0.36126932690474944
  0.36816903501384718  0.37458307514003353  0.38105605335288689  0.38721894543519769
  0.39474667236523714  0.40226771860755350  0.40875151155216971  0.41471466136228574
  0.42025952127745736  0.42616361516758444  0.43225354202705363  0.43795368066613222
  0.44284801508473226  0.44764884867117760  0.45253888873655407  0.45798029817045394
  0.46363150354603966  0.46894759699020305  0.47451033042668950  0.48029790292775559
  0.48670253877285041  0.49222679047457396  0.49762656168440184  0.50314446633597221
  0.50840658611061074  0.51355685796549966  0.51867051903946892  0.52369988429795322
  0.52910284743718794  0.53491875066084915  0.54036894621537368  0.54512492430348702
  0.54970486980228705  0.55446758280522190  0.56000994737565790  0.56684120111950143
  0.57269277403273511  0.57786108666855063  0.58284255485132441  0.58811148783873457
  0.59284409250798398  0.59760527109933193  0.60238791204097564  0.60709538176299249
  0.61294579845393282  0.61881344022914253  0.62533793033121954  0.63183070584280543
  0.63816544704656608  0.64453231404701705  0.65100920727525502  0.65830140520301672
  0.66495536794669707  0.67299153486422736  0.68168894603223951  0.69135674941036740
  0.69999857944347232  0.70772211936022256  0.71461843395932967  0.72152879844027429
  0.72868540957362993  0.73619752130394467  0.74444648004892011  0.75378091112113998
  0.76420551907136580  0.77609077435050566  0.79078635387896312  0.80740466300593150
  0.82730257859225642  0.85288772898200638  0.88936573053945323  1.00000000000000000
   1.0345319313899999E-006   8.5338075362300005E-003
  <DiscreteSampler_grid>
  Helicity
  1 # 1 for a reference and 2 for a running grid.
  80 # Attribute 'min_bin_probing_points' of the grid.
  1 # Attribute 'grid_mode' of the grid. 1=='default',2=='initialization'
  0.0300000000000000 # Attribute 'small_contrib_threshold' of the grid.
  0.3330000000000000 # Attribute 'damping_power' of the grid.
 # binID   n_entries weight   weight_sqr   abs_weight
    1   1184   2.133162799016664E-005   8.942788288625595E-009   2.133162799016664E-005
    4   1059   2.078617127134786E-005   6.253777061318484E-009   2.078617127134786E-005
    5   430   9.294441103929090E-006   9.691888330471369E-010   9.294441103929090E-006
    8   512   1.016363337903188E-005   1.790773234859821E-009   1.016363337903188E-005
    9   579   1.103089083845209E-005   1.668980560599956E-009   1.103089083845209E-005
    12   524   1.149150877339822E-005   1.693570004571883E-009   1.149150877339822E-005
    13   1526   2.352098301942279E-005   1.993409705922809E-008   2.352098301942279E-005
    16   1178   2.129815643600205E-005   1.208405937703193E-008   2.129815643600205E-005
  </DiscreteSampler_grid>
  <DiscreteSampler_grid>
  grouped_processes
  1 # 1 for a reference and 2 for a running grid.
  10 # Attribute 'min_bin_probing_points' of the grid.
  1 # Attribute 'grid_mode' of the grid. 1=='default',2=='initialization'
  0.0300000000000000 # Attribute 'small_contrib_threshold' of the grid.
  0.3330000000000000 # Attribute 'damping_power' of the grid.
 # binID   n_entries weight   weight_sqr   abs_weight
    10   10   2.718323765690000E+001   3.097961531800000E+003   2.718323765690000E+001
  </DiscreteSampler_grid>
