   0.0000000000000000        0.0000000000000000        0.0000000000000000        0.0000000000000000        0.0000000000000000        0.0000000000000000        0.0000000000000000        0.0000000000000000        0.0000000000000000        0.0000000000000000     
   5.7154523417805830E-002   1.4541404667050423E-002   1.4509961647380158E-002   2.6564153874640149E-003   1.5458563263578804E-002  0.27014467525019731       0.11625777106814966        6.1277993695694019E-002   1.7605475998542570E-002   1.3177252943970839E-002
  0.67911309449558699        1.0053552177057652       0.73663233669534212        1.6314689906003874       0.76227369014873891       0.87750042599008038       0.62365424612923426       0.63839425543238437       0.85903056876334172       0.75929300671916777     
  0.10736176729832715        2.9195908753119670E-002   2.9003659971998653E-002   5.3371986881403577E-003   3.0761058966539905E-002  0.38467728706180138       0.19408181749945042       0.11038222734408615        3.6019776783447123E-002   2.6375217800086708E-002
  0.68733815365831374       0.82143322250976791       0.80071348183838886        1.7291110041055235       0.76820302114225880       0.99610910321675361       0.84146362736549429       0.72847861886772791        1.2994130275343825       0.79026990577816170     
  0.14442322790217779        4.3262927202808214E-002   4.3859544878030586E-002   8.0263882922662587E-003   4.6900431255532435E-002  0.44565978071021689       0.22957053317028894       0.14404503424519013        5.2791715634055533E-002   3.9847964315679892E-002
  0.74833865318070170       0.69512247251064285       0.83547712651906791        1.2210459409510319       0.84877098015514230        1.1760126974479055       0.77509182594593184       0.81346869391156029       0.92599699259350265       0.85409644494558079     
  0.17726979726626377        5.7536104108517103E-002   5.8808089044070103E-002   1.0722408783773958E-002   6.3019755632225324E-002  0.47579196133196744       0.25789872883062936       0.17165290750833440        7.0200479890324727E-002   5.2984714991466182E-002
  0.78329702204005758       0.71548094052102129       0.75744473886146269        1.0774953972428898       0.79809722989182652       0.85497700506045926       0.87574731355056690       0.75211343437113998        1.4036055575542770       0.91576700209063366     
  0.20485320604284596        7.1096274565601372E-002   7.4982453638515342E-002   1.3466772922663293E-002   7.9601851659204984E-002  0.50386108738972446       0.27652538259822890       0.19356871577168955        8.5614496059203404E-002   6.6548755335687090E-002
  0.66656795605502994       0.77565543021867722       0.87545041836202975        1.2333689900043008       0.84599295092102023       0.82933857651664822       0.70239835713142651       0.82575484666233345        1.1784773018948509       0.82519991498250000     
  0.22966235359568049        8.5145784880954492E-002   9.1646505596482658E-002   1.6559551682993008E-002   9.6619408125899017E-002  0.52387603431358543       0.29415101977657437       0.21363738418819947       0.10123043651677166        8.0037279601227432E-002
  0.71199497953529800       0.91724839564065352       0.83750090144855549        1.0737760150145468       0.95212901607931932       0.82187189605125155       0.88475704705776170       0.84181744732948660        1.1133795883455360       0.83811788287713829     
  0.25161215088942029        9.8483822717372091E-002  0.10739447120419997        1.9680445944687361E-002  0.11392222825812126       0.54319713054348051       0.30900348729148508       0.23078329221952709       0.11632745300476803        9.3483759975974037E-002
  0.85837265595126333       0.77632364939859166       0.76031518260459685       0.94703897056993058       0.88427251884262925       0.72348746885939486       0.84691044994111897       0.83284951707060073        1.0077578205936510       0.72652624133632449     
  0.27157439813503070       0.11203609935358484       0.12344130910977578        2.3208305906411333E-002  0.13142247829079326       0.55986807431791419       0.32292766717399790       0.24610938174263258       0.13192084149414077       0.10710132073721804     
  0.78478521761366438       0.68473920435168278       0.81762251937293573       0.83269719670257702       0.81838772741506693       0.78982899044629717       0.77707561727566399       0.89473410498372696       0.85301429082186231       0.76261308245547055     
  0.29041610529075629       0.12572762549111191       0.13899448686389088        2.6837098083664693E-002  0.14813039355431348       0.57466063506729337       0.33527893272375392       0.25988976908137645       0.14716953559080453       0.12255600632844126     
  0.82361924417605681       0.92252934474334358       0.81891401528912000       0.78975552783253467       0.85342152846344943       0.80533247587940526       0.69491365578767816       0.85889285187263531        1.0041435406207357       0.77236004573377304     
  0.30927983782876195       0.13924780261067032       0.15382391443040985        3.1034702703094909E-002  0.16531538724433875       0.58692642255934202       0.34709386043318746       0.27291420797169080       0.16215742323414695       0.13799300818770044     
  0.80382822553393474       0.89284583030714537       0.74709244704979993       0.92253031833068255       0.80324527151667990       0.79609232337009161       0.94734065845581161       0.78102364850174300       0.88365578177615989       0.87547136365642741     
  0.32843609876703439       0.15250054875675051       0.16851737003750591        3.5446933619219717E-002  0.18201079521808386       0.59833189378462648       0.35834920801410469       0.28542527727696893       0.17743088502156287       0.15323407508600048     
  0.91749030698315015       0.87916230665101691       0.72633371952803871       0.89590274960376526       0.78471249828164968       0.92238041744910626       0.71106551413693120       0.82844361114421394       0.88855365000064601       0.71101969210551186     
  0.34688384242591425       0.16554416240068720       0.18388474003163000        4.0170672130998189E-002  0.19840415857995533       0.60897234762605046       0.36875591909821043       0.29767862557545555       0.19279482091106387       0.16915500952693285     
  0.74705708723586306       0.83053513258520906       0.78824489781054807       0.81977006592332646       0.76988835145831125       0.69633682497197225       0.81427866014439132       0.80049458571255827       0.93133733746393133       0.89017480937788718     
  0.36509529285759773       0.17963143161716683       0.20060574820909907        4.5203506402192957E-002  0.21438881779688559       0.61878132862928414       0.37829403397209788       0.30964528225196741       0.20834131613403253       0.18611119601083173     
  0.82025620823431833       0.77620384973030887       0.91314677411967127       0.75146330253434146       0.72532117703845467       0.74687557297383478       0.83751944995230110       0.82947737742294714       0.88784110611789246       0.71931583036715563     
  0.38086835145509901       0.19397548797047853       0.21772090706866642        5.0412319827554376E-002  0.23043511234267872       0.62799032391728560       0.38731473784108172       0.32143881407767794       0.22437716179707939       0.20351882010916741     
  0.74655639863951551       0.79837361901148718       0.87069158733443452       0.93129375656345925       0.83696871816899043       0.75999586592876878       0.70256120593886484       0.83880522088974019       0.81372588377831023       0.87677101378483235     
  0.39604206323733943       0.20911064050613018       0.23512212934488921        5.5747877610139301E-002  0.24729514317941004       0.63713810367540014       0.39609762489705974       0.33294461513134221       0.24002597103967008       0.22120526645359861     
  0.76792768826020963        1.0187050500569912       0.83843736322446105       0.85767574692683657       0.74799905959135637       0.67067845845693996       0.80355630447408632       0.74490562587115461       0.93365820762233553       0.97991025550034550     
  0.41053807535339110       0.22385500626752158       0.25236855035036609        6.1268683205803059E-002  0.26444612150869024       0.64609838034084843       0.40494107550192016       0.34417953935922102       0.25478264958005081       0.23921875808290130     
  0.81817697477411244       0.72135441749919260       0.85706816396301111       0.83331797812332298       0.78082038589920455       0.73955960551238253       0.78387981335882428       0.83704834628514568       0.87118127419380675       0.87213719933825229     
  0.42496234183778087       0.23732596137522177       0.26875970455197690        6.7234376948531030E-002  0.27989223526452489       0.65498284173037902       0.41373662916010179       0.35543202410634311       0.26947496334785026       0.25670527475807764     
  0.73677657228158411       0.70726193765310774       0.81944581355114232       0.84789958236118956       0.86571612289069722       0.76218262002386494       0.79593460164676921       0.80910841638314335       0.80202960735325490       0.76315188940482959     
  0.43963479664339211       0.25084174957276945       0.28479047851574452        7.3527624267071268E-002  0.29502951911196557       0.66365686495302889       0.42215595467922373       0.36674933744877003       0.28416070214863065       0.27377728447048338     
  0.74084783387909547       0.83951030171819085       0.70377461953049369       0.78577488301009535       0.83893658092523005       0.78936505169744298       0.74927425977724227       0.74288621136089161       0.78545331031521393       0.88272631610708607     
  0.45409800828952940       0.26467695672121178       0.29992277233861098        8.0562180573606118E-002  0.30789353468656189       0.67202502423664268       0.43011324256623618       0.37802359795008117       0.29947701039115787       0.29221387955384431     
  0.73471471245033160       0.84575958873158963       0.77691639259284984       0.75967869658868448       0.84082730877141598       0.79390575630172833       0.72802326830444264       0.85547788635678135       0.75510781802627702       0.80756777201180541     
  0.46896381568234863       0.27845098218768816       0.31518692634865331        8.7689512151708573E-002  0.32027866354199863       0.68032130850661054       0.43786922292491637       0.38979654567985972       0.31536861891662571       0.31112655986033960     
  0.69462226230190249       0.80598168019618432       0.75808182965693738       0.70424683926254195       0.82246072898056710       0.88088012383125947       0.72839479990196188       0.91226979203804814       0.85138987426204549       0.88868389603194620     
  0.48379379938836015       0.29263096491026952       0.33084775002039934        9.4861739867893452E-002  0.33338255298267500       0.68832194185903905       0.44569269253577809       0.40204995467150995       0.33153539830821466       0.32833953912984598     
  0.76272158919082778       0.78966133388208359       0.81878704091302146       0.72850621190272580       0.71249634043822185       0.75400087209616995       0.78841632964317865       0.78377671856530207       0.80034318656382486       0.77853336276435958     
  0.49775637091098818       0.30646524999963126       0.34673288461654289       0.10233729648668186       0.34770115521523509       0.69604996892552395       0.45371948941584495       0.41474311259324159       0.34809628834826056       0.34473746600935068     
  0.77990039498317654       0.76627230271113189       0.82105202875853456       0.71378863704986950       0.96930005034591149       0.71177777337244774       0.83890560682614124       0.90742878751125955       0.76320147558767260       0.73077652994531117     
  0.51156965466444781       0.32049100001343905       0.36278082655211974       0.11015304079121778       0.36156239781264260       0.70364054305395263       0.46181239368838517       0.42753905306310525       0.36438657342898345       0.36127894949086264     
  0.87681037196406553       0.98540999404599439       0.89488395591295156       0.75450194487985878       0.74353233729294432       0.82706102187371955       0.78990474208878836       0.81475193578670746       0.75818000410306763       0.75546351888055641     
  0.52485060826989371       0.33459834479975420       0.37872201326367716       0.11894922360292912       0.37498521450282585       0.71113400388835679       0.46985916994717297       0.44030469321907495       0.38034942256298648       0.37799368394198007     
  0.77498045502152935       0.81261248507233352       0.86414227839361291       0.89065840476884750       0.70575463508264791       0.91524435794072723       0.73737708370001531       0.82823387206410681       0.84939557687474299       0.91590145516591703     
  0.53797243870861233       0.34946684539420048       0.39408012004749843       0.12867341755583731       0.38994377876793601       0.71802849603057728       0.47754611057085627       0.45323941272052476       0.39551602213373932       0.39506565410575956     
  0.73912953312614571       0.86640643013615970       0.80103821906503470       0.76372860439574153       0.78195770765284467       0.73379327826665142       0.77949585180138381       0.79253033030573028       0.75397158977370438       0.84961580862130481     
  0.55058162219358042       0.36476811326104747       0.40897922354909327       0.13881280701554249       0.40547493492410913       0.72450646131015051       0.48484910972165934       0.46650229239587726       0.40999612034672167       0.41201639889537445     
  0.77975739691739387       0.93144199980353803       0.78567107679059667       0.77253336874389866       0.90026389043786470       0.76591984687853099       0.75762276992506095       0.77092763636813899       0.81721635966407347       0.86727454706805340     
  0.56320469696786291       0.37888784411051274       0.42411826017409782       0.14949517632922824       0.42080071391365015       0.73093595648997944       0.49157565156196986       0.48035061177661559       0.42449158891439021       0.42909618062420118     
  0.65962246993136242       0.82689279334992472       0.70213481056753668       0.74160651316144854       0.76300822902746068       0.67250258446599287       0.87875188314837627       0.77934186083613943       0.77153380554019257       0.71722577225195494     
  0.57598871224046078       0.39271753693401679       0.43912327290375075       0.16116121804818165       0.43620896602212766       0.73738162007524899       0.49844748930088290       0.49432035771213173       0.43905871966743021       0.44655032814343204     
  0.83682355847435530       0.80480416132868449       0.85318817427708782       0.69212925656855906       0.70616005604511045       0.72139529308383932       0.71216695917250150       0.81724612167808786       0.76407752446907273       0.91645376933122880     
  0.58823355412593914       0.40706660865549688       0.45396834431222899       0.17399550117484247       0.45245032761174342       0.74395601765510355       0.50546847817414475       0.50815325386250509       0.45356594087751539       0.46377525729051627     
  0.84964933419613853       0.91224719788451369       0.72558187033370025       0.82524811851040969       0.85696216855933605       0.82771441374202837       0.73608032414986690       0.80136873471306536       0.67067979308121617       0.66193271144899057     
  0.60010466839479293       0.42168307445840036       0.46881085092319857       0.18691116046306150       0.46840567644106146       0.75054240515515069       0.51286652830010526       0.52196617688358649       0.46805538887634535       0.48047365526376923     
  0.95321446668414778       0.85133464040389373       0.68085114504150390       0.76551313892011785       0.79032148376450706       0.72076101646241730       0.70343052546998064       0.75858070845621339       0.74017142934473479        1.0068156598638287     
  0.61199048392959532       0.43688286501324514       0.48368303648365191       0.19978943749844100       0.48402492000440417       0.75724237033495090       0.52033755731159026       0.53578438683898166       0.48261581249653246       0.49644188980297072     
  0.89198662043746824       0.83581724525354240       0.76310681063798635       0.67108471239769429       0.78012081939101774       0.70759528812421069       0.87955934456589269       0.83580967811058082       0.90924637765102789       0.87570971747452653     
  0.62404727202261756       0.45237321326625451       0.49879396675803750       0.21328005278091500       0.49903512350844176       0.76413451385368936       0.52778984477481683       0.54967098306885942       0.49728206873338932       0.51196985483217960     
  0.80816333990359701       0.79078573545693176       0.79176216304242619       0.77671412230710546       0.71234333908422487       0.79695844434486218       0.80976221232938239       0.82982848663225350       0.77825727280773682       0.74335766923783597     
  0.63609008340355133       0.46831014239816127       0.51470044955718408       0.22767856098791034       0.51586479914731043       0.77077973225796559       0.53527594539650825       0.56366955485767989       0.51162785169731828       0.52778524264754245     
  0.78119400447804976       0.79679353472790226       0.75268959971698457       0.74793018641809861       0.91575740032603759       0.73662337727184868       0.83994491562670182       0.81255113578534433       0.81599129547905547       0.86627759845686803     
  0.64770768560559078       0.48484459772036653       0.52974347939786437       0.24281191512632938       0.53216514136237048       0.77709750477784068       0.54248116310988403       0.57792384341847047       0.52560016693522404       0.54385447406552290     
  0.77021350151198786       0.83832339339153017       0.78743300852005393       0.68833735683802599       0.82553750867736353       0.81701961211868313       0.90164164831993143       0.82119194341568658       0.80984028155508070       0.82652240567617974     
  0.65918150983428492       0.50036967376124752       0.54547225440135683       0.25863410126071007       0.54834436602239167       0.78355399201243092       0.54960092412443229       0.59232910249106374       0.53944300753434471       0.55976578266911992     
  0.83743097389455601       0.94880216040699694       0.82989024724019089       0.75853138513886764       0.88625208926397825       0.79913281571545636       0.93799307058987391       0.79164284768688764       0.66679822303196434       0.79159716733971985     
  0.67058639712968948       0.51525414892658383       0.56121595617402054       0.27496162385766010       0.56434671282262128       0.79014136939814517       0.55668700465530840       0.60638083706345147       0.55298409924505676       0.57567386159633027     
  0.87024718133797918       0.77208720595711167       0.76142274209499095       0.74849306846968455       0.84560879144942491       0.70294599908504773       0.68348554036055820       0.67357353559029887       0.82649911424947820       0.89473914440841618     
  0.68164515185872143       0.52909229713542172       0.57792379869627752       0.29177842420490113       0.58058695499884627       0.79644551137330222       0.56436656872486157       0.62035827829512025       0.56578256429406570       0.59186127155265167     
  0.85586194786122871       0.81889445389885263       0.78453104442769639       0.66902511641371532       0.81065180078962684       0.80187520635038445       0.93925665494150268       0.71878642298789452       0.71967399101437890       0.85588508278310016     
  0.69325139098386590       0.54241063455438387       0.59509436752285594       0.30928084213875318       0.59677575922223991       0.80228299058183117       0.57230837906149057       0.63452906707019030       0.57816787292021699       0.60800578851871534     
  0.77305715059378355       0.84694277445409027       0.75361128986283177       0.69771655230760676       0.88467052591130546       0.74656961208126760       0.87687619552040319       0.81851876915297350       0.69232616677259506       0.71085466570482225     
  0.70461987318569830       0.55650954862385471       0.61301735428182946       0.32736870489011477       0.61338100940742690       0.80834667034871810       0.57964368532670374       0.64871794611972666       0.59057286248403384       0.62453827920516025     
  0.79512460536690754       0.86258041707264921        1.0151365643516848       0.73440433139383565       0.96900548940418185       0.68670474857285857       0.80129462632926685       0.74782829157385655       0.79767934694287268       0.71829117872335013     
  0.71573080519592402       0.57058152616633051       0.63141809563633622       0.34666862505415424       0.62976564390905432       0.81430068554680390       0.58674983516545509       0.66276536012899834       0.60322908198324920       0.64148101768334431     
  0.78202347473782763       0.78351807557797803       0.92736026397334059       0.73831221805357405       0.79716077024098020       0.74509478601401857       0.72368729886133509       0.76324793341169384       0.77403360915029096       0.74732874333203148     
  0.72692824570902237       0.58536613345827726       0.64903631634659165       0.36662180287717255       0.64594403361492148       0.82055143193680391       0.59449236775873215       0.67637393467161089       0.61636453640176714       0.65787494548843573     
  0.81824916113699775       0.79104012892358666        1.0399611629940055       0.81477207559704379       0.85323770713885583       0.85968361203197996       0.73439933960333603       0.69938969244255356       0.71419294263318600       0.74451484822892089     
  0.73795872654027350       0.60102066933885778       0.66638686534008507       0.38756487234763465       0.66182478616441209       0.82677273460749323       0.60284403111557150       0.68985400977622247       0.62974802321311807       0.67391931038522790     
  0.82610263867475353       0.79939000479364886       0.76975154905037857       0.76716499580983877       0.85576729905720583       0.81876350247172902       0.86027673704056062       0.85671656931381590       0.68380032188261486       0.76525711508726024     
  0.74927413148929189       0.61598725820464217       0.68251529538820044       0.40827896704866795       0.67749544189772004       0.83294488632495223       0.61129562193111586       0.70353487139191540       0.64330726863450727       0.68925404137524393     
  0.90904027740389282       0.91205202890923709       0.79841150818687578       0.80628600954202190       0.81777533663215607       0.77638795196153554       0.94724251150946881       0.72757383294326228       0.76110380527625310       0.69066148524765303     
  0.76051490856141457       0.63059736673654676       0.69798079183612682       0.42894023832764622       0.69315804767241873       0.83907050704795971       0.61955572232051914       0.71732269071718113       0.65687253184780492       0.70440187601939641     
  0.81988040298612608       0.78691248228890931       0.83260853354850151       0.76622665517206656       0.80421682419129026       0.88217336163623228       0.97833043794121188       0.82225759696337752       0.82932646789475517       0.77886676078545047     
  0.77148967036015681       0.64563928685127259       0.71300182130732570       0.44953341563323207       0.70920907966206448       0.84528128380165812       0.62768790474200398       0.73198878824963243       0.67032358250145885       0.72047342360160183     
  0.76301416475817219       0.84272948505024503       0.92431353741406719       0.73235202639829844       0.80865123743301648       0.93955355755200254       0.99149595721982853       0.75850770717862537       0.87971819793179618       0.67845876080858036     
  0.78278170099680944       0.66087609568786831       0.72836427042152285       0.47102712344842390       0.72548913473257670       0.85139942873813124       0.63592927371965813       0.74723851836303845       0.68357673422971932       0.73742168483541692     
  0.77046016183713251       0.87460088355821153       0.84329489534669233       0.73797170709545978       0.81984850487277161       0.77023075296199972       0.79282947975989426       0.77555670676159183       0.77967378782149444       0.79205354088116309     
  0.79375926805015184       0.67660022490985494       0.74435202850603888       0.49335962772771635       0.74113316902232340       0.85769767227720617       0.64417096304425325       0.76326302812919944       0.69721506204158856       0.75434232247068067     
  0.82824983646262540       0.84077267830926516       0.91882649372133696       0.74386003397699874       0.93063575737104642       0.79851087360486506       0.69199469296139093       0.79545163735504731       0.77409297661136744       0.88710051058562955     
  0.80477212505469831       0.69179992221973752       0.76006124794186158       0.51766135426242554       0.75678959526686662       0.86372080636068160       0.65238928003049257       0.77862718323797175       0.71121823953201502       0.77115040727574613     
  0.87056910433154433       0.72157102819139773       0.80739749015181828       0.68485814702997694       0.80269264895595194       0.84890915755693563       0.73249537994586056       0.76167815756728918       0.71677776357116973       0.75222035015077715     
  0.81500659299643374       0.70716569108182714       0.77495528233584809       0.54229908535822346       0.77374395317568689       0.86974657284513113       0.66133575086791530       0.79375378214084602       0.72734383650649903       0.78756681969471509     
  0.79924117904138325       0.73372316201404342       0.79427126168185025       0.76436318212367516       0.76112956073526039       0.85243355659183706       0.94061401431720837       0.83834790064149678       0.70769088710336336       0.74377229662099131     
  0.82517149437256287       0.72347292313752498       0.78946487687541644       0.56958898051842266       0.79064882214381993       0.87552588324981750       0.67072777165193243       0.80872726947297247       0.74466371793225694       0.80392131139030498     
  0.86131088418300117       0.67589423952775518       0.86691666441340043       0.68734616912444690       0.78731121630761747       0.84237774002524579       0.87163262952992648       0.91074182620723776       0.75147780012114540       0.80052591665802719     
  0.83479340939876867       0.74090217430721750       0.80474818633997447       0.59758883339894275       0.80729513272106102       0.88114413738703490       0.68029334250504636       0.82352989802951082       0.76149136217949109       0.82006967773633899     
  0.86803133078075145       0.74241040618951726       0.85551084869341942       0.82123055223084485       0.93372536126226768       0.80842548463087971        1.0604431498648927       0.89814371675606153       0.62901057561545559       0.89814197315985767     
  0.84448500683340999       0.75807889065580125       0.82071605188755792       0.62698447766323828       0.82337573742065506       0.88717052844428146       0.69002769625259441       0.83821649318579805       0.77828933165230041       0.83657884451470754     
  0.88041841046184988       0.70745208641971324       0.69947313200378114       0.75632331005780318       0.72390884744275219       0.99723180774027953       0.84302225292382715       0.69963341347396579       0.76417888540220180       0.75672908741609357     
  0.85533995721261336       0.77647181182894576       0.83608538434503743       0.65666518054984235       0.83885556580426646       0.89371633239222115       0.70001010172152223       0.85244015047380095       0.79770254111460237       0.85087811737692620     
  0.84521941457812222       0.79229698885063904       0.78075617485104587       0.73622132497447157       0.79422267767039978       0.82330857860201556       0.79315188097811673       0.80366012976024348       0.77218788214521084       0.71825289456934427     
  0.86637174160805897       0.79519303696931165       0.85105269875583223       0.68706576268948483       0.85491999680858188       0.90043138242634591       0.71020666915152919       0.86629523770377503       0.81710832542226464       0.86497562160716490     
  0.80797323224878148       0.89349691268505682       0.71242057598346120       0.80077497351686511       0.77290193404454788       0.81411616004726950       0.89732449249532986       0.75551268038292119       0.72486153618169147       0.88811220168149108     
  0.87699374878599134       0.81485799375690871       0.86583416441897643       0.71726949383188721       0.87040042672429463       0.90708182026179285       0.72067905940454435       0.87993257936680302       0.83709466558375256       0.87820026121773764     
  0.69661882178462842       0.84487691683789579       0.80286639204434940       0.95478355601832288       0.76021770207096517       0.80213033404413270       0.80441589170652195       0.76669526726135828       0.73965133290454554       0.71539610514303176     
  0.88783401290929143       0.83506335278792010       0.88060803859303327       0.74716382710978457       0.88522556353219628       0.91378438196796552       0.73137348518327427       0.89375030278050183       0.85705028942300687       0.89096145583379749     
  0.80084529222132361       0.83640990485915068       0.76666529590718580       0.74765989235553931       0.83959733098578171       0.92574021836004361       0.78590826601026864       0.69430427000130024       0.68238014734900121       0.82391833721930208     
  0.89884229515271064       0.85536536604086699       0.89654460652360579       0.77749318849601057       0.90018256413274567       0.92076965469322658       0.74333234320920016       0.90713234432882539       0.87640914704883710       0.90512567831338719     
  0.82951838314624726       0.79551908998552123       0.77781171411940742       0.74192153076778788       0.72949808720573683       0.77764048665264573       0.83767161742263896       0.82129272235032247       0.70214433473915183       0.84989398829086849     
  0.91002538017312373       0.87564577413432421       0.91288008723084224       0.80879968120654955       0.91538548998413904       0.92778956908401811       0.75645214587341825       0.92023422698104529       0.89543675546041068       0.91963520811904176     
  0.84906480697025011       0.86236398623916910       0.75574287273220286       0.75902934014172363       0.76817924828932949       0.76581147423276841       0.87304839624883224       0.91183804945930191       0.69348145597419564       0.81527460353859471     
  0.92180997118815089       0.89732298794540144       0.92831919930297402       0.84000737927041402       0.93011225671435704       0.93530566435793805       0.77154692445284712       0.93261666249625608       0.91391109554327754       0.93282269930784811     
  0.82495022647776506       0.74842676337196179       0.83543487453193244       0.71127268542595246       0.75175892564744939       0.80727986381041161       0.88387877490018119       0.89310520784444991       0.79705561332204045       0.84031441444540034     
  0.93375186738724447       0.91938984753632402       0.94353531094481791       0.87151909068382705       0.94478337240627031       0.94284485348698410       0.78718608036956594       0.94484954996556159       0.93276822094568790       0.94593809571749299     
  0.85934557461481753       0.70793445973946978       0.82947238992538186       0.74560324209639117       0.78107024644572864       0.85298860122895159       0.74675204163740017       0.86334495823336810       0.70715342868285846       0.83290561703975641     
  0.94734132149208461       0.93966631129333211       0.95786167495509844       0.90268346790740017       0.95904970626808006       0.95433891036518625       0.81149850671943402       0.95790273456442021       0.94972231113961370       0.95947150213145671     
   1.0592612060159134       0.77541042362200718       0.83838327707742888       0.73900107677647586       0.78079962198372854        1.2149754978544496       0.99146980878990720        1.0256377116299520       0.78489877477306003       0.93545611349278468     
  0.96127840690457234       0.95941578265678196       0.97246808413410901       0.93504517658352393       0.97288052256558399       0.96501840911490555       0.84218493331788613       0.97152309135788428       0.96646446946157794       0.97331448439593282     
  0.82719623382984042       0.66103666074891043       0.82449269378627377       0.70677031629460074       0.70179263522298752       0.85318056120354357       0.83359220340869511       0.93430366732071335       0.71852172113708168       0.81510916446978010     
  0.97956183829196641       0.97977134840309554       0.98604612082432974       0.96775912482427839       0.98648975823530760       0.98264400058128620       0.90627911831247310       0.98565374393757899       0.98343497817438308       0.98682235698663756     
   1.1087996012083265       0.72372586470253364       0.89369714411507961       0.74155858601143354       0.77702726065931127       0.89590411843450291       0.78514642363257980        1.0370743342570401       0.68904448825300735       0.84068871813418045     
   1.0000000000000000        1.0000000000000000        1.0000000000000000        1.0000000000000000        1.0000000000000000        1.0000000000000000        1.0000000000000000        1.0000000000000000        1.0000000000000000        1.0000000000000000     
   1.0012886327027017       0.63685764695622649       0.77759053160503377       0.74396817863609543       0.81811399427840037       0.71639060661556742       0.62723665142719109       0.83931148593797489       0.82446009445368029       0.83869150695607508     
   9.4318516712700280        15.676856784407931        10.273444568253103        1.6279942574250506        8.7021664488904218        8.7294956919037450        18.133984619288029        8.0416936053104369        5.8187984606455929        9.2738251978511901     
   6.2923918034695676        7.6229139428069530        4.5290290378275166        5.8501590033159543        16.699827177770139        4.8875909086972609        11.117172648637187        7.1809133569273413        2.5978613715972179        7.3922659917497420     
   6.4767336103040796        2.2063022042197824        5.7075601145360038        10.942497611772156        2.2507986702267253        7.3180570196119055        24.767403275218221        4.9719796891866546        17.804315583104291        9.5537073553547156     
   6.4139667128145161        2.6231730843344603        8.0634138543993306        9.9047267034195059        9.1255479953450997        6.0166921102816806        1.5674189086038046        5.4825123388459760        11.993973035880169        10.661268637295935     
   10.171902103488963        3.6363359022209263        11.777463842158502        9.6980247334445409        6.2072450577250775        6.2954405415866619        5.3704766657860556        5.0937215242253657        7.4465527900398305        6.6586608966055261     
   13.459009018763336        15.202115898625744        10.204168688131588        14.384877758036479        7.3056284670130998        6.2729088093984036        8.1500756143536179        7.4483085277650529        9.1046787049710396        8.7531303359927897     
   9.7891504886312557        10.513734392433035        6.2496621658418565        12.479684515465681        4.8824576663619608        7.0859078754738141        4.7148344614373245        10.664038054220795        8.8884625643998749        10.070623272838420     
  -2.1830641450721391        14.455897886660223        5.7184338944001496        50.758074631743291        13.374670829689871        9.1856102509564153        8.3359740840224710        10.396819535857427        4.3842051273354210        3.0002120220057580     
   1.5007625084421909E-002
           1           1           1           1           1           1           1           1           1           1
   8.9451322596822442E-003   4.0575305809250253E-003  -7.0694941800033005E-005   6.5802664117980640        3.4399895292123637E-004   1.6066189863675274E-006
   9.3194507166930783E-005   6.9021170640013786E-005   2.5115723013916348E-005  0.58154679276155841        2.5064288405824273E-005   7.5706264936358641E-008
   2.9100468703465374E-002   12.862911715770617     
