     
 Collinear #           3
 
 part:           1
 comp:           0
  0.99999999856902089        276.25009971659904        276.25010011190716     
  0.99999999986341448        276.25010007417541        276.25010011190716     
  0.99999999998640321        276.25010010815106        276.25010011190716     
  0.99999999999864109        276.25010011153176        276.25010011190716     
  0.99999999999986422        276.25010011186964        276.25010011190716     
  0.99999999999998668        276.25010011190346        276.25010011190716     
  0.99999999999999878        276.25010011190682        276.25010011190716     
  0.99999999999999978        276.25010011190710        276.25010011190716     
   1.0000000000000000        276.25010011190716        276.25010011190716     
   1.0000000000000000        276.25010011190716        276.25010011190716     
 comp:           1
   0.0000000000000000        0.0000000000000000     
   0.0000000000000000        0.0000000000000000     
   0.0000000000000000        0.0000000000000000     
   0.0000000000000000        0.0000000000000000     
   0.0000000000000000        0.0000000000000000     
   0.0000000000000000        0.0000000000000000     
   0.0000000000000000        0.0000000000000000     
   0.0000000000000000        0.0000000000000000     
   0.0000000000000000        0.0000000000000000     
   0.0000000000000000        0.0000000000000000     
 comp:           2
   0.0000000000000000        0.0000000000000000     
   0.0000000000000000        0.0000000000000000     
   0.0000000000000000        0.0000000000000000     
   0.0000000000000000        0.0000000000000000     
   0.0000000000000000        0.0000000000000000     
   0.0000000000000000        0.0000000000000000     
   0.0000000000000000        0.0000000000000000     
   0.0000000000000000        0.0000000000000000     
   0.0000000000000000        0.0000000000000000     
   0.0000000000000000        0.0000000000000000     
 comp:           3
  0.99999999856902089        276.25009971659904        276.25010011190716     
  0.99999999986341448        276.25010007417541        276.25010011190716     
  0.99999999998640321        276.25010010815106        276.25010011190716     
  0.99999999999864109        276.25010011153176        276.25010011190716     
  0.99999999999986422        276.25010011186964        276.25010011190716     
  0.99999999999998668        276.25010011190346        276.25010011190716     
  0.99999999999999878        276.25010011190682        276.25010011190716     
  0.99999999999999978        276.25010011190710        276.25010011190716     
   1.0000000000000000        276.25010011190716        276.25010011190716     
   1.0000000000000000        276.25010011190716        276.25010011190716     
 
 part:           2
 comp:           0
   1.0000000189981584        276.25000524824117        276.24999999999994     
   1.0000000018203994        276.25000050288526        276.24999999999994     
   1.0000000001812821        276.25000005007911        276.24999999999994     
   1.0000000000181211        276.25000000500586        276.24999999999994     
   1.0000000000018121        276.25000000050056        276.24999999999994     
   1.0000000000001814        276.25000000005008        276.24999999999994     
   1.0000000000000182        276.25000000000500        276.24999999999994     
   1.0000000000000018        276.25000000000045        276.24999999999994     
   1.0000000000000004        276.25000000000006        276.24999999999994     
   1.0000000000000000        276.24999999999994        276.24999999999994     
 comp:           1
   0.0000000000000000        0.0000000000000000     
   0.0000000000000000        0.0000000000000000     
   0.0000000000000000        0.0000000000000000     
   0.0000000000000000        0.0000000000000000     
   0.0000000000000000        0.0000000000000000     
   0.0000000000000000        0.0000000000000000     
   0.0000000000000000        0.0000000000000000     
   0.0000000000000000        0.0000000000000000     
   0.0000000000000000        0.0000000000000000     
   0.0000000000000000        0.0000000000000000     
 comp:           2
   0.0000000000000000        0.0000000000000000     
   0.0000000000000000        0.0000000000000000     
   0.0000000000000000        0.0000000000000000     
   0.0000000000000000        0.0000000000000000     
   0.0000000000000000        0.0000000000000000     
   0.0000000000000000        0.0000000000000000     
   0.0000000000000000        0.0000000000000000     
   0.0000000000000000        0.0000000000000000     
   0.0000000000000000        0.0000000000000000     
   0.0000000000000000        0.0000000000000000     
 comp:           3
   1.0000000189981584       -276.25000524824117       -276.24999999999994     
   1.0000000018203994       -276.25000050288526       -276.24999999999994     
   1.0000000001812821       -276.25000005007911       -276.24999999999994     
   1.0000000000181211       -276.25000000500586       -276.24999999999994     
   1.0000000000018121       -276.25000000050056       -276.24999999999994     
   1.0000000000001814       -276.25000000005008       -276.24999999999994     
   1.0000000000000182       -276.25000000000500       -276.24999999999994     
   1.0000000000000018       -276.25000000000045       -276.24999999999994     
   1.0000000000000004       -276.25000000000006       -276.24999999999994     
   1.0000000000000000       -276.24999999999994       -276.24999999999994     
 
 part:           3
 comp:           0
  0.99999997484110403        143.78247530683586        143.78247892424429     
  0.99999999219817071        143.78247780247793        143.78247892424429     
  0.99999999753756941        143.78247857018991        143.78247892424429     
  0.99999999922145999        143.78247881230388        143.78247892424429     
  0.99999999975380871        143.78247888884630        143.78247892424429     
  0.99999999992214761        143.78247891305048        143.78247892424429     
  0.99999999997538103        143.78247892070451        143.78247892424429     
  0.99999999999221467        143.78247892312490        143.78247892424429     
  0.99999999999753775        143.78247892389027        143.78247892424429     
  0.99999999999922162        143.78247892413236        143.78247892424429     
 comp:           1
   1.0000001071209617        21.169445228104493        21.169442960413406     
   1.0000000332184444        21.169443663629369        21.169442960413406     
   1.0000000104844788        21.169443182363985        21.169442960413406     
   1.0000000033148491        21.169443030586915        21.169442960413406     
   1.0000000010482273        21.169442982603794        21.169442960413406     
   1.0000000003314780        21.169442967430609        21.169442960413406     
   1.0000000001048226        21.169442962632441        21.169442960413406     
   1.0000000000331479        21.169442961115127        21.169442960413406     
   1.0000000000104823        21.169442960635312        21.169442960413406     
   1.0000000000033149        21.169442960483579        21.169442960413406     
 comp:           2
  0.99999975950934850        48.604115300169987        48.604126989008151     
  0.99999992542332317        48.604123364273882        48.604126989008151     
  0.99999997646194427        48.604125844961501        48.604126989008151     
  0.99999999255803684        48.604126627298029        48.604126989008151     
  0.99999999764668956        48.604126874627553        48.604126989008151     
  0.99999999925581939        48.604126952837902        48.604126989008151     
  0.99999999976466947        48.604126977570118        48.604126989008151     
  0.99999999992558197        48.604126985391126        48.604126989008151     
  0.99999999997646682        48.604126987864340        48.604126989008151     
  0.99999999999255818        48.604126988646449        48.604126989008151     
 comp:           3
   1.0000000000000000        47.306392485402213        47.306392485402213     
   1.0000000000000000        47.306392485402213        47.306392485402213     
   1.0000000000000000        47.306392485402213        47.306392485402213     
   1.0000000000000000        47.306392485402213        47.306392485402213     
   1.0000000000000000        47.306392485402213        47.306392485402213     
   1.0000000000000000        47.306392485402213        47.306392485402213     
   1.0000000000000000        47.306392485402213        47.306392485402213     
   1.0000000000000000        47.306392485402213        47.306392485402213     
   1.0000000000000000        47.306392485402213        47.306392485402213     
   1.0000000000000000        47.306392485402213        47.306392485402213     
 
 part:           4
 comp:           0
   1.0484750638675795        1.0496483829333178E-004   1.0011190719800337E-004
   1.0046463328338890        1.0057706043948070E-004   1.0011190719800337E-004
   1.0004627122779273        1.0015823020663060E-004   1.0011190719800337E-004
   1.0000462521043776        1.0011653758438453E-004   1.0011190719800337E-004
   1.0000046250192907        1.0011237021750538E-004   1.0011190719800337E-004
   1.0000004625000174        1.0011195349976220E-004   1.0011190719800337E-004
   1.0000000462499830        1.0011191182817737E-004   1.0011190719800337E-004
   1.0000000046249984        1.0011190766102077E-004   1.0011190719800337E-004
   1.0000000004624996        1.0011190724430509E-004   1.0011190719800337E-004
   1.0000000000462497        1.0011190720263351E-004   1.0011190719800337E-004
 comp:           1
  -8.7138526950929311E-006  -0.0000000000000000     
  -2.7021847485835374E-006  -0.0000000000000000     
  -8.5286953181183167E-007  -0.0000000000000000     
  -2.6964943987773309E-007  -0.0000000000000000     
  -8.5269009157757862E-008  -0.0000000000000000     
  -2.6964376707476103E-008  -0.0000000000000000     
  -8.5268829752306423E-009  -0.0000000000000000     
  -2.6964371094620253E-009  -0.0000000000000000     
  -8.5268826794733283E-010  -0.0000000000000000     
  -2.6964372093774528E-010  -0.0000000000000000     
 comp:           2
   4.4915647716003065E-005   0.0000000000000000     
   1.3928440435914451E-005   0.0000000000000000     
   4.3961252019034923E-006   0.0000000000000000     
   1.3899109466454714E-006   0.0000000000000000     
   4.3952002752803557E-007   0.0000000000000000     
   1.3898817061213579E-007   0.0000000000000000     
   4.3951910278070084E-008   0.0000000000000000     
   1.3898814168060975E-008   0.0000000000000000     
   4.3951908753585818E-009   0.0000000000000000     
   1.3898814683076126E-009   0.0000000000000000     
 comp:           3
  0.94362759154246845        9.4468357873975033E-005   1.0011190719800337E-004
  0.99459987310858089        9.9571290195792173E-005   1.0011190719800337E-004
  0.99946224992783683        1.0005807201268325E-004   1.0011190719800337E-004
  0.99994624751540462        1.0010652593425389E-004   1.0011190719800337E-004
  0.99999462497666447        1.0011136909416602E-004   1.0011190719800337E-004
  0.99999946249991734        1.0011185338784497E-004   1.0011190719800337E-004
  0.99999994625001465        1.0011190181698982E-004   1.0011190719800337E-004
  0.99999999462500189        1.0011190665990205E-004   1.0011190719800337E-004
  0.99999999946249996        1.0011190714419321E-004   1.0011190719800337E-004
  0.99999999994624955        1.0011190719262231E-004   1.0011190719800337E-004
 
 part:           5
 comp:           0
   1.0000000679721925        213.85089675583097        213.85088221991765     
   1.0000000210783246        213.85088672753596        213.85088221991765     
   1.0000000066527877        213.85088364262214        213.85088221991765     
   1.0000000021033937        213.85088266973025        213.85088221991765     
   1.0000000006651388        213.85088236215816        213.85088221991765     
   1.0000000002103349        213.85088226489796        213.85088221991765     
   1.0000000000665137        213.85088223414166        213.85088221991765     
   1.0000000000210334        213.85088222441567        213.85088221991765     
   1.0000000000066511        213.85088222134002        213.85088221991765     
   1.0000000000021034        213.85088222036745        213.85088221991765     
 comp:           1
   1.0000000232942912        144.79031128485309        144.79030791206549     
   1.0000000072236106        144.79030895797428        144.79030791206549     
   1.0000000022799320        144.79030824217753        144.79030791206549     
   1.0000000007208398        144.79030801643611        144.79030791206549     
   1.0000000002279452        144.79030794506974        144.79030791206549     
   1.0000000000720826        144.79030792250234        144.79030791206549     
   1.0000000000227944        144.79030791536590        144.79030791206549     
   1.0000000000072082        144.79030791310916        144.79030791206549     
   1.0000000000022793        144.79030791239552        144.79030791206549     
   1.0000000000007208        144.79030791216985        144.79030791206549     
 comp:           2
   1.0000001153515081       -150.71386912478607       -150.71385173971598     
   1.0000000357707537       -150.71385713086406       -150.71385173971598     
   1.0000000112900447       -150.71385344128208       -150.71385173971598     
   1.0000000035695424       -150.71385227769548       -150.71385173971598     
   1.0000000011287669       -150.71385190983679       -150.71385173971598     
   1.0000000003569467       -150.71385179351279       -150.71385173971598     
   1.0000000001128764       -150.71385175672802       -150.71385173971598     
   1.0000000000356948       -150.71385174509567       -150.71385173971598     
   1.0000000000112874       -150.71385174141716       -150.71385173971598     
   1.0000000000035694       -150.71385174025394       -150.71385173971598     
 comp:           3
   1.0000000000000000       -45.313369492295209       -45.313369492295209     
   1.0000000000000000       -45.313369492295209       -45.313369492295209     
   1.0000000000000000       -45.313369492295209       -45.313369492295209     
   1.0000000000000000       -45.313369492295209       -45.313369492295209     
   1.0000000000000000       -45.313369492295209       -45.313369492295209     
   1.0000000000000000       -45.313369492295209       -45.313369492295209     
   1.0000000000000000       -45.313369492295209       -45.313369492295209     
   1.0000000000000000       -45.313369492295209       -45.313369492295209     
   1.0000000000000000       -45.313369492295209       -45.313369492295209     
   1.0000000000000000       -45.313369492295209       -45.313369492295209     
 
 part:           6
 comp:           0
  0.99999994396935765        194.86662793733512        194.86663885583806     
  0.99999998262477485        194.86663546998633        194.86663885583806     
  0.99999999451599308        194.86663778718807        194.86663885583806     
  0.99999999826613639        194.86663851796590        194.86663885583806     
  0.99999999945171469        194.86663874899554        194.86663885583806     
  0.99999999982661725        194.86663882205156        194.86663885583806     
  0.99999999994517152        194.86663884515383        194.86663885583806     
  0.99999999998266165        194.86663885245940        194.86663885583806     
  0.99999999999451694        194.86663885476960        194.86663885583806     
  0.99999999999826616        194.86663885550018        194.86663885583806     
 comp:           1
  0.99999998148120850       -165.95974779910486       -165.95975087247888     
  0.99999999425728225       -165.95974991941887       -165.95975087247888     
  0.99999999818747076       -165.95975057167198       -165.95975087247888     
  0.99999999942693762       -165.95975077737359       -165.95975087247888     
  0.99999999981878518       -165.95975084240450       -165.95975087247888     
  0.99999999994269495       -165.95975086296855       -165.95975087247888     
  0.99999999998187850       -165.95975086947143       -165.95975087247888     
  0.99999999999426958       -165.95975087152786       -165.95975087247888     
  0.99999999999818778       -165.95975087217812       -165.95975087247888     
  0.99999999999942701       -165.95975087238378       -165.95975087247888     
 comp:           2
  0.99999984485572269        102.10970890896837        102.10972475070783     
  0.99999995188942004        102.10971983814974        102.10972475070783     
  0.99999998481523233        102.10972320019538        102.10972475070783     
  0.99999999519907323        102.10972426048652        102.10972475070783     
  0.99999999848184273        102.10972459568920        102.10972475070783     
  0.99999999951991747        102.10972470168673        102.10972475070783     
  0.99999999984818466        102.10972473520600        102.10972475070783     
  0.99999999995199174        102.10972474580572        102.10972475070783     
  0.99999999998481837        102.10972474915764        102.10972475070783     
  0.99999999999519906        102.10972475021761        102.10972475070783     
 comp:           3
   1.0000000000000000       -1.9930229931069903       -1.9930229931069903     
   1.0000000000000000       -1.9930229931069903       -1.9930229931069903     
   1.0000000000000000       -1.9930229931069903       -1.9930229931069903     
   1.0000000000000000       -1.9930229931069903       -1.9930229931069903     
   1.0000000000000000       -1.9930229931069903       -1.9930229931069903     
   1.0000000000000000       -1.9930229931069903       -1.9930229931069903     
   1.0000000000000000       -1.9930229931069903       -1.9930229931069903     
   1.0000000000000000       -1.9930229931069903       -1.9930229931069903     
   1.0000000000000000       -1.9930229931069903       -1.9930229931069903     
   1.0000000000000000       -1.9930229931069903       -1.9930229931069903     
 
 part: i_fks+j_fks
 comp:           0
   1.0000000161361799        276.25020468143731        276.25020022381437     
   1.0000000015472259        276.25020065123584        276.25020022381437     
   1.0000000001540883        276.25020026638128        276.25020022381437     
   1.0000000000154026        276.25020022806933        276.25020022381437     
   1.0000000000015401        276.25020022423985        276.25020022381437     
   1.0000000000001541        276.25020022385695        276.25020022381437     
   1.0000000000000155        276.25020022381864        276.25020022381437     
   1.0000000000000013        276.25020022381477        276.25020022381437     
   1.0000000000000002        276.25020022381443        276.25020022381437     
   1.0000000000000000        276.25020022381437        276.25020022381437     
 comp:           1
  -8.7138526950929311E-006   0.0000000000000000     
  -2.7021847485835374E-006   0.0000000000000000     
  -8.5286953181183167E-007   0.0000000000000000     
  -2.6964943987773309E-007   0.0000000000000000     
  -8.5269009157757862E-008   0.0000000000000000     
  -2.6964376707476103E-008   0.0000000000000000     
  -8.5268829752306423E-009   0.0000000000000000     
  -2.6964371094620253E-009   0.0000000000000000     
  -8.5268826794733283E-010   0.0000000000000000     
  -2.6964372093774528E-010   0.0000000000000000     
 comp:           2
   4.4915647716003065E-005   0.0000000000000000     
   1.3928440435914451E-005   0.0000000000000000     
   4.3961252019034923E-006   0.0000000000000000     
   1.3899109466454714E-006   0.0000000000000000     
   4.3952002752803557E-007   0.0000000000000000     
   1.3898817061213579E-007   0.0000000000000000     
   4.3951910278070084E-008   0.0000000000000000     
   1.3898814168060975E-008   0.0000000000000000     
   4.3951908753585818E-009   0.0000000000000000     
   1.3898814683076126E-009   0.0000000000000000     
 comp:           3
  0.99999997813989838        276.25019418495691        276.25020022381437     
  0.99999999790643135        276.25019964546561        276.25020022381437     
  0.99999999979152487        276.25020016622307        276.25020022381437     
  0.99999999997916122        276.25020021805767        276.25020022381437     
  0.99999999999791622        276.25020022323872        276.25020022381437     
  0.99999999999979172        276.25020022375685        276.25020022381437     
  0.99999999999997924        276.25020022380863        276.25020022381437     
  0.99999999999999778        276.25020022381375        276.25020022381437     
  0.99999999999999978        276.25020022381432        276.25020022381437     
   1.0000000000000000        276.25020022381437        276.25020022381437     
     
 Collinear #          59
 
 part:           1
 comp:           0
  0.99999999940437512        276.25004150557248        276.25004167011389     
  0.99999999994314814        276.25004165440856        276.25004167011389     
  0.99999999999434053        276.25004166855047        276.25004167011389     
  0.99999999999943434        276.25004166995762        276.25004167011389     
  0.99999999999994338        276.25004167009826        276.25004167011389     
  0.99999999999999445        276.25004167011235        276.25004167011389     
  0.99999999999999933        276.25004167011372        276.25004167011389     
  0.99999999999999978        276.25004167011383        276.25004167011389     
  0.99999999999999978        276.25004167011383        276.25004167011389     
   1.0000000000000000        276.25004167011389        276.25004167011389     
 comp:           1
   0.0000000000000000        0.0000000000000000     
   0.0000000000000000        0.0000000000000000     
   0.0000000000000000        0.0000000000000000     
   0.0000000000000000        0.0000000000000000     
   0.0000000000000000        0.0000000000000000     
   0.0000000000000000        0.0000000000000000     
   0.0000000000000000        0.0000000000000000     
   0.0000000000000000        0.0000000000000000     
   0.0000000000000000        0.0000000000000000     
   0.0000000000000000        0.0000000000000000     
 comp:           2
   0.0000000000000000        0.0000000000000000     
   0.0000000000000000        0.0000000000000000     
   0.0000000000000000        0.0000000000000000     
   0.0000000000000000        0.0000000000000000     
   0.0000000000000000        0.0000000000000000     
   0.0000000000000000        0.0000000000000000     
   0.0000000000000000        0.0000000000000000     
   0.0000000000000000        0.0000000000000000     
   0.0000000000000000        0.0000000000000000     
   0.0000000000000000        0.0000000000000000     
 comp:           3
  0.99999999940437512        276.25004150557248        276.25004167011389     
  0.99999999994314814        276.25004165440856        276.25004167011389     
  0.99999999999434053        276.25004166855047        276.25004167011389     
  0.99999999999943434        276.25004166995762        276.25004167011389     
  0.99999999999994338        276.25004167009826        276.25004167011389     
  0.99999999999999445        276.25004167011235        276.25004167011389     
  0.99999999999999933        276.25004167011372        276.25004167011389     
  0.99999999999999978        276.25004167011383        276.25004167011389     
  0.99999999999999978        276.25004167011383        276.25004167011389     
   1.0000000000000000        276.25004167011389        276.25004167011389     
 
 part:           2
 comp:           0
   1.0000000079077056        276.25000218450367        276.25000000000000     
   1.0000000007577146        276.25000020931867        276.25000000000000     
   1.0000000000754559        276.25000002084471        276.25000000000000     
   1.0000000000075424        276.25000000208360        276.25000000000000     
   1.0000000000007541        276.25000000020833        276.25000000000000     
   1.0000000000000755        276.25000000002086        276.25000000000000     
   1.0000000000000075        276.25000000000210        276.25000000000000     
   1.0000000000000007        276.25000000000017        276.25000000000000     
   1.0000000000000000        276.25000000000000        276.25000000000000     
   1.0000000000000000        276.25000000000000        276.25000000000000     
 comp:           1
   0.0000000000000000        0.0000000000000000     
   0.0000000000000000        0.0000000000000000     
   0.0000000000000000        0.0000000000000000     
   0.0000000000000000        0.0000000000000000     
   0.0000000000000000        0.0000000000000000     
   0.0000000000000000        0.0000000000000000     
   0.0000000000000000        0.0000000000000000     
   0.0000000000000000        0.0000000000000000     
   0.0000000000000000        0.0000000000000000     
   0.0000000000000000        0.0000000000000000     
 comp:           2
   0.0000000000000000        0.0000000000000000     
   0.0000000000000000        0.0000000000000000     
   0.0000000000000000        0.0000000000000000     
   0.0000000000000000        0.0000000000000000     
   0.0000000000000000        0.0000000000000000     
   0.0000000000000000        0.0000000000000000     
   0.0000000000000000        0.0000000000000000     
   0.0000000000000000        0.0000000000000000     
   0.0000000000000000        0.0000000000000000     
   0.0000000000000000        0.0000000000000000     
 comp:           3
   1.0000000079077056       -276.25000218450367       -276.25000000000000     
   1.0000000007577146       -276.25000020931867       -276.25000000000000     
   1.0000000000754559       -276.25000002084471       -276.25000000000000     
   1.0000000000075424       -276.25000000208360       -276.25000000000000     
   1.0000000000007541       -276.25000000020833       -276.25000000000000     
   1.0000000000000755       -276.25000000002086       -276.25000000000000     
   1.0000000000000075       -276.25000000000210       -276.25000000000000     
   1.0000000000000007       -276.25000000000017       -276.25000000000000     
   1.0000000000000000       -276.25000000000000       -276.25000000000000     
   1.0000000000000000       -276.25000000000000       -276.25000000000000     
 
 part:           3
 comp:           0
   1.0000000121241419        284.31426754502036        284.31426409795387     
   1.0000000037597228        284.31426516689669        284.31426409795387     
   1.0000000011866521        284.31426443533599        284.31426409795387     
   1.0000000003751806        284.31426420462304        284.31426409795387     
   1.0000000001186404        284.31426413168504        284.31426409795387     
   1.0000000000375171        284.31426410862053        284.31426409795387     
   1.0000000000118638        284.31426410132696        284.31426409795387     
   1.0000000000037517        284.31426409902053        284.31426409795387     
   1.0000000000011864        284.31426409829118        284.31426409795387     
   1.0000000000003753        284.31426409806056        284.31426409795387     
 comp:           1
  0.99999973588690283       -29.335004919191380       -29.335012666952430     
  0.99999991809795197       -29.335010264354814       -29.335012666952430     
  0.99999997414989428       -29.335011908639252       -29.335012666952430     
  0.99999999182704247       -29.335012427198617       -29.335012666952430     
  0.99999999741553269       -29.335012591137048       -29.335012666952430     
  0.99999999918272142       -29.335012642977553       -29.335012666952430     
  0.99999999974155396       -29.335012659370911       -29.335012666952430     
  0.99999999991827215       -29.335012664554942       -29.335012666952430     
  0.99999999997415534       -29.335012666194277       -29.335012666952430     
  0.99999999999182720       -29.335012666712682       -29.335012666952430     
 comp:           2
   1.0000000298278968        201.18789079617176        201.18788479516027     
   1.0000000092496959        201.18788665608702        201.18788479516027     
   1.0000000029194096        201.18788538251010        201.18788479516027     
   1.0000000009230219        201.18788498086107        201.18788479516027     
   1.0000000002918796        201.18788485388291        201.18788479516027     
   1.0000000000923002        201.18788481372997        201.18788479516027     
   1.0000000000291878        201.18788480103251        201.18788479516027     
   1.0000000000092300        201.18788479701723        201.18788479516027     
   1.0000000000029188        201.18788479574749        201.18788479516027     
   1.0000000000009230        201.18788479534598        201.18788479516027     
 comp:           3
   1.0000000000000000       -154.50725812414163       -154.50725812414163     
   1.0000000000000000       -154.50725812414163       -154.50725812414163     
   1.0000000000000000       -154.50725812414163       -154.50725812414163     
   1.0000000000000000       -154.50725812414163       -154.50725812414163     
   1.0000000000000000       -154.50725812414163       -154.50725812414163     
   1.0000000000000000       -154.50725812414163       -154.50725812414163     
   1.0000000000000000       -154.50725812414163       -154.50725812414163     
   1.0000000000000000       -154.50725812414163       -154.50725812414163     
   1.0000000000000000       -154.50725812414163       -154.50725812414163     
   1.0000000000000000       -154.50725812414163       -154.50725812414163     
 
 part:           4
 comp:           0
   1.0484750752086818        4.3690075775902178E-005   4.1670113872002525E-005
   1.0046463339709384        4.1863727137658884E-005   4.1670113872002525E-005
   1.0004627123916372        4.1689395150052030E-005   4.1670113872002525E-005
   1.0000462521157483        4.1672041202932576E-005   4.1670113872002525E-005
   1.0000046250204278        4.1670306597130407E-005   4.1670113872002525E-005
   1.0000004625001311        4.1670133144435655E-005   4.1670113872002525E-005
   1.0000000462499941        4.1670115799245043E-005   4.1670113872002525E-005
   1.0000000046249993        4.1670114064726772E-005   4.1670113872002525E-005
   1.0000000004624994        4.1670113891274930E-005   4.1670113872002525E-005
   1.0000000000462497        4.1670113873929755E-005   4.1670113872002525E-005
 comp:           1
  -1.5056008409881652E-005  -0.0000000000000000     
  -4.6689011063100554E-006  -0.0000000000000000     
  -1.4736089027457702E-006  -0.0000000000000000     
  -4.6590691825700151E-007  -0.0000000000000000     
  -1.4732988615777399E-007  -0.0000000000000000     
  -4.6589711665109692E-008  -0.0000000000000000     
  -1.4732957617670447E-008  -0.0000000000000000     
  -4.6589701967081886E-009  -0.0000000000000000     
  -1.4732957106653779E-009  -0.0000000000000000     
  -4.6589703693445186E-010  -0.0000000000000000     
 comp:           2
  -1.1661598576042731E-005  -0.0000000000000000     
  -3.6162871998194945E-006  -0.0000000000000000     
  -1.1413805714019954E-006  -0.0000000000000000     
  -3.6086719046652118E-007  -0.0000000000000000     
  -1.1411404296894521E-007  -0.0000000000000000     
  -3.6085959865398044E-008  -0.0000000000000000     
  -1.1411380287378183E-008  -0.0000000000000000     
  -3.6085952353811691E-009  -0.0000000000000000     
  -1.1411379891571331E-009  -0.0000000000000000     
  -3.6085953690962640E-010  -0.0000000000000000     
 comp:           3
  0.94362758186547768        3.9321068789096840E-005   4.1670113872002525E-005
  0.99459987213093837        4.1445089928775351E-005   4.1670113872002525E-005
  0.99946224983000076        4.1647705761183967E-005   4.1670113872002525E-005
  0.99994624750562000        4.1667873999440806E-005   4.1670113872002525E-005
  0.99999462497568603        4.1669889894127297E-005   4.1670113872002525E-005
  0.99999946249981952        4.1670091474308799E-005   4.1670113872002525E-005
  0.99999994625000455        4.1670111632234095E-005   4.1670113872002525E-005
  0.99999999462500078        4.1670113648025695E-005   4.1670113872002525E-005
  0.99999999946249973        4.1670113849604826E-005   4.1670113872002525E-005
  0.99999999994624977        4.1670113869762746E-005   4.1670113872002525E-005
 
 part:           5
 comp:           0
  0.99999999856096478        90.329454696094203        90.329454826081474     
  0.99999999955375174        90.329454785772114        90.329454826081474     
  0.99999999985915422        90.329454813358950        90.329454826081474     
  0.99999999995546907        90.329454822059020        90.329454826081474     
  0.99999999998591849        90.329454824809503        90.329454826081474     
  0.99999999999554701        90.329454825679235        90.329454826081474     
  0.99999999999859179        90.329454825954272        90.329454826081474     
  0.99999999999955480        90.329454826041257        90.329454826081474     
  0.99999999999985922        90.329454826068755        90.329454826081474     
  0.99999999999995548        90.329454826077452        90.329454826081474     
 comp:           1
   1.0000000882429725        27.895032035556156        27.895029574015830     
   1.0000000273643386        27.895030337344863        27.895029574015830     
   1.0000000086367933        27.895029814939431        27.895029574015830     
   1.0000000027306715        27.895029650187990        27.895029574015830     
   1.0000000008634975        27.895029598103118        27.895029574015830     
   1.0000000002730614        27.895029581632887        27.895029574015830     
   1.0000000000863496        27.895029576424555        27.895029574015830     
   1.0000000000273062        27.895029574777535        27.895029574015830     
   1.0000000000086351        27.895029574256704        27.895029574015830     
   1.0000000000027307        27.895029574092000        27.895029574015830     
 comp:           2
  0.99999995479154768       -42.173100930425505       -42.173102837006212     
  0.99999998598076012       -42.173102245771368       -42.173102837006212     
  0.99999999557521657       -42.173102650399365       -42.173102837006212     
  0.99999999860102828       -42.173102778007234       -42.173102837006212     
  0.99999999955761476       -42.173102818349456       -42.173102837006212     
  0.99999999986010579       -42.173102831106441       -42.173102837006212     
  0.99999999995576161       -42.173102835140540       -42.173102837006212     
  0.99999999998601052       -42.173102836416234       -42.173102837006212     
  0.99999999999557621       -42.173102836819645       -42.173102837006212     
  0.99999999999860112       -42.173102836947216       -42.173102837006212     
 comp:           3
   1.0000000000000000        74.851233332131372        74.851233332131372     
   1.0000000000000000        74.851233332131372        74.851233332131372     
   1.0000000000000000        74.851233332131372        74.851233332131372     
   1.0000000000000000        74.851233332131372        74.851233332131372     
   1.0000000000000000        74.851233332131372        74.851233332131372     
   1.0000000000000000        74.851233332131372        74.851233332131372     
   1.0000000000000000        74.851233332131372        74.851233332131372     
   1.0000000000000000        74.851233332131372        74.851233332131372     
   1.0000000000000000        74.851233332131372        74.851233332131372     
   1.0000000000000000        74.851233332131372        74.851233332131372     
 
 part:           6
 comp:           0
  0.99999998134966683        177.85627775888577        177.85628107596466     
  0.99999999421649077        177.85628004733121        177.85628107596466     
  0.99999999817459595        177.85628075130509        177.85628107596466     
  0.99999999942286699        177.85628097331792        177.85628107596466     
  0.99999999981749821        177.85628104350556        177.85628107596466     
  0.99999999994228794        177.85628106570022        177.85628107596466     
  0.99999999998174982        177.85628107271876        177.85628107596466     
  0.99999999999422873        177.85628107493821        177.85628107596466     
  0.99999999999817490        177.85628107564006        177.85628107596466     
  0.99999999999942291        177.85628107586203        177.85628107596466     
 comp:           1
   1.0000033658082907        1.4399879396436333        1.4399830929366004     
   1.0000010437445164        1.4399845959110573        1.4399830929366004     
   1.0000003294289548        1.4399835673087258        1.4399830929366004     
   1.0000001041546567        1.4399832429175450        1.4399830929366004     
   1.0000000329359526        1.4399831403638155        1.4399830929366004     
   1.0000000104152467        1.4399831079343794        1.4399830929366004     
   1.0000000032935894        1.4399830976793135        1.4399830929366004     
   1.0000000010415244        1.4399830944363781        1.4399830929366004     
   1.0000000003293590        1.4399830934108717        1.4399830929366004     
   1.0000000001041525        1.4399830930865782        1.4399830929366004     
 comp:           2
  0.99999997639209159       -159.01477820414766       -159.01478195815406     
  0.99999999267913597       -159.01478079402847       -159.01478195815406     
  0.99999999768937275       -159.01478159073017       -159.01478195815406     
  0.99999999926945515       -159.01478184198663       -159.01478195815406     
  0.99999999976898601       -159.01478192141943       -159.01478195815406     
  0.99999999992694710       -159.01478194653757       -159.01478195815406     
  0.99999999997689870       -159.01478195448061       -159.01478195815406     
  0.99999999999269473       -159.01478195699241       -159.01478195815406     
  0.99999999999768985       -159.01478195778671       -159.01478195815406     
  0.99999999999926947       -159.01478195803790       -159.01478195815406     
 comp:           3
   1.0000000000000000        79.656024792010271        79.656024792010271     
   1.0000000000000000        79.656024792010271        79.656024792010271     
   1.0000000000000000        79.656024792010271        79.656024792010271     
   1.0000000000000000        79.656024792010271        79.656024792010271     
   1.0000000000000000        79.656024792010271        79.656024792010271     
   1.0000000000000000        79.656024792010271        79.656024792010271     
   1.0000000000000000        79.656024792010271        79.656024792010271     
   1.0000000000000000        79.656024792010271        79.656024792010271     
   1.0000000000000000        79.656024792010271        79.656024792010271     
   1.0000000000000000        79.656024792010271        79.656024792010271     
 
 part: i_fks+j_fks
 comp:           0
   1.0000000067164521        276.25008519564824        276.25008334022777     
   1.0000000006440104        276.25008351813568        276.25008334022777     
   1.0000000000641371        276.25008335794564        276.25008334022777     
   1.0000000000064111        276.25008334199885        276.25008334022777     
   1.0000000000006410        276.25008334040484        276.25008334022777     
   1.0000000000000642        276.25008334024551        276.25008334022777     
   1.0000000000000064        276.25008334022954        276.25008334022777     
   1.0000000000000004        276.25008334022789        276.25008334022777     
  0.99999999999999978        276.25008334022772        276.25008334022777     
   1.0000000000000000        276.25008334022777        276.25008334022777     
 comp:           1
  -1.5056008409881652E-005   0.0000000000000000     
  -4.6689011063100554E-006   0.0000000000000000     
  -1.4736089027457702E-006   0.0000000000000000     
  -4.6590691825700151E-007   0.0000000000000000     
  -1.4732988615777399E-007   0.0000000000000000     
  -4.6589711665109692E-008   0.0000000000000000     
  -1.4732957617670447E-008   0.0000000000000000     
  -4.6589701967081886E-009   0.0000000000000000     
  -1.4732957106653779E-009   0.0000000000000000     
  -4.6589703693445186E-010   0.0000000000000000     
 comp:           2
  -1.1661598576042731E-005   0.0000000000000000     
  -3.6162871998194945E-006   0.0000000000000000     
  -1.1413805714019954E-006   0.0000000000000000     
  -3.6086719046652118E-007   0.0000000000000000     
  -1.1411404296894521E-007   0.0000000000000000     
  -3.6085959865398044E-008   0.0000000000000000     
  -1.1411380287378183E-008   0.0000000000000000     
  -3.6085952353811691E-009   0.0000000000000000     
  -1.1411379891571331E-009   0.0000000000000000     
  -3.6085953690962640E-010   0.0000000000000000     
 comp:           3
  0.99999999090104719        276.25008082664129        276.25008334022777     
  0.99999999912858206        276.25008309949851        276.25008334022777     
  0.99999999991322519        276.25008331625622        276.25008334022777     
  0.99999999999132605        276.25008333783160        276.25008334022777     
  0.99999999999913247        276.25008333998812        276.25008334022777     
  0.99999999999991340        276.25008334020384        276.25008334022777     
  0.99999999999999112        276.25008334022533        276.25008334022777     
  0.99999999999999900        276.25008334022749        276.25008334022777     
  0.99999999999999956        276.25008334022766        276.25008334022777     
   1.0000000000000000        276.25008334022777        276.25008334022777     
