   0.0000000000000000        0.0000000000000000        0.0000000000000000        0.0000000000000000        0.0000000000000000        0.0000000000000000        0.0000000000000000        0.0000000000000000        0.0000000000000000        0.0000000000000000     
   5.6814318356282451E-002   2.0961824584907668E-002   1.5618125898095627E-002   4.3500753557405084E-002   1.5886051405885403E-002  0.23075493732875096       0.10663107884900341        5.8400045385871048E-002   2.0936439555048297E-002   1.3823798785290373E-002
  0.68330008457747538       0.79768954822636373       0.72747621923162975       0.86502855932726253       0.75355073939201489       0.77573291095917873       0.69944824297432462       0.69459673118093024        1.2013697253203990       0.80286570779662136     
  0.10778247174540793        4.1596984202803521E-002   3.1562930928734662E-002   8.6227928630459000E-002   3.1926096920900940E-002  0.39203679901293159       0.16818436275252191       0.10666621733707898        4.2226129208190397E-002   2.7356768760806217E-002
  0.74682188811436201       0.78329680141490066       0.76066778185602058       0.78591248677939818       0.92268447950105414        1.8213311213937005       0.90818697810566207       0.77905292287079153        1.2516865833114976       0.75409176766188080     
  0.14406778813325199        6.0046963826946652E-002   4.7282152970430501E-002  0.12394333187913913        4.6849688474014717E-002  0.43749472214759055       0.19701128535042964       0.14078427504001087        5.7227385948881507E-002   4.1015101571546933E-002
  0.76652920817041792       0.79956554676914071       0.77565542429514078       0.73834837574360401       0.83106643876076147       0.96411487687629249       0.87116975341186553       0.67945677563792650        1.1856858526544487       0.71704524252289759     
  0.17702378573598218        7.7748365497191552E-002   6.3539251774288819E-002  0.16104580382128414        6.2384199023787834E-002  0.47267213001522057       0.21769730441932497       0.17189412595496834        7.1728557478120916E-002   5.5196560406505786E-002
  0.77003152044677936       0.69705024855151165       0.82354358112937986       0.83961746383583880       0.80899949220334133       0.86970992930842717       0.91648403627171249       0.86190982051260689        1.1158158160129554       0.94251436723676663     
  0.20378998224426034        9.3832587996059827E-002   8.0196919049510512E-002  0.19670962754610014        7.7391099635883795E-002  0.49751252718956235       0.23397789641541600       0.19316974456646072        8.4702044642100446E-002   7.0923227364922792E-002
  0.77650947552555016       0.74700420813761803       0.96274399814274791       0.74661383811624604       0.69625489961326748       0.95923195791524241       0.79196231961127239       0.98012882843791482        1.0032133640307026       0.93215858188944545     
  0.22887093064460651       0.11004061258651653        9.5657233195984029E-002  0.23239160287706997        9.2125240985344373E-002  0.51820878675177418       0.24749205082689113       0.21366556941462614        9.7259996313676225E-002   8.6592611811820958E-002
  0.72608437779626445       0.70263627687874852       0.73516786938679723       0.78903394528141324       0.86776178003305138       0.91569478736181686       0.82983311613018573       0.83292703694422487       0.97603947359153198       0.85321861474203975     
  0.25185071100899176       0.12654903207358784       0.11110695896372119       0.26655629604768616       0.10642992314722476       0.53641072382831922       0.25950624082638130       0.23058731411558583       0.11079864743484277       0.10242209616683057     
  0.77338451145151321       0.80426411663465969       0.80383170656918357       0.90387356488889159       0.84198375363828881       0.79309875034842781       0.81834366996679131       0.87236233131185892        1.0011705931139825       0.82203422846063812     
  0.27353270856846301       0.14333556439637996       0.12610525063849840       0.29727061257274501       0.12097405730851499       0.55284785501900846       0.27130731465351654       0.24643297852339849       0.12460277116548581       0.11854950712007918     
  0.81108931049719346       0.80549696688214567       0.84909266027421104       0.80226521415022656       0.89446038437964015       0.90612826548151304       0.83750531063756328       0.95803924256937401       0.85992931252171800       0.77946528887413069     
  0.29411072466617622       0.15976634528482675       0.14161517063449833       0.32602740431437965       0.13544282013524220       0.56828396242834511       0.28261968420075267       0.25999696143244594       0.13944605929002477       0.13558091469271144     
  0.84714818615125254       0.80631148962360111       0.84951850197628620       0.75048229375797726       0.72250850294949809       0.88825780485673700       0.87071883168106612       0.79091680920910135       0.83925322132468749       0.83045516829084209     
  0.31427456806279763       0.17577076474503889       0.15770451247302400       0.35473994439206447       0.15027754092807713       0.58213162196589929       0.29369075190721677       0.27335324941083600       0.15456958669239124       0.15267792393442278     
  0.73588092673215688       0.74628127260765853       0.88324223560973147       0.77884306493393407       0.86340646280946409       0.80599473780005593       0.84566012108973310       0.72278585314168819       0.98771872298256280       0.78116797427528040     
  0.33382192691207191       0.19140463905792010       0.17388951761652155       0.38352691441249898       0.16613533700800298       0.59521207046120672       0.30411822125381327       0.28618518183723235       0.16925619792869459       0.16972744217980182     
  0.79081532227643825       0.85061859565697828       0.84558864538115686       0.81653027395114264       0.90677195179935188       0.86832055982562684       0.79884365780484146       0.91879040738795237       0.98809983999739603       0.82369492606690653     
  0.35287243139139024       0.20544069914073515       0.19008550588236411       0.41125020015802105       0.18183857118905133       0.60733417196014539       0.31412099017459688       0.29896225121154152       0.18385813751655883       0.18720048329034369     
  0.82895922982153070       0.70739416185351178       0.86334480965645988       0.86811696972098262       0.70049900952317778       0.85810379429020067       0.81507950202545232       0.82387890279422782       0.76867960589805651       0.77140633589039054     
  0.37147458316950727       0.21863691538727364       0.20559671000915219       0.43826815466740987       0.19833527807607518       0.61909586821192997       0.32376659796341600       0.31153724432035806       0.19915603262452822       0.20547092860744956     
  0.75488419052533817        1.0643204202652137       0.84191069526774420       0.73867709330139131       0.92483898670959386       0.88875312010076113       0.97114798154203164       0.85303561483125412       0.94985867159725046       0.74362031935818296     
  0.38915290375268502       0.23303871681492275       0.22089928939127654       0.46313823789989750       0.21436508113288949       0.62937911073624664       0.33336100632920534       0.32403918410427773       0.21496073026272441       0.22380829666997440     
  0.87110515110118836       0.76897317560349865       0.86328242137373190       0.65260828656749781       0.78179097676122555       0.82131482385628141       0.95301334292333739       0.86433065517324159       0.92860940616304311       0.75285115092705535     
  0.40604671564364248       0.24896662215275447       0.23682207331274163       0.48784132460973056       0.22985522765324601       0.63892935958375152       0.34300876871901043       0.33648523720240914       0.23042748756824069       0.24283691331420179     
  0.87878769215137253       0.73728499379767620       0.89570739434157798       0.73371492990650544       0.83348655954941353       0.79885042522441663       0.94830687665864388       0.88870027037324650       0.78615390750277037       0.77574739580256824     
  0.42200500044237760       0.26596933072472045       0.25305463427370845       0.51248676166322971       0.24519068573707103       0.64806134101460211       0.35223059426140635       0.34897982015671425       0.24593823167610793       0.26158609963879975     
  0.88274309868696410       0.78613762221963557       0.82288691229931632       0.75763875950779780       0.85840925317521943       0.71723137879601462       0.88758654513004720       0.88521373034591877       0.90221352640685670       0.89600943856327897     
  0.43711145241682020       0.28345524044107906       0.26880809202951544       0.53656994475607644       0.26009521218147785       0.65702344911422916       0.36078448916295630       0.36084065027906120       0.26158348969754214       0.27702907488846434     
  0.82146561527374151       0.97795566894929109       0.92292748978082273       0.92423137761853991       0.94272990980142535       0.73924936444370482       0.89831804870201004       0.92005764636213039        1.0395223401198519       0.77385709831006855     
  0.45188867704189589       0.30020223400672741       0.28395818247753341       0.55910133964078823       0.27493233356344926       0.66553227610051124       0.36913936683720971       0.37216974179746748       0.27763947772906883       0.29266651629164342     
  0.97616260323566917       0.91218927126297022       0.84470326859789402       0.73879470958366744        1.0396804983604804       0.76745852075262078       0.88136142380924376       0.82579147548756848       0.96687291576873546       0.86271119724980228     
  0.46635046526105617       0.31646372888368629       0.29933412039551588       0.58197720476143588       0.29003455762200464       0.67376511465625211       0.37727506226695023       0.38398839042208477       0.29389830335873390       0.30825258548579604     
  0.86072991031150803       0.88105663503109788       0.72984518179846147       0.80609105228279732       0.76890568963587713       0.76496471696512158       0.99769868397911254       0.85135985393726343       0.78259247491900719       0.92017108329736186     
  0.48081382592675803       0.33198603999677756       0.31516822687651636       0.60278561488303251       0.30500222431372903       0.68154505114459907       0.38526210454728588       0.39574470586030247       0.31042240698937057       0.32411872834132988     
  0.83192683930879063       0.75563465485672299       0.73653096960657927       0.77612936913498398       0.78175335441363025       0.72655319182344325       0.90444675214990278       0.74558283786905866       0.86099779869781623       0.74965006523751831     
  0.49547998433443624       0.34718403320095181       0.33173698531587070       0.62383536733431022       0.31917165705042994       0.68914211653081670       0.39284151982704163       0.40879708358920758       0.32645590881641867       0.34040534205502410     
  0.78974300567323374       0.71272528445640215       0.96236111917045086       0.78140402926854102       0.87049302722676436       0.78820571563322650       0.86831035994200323       0.78883610866987608       0.96705911123153721       0.89988095762839704     
  0.50988575133136649       0.36249875709515006       0.34882579301482530       0.64385558303807600       0.33388924536916398       0.69592893360154628       0.40034144718474440       0.42194521999607915       0.34173402727518271       0.35636220499118232     
   1.0071423121853960       0.78201559010946964       0.75123453038871735       0.85749739386586576       0.91268781860114745       0.73375840827197036       0.80502394592380666       0.96738928414462699       0.75681771709073831       0.75117506612609464     
  0.52348228536414287       0.37785420063119718       0.36579314431462973       0.66360631827004768       0.34881348087836722       0.70226973391136860       0.40760983160230263       0.43530845489052272       0.35675651582638213       0.37142955052764248     
  0.72977287861420415       0.88248314922208804       0.92329548496738523       0.74613714520157504       0.86628131367129924       0.72815388842139284       0.67674043944686135       0.88343658346351495       0.87599336525282068       0.76782751178964936     
  0.53675191655468846       0.39355155386901181       0.38252070543565359       0.68103470997414139       0.36344888650914947       0.70908462663511107       0.41495870699849613       0.44857371635791404       0.37066607922367223       0.38616116755868346     
  0.73341417315799551       0.92046880552249577       0.86292223290631365       0.73647697876917284       0.76723729331765300       0.77897241175686716       0.85700257603728680       0.79967689860933833       0.86331773301801218       0.95775053596292048     
  0.54950221878566474       0.40959129656736704       0.39827261172225981       0.69817831075265169       0.37768303276879006       0.71588446371004799       0.42258602230010001       0.46240322855467214       0.38469714902090568       0.40025420644041021     
  0.73162720479755372       0.91787475148567854       0.93097589063743602       0.69022869113790652       0.76941135981141129       0.72192849576114360        1.0279392547322592       0.84387904808237413       0.73064402147515206       0.89827441702233035     
  0.56204357951071837       0.42490415705425394       0.41351509385838303       0.71437407534823760       0.39242481696675907       0.72274195771692729       0.43049430798209665       0.47573952939759773       0.39929687267441943       0.41442291777765178     
   1.0279085276694615        1.0251978293954584       0.79680503793404100       0.85481672598542713       0.68940105806709351       0.72945768408112754       0.90014796310263689       0.87558819153926981       0.84633404307971327       0.78211924372674491     
  0.57453320964135779       0.43974465356286052       0.42891195041991220       0.73011966841966092       0.40755668475590201       0.72960631895519923       0.43833823192670684       0.48936631540491182       0.41438080459283871       0.42879808756478049     
  0.76604743552270071       0.88121800326253363       0.77573696260298231       0.72224171929676828       0.86826105785126484       0.83100784039521680       0.84319145624128722       0.77913928535672639       0.75469853099813433       0.94340411257017376     
  0.58688292957223476       0.45446215221812769       0.44436452038866980       0.74517845985052478       0.42313843977473042       0.73621697896297145       0.44608501869258949       0.50347739768879030       0.43043678722946060       0.44260860240137634     
  0.94165159870359072       0.87681274912895102       0.77737993525643068       0.79341843937319700       0.82882309320313163       0.79481807392216786       0.78794888397912533       0.98521830836094848       0.77924100391109041       0.81612363068975058     
  0.59847482733358959       0.46882876700204179       0.45942287029771001       0.75981071156692825       0.43908465148736053       0.74277704389906829       0.45358484951548528       0.51778643645940980       0.44621185059156382       0.45505473253917245     
  0.74886397857356257       0.75468016052171449       0.84703459207209353       0.77929424248921475       0.79340313539430296       0.71685301625350750       0.75102240728106628       0.82139092588796070       0.81239864033837650       0.82816166608828035     
  0.60986995563819735       0.48345204021544758       0.47415307230828063       0.77417402060253382       0.45527823334247741       0.74968074246587979       0.46117566368911411       0.53199083153193960       0.46182990110711158       0.46740770469037984     
  0.74213926668242880       0.84332691488934797       0.79592884548635334       0.69779233928858753       0.76556763700065200       0.74728504328510759       0.99098164034347380       0.87964911730363471       0.79621283103748863       0.91486052384150729     
  0.62086207946148064       0.49801005027536599       0.48787829400986049       0.78800336451461606       0.47128446399750284       0.75678218857588808       0.46912388073760247       0.54725977580050444       0.47722151242255184       0.48063526741467583     
  0.77603566510344968       0.90160005570784518       0.78059716652046207       0.75816638234606115       0.79162897015951150       0.89823728107015455       0.85170634596397776       0.76989891534017774       0.77407330129076202       0.92775130694191721     
  0.63201743082137551       0.51250453748697955       0.50065788612541651       0.80115784466706552       0.48759905013407323       0.76351837814609858       0.47731200052601674       0.56286239670836413       0.49216895335565269       0.49514386831253221     
  0.91256509602482605       0.79207927955882085       0.77685285000446103       0.78812960211138960       0.94127548550497864       0.84019319350446364       0.88951717706021927       0.88634673002119990       0.77008496578245911        1.0293047098801642     
  0.64368770124409580       0.52741043804573295       0.51468542283776575       0.81395680561815975       0.50425902905351272       0.77009800408520390       0.48494948862943826       0.57886786293589831       0.50665428808624779       0.50818133537876764     
  0.84578735143357897       0.80776115957569350       0.70979505758771388       0.78569944825733251       0.88240111770563545       0.79321838758855345       0.94279568182886031       0.75024616691085610       0.78447498313445496       0.76701518374651279     
  0.65553734246053685       0.54220257682374906       0.52990388029549984       0.82640585646495168       0.52087383871338222       0.77641931647939422       0.49243194697870601       0.59523340252009038       0.52049374890815181       0.52145315428706418     
  0.89087141895247568       0.87840924628902717       0.85435149380314201       0.83217520499788267        1.0110416230712489       0.85807027670836011       0.85550961721489760       0.89812014493197945       0.83569218783124533       0.83629879340121704     
  0.66718771079742978       0.55654975150195174       0.54568185496942090       0.83858328308478713       0.53776558833540133       0.78263984238822504       0.49981155889399487       0.61103004312668219       0.53417039054540716       0.53276165843564272     
  0.72347237093831229       0.82811816408011940       0.95857397879227080       0.82353763836282623       0.84226074470772738       0.74129964985069241       0.76186048364188474       0.71451536991790054       0.77279487218479981       0.81782400796022903     
  0.67891319877865863       0.57082157160220637       0.56186455078477548       0.85034381868181541       0.55415380533058756       0.78872164853078852       0.50733278603575982       0.62653618121311228       0.54756879841473061       0.54423672556607128     
  0.91647307381831478       0.84088701405324429       0.82473212873065616       0.82537727816918649       0.78705768359275352       0.78633587497251523       0.87553383259271000       0.82995054327191853       0.75830481895814750       0.85499913997445887     
  0.69044994935714465       0.58518851936815186       0.57736729658977082       0.86132167314920183       0.56951509092592278       0.79460875587131752       0.51541996314453398       0.64211703960644217       0.56068435050732390       0.55814475170024502     
  0.82794548033110804       0.85350416597887158       0.79472973799440294       0.78801153274705849       0.89099491685269816       0.83125698958834826       0.87778668329430154       0.78979315094178049       0.86361814989452357        1.0629036992611818     
  0.70177301815456139       0.59998373862989673       0.59236411266685651       0.87154978510433201       0.58522105741297281       0.80050807876105678       0.52380752001564479       0.65787088745194222       0.57343339150024253       0.57221250616786556     
  0.78869667251565645       0.80209007614465455       0.82220864048612385       0.95893735980742545       0.82019661820584033       0.99176085222016175       0.89306562841746229       0.87118285455570388       0.67091778754092002       0.83456575778604647     
  0.71251900204259810       0.61514925756041960       0.60752946515001338       0.88123377100630784       0.60167096740044412       0.80638606859103878       0.53196271733582956       0.67216657098070809       0.58618284424469991       0.58690111806958534     
  0.81832359361477014       0.81209558073928145       0.96355340531196776       0.80379612523840349       0.86750479237818356       0.66386754092182199       0.81846225389632254       0.78436816468956749       0.72413190918200609       0.88678383282145978     
  0.72334156170853070       0.63042776451087601       0.62307513011245330       0.89020045154084604       0.61815193214001329       0.81245338480277995       0.53996461268569940       0.68557583127627719       0.59917097238170658       0.60088885015579241     
  0.83029580355949306       0.82595034089209218       0.92889755577077904       0.74398552342541002       0.88066941580256242       0.77190925521192710       0.85905841907073255       0.74807749595238215       0.75702429178063857       0.89849469446067043     
  0.73329393877016369       0.64617126523722412       0.63874233957333271       0.89899045177127845       0.63469108888714032       0.81878103459292717       0.54826754853041482       0.69981620093063379       0.61247314343103976       0.61735147152023384     
  0.82028589504101823        1.0672096680406091       0.92534498871730220       0.95123801996610313       0.84288138013226654       0.88753306949178890       0.73070483276935150       0.78511106559659993       0.75561510820330746       0.91064656815880429     
  0.74338918651777308       0.66169734271000546       0.65418511650780498       0.90690093591975218       0.65084171107972777       0.82506010685714815       0.55677304572758057       0.71445403942428609       0.62602913391595527       0.63364786563285114     
  0.90449680292976653       0.91279943436693067       0.85959290790953913       0.83341862360601449       0.81864968421875151       0.80729513693707000       0.97717511335437546       0.75786996611901214       0.83307790116571878       0.91240094129034999     
  0.75402250117058722       0.67638962925994495       0.67059813189604267       0.91490724117793421       0.66610341244267124       0.83127623355549496       0.56508192261059276       0.72845374918159911       0.63907508167229754       0.65075665483607170     
  0.75434740216123830       0.87801257371913233        1.0358009489394489       0.82304183055051905       0.91858809065560276       0.98552468074259669       0.86910441626731971       0.77937082937991997       0.77525929382950320       0.97236977963383564     
  0.76436275951205812       0.69103560800516217       0.68747366716356639       0.92236007893655914       0.68192755952809114       0.83754785560769318       0.57325900879634339       0.74230399877556241       0.65176961869888861       0.66826423552134151     
  0.86022063036651708       0.89682119765467594       0.91412998737754481       0.86744580760198531       0.79168111351590031       0.76390447031663755       0.76518944738242778       0.79893277609844104       0.84742051140431152       0.82882871632187616     
  0.77458260173872329       0.70680570268348120       0.70377538819555385       0.92975597462880810       0.69822898993305249       0.84360310800865479       0.58164776278237740       0.75752114015637828       0.66465060015979582       0.68487609568830277     
  0.79970281878248128       0.87500056508914348       0.96278764297478525       0.80080361999569605       0.88862661440621105       0.91937166164993844       0.73715230406891441       0.75088626255371049       0.76103890823120923       0.79560805165775039     
  0.78517365583332432       0.72253220187469747       0.71968265081576410       0.93609645045530299       0.71419174666109553       0.84966535345373406       0.59056699618888731       0.77274758800251819       0.67749678934785695       0.70152640465367055     
  0.87301946959634391       0.88432941197458981       0.76755190777479709       0.78402364847196959       0.75165699453714030       0.86420233686331061       0.76996392908345912       0.96685381955230454       0.81126157693720591       0.91094371292375864     
  0.79590735500488297       0.73877236866149221       0.73554120475883822       0.94243347000121114       0.72972396532357708       0.85575252379566269       0.59966800017739885       0.78692314507217065       0.69030791390714341       0.71885255145466431     
  0.97146269805906993       0.95087201175475544       0.79159258664906385       0.77372568360169303       0.75853279861709788       0.97651478989593776       0.88502619832679486       0.83899278163878188       0.81968821523699187       0.77358164386426220     
  0.80665308995415652       0.75498528677179066       0.75151958982966194       0.94772524032003091       0.74498479244146265       0.86184573635278161       0.60943356303033114       0.80113336046406602       0.70335695500865980       0.73590505082003443     
  0.83233511813487959       0.84641286876700050       0.83944932373192371       0.80004092835153173       0.83899043740631385        1.0257222683447502       0.76254346806917850       0.75778577723406482       0.85291866561460672       0.81878056387825016     
  0.81736094008838522       0.77149973942310501       0.76675374301249288       0.95325540197450143       0.75940164063323934       0.86850601566542551       0.61927438861629946       0.81420412384223650       0.71820236064600618       0.75163038902715340     
  0.75689006245277524        1.0556338460587220       0.86699893736649214       0.86297608687677385       0.84957691662731483       0.94684483961649557       0.86926050833569846       0.80016914991066168       0.80995863239078880       0.70717319201098805     
  0.82797437359869186       0.78813342254321428       0.78200281515959857       0.95794330531217398       0.77414534247900946       0.87483751584838665       0.62956956954442733       0.82733639798578085       0.73506253025184642       0.76729313774190655     
  0.88600405444058006       0.85655005816820173        1.0075195112982975       0.80506420186951999       0.97540544350362046       0.88910483386774231       0.92338948866291681       0.82226484143447265       0.72189195666699335       0.94332661954223507     
  0.83796762898231070       0.80340805565991158       0.79830018205772524       0.96260885631746895       0.78835745505759192       0.88181029399462529       0.63979148819499965       0.84198513544179576       0.75280002196074636       0.78333486022889620     
  0.76176897415153388        1.0583984622050653       0.75507334323317854       0.84802019358717062       0.71173421492246425       0.88510364016866150       0.90541251842310666       0.77351954093229747       0.95408363618168313       0.73988510656021989     
  0.84889589665893050       0.81879644016528552       0.81484576346281734       0.96677873487326893       0.80246780953809949       0.88848140757072769       0.65003275329910415       0.85658398823579940       0.77125819577293953       0.79965896357136168     
  0.90657994724069280       0.80443538795040037       0.97226981944602997       0.92064710585679521       0.74826017628963193       0.82719517291580080       0.94832791365173230       0.96975346995851042       0.83891783899098016       0.71454932019419204     
  0.85953055603242390       0.83345134269743482       0.82989176557702726       0.97088281447945302       0.81755093817077140       0.89555961513417459       0.66037054865638989       0.87056345856379047       0.79077095618311788       0.81712608115967622     
  0.89400284933881802       0.86229153850557672       0.79592330326749938       0.91874890278117793       0.87359627738499768       0.79121175469828309       0.76963349623583754       0.99811068835628003       0.78336218147691583       0.90719734107093464     
  0.86988899953331666       0.84832340978963572       0.84450547476782312       0.97408803756134632       0.83312912391003835       0.90265189118602540       0.67080905951240555       0.88413433775225114       0.81160349283545330       0.83476222768969865     
   1.0976933571375644       0.82576641049605459       0.91919197990461821       0.73831054126311535       0.78561118200142999       0.81609070351862800       0.78098802977030857       0.87561109508669699       0.81122835108931979       0.95996947723057946     
  0.87990544982910912       0.86196728319783944       0.85845413355520517       0.97710460731114701       0.84966754193073979       0.91009452279721181       0.68178613567109536       0.89722936183533308       0.83235761948936138       0.85279745914808658     
  0.80414102143189303       0.77997767022437081       0.80090495676198381       0.98131714858300734       0.89267732330684335       0.80405340678805004       0.79896658357898298       0.87685951202497014       0.69451784241326564       0.88796517814656661     
  0.88987497028182438       0.87511233617516782       0.87265641718476838       0.98009526168781103       0.86632364024498154       0.91764621180802175       0.69320437909340604       0.91070098815814371       0.85308349163353581       0.87126284060777970     
  0.91696549116581361       0.93867801397745954       0.94182096914898417       0.91091332095910682       0.93220554178033721       0.87846660379089136       0.75326988493830915        1.0056728384853750       0.88560388124242451       0.90782390477377606     
  0.90031696577008291       0.89163582790694740       0.88762677453458994       0.98308070448117402       0.88370238828338232       0.92521255068388730       0.70602511724367778       0.92267830474459489       0.87387334756520552       0.88802576048357940     
  0.85400160141011416       0.82667655737178058       0.80425205483338424       0.89637405709725848       0.92256705580845355       0.94748495579545078       0.86186047537700072       0.79762711598037084       0.81813405574922216       0.94175409987735159     
  0.91096746543914042       0.90832043444697164       0.90245710871845808       0.98592246405712070       0.90085033688395810       0.93280602473558116       0.72046063777641245       0.93440171215400247       0.89466278878422267       0.90468804199573061     
  0.84316286893295989        1.0698841834043198       0.77722942895814973        1.0348132118856224       0.96795877351337767       0.81425928576880180       0.81623143588137947       0.82550772055383315       0.81747221488424082       0.78909929903760301     
  0.92135380489706897       0.92493447194687417       0.91783275717179691       0.98867984830788824       0.91720213673742912       0.94183834924935761       0.73671241557414269       0.94525699993922763       0.91504559972958588       0.92059159230382492     
  0.84274955609608493       0.84297722616840098       0.78722866075043441        1.0396730816055586       0.77776155249789314       0.91654285364714594       0.83742010410426326       0.89170096661491738       0.76864941494529992       0.72919678406598354     
  0.93206166665740986       0.94200095539973461       0.93314538487411181       0.99124825006715700       0.93325326777859197       0.95191816873517621       0.75524516157644106       0.95629308652332390       0.93539569272882106       0.93643444758806571     
  0.79862000560679658       0.91695161549784066       0.76518579178545232        1.2049681577554445       0.85712505021514607        1.0065335459123168       0.76232257898213840        1.2136510760738739       0.80044987246896304       0.97059936320542617     
  0.94520771461491815       0.95729812956966454       0.94960708139740857       0.99365875102196888       0.94924858159894032       0.96231173243934831       0.78004157851238309       0.96697015067335190       0.95222969297820792       0.95221025911892010     
   1.1030032700731938       0.80423322558334398       0.77990483215261242        1.2171312335466209       0.96517579259261677       0.99609141409557167       0.78994431088886996       0.85402772059363474       0.66478365709491272       0.76027732732574049     
  0.95870725028783221       0.97250432197934611       0.96613032701623214       0.99592786398211719       0.96550309366572262       0.97238461190552350       0.81279352474956845       0.97789524513064419       0.96846031795278620       0.96826301158189010     
   1.1749271860349739       0.81180707491175175       0.97796478467095982        1.4323857710013363       0.81541059225042800       0.75520637136045587       0.82466319437742663       0.86617980299821495       0.74996263774593430       0.79912491239330219     
  0.97903168063804391       0.98624754393177427       0.98309470482848860       0.99797967308865965       0.98259988185359148       0.98563933218631661       0.88429278505538012       0.98877067499022653       0.98422586163082493       0.98407599008994906     
   1.2975578701548376       0.75699062493794234       0.95281874862820537        1.4827078876322397       0.96957516967435708        1.0948576906771594       0.85386222903124009       0.86801342833318451       0.81942466021990190        1.0525068489778446     
   1.0000000000000000        1.0000000000000000        1.0000000000000000        1.0000000000000000        1.0000000000000000        1.0000000000000000        1.0000000000000000        1.0000000000000000        1.0000000000000000        1.0000000000000000     
  0.98470778371394752       0.70699589609516933       0.84533064208278363        1.2455751534323101       0.99365243921844526       0.65260828656749781       0.65260828656749781       0.99116348602158244       0.80738044355978600       0.77225496675386518     
   8.8936569054965045        16.266600540382846        10.370514934573956        7.1861904885896273        8.9708652612615829        7.3908789334064009        11.211972457096500        8.8676111233209092        8.8485244330699402        9.6313732081296255     
   11.422196203194733        10.012640513487197        8.2005742928692822        16.995349029185633        8.8271544526171102        7.4850016821575664        7.7192872254286291        8.7123190728270856        9.1347702347192907        8.6596750238334828     
   8.5930202784342598        9.8849880039539144        9.7545061140615594        11.906585147266139        4.1664532301507808        9.0341606414327842        6.6191653292337262        11.494624347115762        8.1764450576606666        6.4332484307391864     
   7.6353607932240539        6.5226153908661351        6.3349624288593791        12.543138248982324        8.7269577870027870        7.3367750565523728        9.7260197304618963        7.0738814654995492        6.2108895962913442        8.5363932725195060     
   9.1076093710644894        3.1500716901969819        5.9142740407100618        9.7921616388636235        7.8713786610481495        6.6071393336509630        9.7825228156405810        7.4253468464780328        7.0299506190659233        8.5122560961046911     
   5.1853187878920348        8.3134892963622136        8.4855498324085676        9.3165520382483020        7.5596225580990213        8.3041011636496673        6.4350552098319982        5.7110349268040705        5.5994871115740734        6.3504168446955926     
   6.9101712767268868        7.7370420943250684        9.2892549135404252        5.5522119217784178        9.7296101052897370        5.8340054632282774        8.0653844739451799        9.2420740235954248        10.802418054123834        8.4906737708856745     
   9.2453178742962798        6.8078848300981454        8.3889212465528473        3.5766565377719508        9.5177805003593150        14.389142136385233        6.8356731555707579        9.0209717025410345        8.7828492473617583        7.3313587318915179     
   6.4402460709900361E-003
           1           1           1           1           1           1           1           1           1           1
   1.3919843812347343E-002   6.2106070554637681E-003   1.6493888038354342E-005   8.5872921720735196        1.7788907014552017E-004   4.8535446267397303E-007
   1.3153238987491297E-004   1.0802332376177408E-004   1.8012485246486672E-005  0.31329454495724213        1.8008739140567377E-005   4.7396404575273417E-008
   6.0791228132571007E-003   7.8357217288718193     
