  0.00000530201751911  0.00000540019369216  0.00000545388712958  0.00000551838236323
  0.00000560023699221  0.00000567095430444  0.00000574622675778  0.00000585178358717
  0.00000593270256138  0.00000603407209655  0.00000613426787048  0.00000624655522781
  0.00000638504046096  0.00000653265831421  0.00000666219918635  0.00000678105490428
  0.00000690158152580  0.00000703981834582  0.00000720316421487  0.00000738631335491
  0.00000758567018520  0.00000782332759809  0.00000806499541417  0.00000829927567378
  0.00000855999751288  0.00000883118456119  0.00000907913505894  0.00000933464962821
  0.00000965154521503  0.00001001106282643  0.00001046451019741  0.00001095709943544
  0.00001145648203180  0.00001198002013598  0.00001253992323502  0.00001308638336344
  0.00001361204856876  0.00001420059480672  0.00001495203372816  0.00001590029182217
  0.00001692640586570  0.00001794964094773  0.00001890832041133  0.00001988759008441
  0.00002098561617296  0.00002226549513706  0.00002365023841279  0.00002503213733937
  0.00002644254766511  0.00002784047218702  0.00002955942377776  0.00003121680245542
  0.00003289745982825  0.00003465855928347  0.00003654449815795  0.00003854702858117
  0.00004064523912415  0.00004294387945144  0.00004528032635832  0.00004782379090153
  0.00005096315743768  0.00005412185765850  0.00005766292451567  0.00006124930509049
  0.00006514395909702  0.00006940924945984  0.00007388618338663  0.00007850615823096
  0.00008363911349002  0.00008919239874681  0.00009541643642949  0.00010231946579771
  0.00010962080462104  0.00011737479959943  0.00012626018409622  0.00013602442425759
  0.00014741763212775  0.00016081978640642  0.00017606143186174  0.00019376005419954
  0.00021481077793192  0.00023897830526336  0.00026563880442662  0.00029453758481619
  0.00032824065975984  0.00036888085093825  0.00042078175967198  0.00048854518350456
  0.00056799554406895  0.00065876025983300  0.00077540397665586  0.00094735322341985
  0.00132531828647167  0.00230051598465756  0.00516343037626938  1.00000000000000000
 -0.00001209344850089  0.00037269451703684  0.00124931093145906  0.00271873109829172
  0.00469143459887079  0.00719154025289690  0.01021926999000815  0.01370839065335330
  0.01750274799450764  0.02167381177734885  0.02591914597923179  0.03057157840319456
  0.03474484989482053  0.03888355407285955  0.04310702898084132  0.04860868870543521
  0.05469645165283479  0.06067414786849572  0.06673866778042227  0.07304981958236530
  0.08019510737820525  0.08798246876299326  0.09534076247909801  0.10304967760615469
  0.11127581755608495  0.11993575695632117  0.12841105466489172  0.13686852751958831
  0.14560425660469778  0.15503241007463817  0.16472332129333339  0.17413172692243892
  0.18343777607944187  0.19247591101770475  0.20214345521832228  0.21144919714377614
  0.22104086720106822  0.23018377899384562  0.23925601607694280  0.24780003358576361
  0.25639102113500695  0.26534819916626901  0.27453510162755357  0.28347725428296389
  0.29361717480884608  0.30450313809658797  0.31568280471720450  0.32701391231876142
  0.33832272043191530  0.34931377612391329  0.36158690186030701  0.37502916860014640
  0.38911637264292814  0.40371228207093768  0.41886684612720421  0.43299918552272043
  0.44555449148592924  0.45804802516680188  0.47096661046050287  0.48414495287723336
  0.49777465978055702  0.51123301351522943  0.52490398026063834  0.53819503710552719
  0.55187387037327440  0.56495906056002487  0.57690419205092869  0.58853288752870581
  0.60117177805308764  0.61454021329913655  0.62736717000124276  0.63991559358393557
  0.65256703851139286  0.66578467553199283  0.68027185890832376  0.69495244855835392
  0.70733886885070441  0.72050331155230485  0.73423582883980243  0.74880798375754143
  0.76469602316595986  0.77919109164954248  0.79395740793045655  0.80910875241476221
  0.82482013266969223  0.84075780923997123  0.85665367747077725  0.87226117581630436
  0.88695328159607367  0.90199040704346811  0.91794083227597223  0.93491918323305445
  0.95209810843288001  0.96833889704024778  0.98422341415347281  1.00000000000000000
 -0.00211065811549497  0.00901936985949011  0.01900673490497713  0.03047003408510623
  0.04030278825335849  0.04939327492202787  0.05792869294905782  0.06659909986455706
  0.07712223190619290  0.08888986565467931  0.10118439562512582  0.11225847319226584
  0.12301329125242334  0.13330141751631083  0.14430807167118934  0.15465812018917643
  0.16506641737805725  0.17627395772929999  0.18808896957329402  0.20003694951643200
  0.21143139916322098  0.22252183183256258  0.23433822073289859  0.24703669377423904
  0.25979911574277892  0.27195562882938906  0.28282468805215072  0.29367532445932948
  0.30459159447472267  0.31532997940539592  0.32407260782662017  0.33190089936919914
  0.34014771180272740  0.34936059169313671  0.36005837054865553  0.37154689290818266
  0.38439661542643266  0.39701848554033203  0.40819823466278587  0.41840336636273434
  0.42876326417626132  0.43888705119614863  0.44881818357959169  0.45944493024488298
  0.47237242576180322  0.48638938470548432  0.49922766079545988  0.51013158702197037
  0.51927274297141401  0.52815955303083695  0.53722271583632641  0.54720588100608225
  0.55822823971915547  0.56929928905137450  0.57992900346804799  0.58982155728567731
  0.59982114470111836  0.61025203137843742  0.62006984401231824  0.62910760367487462
  0.63837928333469274  0.64856277217881531  0.65896280496959514  0.66885538445925752
  0.67973239277214648  0.69087138228563649  0.70150410019103659  0.71123115553980598
  0.72171061456295749  0.73201413718877262  0.74209289361374542  0.75141065111452587
  0.76110791836866343  0.77077360521952598  0.77950354326342663  0.78781152077138572
  0.79672415484587567  0.80656759295129876  0.81652608373174251  0.82620580627469098
  0.83586761209735505  0.84725470151598015  0.85873961012598299  0.86916181702593964
  0.87816237546616049  0.88613307459265034  0.89450521640154590  0.90426676375066850
  0.91517531667449514  0.92653198378145640  0.93698792312787582  0.94840877335187823
  0.96032812136718326  0.97307655263710935  0.98635219957820752  1.00000000000000000
  0.03817661268385741  0.08594579972628517  0.11954635704274921  0.13932845552081283
  0.15222270808018448  0.16373439641824952  0.17470823840273408  0.18824331981408948
  0.20427275050281557  0.21488657768631675  0.22506331262217572  0.23555079824907199
  0.24555725034954179  0.25583420441269106  0.26587641398645950  0.27542294590457733
  0.28444263138301362  0.29228388539052091  0.29930028406752657  0.30623662430825171
  0.31398843445641628  0.32256227890508787  0.33079635997356321  0.33940321054216038
  0.34685308435210549  0.35396065208883715  0.36075911792913762  0.36797958462301844
  0.37436014697685099  0.38087471898106728  0.38756158157413295  0.39531125245962445
  0.40246547052331438  0.40918253475587529  0.41564813788352134  0.42316695295869039
  0.42982509032601474  0.43627349609499827  0.44260149344053074  0.44963813104966543
  0.45723587081074024  0.46459322409806220  0.47191259788112871  0.47925591045695110
  0.48646311115842061  0.49287692338260009  0.49860095157699019  0.50425522766655051
  0.50994115405681495  0.51711769109263062  0.52389493590584624  0.53116857271053552
  0.53726020294921506  0.54291420900808440  0.54821403967004512  0.55372400148071255
  0.55982474162395757  0.56595895522302719  0.57175548411235866  0.57739249158607953
  0.58306259443516639  0.58932243220396963  0.59603338284512175  0.60273663237542863
  0.61006417017620651  0.61763995910119729  0.62534990914757949  0.63381460199563311
  0.64289553013896950  0.65178873602287413  0.66129266547602128  0.67047572124086208
  0.67927587113506638  0.68818917467921370  0.69723377228338645  0.70600519623463709
  0.71372222878007663  0.72093280194758191  0.72853609758759819  0.73660133371564573
  0.74404729405019643  0.75187445741419434  0.75976284697040586  0.76924707427013506
  0.78232646123341876  0.79810007377255066  0.81296326343212322  0.82635345698595664
  0.83780240229361691  0.84889587289164026  0.86153056094218428  0.88086764466972833
  0.90464711293718103  0.93945268028916329  0.96681905991198636  1.00000000000000000
 -0.00245382854599461  0.01247327233657470  0.02402104334814167  0.03632473301005494
  0.04784926893739853  0.05916232931440844  0.06945576539258362  0.07949769729715696
  0.08834754657727917  0.09704131147577953  0.10649570658016012  0.11629145099195110
  0.12626849493203471  0.13597252791512071  0.14540703364115284  0.15551156892762105
  0.16653318129869124  0.17750444314757563  0.18938566606324866  0.20127372530618129
  0.21370862888160522  0.22434458803560878  0.23499466479196918  0.24499357834535337
  0.25524346888343225  0.26526669123727992  0.27687650072147169  0.28789899830757559
  0.29930924175228152  0.31072376135197488  0.32216042538485784  0.33266477269225780
  0.34166104174341361  0.35042430714171857  0.35919364364205075  0.36777407899393938
  0.37679845037086085  0.38580596943406126  0.39477121576228758  0.40297574134437347
  0.41055835000959928  0.41839613843164414  0.42798370115243839  0.43936343040400067
  0.45051360762358328  0.46108672160327585  0.47079189009654698  0.48004224217007724
  0.49059938954060689  0.50185331742913264  0.51378613113924698  0.52510163375206464
  0.53700338038108997  0.54766866635210054  0.55866785820599829  0.56968772140609569
  0.58187850421654996  0.59490933272437230  0.60962740408288263  0.62306935864340685
  0.63538964006460741  0.64708807652423739  0.65948559223400782  0.67149721117374894
  0.68300457062750786  0.69340979702565886  0.70369354275227924  0.71511896133117869
  0.72786140573869873  0.74127382472328285  0.75362213049323057  0.76661540473478340
  0.77895090697103075  0.79045528010535537  0.80129703002759667  0.81204286524174896
  0.82348809070194839  0.83567043742882430  0.84840889550508214  0.86026210068216802
  0.87029425847683040  0.87937307477361482  0.88842667206153225  0.89752552155085086
  0.90710427364045543  0.91545214832813149  0.92228117728301429  0.92947321788443793
  0.93791050528844111  0.94723288739115474  0.95523121944716138  0.96313625095526334
  0.97164826573441898  0.98055880185632505  0.99000213800754400  1.00000000000000000
  0.70448959592737104  0.70586898160900358  0.70633451214785881  0.70702996045273014
  0.70777506988630356  0.70923887150573994  0.71160507731058908  0.71368873205062311
  0.71566816155925905  0.71782601086768971  0.72003894810390823  0.72222708195975804
  0.72445402794815650  0.72653008674182562  0.72862587790111011  0.73038619172850983
  0.73205985868438794  0.73370572771921239  0.73550446989004492  0.73729474079089341
  0.73900543420180664  0.74055450609269180  0.74197641588870722  0.74334083202564216
  0.74469638878128386  0.74607178396433016  0.74749106016657829  0.74893271578260789
  0.75051540235968206  0.75230368424866179  0.75421211533595112  0.75601141452769560
  0.75765384909017564  0.75928355297228523  0.76094612153652452  0.76267510283873030
  0.76446733460647154  0.76629674166885309  0.76813420485221506  0.76993838617358279
  0.77190461880772254  0.77378424812662050  0.77561348758025683  0.77739160799395823
  0.77917000563362360  0.78109256900018031  0.78317010505263207  0.78535598495948322
  0.78759813887483554  0.78975552659436243  0.79189093914488029  0.79429958138984458
  0.79668858214729166  0.79917144954060793  0.80136119551260931  0.80346458082643024
  0.80558311890672663  0.80782916555107576  0.81015142656569628  0.81244614991440689
  0.81478572777053571  0.81718216666726073  0.81991428858692172  0.82256066131028749
  0.82504933372614275  0.82744889350315820  0.82998553806681874  0.83274996898724141
  0.83564784728221464  0.83835365516751492  0.84112713533692174  0.84394978930224784
  0.84694293116847319  0.85005593383005418  0.85334759478588340  0.85706127056796300
  0.86100565717327948  0.86487613432676635  0.86869510791897087  0.87255530936519399
  0.87687530098299060  0.88134460638469803  0.88576391678028921  0.89026654276367934
  0.89495921880535290  0.89947418027885007  0.90398405207089205  0.90852379420741125
  0.91358662468625662  0.91912336787135207  0.92554953937347328  0.93301583366136631
  0.94221786950639785  0.95342469160747745  0.96990964951134750  1.00000000000000000
 -0.00162170582397643  0.11539755531359200  0.15034029162176879  0.17350438863650983
  0.19168346596638322  0.20568873481052541  0.21756125195775344  0.22845765069020607
  0.23883224462406827  0.24930448248908144  0.25946790562949712  0.26960014602245819
  0.27940507916416213  0.28835231907428927  0.29649575281324414  0.30381412305977168
  0.31110856815372145  0.31816241624958119  0.32551389268309666  0.33303030000919370
  0.34061510896985353  0.34824528331000976  0.35565994947917151  0.36304066498412429
  0.37015106519396213  0.37678203539324018  0.38290702724352077  0.38937029623832442
  0.39589410198979452  0.40167448650010057  0.40697538225864904  0.41201496172926827
  0.41712082960436325  0.42262152789768365  0.42874630247269102  0.43525941509890664
  0.44202660504374436  0.44984923074461919  0.45678030012262411  0.46325968609329171
  0.46913998692393610  0.47560956854624203  0.48161828392364331  0.48770155290824335
  0.49337307294776495  0.49877991080630801  0.50398227490198666  0.50902118562272758
  0.51421060824074727  0.51961724675287413  0.52504485243260424  0.53126927286653547
  0.53726085884809494  0.54364838743192301  0.54975650904270390  0.55619765035315016
  0.56278587082982101  0.56786035391721257  0.57300435606127220  0.57810437076550458
  0.58351453753863847  0.58854989722705675  0.59329420841997127  0.59801995333607272
  0.60301724635693199  0.60837236947918172  0.61380955709409168  0.61902651714400880
  0.62460213406529252  0.63066285498798025  0.63765363190856872  0.64362956563227258
  0.64918917345479077  0.65456387780630687  0.66005738613394127  0.66687777532883108
  0.67384550991181180  0.68080530911533677  0.68818074722910427  0.69672582625477442
  0.70557143664935007  0.71358120414852044  0.72091543473734332  0.72818200984975467
  0.73614666827507835  0.74458271527492503  0.75351321748460598  0.76174528174160527
  0.77073553014581409  0.78184974448077593  0.79537717024445376  0.81015745430634456
  0.82867950419083714  0.85119820340970720  0.89016860640142836  1.00000000000000000
   7.4900819896600003E-007   2.6299455833300001E-002
  <DiscreteSampler_grid>
  Helicity
  1 # 1 for a reference and 2 for a running grid.
  80 # Attribute 'min_bin_probing_points' of the grid.
  1 # Attribute 'grid_mode' of the grid. 1=='default',2=='initialization'
  0.0300000000000000 # Attribute 'small_contrib_threshold' of the grid.
  0.3330000000000000 # Attribute 'damping_power' of the grid.
 # binID   n_entries weight   weight_sqr   abs_weight
    1   2576   1.861714849802906E-005   1.319172567177108E-008   1.861714849802906E-005
    2   182   1.477293873823729E-006   4.648830449918386E-011   1.477293873823729E-006
    3   377   3.020568586137027E-006   4.561418003620865E-010   3.020568586137027E-006
    4   82   5.638819688333454E-008   5.606137285854628E-014   5.638819688333454E-008
    5   97   3.459346108412371E-007   3.237839398213608E-011   3.459346108412371E-007
    6   205   3.229077468730000E-067   9.249141605570000E-132   3.229077468730000E-067
    7   90   1.048106187903667E-007   1.152297653524333E-012   1.048106187903667E-007
    8   110   3.886825138090000E-066   1.432363472810000E-129   3.886825138090000E-066
    9   86   3.338784168530000E-068   2.881004910010000E-134   3.338784168530000E-068
    10   85   1.145352506550000E-007   1.258136486780000E-012   1.145352506550000E-007
    11   219   1.941598983240000E-066   6.761335948190000E-130   1.941598983240000E-066
    12   102   4.070193095134118E-007   3.780611737138823E-011   4.070193095134118E-007
    13   86   3.836758566538299E-008   1.070284858096340E-014   3.836758566538299E-008
    14   158   1.178634977797606E-006   1.768703968826228E-011   1.178634977797606E-006
    15   558   3.428835906537139E-006   3.434606156457694E-009   3.428835906537139E-006
    16   2497   1.962939215089527E-005   1.898235840161782E-008   1.962939215089527E-005
  </DiscreteSampler_grid>
  <DiscreteSampler_grid>
  grouped_processes
  1 # 1 for a reference and 2 for a running grid.
  10 # Attribute 'min_bin_probing_points' of the grid.
  1 # Attribute 'grid_mode' of the grid. 1=='default',2=='initialization'
  0.0300000000000000 # Attribute 'small_contrib_threshold' of the grid.
  0.3330000000000000 # Attribute 'damping_power' of the grid.
 # binID   n_entries weight   weight_sqr   abs_weight
    10   10   5.359122929499999E+001   7.564683055450000E+003   5.359122929499999E+001
  </DiscreteSampler_grid>
