   0.0000000000000000        0.0000000000000000        0.0000000000000000        0.0000000000000000        0.0000000000000000        0.0000000000000000        0.0000000000000000        0.0000000000000000        0.0000000000000000        0.0000000000000000     
   3.3251088374006289E-002   1.5700088580672697E-003   1.6599689699652892E-002   1.0309741030838836E-002   1.2346705983971426E-002  0.16045719591901025       0.10151626512737913        6.4233217084572816E-002   1.9663072142323341E-002   1.7007958214753434E-002
  0.77678292586417708        1.7916723931626315       0.79902690012301159       0.86051863306383947       0.77418942136118740        1.0124615737343285       0.70969912063537377       0.74352336106667494       0.97863031963857205        1.0477538496943746     
   6.4483246773137520E-002   3.2082449069787910E-003   3.3028971280133573E-002   2.1137555051644122E-002   2.5550477411454164E-002  0.26272858388356929       0.16373943451223832       0.11839852687393664        3.4962472514237598E-002   3.3425888906004092E-002
  0.88424850003652333        1.5872827031970702       0.88074297758025899       0.79801346097397030       0.84645297648562767        1.6421327129811081       0.95440267844772264       0.84737712686181599        1.3148147747264705        1.0124698080690220     
   8.9195100352982740E-002   4.9572824615600327E-003   4.7818715694471513E-002   3.3424446586500803E-002   3.9719473545776242E-002  0.32084613053187344       0.19195382410808137       0.15693003456096202        4.8594494384206169E-002   5.0176311240519592E-002
  0.87094937777228387        1.4568001544020013       0.75353059273878398       0.88791559669008513        1.0777273674543384        1.1588776026856493       0.90966588663423509        1.0261206466479003        1.5828251493600989       0.91264246764785661     
  0.11274270311385656        7.1674809165228389E-003   6.2309232729701063E-002   4.6780041495392756E-002   5.4703953182234283E-002  0.35429543249174333       0.21362372789073095       0.18550168744488271        6.1833359812390770E-002   6.6912457240485557E-002
  0.98801265588156728        1.2954515262713027       0.92393831228034418       0.83737894927055445       0.77416627764093926       0.99711457484710364        1.1734215087483948       0.90981120807747118        1.5845431372033965       0.91548350696952019     
  0.13397330964849591        9.4429718319334090E-003   7.8989753528453624E-002   6.0223610217278609E-002   7.0149227363264885E-002  0.37974853252186608       0.22980372921116299       0.20831006716229269        7.4927209958864080E-002   8.3929303734115834E-002
   1.0366036849369633        1.0960502807734591       0.79566466307999129       0.80620444241628098        1.0598463103142617        1.0233549626791101       0.91829524370381954       0.99594412442372371        1.3317828742565276        1.0272403803738706     
  0.15415455682896717        1.1899787002372843E-002   9.6549365325789158E-002   7.3988056921580309E-002   8.6335099322054007E-002  0.40081013268479360       0.24475219155902384       0.22738468788047711        8.7937061945489531E-002  0.10182955170080138     
  0.75435976459320897        1.0957483774148113       0.91145130802633667       0.87712634153093250        1.0818205062576265       0.86680132536377397        1.0569904571912458        1.0256044417055132        1.2791809664481155       0.93319652359497973     
  0.17238165268714006        1.4375009483248675E-002  0.11516968477833618        8.8318575994459345E-002  0.10279559064414670       0.42072288130360508       0.25747662556398287       0.24484778467302190       0.10110404959520342       0.12015187732376298     
  0.96430165473216223        1.0966406140691751        1.0804802710820138        1.0315043415175673       0.97057389996494681       0.98935299773121610       0.93853307330239921        1.1002949664784116        1.0843080867285191        1.0211666618680397     
  0.18974185611323924        1.7077410124319875E-002  0.13441456812106498       0.10329485457412878       0.11859851211728331       0.43814653836552575       0.27010450271988884       0.25919783677499475       0.11473277760208329       0.13879963054474298     
   1.0528766049699898        1.0419513121666326       0.93553902414266121       0.79405778882844413       0.90053109352814664       0.87586920649723643       0.98656383347692078       0.96984058822710573        1.1259924491510540       0.99259201891239035     
  0.20538921483986713        1.9940078198308946E-002  0.15141466132546341       0.11862388889178274       0.13455358557309488       0.45455704192680030       0.28156609055425469       0.27211403324983896       0.12843657328327562       0.15633074200091351     
  0.96137408412392189       0.98048608177000918        1.0351692884823311       0.97037633716215221       0.97815952340400736       0.81261443495739272        1.0118775009222094       0.94733073899582187        1.0568860394792969       0.99383251778153048     
  0.22150330580233940        2.2962373659591088E-002  0.16732182072908186       0.13390726501453915       0.15119822752940049       0.46999506488503057       0.29310608037280911       0.28485209284618790       0.14160275869854186       0.17313949019449487     
  0.96334949250984425       0.89414961378736968       0.96657546649063975       0.91030984135741377        1.0026559918749287       0.97969755492733135       0.98396878681477729        1.1065676331604508       0.92447422501656640       0.98183172092411108     
  0.23745416338218941        2.6226695896086054E-002  0.18369746248483479       0.14939113887701011       0.16761971847634025       0.48457278941018683       0.30348805936165296       0.29765500355246566       0.15492193704617119       0.18985938985903666     
  0.96015290872592873       0.94677367601803386       0.87244585358951143       0.75238288210178972        1.0304261358781024        1.1949755322725037       0.89193370504442393        1.0866125732432736        1.0950847036529805       0.93876743481745839     
  0.25418224571370956        2.9811027406226438E-002  0.20035079198919187       0.16490537131079711       0.18414952767046655       0.49818811824933196       0.31368224555464758       0.31047416049881887       0.16797051006863173       0.20662974044155172     
  0.85193758774632522       0.95411496242805249        1.0141045486273210       0.79231634364382386        1.0779609813708566        1.0434652650597724       0.90222031640806144       0.99813047632820318       0.94192659526996769        1.0223517484843414     
  0.26997483507356396        3.3738470028015756E-002  0.21569069512679859       0.18161087543963164       0.20059798727523681       0.51096484851084101       0.32328734776703671       0.32322384307768426       0.18130265552168912       0.22300213421197679     
  0.83903015605571252       0.90044908652384681       0.78580263652531424        1.0228616862287374        1.0201883121813238       0.90315797450942725        1.1101442456263164       0.92485395358183153       0.94607296108645311       0.80669475435499993     
  0.28564626074109678        3.7803902634901076E-002  0.23002108328636076       0.19867610606418176       0.21670007384477918       0.52328278478646306       0.33286362024219518       0.33570302775504818       0.19538185080711307       0.23906566782460317     
  0.80749990657985937       0.83203470014196224       0.83721776267356296        1.0564655301383468        1.0323808468912499       0.98798427483985274       0.88985765721899968        1.0016977471237469        1.0580635922146957        1.0685903486743840     
  0.30086349244766553        4.2077109896913309E-002  0.24457736540119723       0.21587020395275883       0.23294353491266995       0.53492085298231340       0.34207868290302818       0.34774340959266070       0.20847562208040019       0.25510634642734797     
  0.81384870652918795       0.87882023971446799       0.93047230860404007       0.98635968811072616       0.86461030429626373       0.95830058090035342       0.99221455964460836       0.89758645367168066       0.97463552606480386       0.85494795100766618     
  0.31632733944500169        4.6689126292538359E-002  0.25913078973928722       0.23319615846321498       0.24914987458459828       0.54567838154367510       0.35108996594555930       0.35961911584819967       0.22037941720670898       0.27138092765699989     
  0.91530359749942292        1.2080020819196480        1.0534653818389270       0.92718343035445039       0.95570678321189106        1.0825144664092980       0.91820173576777209       0.89260190561063690       0.83856270349476103       0.86990137972722914     
  0.33132249054127028        5.1957144614144642E-002  0.27320725976444055       0.25020205095037745       0.26576686795009674       0.55581349927811863       0.35958894237034295       0.37063880276521882       0.23443307195509833       0.28776270250676417     
  0.91725776908721546       0.84726160452556520       0.90436183991870966        1.1262202514195379        1.0116247966176015       0.90569885339361456       0.88418064499366167       0.87622635058999498       0.90289918245515155       0.95895176432505291     
  0.34558042697813196        5.7393264141485434E-002  0.28762806549349051       0.26749037611528442       0.28309735837053462       0.56615667838841388       0.36807097020789920       0.38062024681116102       0.25109767699650376       0.30364033629137710     
   1.0643741181809174       0.99613530723773935       0.93264004601560702        1.0499801395784045       0.98670039982736979       0.93156613896761609       0.92279845073285061       0.92184381979820551       0.92950791642858244       0.89732329273409328     
  0.35912326989320165        6.3296792678795011E-002  0.30058723277616456       0.28457475788507874       0.29996663228238218       0.57640161700310610       0.37599510966374255       0.39090360320651563       0.26727100138265558       0.31948347457306930     
  0.84598937187953038       0.90016179730017842       0.89047296435560064       0.86123508362808010       0.80716089581394435       0.89020068587302781        1.0297532739950921       0.91533540649822898       0.97402702299491262        1.1431159153263162     
  0.37258616615366791        6.9279746454010582E-002  0.31316907754111079       0.30131792272290348       0.31697966916227721       0.58652873691761653       0.38386543419233271       0.40106519856201844       0.28209319860080923       0.33529087703355581     
  0.90215735795069041       0.77597356903151737       0.84603793744054501        1.0577911312724066        1.0372309151231403       0.97582370452727218       0.93916738516856013       0.87266128079404359       0.79590486072350419       0.88857636617973190     
  0.38576817850123185        7.5848770023899864E-002  0.32726763125675828       0.31782202179101621       0.33418490872227130       0.59663936288904795       0.39193648795506902       0.41333386281705708       0.29637491873194555       0.35068711805004577     
  0.74757463096941756       0.89999626521807896        1.0019782800100359        1.0438120759546163       0.82215678762426658       0.82084811347574405       0.78079813626991901        1.0662778603258860       0.75647549202917108       0.80076652864199638     
  0.39904925942586605        8.2645491561750550E-002  0.34189782512630457       0.33466566369578638       0.35283311923464317       0.60659412061267248       0.39984560277727638       0.42625116564685550       0.31028784436178830       0.36645170633896706     
  0.94837485908460450       0.89771545409249487       0.89835507979610096        1.1992203860892228        1.0521217561738563       0.94138189233601610       0.96268269043745724       0.92501429342629127       0.88485053563200178       0.91744777074057760     
  0.41224677376554891        9.0061888726672604E-002  0.35680795869331322       0.34993544629383722       0.37111981812571210       0.61618990635035653       0.40760219212535415       0.43917337016790253       0.32463710259051415       0.38229212812175478     
  0.89279798765909091        1.0802014462927416       0.96867694826902706       0.88865154373408961       0.87233003423133992       0.94658822632043516       0.89552756654465626       0.87810598410961815       0.72597984574722829       0.88716854167615000     
  0.42514224377286536        9.7796964125784994E-002  0.37106432475348006       0.36516284689929457       0.38864779098598651       0.62529723126626968       0.41536398601918528       0.45197713942964002       0.33952204274866482       0.39778539589215095     
  0.91401256033586153       0.96603939350928747        1.0124610127381206       0.98544092676851325       0.99792548860496888       0.96045728750809822       0.86206450392297485       0.93206243199396199       0.98627519383451967       0.82041023066518970     
  0.43772306906861358       0.10591446282131733       0.38444001920080839       0.37968953930105104       0.40656342735015571       0.63410452630451930       0.42251263516587906       0.46557254040306939       0.35443447081631729       0.41158671748194220     
  0.73204410902375328       0.79733059826119401       0.92006888145628485       0.96882923710168656       0.92632909453520973       0.94493518518940489        1.0082041738204339       0.97270524885174503       0.90198139419486634       0.90557511177437666     
  0.45167588338506687       0.11423763013422732       0.39795178355809507       0.39405015040927982       0.42477189943970572       0.64301839577939968       0.42978712052252904       0.47944796972537240       0.37023730857040060       0.42530389949118569     
  0.90065262368161481       0.83951410754394973       0.91866922174766519       0.91223068014296071        1.0924758513850727       0.94055819054745160       0.93170938253502467       0.94206385975769913       0.86106440964690600       0.81568961023816855     
  0.46671928072032270       0.12297195221667195       0.41268225226007810       0.40894849540012201       0.44286800664861997       0.65219202789132646       0.43691555015774591       0.49355562259309776       0.38625934061761802       0.43898271131489169     
   1.0179406117251171       0.87116005865754687       0.95203512709084814       0.86106431627840485       0.94619685801336761       0.95993433568675690        1.0395374528535410       0.92546559306505150       0.83873089854749783        1.0112317084956117     
  0.48113554531028341       0.13219910169455285       0.42726508005558611       0.42428884344838275       0.45955271020809729       0.66093132921081499       0.44421868469253351       0.50769827952815383       0.40216159703406001       0.45264175938952200     
  0.87098676186232826       0.81155523229498439        1.1240994457176492       0.84836876438255526        1.0551312000457227       0.81341632278858500       0.97820767333452874       0.90072417243490466       0.90212218587061277       0.86120080288820866     
  0.49482387686973861       0.14220673323712052       0.44166876286627682       0.44044713516243861       0.47659565351120164       0.66916923861554278       0.45220358682541623       0.52215420999856832       0.41829277203407644       0.46595618517582532     
  0.90284175148172319       0.90269397628425208        1.1163771357283967       0.89683286887539682       0.85898603555491160       0.90804639408048049        1.0103591222909856        1.0540540202973350       0.91393876511911964       0.87257367232340521     
  0.50856587215807048       0.15255129909787335       0.45533289152611517       0.45641928995797959       0.49218183339959154       0.67772541969780475       0.46061475720516309       0.53704834149890768       0.43513415565370339       0.47973228790528327     
  0.98018092578669946       0.85504482194833509       0.94205074642860342       0.95925745461769074       0.83040724676155220       0.83252006055621841        1.0545137139894798       0.95999476252647753       0.96370753028844214       0.95683515002904962     
  0.52249192038081405       0.16324198149839411       0.46682149346965068       0.47282431939998076       0.50743413277930216       0.68672389559688207       0.46866011918521355       0.55184827912403134       0.45184143705694907       0.49438927687125905     
  0.91930848633128104       0.81240207851325918       0.80548094087901245       0.94021283571662750       0.80328789568153813       0.87315132129375694        1.1069402201329686       0.92733778398674771       0.90810027143036587       0.92177114325999499     
  0.53591299970772077       0.17467659625781079       0.47822780559203426       0.48885103117837081       0.52224976340625617       0.69511644998604205       0.47647104197545359       0.56659534429797853       0.46826840265850611       0.50910841028183429     
  0.91506641307097025        1.0371901197681626       0.97833388607067662       0.90758059482788667       0.87749745532953916       0.92286023872716827       0.96843562134095817       0.91603463528543161       0.91887040731179648        1.1511904061699312     
  0.54798454622134862       0.18659423334773531       0.48938615900869270       0.50523501412966909       0.53690445835446510       0.70288388849856986       0.48394870318630445       0.58170038724332052       0.48436844483110103       0.52436989375634435     
  0.91579407233889554        1.1131301002924847       0.82285962044777061       0.98494591699819611        1.0875034873945699       0.95481963439151507       0.77826166481473147       0.94911159550895585       0.89180873254438076       0.82815996345372955     
  0.55890162605980609       0.19951817486732176       0.50251934155779776       0.52130853750817430       0.55186788714678259       0.71106529246977679       0.49140320388911241       0.59686841762486975       0.50042978895491241       0.53940728711453467     
  0.80158458993160575       0.85795452027431096       0.85081681039904167        1.0591179673706226       0.87111336679197227       0.93916385975787475       0.93351110710267948       0.76630936378474490        1.0302588791404383       0.93128076903756196     
  0.57010029837473231       0.21278374523415414       0.51656427034764518       0.53780841978928251       0.56752411421026516       0.71954625190141042       0.49938097533297160       0.61202900073745126       0.51643669474605425       0.55361959508459913     
  0.98862395570184891       0.87328376004312924       0.93940197409828641       0.84396148877889732       0.83742388202295770       0.80442598223535255        1.0205439166772108        1.0282533272257828       0.78471161011317725       0.91708270941455883     
  0.58121175682208015       0.22748576866800277       0.53017539654666912       0.55458608348025784       0.58443644496416047       0.72765641302573880       0.50693060270473334       0.62725347731358083       0.53229992314469254       0.56746843626106036     
  0.90877651110845281       0.96220719671966615       0.97192921502014129       0.93024831381843909       0.84483424475789759        1.0190689463549445       0.87775710946061813       0.83117061482370891       0.95042900179734380       0.84855446488246267     
  0.59330715486080376       0.24333932812515355       0.54376305237343392       0.57190525349990573       0.60121524585089758       0.73567307746578936       0.51373989234260220       0.64258248728990774       0.54782790694795080       0.57946527584338725     
  0.81859466474111131       0.92235524685706749       0.77465337613678487       0.94716567245076233       0.95988999410983145       0.85669274028584008       0.85278801062584464       0.86772591309409564       0.90763446684907012        1.1823640935616819     
  0.60576778076718107       0.26012129450578553       0.55769676226279308       0.58886266462163361       0.61724997603367371       0.74380800029848138       0.52066420153982917       0.65742856930992821       0.56277576278618491       0.59140611187425252     
  0.91355582233156929       0.97368360767598183       0.84220140557333312       0.95044370566960934        1.0556415237165089       0.89686927141049377       0.97615905895957411        1.0270337621794432       0.88186428271453809       0.90633048627385682     
  0.61848402581841533       0.27796507822095956       0.57347260365879171       0.60465112200379756       0.63286698415212117       0.75181389251522335       0.52806544710672798       0.67206069007532698       0.57778864981635103       0.60302217371762057     
  0.80571023040199707       0.90553677313166414        1.0318115654697146        1.0402778982943777       0.94175534936573047        1.0304668172125073       0.92668252265820439       0.78613518270788219       0.96144090497872547       0.85708043710827109     
  0.63125188500994123       0.29648029584373931       0.58956383693014636       0.62096419775291989       0.64765455200829747       0.75968832521047314       0.53449632330515751       0.68668380567419252       0.59353309901124618       0.61606930975948326     
  0.95454509027011158       0.92645536532678174        1.0218057125861444       0.93272017823590403       0.82269281676733397       0.80548864512986385       0.75642657518445566       0.78768520184122026       0.85873461928396133        1.1695909144967436     
  0.64333367999734359       0.31582872008724000       0.60473324708705212       0.63651772867816625       0.66256946097120750       0.76769040647567044       0.54096079205073044       0.70137112217128006       0.60877927947356403       0.63055654441041697     
  0.94345741448163134       0.85889076739158166        1.0846827259970373       0.91818462474979579       0.93179224249653980       0.72939035827905374       0.89279645848288414       0.87349374792003265        1.0027691229120583       0.81552172594255035     
  0.65574602872140364       0.33584635282311037       0.61981619332739546       0.65221919677482132       0.67747216018462408       0.77580820503874404       0.54771000128967162       0.71618777890740237       0.62293730309229323       0.64556228823995876     
  0.95436223757687377       0.86525064144165487       0.79984755488799919       0.88815183409700871       0.89065750833935020       0.83671478512114095       0.87573599707833771       0.82760976076284865       0.82730731948896874       0.91654850882039052     
  0.66804706745781384       0.35644536159439261       0.63364482332059002       0.66769771676703593       0.69157128174416638       0.78414268891491190       0.55477360295562750       0.73095388434903907       0.63662637159582602       0.65976874603663804     
   1.0647465599729391       0.84456787499047725        1.1769196510922253        1.0136122672495596       0.88326451084382329       0.90185901098561816       0.95560319394275417       0.76244947241825267       0.85292914164313616       0.88647425350254672     
  0.67993561481729503       0.37844964033564860       0.64763209771931529       0.68345129652331271       0.70542295844440783       0.79155775083902791       0.56279555974877804       0.74643681347013535       0.64959767640250476       0.67340871840812577     
  0.99690646164877916        1.0424501814301717       0.83763710245726541       0.92258111598238557        1.0282820003856217       0.93530052613894099       0.94249977005480989       0.98611398957391261       0.85227875766721251        1.1172515414126203     
  0.69299736393012745       0.40291684001876876       0.66241616201456144       0.69999795449449220       0.71906356872131905       0.79847248775622626       0.57056818823486577       0.76176270159043702       0.66270300094814505       0.68818677794093697     
  0.88215436440244477       0.95609020367309561       0.88947811397606669        1.1471035310926128       0.93837904484176560       0.79652316193172368        1.1129133292188906       0.96537198011923220       0.82961715334609654        1.1226350314511826     
  0.70558753780013739       0.42744564472117408       0.67754903627379981       0.71621277955691465       0.73299299278749608       0.80592120147018320       0.57823144359039136       0.77687585411702098       0.67688747502602087       0.70307026869345490     
  0.81735469581666520       0.85155081530794074       0.90764896838059472        1.0192181735098040       0.90446125804015998       0.91175046225609313       0.79675099608710143       0.83122139909657344       0.80157193968199725       0.86240302150437231     
  0.71851294887991313       0.45178784804234390       0.69356320079321976       0.73187759262564278       0.74740650047185375       0.81334160970717229       0.58637570538329542       0.79228261400477662       0.69100224844235014       0.71889544415504758     
  0.85829265604863614       0.81921359129783278       0.84423826442655425       0.76626582692228862        1.0119461662310503       0.88940979546316667       0.83269704353299667       0.98001029392183692        1.0157820676458331       0.85071028386564507     
  0.73126264215419656       0.47629487177166741       0.70967759994636048       0.74741598724227387       0.76260279649525997       0.82114514579489295       0.59499029122537261       0.80858889759086450       0.70660052555615371       0.73458149273943507     
  0.84624303828483916       0.78160481450734443        1.0944478356421383       0.98447235550337586       0.88490028918229025       0.80614616825448138        1.0324490162317241        1.0301164523319504       0.84910818018928103       0.98343740030306792     
  0.74517118026523443       0.50080084083957188       0.72696300956813309       0.76224420342945642       0.77743515808691321       0.82911182748398538       0.60419692628465427       0.82412463241936007       0.72269208470574364       0.75125403687487902     
  0.85529808662554307       0.77701662581290376        1.0063472985807331       0.75386602920917156       0.99733251922087873       0.82517416574747249        1.0177415435665762        1.1796113415879934       0.72775318333451988       0.94671691431309479     
  0.75928516504542620       0.52676401253422045       0.74425190750344183       0.77607842558433437       0.79200427104266524       0.83747120459710211       0.61391141180748310       0.83738628417223948       0.73925637235297204       0.76794210491885373     
   1.3040775011243775       0.87025455663632889       0.88318750219692088       0.89599067146250577       0.79719494861647955       0.90895393069752728       0.84448765088842248       0.88637591058912679       0.96381566025310927       0.89138333526241031     
  0.77406527010334547       0.55419536420041571       0.76077628476493386       0.79071574073745898       0.80616349209014793       0.84557820372571124       0.62367743438319567       0.85023992639632995       0.75595352030686758       0.78349619642892232     
  0.96101022092956956       0.91586486172857451        1.0181296794244328       0.94728389158591553       0.96946702337243251       0.90592025764397333       0.88932279826030036       0.89260730664457577       0.99562446875401289       0.99981269539132345     
  0.78933927422716188       0.58406319138703688       0.77720566561234350       0.80591630998172470       0.82030348183489299       0.85303620286967607       0.63356057005378474       0.86305211225494161       0.77269986733725804       0.79970075860506729     
   1.1321260268419682       0.84325162970824130        1.0853370286945296        1.0409561036041757       0.78841802855720300       0.90641355751536035       0.94867595755235135       0.86859824168479061       0.99217626134207293       0.89010149110203662     
  0.80364985648892606       0.61523539930171722       0.79389054897761979       0.82196995794252437       0.83443011943554768       0.86069982669735889       0.64365825261830323       0.87530155730067016       0.78931053346045688       0.81684751094036789     
   1.2433933187722928       0.77413288287877757        1.0206966975192100       0.84432965705436824       0.84048424383755771       0.86861588995694250       0.85482961321730699       0.84760510705429248       0.83876483782086830       0.99568912978384982     
  0.81769834912538431       0.64660052916219357       0.81051104575502431       0.83879409901781021       0.84874159768076218       0.86938272187007737       0.65392869813534427       0.88672320409385585       0.80767212980094505       0.83385480322167327     
  0.92466950230274381       0.95586002564127959        1.1266927764945223       0.92174574323141478        1.2329473580416344       0.87156519147845657        1.1289677515313190        1.1729408692202723       0.89891398267470446       0.80799918307569352     
  0.83182056524357972       0.67738109969417160       0.82718192960409942       0.85704641035252371       0.86272551852073132       0.87826011038850649       0.66493920400422468       0.89818124332479610       0.82691256848727845       0.85086823460336769     
  0.97694490321367944       0.93301181559447721       0.85880454128606154        1.1346611590515812       0.85242657387058185       0.94273421876777408       0.83477026293528167       0.81201242524854078       0.82973997134130850       0.79811490622712278     
  0.84595654778736906       0.71006214184713734       0.84501297115118823       0.87626783920152995       0.87643132908984844       0.88868476693620035       0.67695415608401621       0.90907052751742723       0.84697272155688308       0.86693971884967669     
   1.1390012176018867       0.87472998960005210       0.93410316234183077        1.1392650596692051        1.0325740874771845       0.93206948873322337       0.87197346471023818       0.95277053710266235       0.75323740695176777        1.0369463005265540     
  0.86048986496316937       0.74336729120900147       0.86394379143938727       0.89305509313621556       0.89173376071885113       0.89858370430859658       0.69052658242175369       0.92004156649475899       0.86727436841803585       0.88199274400479832     
  0.97582012275271302       0.91057576797869244        1.0796260690901811        1.0470619011342710        1.0768027984467008        1.0953875438137022       0.87487067723368239        1.0388760093564464       0.93058852526940072       0.87814349158486027     
  0.87476031751186745       0.77721834389439803       0.88334404588207860       0.90822022510715783       0.90732049912907875       0.90948791061480183       0.70475742819662801       0.93103870357850615       0.88819748512690044       0.89706084235134187     
   1.1025005431149033       0.88949958436976173       0.95162628711053066       0.86541973455115928       0.99091837803551841       0.99578801680039108       0.92017043744698823       0.90890540954143784       0.87560702911049282       0.86617897633424012     
  0.88891699307863459       0.81207375468524101       0.90242518230530477       0.92461137714308683       0.92206486901160478       0.92012847269588693       0.72153496210397661       0.94234296418756336       0.90862694936881061       0.91387141361149182     
  0.87485709585066895       0.88496436003598244       0.90723858747672592       0.92116750020997096       0.78210882519213487       0.97471120144976930       0.87957962446354010       0.87499092084315577       0.88781956019015229       0.99593161979143185     
  0.90405048484867356       0.84736115404546752       0.92218045539850624       0.94110499835722805       0.93640989454467405       0.93343835212739468       0.74073116138899764       0.95433920241563319       0.92883349406000648       0.93095117484649681     
  0.98909149075527192       0.94695997608771898       0.93046967613036569       0.90411546682593591       0.95090033087563719       0.98654403627307574       0.90980787431964927       0.87489284973798009       0.90486206670510960       0.92102808575447492     
  0.92494499120946105       0.88364916224695722       0.93984170158725933       0.95593045354052419       0.95231209102758341       0.94726273210539269       0.76784803450881922       0.96592384767946571       0.94711966693756067       0.94893299330448977     
   1.1166561488289017       0.85163161458411807       0.93875043614428044       0.88673453042009120       0.91963227821169236       0.92254929178550993        1.0258355695925758        1.1043716328963153       0.85046353749659964       0.88184316669240159     
  0.94698552603249286       0.92023554280681141       0.95776697915004194       0.97068962971962403       0.96796301343501268       0.96194822009693126       0.80407268678359700       0.97719025609102106       0.96479860714614030       0.96584406074241591     
  0.96296024417108883       0.72465650756783040       0.92009737077940246        1.0427416807916154       0.94080941795823436       0.88982584935792708        1.0615256353046787        1.0883507912797779       0.79551706782322062       0.87542006138522788     
  0.97242755614523002       0.96016643219619024       0.97820871230702744       0.98546224413318284       0.98403597175529378       0.98138414989314859       0.88263562201034884       0.98850443641866304       0.98215439539729499       0.98314181231527276     
   1.4221270786406390       0.80536011558038523       0.90688845022632003       0.86882561724857554       0.90259959204865259        1.1274339303912158        1.1423508303983763       0.98420311642894742       0.87801846299493902       0.95040979689923788     
   1.0000000000000000        1.0000000000000000        1.0000000000000000        1.0000000000000000        1.0000000000000000        1.0000000000000000        1.0000000000000000        1.0000000000000000        1.0000000000000000        1.0000000000000000     
  0.97879889469650960       0.88776413423210199       0.92850841911218895       0.82112205755112178       0.80401053733940209       0.93645360394694221       0.70969912063537377       0.92782247701805065       0.93266083142063649        1.0143332164793522     
   8.4083922492501024        4.8118234439354692        11.785005555405798        7.7085734532222761        8.4928455757873511        7.4162285220077848        7.9867759308301016        8.8725012188310117        7.0905774042673020        9.1006229538073686     
   9.3967680571914087        7.7602995780432851        8.9163456116093567        6.8577450426945292        7.8419125787522210        7.4274338035801941        8.0168501012714497        6.2449091501537763        5.2582944768070865        8.9245356491923822     
   8.4874294242577655        8.5275252125819776        8.7754142266009652        9.4577862568592170        7.2530389571917588        7.5789781893808508        6.6407755300865503        8.4793859293045077        7.1508246575806433        7.9557188179660443     
   9.1831913676358194        10.318375141909247        8.6333966601402299        9.3927215515573348        8.5625249117076017        6.2014173941890434        8.7995865073305115        9.4000040590479124        9.1422597481555012        8.0341266491242749     
   9.0984861767092600        10.461803904967166        6.0796979178562669        8.6509852220829870        6.8918035722917859        7.4779771500308430        9.1111953061384856        8.6038180642420148        10.051905791962639        8.3578833120992879     
   6.5125717344759071        12.505359740599468        6.2550300718900278        7.8006440468550506        9.7915698034586125        7.7650874362472928        9.2656493078101541        7.5344887982699653        9.2503954149406447        7.4183524275616195     
   7.3683930730287344        12.966628922222966        7.3352186102070034        5.8442660450826063        9.9622623469983775        7.9036722289141625        6.6195549103461060        9.1037769064433967        6.9711386345694510        7.0135831881475319     
   7.6396576932472708        13.881211219922427        5.2641270584760624        10.165866849901615        8.2058805560750763        12.457324177885297        6.5858182307368880        7.8319685711426201        7.9300730658667851        9.3086769690670579     
   8.7162389948613247E-003
           1           1           1           1           1           1           1           1           1           1
   3.1383533162317193E-002   1.3145609600257464E-002  -1.5199641534136249E-004   8.1823158783845145        5.3309073723403278E-004   9.7963730556075658E-007
   3.1876963051339052E-004   2.7908047619045948E-004   7.9949356222943534E-005  0.32419379704345974        7.9920028402166450E-005   1.1518362526946209E-007
   5.0000000000000001E-003   8.6606830081621187     
