  0.00000358341186294  0.00000404380179923  0.00000440355912930  0.00000474626538489
  0.00000506919434276  0.00000538629493076  0.00000573543297616  0.00000615238545843
  0.00000661015047229  0.00000707256126497  0.00000756160766578  0.00000812893709049
  0.00000873373722297  0.00000935706082092  0.00000999454218154  0.00001065375321679
  0.00001133086886528  0.00001196208979295  0.00001268385165572  0.00001345145347124
  0.00001432926259096  0.00001525161535539  0.00001618820254359  0.00001717234876736
  0.00001821906532061  0.00001930746308767  0.00002040226424609  0.00002153146827966
  0.00002265367388770  0.00002384123424981  0.00002508429421989  0.00002645413544606
  0.00002790964828993  0.00002947380378750  0.00003119657200933  0.00003305755236858
  0.00003521703980082  0.00003761000773145  0.00004022877462748  0.00004302834963022
  0.00004592355078561  0.00004893244734239  0.00005207399585371  0.00005517159800487
  0.00005806954847782  0.00006095776746992  0.00006384790911466  0.00006705057132035
  0.00007065884793032  0.00007473995461380  0.00007961352029499  0.00008490052345404
  0.00008981419907747  0.00009467359281102  0.00009922928235959  0.00010409578107178
  0.00010972350906034  0.00011597406582660  0.00012290791212153  0.00012999630021904
  0.00013759355587357  0.00014615930997120  0.00015542416416743  0.00016503842864964
  0.00017507142210048  0.00018525163446569  0.00019801480871094  0.00021315091751575
  0.00022998435973317  0.00024865078763229  0.00026937799760693  0.00029050214779438
  0.00031331677661794  0.00033740411044799  0.00036594338333603  0.00039692725048116
  0.00043090652834538  0.00046973743857262  0.00051333353623193  0.00056167493235150
  0.00061482481931556  0.00067476722896853  0.00074440111800086  0.00082928840962790
  0.00094256325775626  0.00108555377953281  0.00124369527481898  0.00142294768620430
  0.00163063562729783  0.00188991095346660  0.00225350837074586  0.00285796287665113
  0.00388788104827877  0.00554457236173489  0.00629686666383164  1.00000000000000000
  0.00024797256377557  0.00025048852876757  0.00025560854714705  0.00026363904666497
  0.00026926735574629  0.00027446475019387  0.00027967493901938  0.00028500284997121
  0.00029097372422004  0.00029730819005320  0.00030400522016667  0.00031131217472478
  0.00031884121843798  0.00032709280869934  0.00033626292067575  0.00034605512552279
  0.00035618806321022  0.00036576822422683  0.00037531917836347  0.00038506797360622
  0.00039544511222445  0.00040673235780335  0.00041809797135752  0.00042950366784097
  0.00044162420516276  0.00045438937349097  0.00046890249874600  0.00048419474090611
  0.00050006511083477  0.00051634503564843  0.00053233438601993  0.00054947915603045
  0.00056783542497772  0.00058736593658422  0.00060808167573588  0.00062992888746534
  0.00065333777438804  0.00067840910111483  0.00070505896881879  0.00073542766815177
  0.00076763979944897  0.00080006205117817  0.00083442088285914  0.00087137856777762
  0.00091041437569263  0.00095142594073150  0.00099632510620773  0.00104379042012547
  0.00108924124246893  0.00113400611961288  0.00118476887849496  0.00124059445565090
  0.00130366026889465  0.00136570538697275  0.00143061290294367  0.00149466965228175
  0.00156082074376428  0.00163193636480279  0.00169404617961224  0.00175574378246277
  0.00182093422671172  0.00189209932741870  0.00197189837485499  0.00205496866758501
  0.00214640667266548  0.00224584710477539  0.00235467266752499  0.00247397352220446
  0.00261650438543362  0.00275446490349246  0.00291114832186268  0.00311113123346208
  0.00333382372665671  0.00351108821027848  0.00366916843412137  0.00382901972710593
  0.00399979042262425  0.00420435299570759  0.00445141614870414  0.00475990149988788
  0.00509418267501783  0.00538979648871171  0.00575306058151831  0.00618293292623799
  0.00663064633892200  0.00714606651880092  0.00767844123978522  0.00848559261925259
  0.01016991524731221  0.01261565610782252  0.01358656081848618  0.01458874678048667
  0.01647084975671705  0.01913955347143709  0.02141893345960856  1.00000000000000000
 -0.00154069921592397  0.01044304595296466  0.02093936852522222  0.03209023948568696
  0.04343898812063898  0.05486226109304249  0.06537172182695354  0.07525727345413584
  0.08458536424408060  0.09488085794795872  0.10594032535562563  0.11744698989545942
  0.12921429348785357  0.14075728713489230  0.15122929569656446  0.16201415125458629
  0.17287451001314788  0.18386505247238891  0.19439983071303932  0.20450568123198465
  0.21491272680810422  0.22439244825421101  0.23388291053280502  0.24360189167988763
  0.25402514363900203  0.26505688118728138  0.27519581219523909  0.28486867714645114
  0.29444259995708744  0.30353202007140651  0.31300709327345611  0.32323026801115035
  0.33507231105870072  0.34729432360319723  0.35946168378802168  0.36987908744141629
  0.37994589265040662  0.38928480824391792  0.39961455779786426  0.40982966564470813
  0.42129566845006300  0.43300114035737114  0.44497466950387810  0.45613987361110253
  0.46651308373395967  0.47691016166437272  0.48853550912859922  0.50228035044213526
  0.51516997113359964  0.52623062498318840  0.53651882642833049  0.54588926587490594
  0.55463724521747892  0.56344824704623864  0.57292147202087751  0.58292906863842797
  0.59316979822303717  0.60368288385221014  0.61529187553310638  0.62721402980600982
  0.63850588307137957  0.64900308406024099  0.65877374769919306  0.66754378734869857
  0.67614494168571471  0.68537541438708471  0.69571939480764877  0.70682302148736886
  0.71785534415610852  0.72919681358382504  0.74033929422759737  0.75084546491261417
  0.76119173676836782  0.77206083921498947  0.78382964182901382  0.79511438300417092
  0.80599672798131994  0.81663526340481385  0.82785576281484985  0.83911444897360932
  0.85048370993017364  0.86167853927798421  0.87326251346791706  0.88464878205292719
  0.89578527030413646  0.90584777998921684  0.91512637195178892  0.92484384685704490
  0.93431265302618516  0.94396223303594817  0.95259148748681155  0.96118568355415757
  0.97004220152552645  0.97940392701601586  0.98912183086799832  1.00000000000000000
 -0.00011997306334155  0.00027090625187548  0.00053398823111976  0.00075199714771021
  0.00099584891039955  0.00124891929833849  0.00149371764516933  0.00178065269075470
  0.00206932441250127  0.00235012761848623  0.00261924408059536  0.00289076603845554
  0.00316364548942032  0.00343682566661374  0.00372565942638227  0.00399623053808484
  0.00425036505919190  0.00448639622866311  0.00471708814067274  0.00494561222993951
  0.00519637848264422  0.00547176920392062  0.00577434740416584  0.00609127375948873
  0.00641249000673148  0.00671939596491509  0.00702382400048702  0.00732511317365940
  0.00761455690414786  0.00788090653075383  0.00814839955399120  0.00841978902135040
  0.00870214758169095  0.00902614233902365  0.00934799502391464  0.00962846808223700
  0.00991573194001916  0.01020722290490411  0.01050347096040618  0.01083285317443578
  0.01129827255924856  0.01172818054104142  0.01216249207312827  0.01255965858909341
  0.01296060135003107  0.01338864679532491  0.01378476876276876  0.01419439387707329
  0.01461937954846558  0.01503722853874217  0.01544635108441176  0.01573973559412752
  0.01600869311555297  0.01626847786461301  0.01651496443795409  0.01680047560714519
  0.01716538752949407  0.01774173008858199  0.01834007945895336  0.01887675309169936
  0.01939697935010911  0.01986029702633202  0.02031977391717812  0.02084316450383147
  0.02138323317824970  0.02197026207286980  0.02260466534927259  0.02313764284554392
  0.02372262996795430  0.02488150253465012  0.02567812472075121  0.02603139098911772
  0.02639572426557261  0.02677018092600005  0.02712592565432604  0.02747683836704036
  0.02815893451218168  0.02906589049411692  0.03145737426673866  0.03214749660984375
  0.03270506028002619  0.03346797475364489  0.03424484665003388  0.03498263058059124
  0.03584762101501019  0.03626793243582945  0.03685869945301885  0.03753011375036145
  0.03823789485190864  0.04043833743785206  0.04611367502990176  0.05097084050527115
  0.05433512354326687  0.06168062496517086  0.11394972918821650  1.00000000000000000
 -0.00291794399094839  0.00974960508047642  0.01991472314161305  0.03135615018540768
  0.04227184838307142  0.05221525826287782  0.06182291798962184  0.07193224059676537
  0.08318350440001686  0.09437196185237172  0.10457294487614462  0.11353519541012638
  0.12225503631454662  0.13136581768996206  0.14172997339029883  0.15354758031827159
  0.16430885333615039  0.17368688747118660  0.18249123579290902  0.19149551572851167
  0.20151195997741039  0.21102665853802638  0.22085263393539545  0.23164670135121609
  0.24424528652009578  0.25694257647217517  0.26981857608199056  0.28245259791701666
  0.29348832010390963  0.30311276355007488  0.31209934885904783  0.32092274940008836
  0.33020304548066781  0.34013404194685204  0.35066774996418210  0.36190064578766962
  0.37279590936715012  0.38304257454762508  0.39258484471651245  0.40242785860997965
  0.41262551706382106  0.42241535443650846  0.43238092959505015  0.44230284049419727
  0.45384177233765988  0.46578626834148978  0.47797406126571734  0.48924942619472711
  0.50005539221422379  0.51012485457679480  0.51966281583697460  0.52930934230294391
  0.53924156836806258  0.54956126361935009  0.55996282167568023  0.57064979115162850
  0.58186436757230175  0.59261018321988923  0.60290571281804728  0.61315212794601182
  0.62380412965338294  0.63469655995680674  0.64463187758900897  0.65420751588101422
  0.66384790897284573  0.67417579011386319  0.68526889123996437  0.69714680710874000
  0.70782949459949362  0.71754277279776968  0.72732842385212115  0.73770047587518783
  0.74876991082032396  0.75972009801695695  0.77090099019333114  0.78237957149975068
  0.79398665477637886  0.80374976082670802  0.81297872803964144  0.82263046453688482
  0.83353680553942822  0.84617512754925717  0.85870827672300110  0.87070686809957187
  0.88311953229296103  0.89571404199922655  0.90859564478725530  0.92025428944730459
  0.93106572185676728  0.94129376508404228  0.95152215187980971  0.96207204309240879
  0.97214145552157172  0.98159094018589033  0.99106687521942427  1.00000000000000000
  0.72683090372191828  0.73209253103593452  0.73503244152019720  0.73740870326496089
  0.73982574612237229  0.74257185078723176  0.74704085336341131  0.75538433984469855
  0.75983374633676326  0.76343828214007170  0.76775725323455035  0.77199054923069121
  0.77575086201548071  0.77881988516853429  0.78142543389705732  0.78390929026188916
  0.78647416261098879  0.78956199744107647  0.79321871896125329  0.79668717199281924
  0.79983637688734677  0.80304971363086153  0.80632789488319467  0.80909011019121324
  0.81154090322824513  0.81388551468345183  0.81620570046541518  0.81852581464246421
  0.82090202543899327  0.82300458252330488  0.82544103891454701  0.82809041827139218
  0.83113039271238276  0.83422542212473205  0.83710701389303421  0.83948868356429540
  0.84189771625558107  0.84423970946746596  0.84670391097923714  0.84920040128196850
  0.85168176650653460  0.85412875024698687  0.85661077741199365  0.85920336244150353
  0.86186380560525055  0.86452955163191858  0.86710332382448996  0.86965373187568396
  0.87218233497803466  0.87459658219024350  0.87691104232057626  0.87917965495803430
  0.88161998185608836  0.88423481082829514  0.88689534201161135  0.88934857462557626
  0.89182105247790955  0.89421821297098680  0.89680311792485368  0.89912083432964085
  0.90138883968282646  0.90367294565488643  0.90610065900545123  0.90862692294662628
  0.91111975618785224  0.91344580092333738  0.91586281619843368  0.91837460163847295
  0.92087181395340378  0.92320883913750518  0.92536031274323161  0.92743779795314707
  0.92952645955742641  0.93173953868411596  0.93410355759902985  0.93664657235501148
  0.93931127822512250  0.94193764324749218  0.94456996209963850  0.94721492182871669
  0.95005013061723176  0.95286426182133155  0.95551094215316035  0.95804724214222159
  0.96072860902989066  0.96341438436272919  0.96611573988000543  0.96881046092650336
  0.97149067873137473  0.97446497355972106  0.97759121322962883  0.98097390071932644
  0.98470819035719104  0.98872615815827369  0.99383685957417767  1.00000000000000000
 -0.01751662990882195  0.11859844369246322  0.15682551723425031  0.17971928702251463
  0.19715619664993828  0.21230501175247121  0.22408725898640283  0.23506121654342924
  0.24559514326640738  0.25629280402171578  0.26629456698746751  0.27599293257587243
  0.28544104252134395  0.29384690586662615  0.30162012548719247  0.30898704498357293
  0.31553834432665662  0.32171085034548441  0.32788540564841528  0.33455621458305701
  0.34172011250864831  0.34824291114259992  0.35452402924241400  0.36064927771901195
  0.36713943929375226  0.37383173546322968  0.38044102508037941  0.38693511962998989
  0.39295682555815858  0.39891721072674419  0.40472575493296120  0.41072768312229146
  0.41675189341029623  0.42260371936491659  0.42854779902880286  0.43449214543950526
  0.44012435203862516  0.44542815974331457  0.45000726040846528  0.45449694200959739
  0.45904553942739579  0.46396119538618008  0.46954921312018921  0.47522481496531815
  0.48052265308402042  0.48573747905767040  0.49111433154717871  0.49587362137270158
  0.50090715037912881  0.50617813833827097  0.51174914187575449  0.51720389658321186
  0.52225457641753226  0.52712892347488249  0.53254835750020457  0.53843137978309319
  0.54443719712739302  0.55015362609295881  0.55568874759144116  0.56134030716935945
  0.56680403784461530  0.57192011357084316  0.57696979359833356  0.58195302904872614
  0.58684834796521601  0.59160425238174197  0.59624558511009640  0.60095289755707693
  0.60597758308005834  0.61167040268972817  0.61756329031394086  0.62317027389783541
  0.62899706420890278  0.63533305674802454  0.64244590345017805  0.64960327934631645
  0.65673932516033029  0.66397229411100334  0.67170781076667052  0.68031532602978406
  0.68896140133308237  0.69674860022418006  0.70440430841860180  0.71340570139476134
  0.72340516004361044  0.73324716560585734  0.74224167536568619  0.75143192021634442
  0.76160910287513095  0.77290198087942208  0.78638114021863093  0.80126340518116579
  0.81874051854472851  0.84043895003311431  0.87608305850359314  1.00000000000000000
   9.6965290859899992E-006  0.18141469729699999     
  <DiscreteSampler_grid>
  Helicity
  1 # 1 for a reference and 2 for a running grid.
  80 # Attribute 'min_bin_probing_points' of the grid.
  1 # Attribute 'grid_mode' of the grid. 1=='default',2=='initialization'
  0.0300000000000000 # Attribute 'small_contrib_threshold' of the grid.
  0.3330000000000000 # Attribute 'damping_power' of the grid.
 # binID   n_entries weight   weight_sqr   abs_weight
    1   1875   3.188243045607547E-004   1.302595125390870E-006   3.188243045607547E-004
    2   211   4.025830952809155E-005   1.914865841778804E-008   4.025830952809155E-005
    3   348   5.879089543603384E-005   1.819751201933091E-007   5.879089543603384E-005
    4   84   2.264115156000558E-008   2.873257257967891E-015   2.264115156000558E-008
    5   541   1.099477576244120E-004   1.636458063517167E-007   1.099477576244120E-004
    6   264   5.022143265249753E-005   7.616132052368210E-008   5.022143265249753E-005
    7   235   3.914926413127484E-005   2.236634517765196E-008   3.914926413127484E-005
    8   87   4.332142829019326E-007   1.275460154257051E-012   4.332142829019326E-007
    9   85   4.804164066253632E-007   1.736728715636302E-012   4.804164066253632E-007
    10   279   4.621978625968696E-005   9.384146622178176E-008   4.621978625968696E-005
    11   179   3.708786218224094E-005   2.522720098887532E-008   3.708786218224094E-005
    12   609   1.258456923516338E-004   3.174748263486885E-007   1.258456923516338E-004
    13   83   2.287566203584445E-008   2.878829676441204E-015   2.287566203584445E-008
    14   196   4.041427139797361E-005   2.403969660901234E-008   4.041427139797361E-005
    15   269   5.090847026861410E-005   5.901594161276117E-008   5.090847026861410E-005
    16   1965   3.002573239533791E-004   1.252979076012265E-006   3.002573239533791E-004
  </DiscreteSampler_grid>
  <DiscreteSampler_grid>
  grouped_processes
  1 # 1 for a reference and 2 for a running grid.
  10 # Attribute 'min_bin_probing_points' of the grid.
  1 # Attribute 'grid_mode' of the grid. 1=='default',2=='initialization'
  0.0300000000000000 # Attribute 'small_contrib_threshold' of the grid.
  0.3330000000000000 # Attribute 'damping_power' of the grid.
 # binID   n_entries weight   weight_sqr   abs_weight
    10   10   1.524508347090000E+005   2.315539210550000E+011   1.524508347090000E+005
    16   10   1.524508347080000E+005   2.315539210550000E+011   1.524508347080000E+005
  </DiscreteSampler_grid>
