   0.0000000000000000        0.0000000000000000        0.0000000000000000        0.0000000000000000        0.0000000000000000        0.0000000000000000        0.0000000000000000        0.0000000000000000        0.0000000000000000        0.0000000000000000     
   6.0637289098550616E-002   2.0292094074628314E-002   1.5141813411112530E-002   4.0511492524711458E-002   1.4355721633688433E-002  0.27711461903869267        5.0586647294556884E-002   5.9467560618093572E-002   1.9994649132873792E-002   1.4476601294941291E-002
  0.87567474423233616       0.84464020602240641        1.0635549494951611       0.92318005335755382       0.88124814609558844       0.95460928132729339       0.76605074860166900       0.76489654071759083        1.6837496356625865       0.96680039211746960     
  0.11185201654304631        4.1063021120986073E-002   3.0674189312164625E-002   7.9838183042006489E-002   2.8731316288494412E-002  0.41092289881336586        8.5952875977535773E-002  0.11211089327119544        3.9655912314060328E-002   2.9157616253347691E-002
  0.83136631564783992       0.89726225844514618       0.96164989537298495       0.82812171804013668       0.89770894246623412        1.3224148753437028        1.0079776410562462        1.0779674763870901        1.9795685600884045       0.97076980712382377     
  0.14938281031709708        6.2322685347243133E-002   4.6912350758775936E-002  0.11746175827456962        4.2393957928239495E-002  0.46067084893036053       0.10302799925324388       0.15199534233083120        5.4356190883548636E-002   4.4091010474194781E-002
  0.84418386181948279       0.88865779685004720        1.0763687416788565        1.0237793934891404       0.91298428305175239        1.2513354136166055        1.0195221814741486        1.0070928683395775        1.4604266185773058       0.88538650605769487     
  0.18227801136176594        8.3129891307984607E-002   6.3772153171978346E-002  0.15446569423393558        5.6464458754728525E-002  0.48992458614435253       0.11784965245847878       0.18177018299481429        6.9026535071247674E-002   5.9437938406036325E-002
  0.96843167892907767        1.2107406780932917        1.1090767662747389       0.79848526084712701       0.97762831661469096       0.88612080184877784        1.1179180941197311       0.95727245757561885        1.5161919766946963       0.95778526080056348     
  0.21068024463451410       0.10303619568959253        8.1370170010131609E-002  0.19076788727112828        7.0735509376762373E-002  0.51677442391867601       0.12891061999046707       0.20427226090320960        8.2936728623595829E-002   7.5289272824488496E-002
   1.0537797520148158        1.0246235970522921        1.1877135281547544        1.0600480113217310        1.0935718405507400        1.2241112758125177        1.0331182779432948       0.88521922022346344        1.4340608823438556       0.90463161286861793     
  0.23598232357809595       0.12263952059863879        9.9201538356729860E-002  0.22568982333076698        8.4649898716063668E-002  0.53701935161094327       0.13952515454978404       0.22290555209284965        9.7120091815271814E-002   9.1530773869699725E-002
  0.90173441593319081       0.91462442607790295        1.2410930288433863       0.85926466305219040       0.97800865654471569       0.88795224188410282        1.0473057902247442        1.1883403475271355        1.0385172345452891       0.86651643709166926     
  0.25892602422334143       0.14145815578863122       0.11669106954593372       0.26058151603701984        9.8080946766554683E-002  0.55638366970824926       0.14841113927786298       0.23924358083731154       0.11004008010946816       0.10813898585916824     
  0.90765173265377330       0.90636840981036637        1.1607449137755999       0.92886510268058609       0.99485792291494224        1.1262762315110975        1.1585664474907202        1.0250858446757287        1.0824331406753311       0.87600350929604021     
  0.27970639420767762       0.16066805637751297       0.13393746338729817       0.29380288800801890       0.11229827151593656       0.57286162270684571       0.15703445360284557       0.25369789274745391       0.12220428658235713       0.12461019719206942     
  0.80307030859458972        1.0223021464892419        1.1289564951416191       0.86278553883523157        1.0244146141606085       0.99761135697647485       0.95734801215604814        1.2240845526242474        1.0794968801610292        1.0009044290598992     
  0.29879063127860955       0.18044517719035497       0.15213439445539131       0.32558801530785597       0.12661485065938227       0.58904902900693357       0.16372870997349401       0.26653058988157796       0.13556220347739933       0.14244347245938796     
   1.1379866408842076        1.0661543033550074       0.86817327847375292       0.97405560803030355       0.77917700963079128        1.0364385638000966       0.94827555928879470        1.0778358802506227        1.0094401832286430        1.0431719844130889     
  0.31727612886448608       0.19989795030592947       0.17130098957136564       0.35531683082735344       0.14068835163725429       0.60231230843377359       0.17028636645333936       0.28017238906730629       0.14968705323563286       0.16084535071645201     
  0.88331627170583060        1.0133534947017309        1.0972243299663891       0.88785766905003227       0.87180780377285727       0.95739133466912218        1.0610465445828126       0.94887660722310740        1.0828452320755408       0.93548494447205344     
  0.33568296813825194       0.21801578625855503       0.18932785514258424       0.38539165401854408       0.15502687615341398       0.61547178731905250       0.17701794962732198       0.29405376435251318       0.16340745542184293       0.17903351043869067     
  0.92540698180511594        1.0365990749188103        1.1490896690641477       0.92616679664030965       0.92255738419403333       0.98745719985215941       0.94159174829530579        1.2659112608094263       0.96745352210683888       0.99227940067772746     
  0.35322402415932536       0.23605513407117393       0.20567081118495170       0.41431034385815757       0.16925087024601349       0.62812034518579463       0.18375037251964682       0.30778927849539711       0.17719772923267876       0.19751329958599601     
  0.92373432792312848       0.92480416757805528       0.90919522725834012       0.98205948603151938       0.93341165915398994        1.0342429986920003        1.0389431232832707       0.98830150987709853       0.93918528582569161        1.1030694192814623     
  0.36963571340834300       0.25370597202930639       0.22220834168168926       0.44255515284327673       0.18349193320184415       0.64036114995885440       0.19066091212841291       0.32138490144478110       0.19168470886145825       0.21682329987921639     
  0.91998106642457644        1.0427931348166717       0.90507556496773967       0.97448764994935200       0.90602492381405109        1.1288015695020082        1.0424507999657633        1.1211447767488036       0.97764878573408120        1.0033327504685727     
  0.38446682060791759       0.27103012526708076       0.23855692183206573       0.46947743878901543       0.19802238629348032       0.65099484654628392       0.19743051464876915       0.33471258197994674       0.20610286857614943       0.23643269902919647     
  0.87863539806521906        1.0189140272717903        1.0636788820943586        1.0122257034183648        1.0518649418297956       0.94407267114904725       0.90086971885475597        1.0895097533483742       0.98669760348758895        1.1038681368270140     
  0.39890576679024364       0.28574706823874557       0.25498325457996135       0.49585135383986523       0.21222126669156607       0.66129696158718787       0.20409547596221683       0.34722514349335604       0.22079027997285927       0.25533775737005943     
  0.92849438906620929       0.83751732233501586       0.99451058524099911       0.94854542229179395       0.93316609126523875       0.97863068442977208        1.0925137703378647       0.99474025441112823        1.0255798494663193        1.0775393513196709     
  0.41354720993916172       0.30099756810283568       0.27208999613293294       0.52115051237317689       0.22633729161333915       0.67100967224863872       0.21060384106049218       0.35981152711452075       0.23551454882072148       0.27371922355553735     
  0.93354677747611226       0.98976519507299243       0.99594664356711637       0.86569759601352025       0.92575553649842612        1.0418736965035209        1.0714967336279198        1.0037198077330163       0.97835028416735126        1.0151161307579117     
  0.42892237640949005       0.31721327730264171       0.28887370997884043       0.54511620734061739       0.24080692676452028       0.68077734007239399       0.21738814236259188       0.37228802521674215       0.25063200311019224       0.29161587285227764     
   1.0507485104238925        1.0732857541515428        1.0724568125006151       0.95711127804802598       0.78876649821608824       0.87968659217753264        1.0951827999062327       0.93967791113120658       0.87632224384419433        1.1157289725759414     
  0.44408128135633540       0.33328534475158778       0.30482303402456140       0.56769789725363073       0.25601605970648267       0.68977314922666233       0.22408591379924869       0.38475878378994954       0.26638806063981685       0.30909945829679231     
  0.97186296023131480       0.99460635223228133       0.94005776516175943       0.78605258221962471        1.0548480773090347       0.95742101556393810        1.0300310010974245       0.97386902958116239        1.0482956255226221       0.93234648183285040     
  0.45857921634654863       0.34882399539839076       0.32115965983692474       0.59020195864662361       0.27156496089569848       0.69889570429485370       0.23024836577544813       0.39829625377877481       0.28123704265553362       0.32653029740766598     
  0.90699438664160414        1.1341128582280378        1.0276108919552791        1.0737686265341959        1.0021294289386602       0.90317296766245514        1.0232777753755409       0.95907022802247988       0.98518759878572815       0.87249305757871942     
  0.47321904189047792       0.36410690667328061       0.33704052612733920       0.61202731100796492       0.28786428119863849       0.70748538129329930       0.23632540445897826       0.41210778883819327       0.29551301061308233       0.34359868231536334     
  0.97807842867408468       0.91253167372348565        1.0519992278598929       0.93164903056377302        1.1339545950317476        1.0299966934239657       0.96151873177583058        1.0997173826280595       0.91879876318823450       0.85559604542967083     
  0.48801353793230240       0.37838181386859127       0.35271836100320542       0.63265495497388990       0.30384566615362901       0.71601319482143366       0.24222955399592597       0.42680955510118834       0.31206388358792791       0.36049924230903180     
  0.88315979436834846       0.90448251262161372       0.95952973212633630       0.97147069454708046        1.0312592024763629       0.96224895476787498        1.0032305482337247        1.1139065080746424        1.1330551000640385       0.98896273383667610     
  0.50287993135621600       0.39302564465986223       0.36928425472768234       0.65243488207503730       0.31936087754892789       0.72390653283681350       0.24806457347141200       0.44176562149488696       0.32828201401194501       0.37729771746800983     
   1.1091464812475360       0.95085647455920497       0.99866883074937696       0.97435854897338681        1.1993233741498761       0.98661111379448341        1.0226039684877899        1.0589416581177697        1.0756981674954691       0.86857974608899113     
  0.51759112223775849       0.40720587319245505       0.38583452318196937       0.67141626045487901       0.33494025488781459       0.73156648927034196       0.25394017076549752       0.45605684822534043       0.34435825421614130       0.39348423388728648     
  0.92819531637620734       0.89571232458600158        1.1709923717705817       0.81804375176934707       0.95319023622701393        1.0028456853059464        1.1630473963209189       0.91725916975089083        1.0056910841371298        1.1067849566884722     
  0.53178119758001052       0.42151792279857747       0.40234219260448750       0.69005981764923763       0.35071729149358022       0.73914431473422615       0.26017445035993331       0.47032487667206002       0.36042856461990347       0.40869838239927259     
   1.0515360062384560        1.0326964089945723       0.94953861441097176       0.99793495540745036       0.94180060239290686       0.86609867146900910        1.1028292744736248        1.1271458830088632        1.1024392352789467        1.0552947844645397     
  0.54546059010610759       0.43495545846675837       0.41885563960432293       0.70733440853391982       0.36635319255190674       0.74680732575856146       0.26659985111576923       0.48513368267213142       0.37619415805911832       0.42408879673911420     
  0.94760996447320500        1.0759756147278339       0.98390521589318514       0.92227386210871931       0.95710183545508154       0.92875144218498629       0.94823154068318738       0.88005139427884560       0.87198640981840625       0.89347304514729431     
  0.55886717168992817       0.44931500738869667       0.43404290928791261       0.72400606588135163       0.38238168572051817       0.75403544454149407       0.27297103960118851       0.50031164859407251       0.39238683374623040       0.43824104355982652     
   1.1080667105623305       0.93556665083430735        1.0644571312802520        1.0051633218043001        1.0568873155679457       0.88426780131245464       0.89700189485651238        1.1369540766131583        1.0208637922076733        1.1661911249040202     
  0.57213641698945716       0.46135090366725418       0.44953931298022359       0.73994217133815299       0.39817769402710090       0.76088983614732064       0.27931659382582985       0.51418519148972852       0.40830381442349212       0.45255655906325465     
  0.98345307842257157       0.93588539278140426       0.94784806879244277       0.88530093530460041        1.0631258577516678       0.92578303476611412       0.96078623962949516       0.99862815332817312       0.89076178761985880        1.0370496896107184     
  0.58551722206739298       0.47389801629430128       0.46501593405667790       0.75552645377106442       0.41418112714912769       0.76779684838252504       0.28567157220159656       0.52733546770932649       0.42400133384451733       0.46546297606585746     
   1.0204969892490077       0.87710544456414463       0.93020732186065003       0.84274688652958651        1.1260340492167595        1.0489508731861885       0.93155589816627959       0.90708654467504624        1.0270742233252828        1.0319789831435497     
  0.59888461964582584       0.48736714596171599       0.48069805724128623       0.77075010011526501       0.42990867237927949       0.77449184442625896       0.29227904309998848       0.54098896405310171       0.43854577447114779       0.47816895552981553     
   1.1123404741900411       0.89940226274287771        1.1194540390170669       0.87405148239615360        1.0659545065323108        1.0005811216634526        1.3143850497961820       0.84390969702611740       0.88361656693527224       0.97998902492386175     
  0.61184316445117259       0.50076446153612419       0.49620099753395641       0.78603236398487253       0.44516522131716613       0.78098601797388933       0.29952372057474025       0.55501915445140781       0.45275722448423439       0.49135400732267370     
  0.81112645712726827        1.0580750695382877       0.83418302833284375       0.87689525216076092        1.0644289556847908       0.94174891576094300       0.98859521587455612        1.0654518232977650       0.87749964292655891        1.1095677270753783     
  0.62430413884396774       0.51458959340773114       0.51190706418375109       0.79996176617101644       0.46040723146861467       0.78725076824807072       0.30675060158040790       0.56959498191966018       0.46623719030626443       0.50443283067099842     
   1.1838842138772518        1.1069076334173700       0.91441871215422432       0.88916576694290839       0.92644729483485799        1.1295609066390913        1.0001894383134358        1.0708646496336975       0.86339197517876409       0.88550774642827368     
  0.63632912832939437       0.52810213978697584       0.52735353619903147       0.81343330289202820       0.47576662326563546       0.79342155932924219       0.31381838732233341       0.58446154171334097       0.47938911856554378       0.51778230801268954     
  0.93145992127627197       0.96693298966556984       0.90738902234103835       0.90665937025626908       0.95281679969864919       0.92897133518009056       0.94871451138942087       0.87676971394321945       0.97119253866675603        1.0128482773097649     
  0.64796678614295655       0.54057452480690826       0.54243198949117821       0.82527885906737541       0.49066397175602133       0.79943609795638415       0.32087570382284086       0.59934516097415236       0.49372438115205952       0.53104906231918259     
   1.0980417700171559       0.95563985880086122       0.90139270394203563       0.79474390529970906        1.1114030886203339       0.88291939249459261        1.0355946412491910       0.92921847607752406        1.0021859293356541        1.3385511748829690     
  0.65931603348529277       0.55278118808691745       0.55629908511187365       0.83692985891376703       0.50754517830873735       0.80536861959400574       0.32794111036375523       0.61420087008732471       0.50847776809789813       0.54398143261855481     
   1.0740343902381386       0.87060441961314272        1.0175570154191087       0.99469471378510699        1.1971850350596336       0.90861854483536908       0.88706144839461831        1.0198029410857119       0.87389734600273061        1.2894691844078807     
  0.67007189954703850       0.56466402213694999       0.57057410548695031       0.84850551100950855       0.52445710320377148       0.81138969651826431       0.33504202558875440       0.62949396983480410       0.52319429044410670       0.55661076680866672     
  0.98055020707948437       0.87673316892360453       0.96720893576333755       0.90853761768083052        1.0319595823383481       0.92835911286657125       0.99113130742531375       0.96551058122820987        1.1142517426351699        1.0197622899468464     
  0.68092988868688842       0.57680668345547381       0.58480157713902448       0.86006639293885756       0.54144793878470332       0.81745794162236296       0.34253641282626107       0.64471619651577172       0.53762717908636515       0.56862486877971996     
  0.97665074738096902       0.91439008197738236       0.89617964068844902       0.88431092787493626       0.92880708039199678       0.93062669904302919        1.0897591570557228       0.83651734472425121       0.91961766543339829        1.0030218409552167     
  0.69148203166334943       0.58925897524367465       0.59933866524040924       0.87122044660918407       0.55808109730537359       0.82343708461609877       0.35010773789241906       0.66030522059349506       0.55239388389791921       0.58050978526424979     
  0.85857652491883218        1.0213206925226894       0.98921130993376083       0.93518266624500235       0.95333285972160109       0.86967968083614611       0.99000624071126653       0.94522019703707327       0.88996546231269291        1.0111160947235125     
  0.70168891607794903       0.60200208433444113       0.61439392897634471       0.88235679316996651       0.57397037996909861       0.82945432942615516       0.35772453684785377       0.67566122864537514       0.56727848175434215       0.59254224376512410     
  0.84627783615214414       0.99827372150756821        1.1328521859638168        1.0167079757643394        1.0233781176734797       0.95066715862685280        1.0713796822672828        1.0469503168234024       0.99379359064780481       0.90786340861064274     
  0.71132313376600043       0.61522867186151575       0.62941172136662094       0.89153831418026896       0.58989213512213234       0.83512510832896480       0.36544644504283053       0.69023885750606673       0.58128076094923842       0.60551411669455946     
  0.87012826721507586        1.0296567100663760       0.94617336217487147       0.92085338663660299       0.94546949542625025        1.0060531012392120        1.0428504422881339        1.0737025443977570       0.89435734830750668        1.1209826193535168     
  0.72139923549942642       0.62873008829547583       0.64430486001515641       0.90044130455461591       0.60636416127355730       0.84070219806818269       0.37382184802042828       0.70422514486898069       0.59522094053998287       0.61914448222087737     
   1.0110936755663289       0.95102120487108732       0.93446059667116232        1.1060619732233381        1.0301124898161567       0.88630802139847442       0.97753608313652907        1.0722769064262938       0.91966549495678163       0.92830436191354937     
  0.73162436789012597       0.64221782449563292       0.65805528268459401       0.90779114016900897       0.62310514521440963       0.84641235600333653       0.38206895279272690       0.71826552276822009       0.60929407251487033       0.63346969733527669     
   1.1077620944944244        1.0015896114579255       0.85549304423063710        1.1134058176098078       0.92569107575109499       0.97474950248755754        1.0111138799124104       0.85878615729195462       0.91903645540202783       0.87795717291559494     
  0.74216700383304679       0.65649149870356516       0.67198915759835220       0.91475635369254860       0.63960366985811290       0.85216145956390255       0.39108942197608854       0.73217844716851332       0.62352534263522985       0.64909678681883709     
  0.96551901525361339        1.0685504161452579       0.96187499570613733       0.89763632006944805        1.0216820249279612        1.0072179114681643        1.0185395819356824       0.87639471586824691       0.97322645759058868       0.92140096186551723     
  0.75337911728016016       0.67072676868852543       0.68558168708980616       0.92157814688272199       0.65569582312726515       0.85784735330610384       0.39996673905754043       0.74617155145968850       0.63721407142746433       0.66511427510295285     
   1.3635541588058111       0.99181042591538582       0.81856480066686788       0.99996401802187107        1.0763090097163075        1.1406647855662457       0.90544372039466947       0.86202791925258315       0.96653847928123071        1.1529499983809659     
  0.76432706571291087       0.68477084445768133       0.69915536949177559       0.92825840068511223       0.67161251036950120       0.86350915179070475       0.40930444802744725       0.76024435185147299       0.65108377509982596       0.68154704901880925     
  0.91381137059637674       0.85191215596651337       0.77413359311977059       0.98063883918407646        1.0932470860340069       0.88618835393081008       0.99092383813676299       0.83587464502642106        1.0046750591333631       0.89018723198535721     
  0.77506381694655779       0.69864313119573096       0.71341408526747463       0.93457979222400289       0.68790100462570325       0.86916722782431766       0.41862526441548542       0.77438563961082540       0.66475571233569153       0.69818545747773009     
  0.97683768316648545       0.86559497329907109       0.98785013813175182       0.91158192668320837        1.1484137101041019       0.97370016821865624       0.98031450996649472       0.97894677665067198       0.94226428229102921       0.99052936935859415     
  0.78568281512260751       0.71224009452048442       0.72699997499034996       0.94086493891620804       0.70429680372954229       0.87481568718414160       0.42886290681964090       0.78857298430210798       0.67810654478187993       0.71505616232921398     
   1.2035953737714939        1.0636860943661972       0.91463834601160066       0.95696486975711437       0.99548562402851171        1.0973455510162253       0.86367651808852952       0.93294985627787419        1.0050041198795658        1.1344016256436698     
  0.79597219858169288       0.72593619108958607       0.74168490391310571       0.94668876753013342       0.72018571751284755       0.88064295857375474       0.43947394953856761       0.80210937833644835       0.69157244696056785       0.73112946825462066     
  0.97401214530828173       0.97411281076724499        1.0795972128232345        1.0588963947342556        1.0077264130741319       0.89051912714583847        1.0949945005684589       0.95412343385436171       0.96422847094960640       0.93241869187344295     
  0.80631643129193664       0.73996379310556493       0.75599861586800188       0.95228904093897804       0.73655962681675902       0.88653374073347513       0.45067194065961991       0.81544379154497892       0.70542444120335557       0.74665760880959497     
   1.1534373321347604        1.0770107101849620       0.84560994208180318        1.2983185964358528       0.92574424284934975        1.0122770726576442        1.0998017974875449       0.90588462176798557        1.0183015937815691       0.91110342155553081     
  0.81673124390511875       0.75392255029462485       0.76964775268156060       0.95718143437296055       0.75343114104444975       0.89248449483543424       0.46255452795926350       0.82916942127790916       0.72106667637702004       0.76314604896823091     
  0.84065368836509180        1.1207134503185283       0.97176932598853771        1.0921392449505485       0.97138957246339785        1.0486128514166737        1.0141626342138979       0.93849012951047073       0.80113144299689742        1.1562508599924661     
  0.82722276216013002       0.76816217692975586       0.78318924053340855       0.96167384296482383       0.76999801027074766       0.89840770474197751       0.47466960986715212       0.84225889971795431       0.73793134516719683       0.78005975472804012     
  0.87619517696064819       0.88702601856439656        1.0259394142994824        1.0274641557947233        1.0369887863457838        1.1152154728156618       0.94144935899560434       0.81202073955299214       0.82099243898942531        1.1423481061821541     
  0.83789428701827895       0.78230018369385890       0.79637541577267956       0.96590838164862836       0.78610206294684104       0.90430644339100741       0.48690285879439243       0.85320083874232255       0.75631841197047323       0.79598321394468208     
  0.95045079616502792        1.0078223817451797       0.87538682494099107       0.97653254256003486       0.87618542947109967        1.0887785273824648       0.87684215930986131       0.79654679842548326       0.89533771166848319        1.0645827003263051     
  0.84849022947495234       0.79677852211168065       0.80958378857343449       0.96996519314655771       0.80186888215511665       0.91019433539139660       0.50089970669518047       0.86470924851361841       0.77534793045631289       0.81206279755012278     
   1.0846103469454516       0.91364932870852011       0.88081615128922774       0.86824795915279041       0.91005388315217706        1.0888758140687753        1.0218228650952066       0.89669960170247687       0.87435287680523743       0.93973034353834306     
  0.85891114956417591       0.81142444812032921       0.82524960496428579       0.97378330005943647       0.81743594868670744       0.91593375085009665       0.51562999976320290       0.87742636801263951       0.79468057820471716       0.82929134844346886     
  0.95383558487477793        1.0703425953534511       0.99813476784593458        1.0039090483285036       0.97080919055466641       0.88084082624248750        1.0048156384302693        1.0725043973736621       0.85734403195225428       0.95788825754572049     
  0.86927383902268640       0.82679663956490523       0.84086879525691982       0.97684760549552185       0.83319705341455186       0.92153367350436266       0.52991251653206550       0.89000439742806159       0.81442248732035738       0.84620378067831503     
  0.97794536512379904        1.0723178744441213        1.0156664788654342       0.99667018268294783       0.87075660734162619        1.0629681864075795        1.0024341267739421       0.89190435211809260       0.98488177820014622        1.0298485499299344     
  0.87944879456342739       0.84226550093986130       0.85592822161181337       0.97990865364483482       0.84809135749676967       0.92728272272007906       0.54474627152279154       0.90212895558287676       0.83428154644138552       0.86391852564294935     
   1.0333746867541744        1.0675408676330347       0.99412780764126973        1.0156265218718168       0.90651059073074813        1.0331096923496310       0.82839224917863497       0.94270899045191225       0.93146097241906001        1.0348815986526980     
  0.89032863901538628       0.85857259110909290       0.87088628562317449       0.98266209584856712       0.86376634793802276       0.93327848876098218       0.56189626682379512       0.91422055797332302       0.85426351721400640       0.88192967862019822     
  0.93152730771244363       0.95062513457155595       0.92838982583491070       0.97808080413625931       0.94780054452504903       0.82890730541880964       0.94769437267617718       0.92656402756570799       0.93258838504088448       0.97290302526887684     
  0.90228372222551012       0.87573043232872838       0.88744797840527145       0.98546977989872997       0.87960649117310108       0.93937162043512823       0.57956805247473742       0.92625815310088322       0.87330108556742281       0.89778366751896410     
  0.95771491326536895       0.96003701766031313       0.94615503338301432        1.0898666457253678        1.0324169962754208        1.0368539207641170       0.93402816909468100        1.0889170889567812       0.98458781929650163       0.98640121135147174     
  0.91419063280268187       0.89286888715421786       0.90390630592881505       0.98794917099898927       0.89560290341195237       0.94546532382884685       0.60122111578481507       0.93805191568468183       0.89156739234061944       0.91348878774257358     
   1.1225216646323022       0.94093554151687075        1.0738835059481848        1.0421904929226327        1.0792464124237380       0.92564993883621771        1.0848537737215267        1.3125292711286876       0.93461485539411604        1.0018506137533389     
  0.92625488524766098       0.91044408156235357       0.92047192811345246       0.99040853144148455       0.91169892332757652       0.95150026308150037       0.62457785038667424       0.94901022564244697       0.90968410152740631       0.92924898096677333     
   1.1602555271776407        1.2659105224515470        1.1820867732622311        1.2568775215214445        1.1496863743471388       0.81375274556915200       0.88442993851260121        1.1144789686445218       0.81979581392692502       0.92008336363640153     
  0.93864298164005433       0.92814232461763813       0.93722174517254242       0.99254217333439543       0.92843176766339308       0.95758283762839413       0.65737152435313850       0.95971167717510464       0.92767394269682923       0.94534294375059891     
   1.2195116924334857        1.0220670107704803        1.0218297696668346        1.2842075031323610       0.92991339869714695       0.90164021801348671        1.1167331296268967        1.1267965528023558       0.81457607059226145       0.83486944375733629     
  0.95269253824294309       0.94590936789544944       0.95315920301176793       0.99450367433608922       0.94656011122939721       0.96516973809075080       0.69408096787570772       0.96973808763072111       0.94596767132863668       0.95826611357526659     
   1.1301257904614805        1.1708165234850103        1.0789588582451424        1.4445224874770650       0.98699149702176725        1.0579526663022769       0.85637400285244070        1.1137283197590955       0.80091424557275204       0.81618081554828981     
  0.96757453692789641       0.96406456700740883       0.96942511313939927       0.99639312586247608       0.96432361836069469       0.97418311430199234       0.74603664565232408       0.97977824383838807       0.96451799374039071       0.97123179389797998     
   1.2415405608675762        1.1831316572831954        1.0821777470276404        1.4011040902159315       0.99786485664625346        1.4168498638514828       0.92644008380784237       0.94813839736065531       0.86411511595232893       0.87863539806521906     
  0.98353368527120177       0.98178923334221158       0.98467902835003485       0.99818161733829847       0.98216779199431281       0.98579468545291782       0.84124743409295522       0.98974587002795678       0.98233909235097028       0.98559391130824725     
   1.2870323135840616        1.0412166897103121       0.94982944038719253        1.5609269139534934        1.1213225428029083        1.2413328124436660       0.84921526788144441        1.0159310903773735       0.89088926518680067       0.98299044261663870     
   1.0000000000000000        1.0000000000000000        1.0000000000000000        1.0000000000000000        1.0000000000000000        1.0000000000000000        1.0000000000000000        1.0000000000000000        1.0000000000000000        1.0000000000000000     
   1.0426262452443416        1.1197790098319007       0.90679692316621452        1.9552901956569564        1.0736795754014155       0.81979581392692502       0.77431096621089268        1.1602147331059094        1.0092317715442578       0.99351224358719692     
   8.2499223540134938        18.138030077580634        9.9531213427899736        7.3851846344695113        8.1827994932054473        7.8224153288563905        7.8671422109923785        8.1861007380140727        6.0089441107608508        8.2187637540213601     
   8.7098150322429806        8.6365009055179858        6.8112361858674868        14.180433671516086        14.074853118563320        8.5730326070161045        13.713896499718626        9.2012743184421666        7.9923160528079471        7.0016328707669935     
   7.1748458138059261        8.6630414393373059        9.9740830457434448        11.443594550356014        7.5301083443021781        7.9873567990239103        8.7532910000224042        9.9283560965951558        5.7428344016828285        6.0597580022784561     
   10.135523608058190        4.1629407621307779        14.103479370719556        11.993291444593090        5.1665190203126610        7.0498803383548143        4.6510863418965380        2.2526175655285212        5.6927118332145703        5.0804763315312602     
   9.7656852307954853        13.079829690686985        6.7252295813302760        4.3656854519699868        7.1116413442984259        8.2162014694315744        8.7216608969740843        6.8894652307346265        8.3522557583050148        7.3980739525280841     
   12.992801069247651        4.9369640585454446        10.384961461199138        9.6490343004277630        9.3949638900159886        6.9290868428324091        5.9062220341404617        10.708258140516383        8.3190110884908108        9.9030817200549990     
   3.1710415436981414        5.0758286147384570        6.4116218172985384        7.1362867857236392        8.8920192710574852        7.2233884574841429        7.2298139576480844        7.3867131623284363        13.604506831093875        16.088230499126787     
   5.7321752109944146        6.3095752011846642        4.3264284165203337        7.6428827964767949        3.4483493175061519        11.146643283045547        11.106858274352494        10.764068021717240        9.7422053507554658        7.3270267462476255     
   5.3962426288723407E-002
           1           1           1           1           1           1           1           1           1           1
   6.9114384980929811E-002   3.0155768315536659E-002   6.0905804813079516E-005   8.9190186433033602        1.6880805955788924E-003   3.8605902614032377E-006
   8.0258630446845337E-004   6.0701724209290405E-004   1.8174996800139319E-004  0.27584528097213695        1.8159329238621449E-004   2.8309508763132082E-007
   9.1187983902406081E-003   6.0057970323787080     
