  0.00009613456915710  0.00014411051351928  0.00017605044100634  0.00020412831365128
  0.00023336235377608  0.00026086957699217  0.00028456180462786  0.00030600061786391
  0.00032664277088277  0.00034813459432947  0.00036955552508619  0.00039082343804858
  0.00041221601112475  0.00043396210633028  0.00045519980303569  0.00047566140943927
  0.00049675582883600  0.00052065272932454  0.00054463198862338  0.00056875146969848
  0.00058814689301939  0.00060547011095281  0.00062147656326995  0.00063701660372189
  0.00065296414724149  0.00066905039341118  0.00068365299339478  0.00069593420665709
  0.00070659858247083  0.00071749539885522  0.00072872604675333  0.00074043139125850
  0.00075286134952003  0.00076705169858274  0.00078199265274955  0.00079701778134758
  0.00081280876282916  0.00082903461475767  0.00084488460331986  0.00086171131961422
  0.00088013018965526  0.00089893445696134  0.00091901534342100  0.00093993210872084
  0.00096097525882639  0.00098256375624286  0.00100611301104016  0.00103252275093656
  0.00105981130844425  0.00108637843350568  0.00111412652606654  0.00114331780123349
  0.00117423544629690  0.00120597735029775  0.00123784688010089  0.00127262774923635
  0.00130917358658564  0.00134554635074295  0.00138562635612313  0.00143102546455035
  0.00148172246126006  0.00153737439765646  0.00159434315827343  0.00165000355033293
  0.00170546837779095  0.00176462368588759  0.00183157324903324  0.00190119813333932
  0.00197928254182551  0.00206155687976767  0.00214793277496154  0.00224272764344782
  0.00234537194234685  0.00247048936101759  0.00259765118335365  0.00273044452093907
  0.00286896916535369  0.00303385023079598  0.00321829710348831  0.00342930229043828
  0.00364697574851863  0.00389314313458304  0.00416395251385937  0.00447537958576052
  0.00483765274083820  0.00531834712905334  0.00591373602063770  0.00671061326145466
  0.00781078332182124  0.00928538975531899  0.01101154321177739  0.01324145737766192
  0.01582498393281247  0.02625477041335839  0.03957123863002638  1.00000000000000000
  0.00000296161676555  0.00000303825719095  0.00000325107733092  0.00000356627953528
  0.00000394932590953  0.00000441959373286  0.00000487332798322  0.00000532331955823
  0.00000584078886899  0.00000643510793649  0.00000715413421878  0.00000792984569405
  0.00000873186706994  0.00000957476535722  0.00001045030067215  0.00001136741649482
  0.00001230809121641  0.00001334937860593  0.00001457327904326  0.00001600039519412
  0.00001771082446336  0.00001969355950464  0.00002179993912922  0.00002399898329420
  0.00002638475914614  0.00002923762153286  0.00003240484442785  0.00003584467686439
  0.00003970627088177  0.00004386153475578  0.00004841708826344  0.00005319106968378
  0.00005837876003882  0.00006320987191727  0.00006808310296168  0.00007323188340986
  0.00007892576583022  0.00008554650482843  0.00009329978493053  0.00010252617787099
  0.00011327674421592  0.00012539892575697  0.00013793378298521  0.00015075583181910
  0.00016443084889939  0.00017858058464455  0.00019368388237622  0.00021168294626296
  0.00023453001759062  0.00025851103203202  0.00028343493600940  0.00031071036503245
  0.00034203336697903  0.00037475190874778  0.00041004850494917  0.00044986242796017
  0.00049570735457590  0.00054534970101271  0.00059921501744615  0.00065333605452814
  0.00070901841085463  0.00076890440104505  0.00083247827540614  0.00090015810472047
  0.00097922366791871  0.00107407919710504  0.00118140183450442  0.00129913623887318
  0.00143333921093700  0.00158419069590528  0.00172831845209562  0.00187197937306439
  0.00202436215636238  0.00219698052355961  0.00240922574258000  0.00262969371028185
  0.00287533232794686  0.00315242968975515  0.00348021806631970  0.00387852239210812
  0.00434494782236894  0.00489025839294206  0.00548561870905510  0.00614407242616093
  0.00690657725346507  0.00763913029077424  0.00867728664264835  0.00996351297210645
  0.01217681370346448  0.01397185507126334  0.01579760873604817  0.01764341880324750
  0.02283920186626779  0.03060476724027081  0.10044025439411290  1.00000000000000000
 -0.00332778550241125  0.01575302430338017  0.02713408540036016  0.03956090504842689
  0.05085998846320772  0.07119942107510403  0.09356061280801041  0.10707155002094834
  0.12036011615843543  0.13351155742159002  0.14382276979954958  0.15594807385389720
  0.17002557815761779  0.18342828067722425  0.19550936147294090  0.20796222387332533
  0.21852814401564952  0.22814921742624281  0.23744140046059137  0.24707930829146996
  0.25637487705360767  0.26508070611273210  0.27392680245126799  0.28359085626608876
  0.29376312421312373  0.30376103139583993  0.31337049396329286  0.32254389153918545
  0.33226607326217134  0.34273496195420583  0.35350877333632874  0.36393632498167316
  0.37406454825783642  0.38513286800471591  0.39657676727454083  0.40677806076419226
  0.41613505758000885  0.42514404600847505  0.43430275815132963  0.44400168405083068
  0.45412701599573446  0.46453420827811465  0.47503272829335030  0.48570401585932066
  0.49646848637354113  0.50682427368085725  0.51665289050519769  0.52627780542343094
  0.53596479424229559  0.54536678521022630  0.55474718606202089  0.56423483666120045
  0.57426551975537399  0.58444262257803348  0.59426023638361347  0.60388584752738972
  0.61323118440354241  0.62204476464221525  0.63101771243554805  0.64037896039310593
  0.65039859666663991  0.66033312499544039  0.67004138510945344  0.67959492849694125
  0.68948382117373130  0.69902206313791382  0.70871311552324556  0.71891580294520818
  0.72864740809505080  0.73758578644914974  0.74618170694596064  0.75494845792704623
  0.76380410676607224  0.77209629528321400  0.78000632165354666  0.78801323619874619
  0.79647693300232403  0.80494650341626395  0.81327569772205377  0.82159272984651621
  0.83033310867086529  0.83949909168407910  0.84832239626290240  0.85722242461332221
  0.86600610323049010  0.87737085811202997  0.88836497586149110  0.89899780732376788
  0.91048832815349467  0.92259195781544889  0.93556132971737427  0.94645343570937190
  0.95764617176315625  0.96978154413863249  0.98435623262321359  1.00000000000000000
 -0.00102454111139130  0.01261931887209824  0.02385510366284015  0.03461298895147794
  0.04523566074650245  0.05622263084790438  0.06812617647720276  0.08028382578989024
  0.09231931121383796  0.10306489094793812  0.11261199519650954  0.12176753682710140
  0.13191035193475165  0.14227761940351347  0.15270434090078552  0.16243535518825608
  0.17272802353622366  0.18323725481441019  0.19299898354770664  0.20225479884689257
  0.21184371173386565  0.22230360822733553  0.23372503482462167  0.24506986206464104
  0.25633807350273319  0.26750494832934790  0.27860840027529055  0.29028169034828843
  0.30142687299457877  0.31203351251446509  0.32251918710537791  0.33309557324854966
  0.34428718745396480  0.35558856960527518  0.36644091113625515  0.37685911010249717
  0.38624516322005670  0.39523628291228063  0.40503588475608271  0.41540412787735292
  0.42655650943740919  0.43779761526836347  0.44956485694704379  0.46118753618430980
  0.47139501212255225  0.48012351899497974  0.48831905988008195  0.49693380739458393
  0.50544041404016116  0.51390201467633068  0.52282634559854757  0.53210129032911380
  0.54295713217079045  0.55699330493569055  0.56861843562006253  0.57965829074919395
  0.58850704946345933  0.59811160127980378  0.60785006460721480  0.61866340895367145
  0.63057641401710884  0.64219952706773076  0.65340275306938023  0.66433488853452627
  0.67414827314623504  0.68454321917274152  0.69605313430103111  0.70790894402382054
  0.71758299477713439  0.72662666835903456  0.73621118426291876  0.74599323966090669
  0.75529562429729924  0.76492268060367885  0.77512126552849947  0.78770994030096542
  0.79901422549066081  0.80931065915191480  0.81848869822172343  0.82824463979385488
  0.83873730508565791  0.84989080902940028  0.86132650667491362  0.87210382369471984
  0.88309265528135961  0.89340508664102136  0.90435637045552231  0.91528564762540365
  0.92562179242682130  0.93589506333502415  0.94641716004646381  0.95658959943442812
  0.96676679095851448  0.97719519340957783  0.98858108324131977  1.00000000000000000
 -0.00202554562228175  0.00912886069365748  0.01872370251206228  0.02790226135927859
  0.03770093996764223  0.04788141036386471  0.05874094582289215  0.06941455399480768
  0.07984762620903081  0.09025826491323496  0.10040198322343942  0.11062369033330738
  0.12114761112817372  0.13238302473347016  0.14393267686066785  0.15493869088832321
  0.16598635229344794  0.17651751595779924  0.18716527845381495  0.19786481968975381
  0.20843470910948655  0.21962329596798530  0.23074223556458240  0.24115691093346098
  0.25070412460692348  0.25988539534226901  0.26884717540354158  0.27768166930730759
  0.28695016374043253  0.29805152016069830  0.31004991919445907  0.32201680546311484
  0.33354059133863168  0.34515850760601330  0.35535996736618536  0.36498208471382654
  0.37442613954607945  0.38375281956636637  0.39294754761024397  0.40201019963313062
  0.41116678660230527  0.42054898882536312  0.43012170340835915  0.44061934289018362
  0.45247796360573395  0.46467238334588939  0.47703990185849054  0.48961816094772559
  0.50044782415456635  0.51037599254314703  0.51988909030274333  0.52958084351986190
  0.53910611110123219  0.54855223830893696  0.55809243459330482  0.56893544707513488
  0.58054953706891865  0.59260666610193824  0.60462372902669237  0.61684616251295898
  0.62869435405373686  0.63844817275515953  0.64833207177730845  0.65843989760664112
  0.67015438844290021  0.68164535263217074  0.69261017901472877  0.70403065964820855
  0.71512311350123958  0.72529581534623477  0.73537287837774801  0.74567365772443150
  0.75655695938820278  0.76720280170133759  0.77798600893869407  0.78888642598442016
  0.79978632393106142  0.81084810266849139  0.82161610552638542  0.83190350542841640
  0.84223547014732492  0.85300987800365091  0.86428000835342600  0.87562910421618689
  0.88631725165083364  0.89642153972941607  0.90605942394230232  0.91634077433443972
  0.92769914003889897  0.93951788138133041  0.95061759597134698  0.96147936554247981
  0.97121124818013382  0.98118412893980544  0.99008736744733017  1.00000000000000000
  0.72727616482012092  0.72834811992518944  0.72972411840158258  0.73225480600425330
  0.73602440812259995  0.73921144203835099  0.74243128803686620  0.74583532805913022
  0.74937888122698904  0.75220453299532442  0.75513103250868530  0.75834769140722014
  0.76187845654896102  0.76520665640545271  0.76793984499345780  0.77045018823933231
  0.77282858888236483  0.77540758414657418  0.77797293579737781  0.78076542434496721
  0.78309721171238744  0.78538496403679503  0.78759324873414538  0.78973537464439325
  0.79179836095479983  0.79347503776847361  0.79513109496161694  0.79693951714618660
  0.79910190030642991  0.80209797576084119  0.80507323644532014  0.80739555854396639
  0.80938858345411124  0.81140930984310422  0.81378203349923983  0.81669719948941155
  0.81951176577863094  0.82204545181419908  0.82440337022364474  0.82665500808507175
  0.82884802621744014  0.83109430133582196  0.83353157731233429  0.83596519799233582
  0.83822909973556636  0.84033860362967105  0.84234158173482798  0.84451495918340436
  0.84663316344459683  0.84891017269465630  0.85125040535057017  0.85349348145854487
  0.85598490648492231  0.85832329521776862  0.86090716702980086  0.86328245524658198
  0.86581273128572922  0.86842262771654422  0.87093958318826115  0.87350541649338098
  0.87607395306374825  0.87875869551889552  0.88143243816049133  0.88394475051950283
  0.88628107392842848  0.88853564770315741  0.89082366579995864  0.89316693793993729
  0.89576291942854180  0.89838906775784921  0.90113999243860576  0.90372539060138246
  0.90649143665724918  0.90924873043451726  0.91204225592439336  0.91487608679547983
  0.91759379597848045  0.92039092853722493  0.92320374033263974  0.92609882010091982
  0.92903489639263237  0.93199882230056219  0.93508711988512716  0.93834456041232173
  0.94184782030103242  0.94544403388218712  0.94912638236525027  0.95280803397518898
  0.95651961235797356  0.96064364478907172  0.96523997554314422  0.97015380498904369
  0.97534010805213267  0.98123181825397499  0.98883757114607118  1.00000000000000000
  0.00155984055650561  0.05618164859399969  0.08255201805008923  0.10042520698584848
  0.11347424415752355  0.12433641087741848  0.13380168727611311  0.14306958954962154
  0.15208803171419341  0.16080426165507766  0.16867438222388237  0.17604118678717354
  0.18287916072820537  0.18890768306644820  0.19492069275974422  0.20072159777442244
  0.20664480145784142  0.21285453254755751  0.21909633204891207  0.22542638624281008
  0.23168197923360637  0.23812052250355634  0.24453442385036664  0.25034636364672130
  0.25571494041938742  0.26086289273408847  0.26597467116271811  0.27111270367489798
  0.27617606525834965  0.28114948436124382  0.28619150027312029  0.29105333469926714
  0.29583139656714930  0.30058136703322175  0.30539537472083617  0.31018679080287465
  0.31503029558754636  0.31968553202520633  0.32451005648689629  0.32924071698426821
  0.33417083589600616  0.33931601345262413  0.34432861741585330  0.34932574468304733
  0.35439201111203489  0.36015813135992342  0.36615052388702479  0.37218267468415533
  0.37802097936315854  0.38370934806507689  0.38959589609954542  0.39552331451303174
  0.40195791565967226  0.40780924590779527  0.41363286151564355  0.41925689845837055
  0.42493347899631279  0.43080519940929779  0.43709757077037320  0.44361933477994198
  0.45007632544356974  0.45644843122082124  0.46271429701207512  0.46916362942629719
  0.47576720828922092  0.48255229245462467  0.48927008738319328  0.49553784988172583
  0.50154817002124175  0.50784342062018584  0.51460297353254192  0.52211534245775981
  0.53131184054071290  0.54046165141426250  0.54895993300058843  0.55704714320832782
  0.56526387239092135  0.57383747702441890  0.58195858579190751  0.59029197772741127
  0.59885520997444497  0.60783596338815082  0.61757801810948898  0.62810135104582787
  0.63973964553077345  0.65326166974096522  0.66873978183344740  0.68445873911444888
  0.70063032887011234  0.71716257960333407  0.73509104894709176  0.75558141722930072
  0.77854319118682169  0.80825600199501246  0.85694026934886547  1.00000000000000000
   1.7416123147600000E-007   3.1887936974800001E-003
  <DiscreteSampler_grid>
  Helicity
  1 # 1 for a reference and 2 for a running grid.
  80 # Attribute 'min_bin_probing_points' of the grid.
  1 # Attribute 'grid_mode' of the grid. 1=='default',2=='initialization'
  0.0300000000000000 # Attribute 'small_contrib_threshold' of the grid.
  0.3330000000000000 # Attribute 'damping_power' of the grid.
 # binID   n_entries weight   weight_sqr   abs_weight
    2   1036   2.702850231548236E-006   1.100466294370938E-010   2.702850231548236E-006
    4   1054   2.831878652730387E-006   2.010654672995258E-010   2.831878652730387E-006
    5   760   2.058659692244828E-006   5.530859408357273E-011   2.058659692244828E-006
    7   927   2.276390874265198E-006   8.056376467856560E-011   2.276390874265198E-006
    10   750   2.214398403445303E-006   5.883478951638156E-011   2.214398403445303E-006
    12   772   2.115971433224048E-006   6.118772369200699E-011   2.115971433224048E-006
    13   834   2.413552574063454E-006   8.732047076622973E-011   2.413552574063454E-006
    15   859   2.384022343181898E-006   9.089914701329988E-011   2.384022343181898E-006
  </DiscreteSampler_grid>
  <DiscreteSampler_grid>
  grouped_processes
  1 # 1 for a reference and 2 for a running grid.
  10 # Attribute 'min_bin_probing_points' of the grid.
  1 # Attribute 'grid_mode' of the grid. 1=='default',2=='initialization'
  0.0300000000000000 # Attribute 'small_contrib_threshold' of the grid.
  0.3330000000000000 # Attribute 'damping_power' of the grid.
 # binID   n_entries weight   weight_sqr   abs_weight
    13   10   4.208486239990000E+000   3.245591094500000E+001   4.208486239990000E+000
    14   10   4.185790191100000E+000   3.212855909300000E+001   4.185790191100000E+000
    16   10   4.106954010070000E+000   3.174844813990000E+001   4.106954010070000E+000
    17   10   3.948758403470000E+000   3.183618187100000E+001   3.948758403470000E+000
  </DiscreteSampler_grid>
