   0.0000000000000000        0.0000000000000000        0.0000000000000000        0.0000000000000000        0.0000000000000000        0.0000000000000000        0.0000000000000000        0.0000000000000000        0.0000000000000000        0.0000000000000000     
   5.0930433143494061E-002   3.8644786061612399E-003   1.7761900061321320E-002   1.7821820524047703E-002   1.4210575205894530E-002  0.12843309299436875       0.12890848151264381        6.9341899840387813E-002   1.8529646885419179E-002   1.4417198108001621E-002
  0.74643690338220159        1.4504985436136215        1.0076803537474683        1.0075241658073959       0.96087969095019454        1.0733515363858268       0.73834617789032053       0.75478456150254858       0.96120698184901199       0.85478431241260988     
   9.5888579719585004E-002   7.7325022940080909E-003   3.5089170193904312E-002   3.4455450592117180E-002   2.8488992109228669E-002  0.21414186252715162       0.22065922823751291       0.12583450899711837        3.5344291878578973E-002   2.8387390554216876E-002
   1.0066100655034487        1.4498154207750107       0.95339599434052169        1.1025675964599568       0.86082250079385725        1.3846295239109243        1.0871792586617117       0.87665355617936469        1.1978161291604528        1.1534646028342312     
  0.13269901073044191        1.1686497963146612E-002   5.2831144808588963E-002   5.0389823588272382E-002   4.5404845084381203E-002  0.26735233054954927       0.25679846504590992       0.16415322698359405        5.0700460918733779E-002   4.3745758769634220E-002
   1.1694992039198093        1.4405245730822700        1.1104657063042647        1.0875448196279895       0.97702340542935262        1.4216046384494032        1.0644581803966096        1.1257516329847048        1.3855166647786605       0.98788770952941785     
  0.16488099380468865        1.5739550073481854E-002   7.0032559075814141E-002   6.6363557549443161E-002   6.2598265898702793E-002  0.30591464829556325       0.28703790441579813       0.19387175588643629        6.5517347304271029E-002   5.8769203401369298E-002
  0.91256021314111102       0.96530654941561878       0.85412560609476951        1.0878648458092330        1.0281878515613192        1.2908608323614097        1.1308227118959979        1.0848656382537474        1.3194260541337450       0.89330840302278547     
  0.19246224743898646        2.0176458792256536E-002   8.5181289902177895E-002   8.0581955331614344E-002   7.8642855306666606E-002  0.33573210504967593       0.30770730670091428       0.21732592487826305        7.9897105474972474E-002   7.3696305278174126E-002
  0.89000078058565280       0.98528279636723259       0.92934168929331484       0.99714513233887925       0.89070257579321988        1.2074957523956542       0.95349745872682923        1.0081969719513777        1.5207412829370668       0.90658925424580294     
  0.21862411172821200        2.4610854100319157E-002  0.10012433654948515        9.4926219721143040E-002   9.4317238693199537E-002  0.36111997214581237       0.32616163267900822       0.23810125126417858        9.3738494272160480E-002   8.8328638001950593E-002
  0.89123522882047357        1.0962109805000835       0.93573413694196717        1.0889404969529271        1.0115083818313408        1.2228354578664289        1.1728119832300832       0.98604746076273253        1.1140291975118524        1.2862485982759495     
  0.24296471740013534        2.9175894255090880E-002  0.11441646763488067       0.10897064080833371       0.11075677869935749       0.38434914624309613       0.34222740139746449       0.25758005387572447       0.10671607765540146       0.10315101358211576     
   1.1479579320623507       0.80553686356937937       0.91068743860563306       0.92756655303441560        1.0642664617793600        1.1692341466382503        1.0068879300664448        1.0530949701998145        1.1197635802074617       0.93738746748177204     
  0.26526149229130647        3.3949209605552082E-002  0.12860054948073310       0.12314212950356974       0.12766824365848758       0.40328271221570994       0.35693263283876558       0.27617795397730188       0.11986212843174951       0.11822854741403784     
  0.82004971977779706       0.95723799782816232        1.0372826368561123        1.0430487033479445        1.0412117045378209        1.0140324700892689       0.91499590140427522        1.0184655503336157        1.2286389471524002        1.1191235336479921     
  0.28660039886889027        3.9301312313821002E-002  0.14263335905857014       0.13852157835945744       0.14410469354226885       0.42028664055631859       0.37135371587483312       0.29284709423289401       0.13513617572606473       0.13431517974048263     
  0.85646645145210387       0.84923368309497038       0.97429220990105403        1.0050807993416193       0.94913558544958321        1.0231229886079569        1.2050772365612321        1.0083144218883990        1.0304329405923043       0.96707463108949521     
  0.30858872649623931        4.5179779207159161E-002  0.15731524718373141       0.15325395078465676       0.16097413559662707       0.43527392450055902       0.38557700010001045       0.31035642878484876       0.15035659582440231       0.15067945047185280     
  0.87756928709194204       0.94659245904072287       0.89362934773945202       0.94080825678303315        1.0432580142571566       0.94141363593727412        1.1225584690887296        1.1071578830320929        1.1393131242331707        1.0437364778626819     
  0.32920112315385375        5.1541429692774636E-002  0.17245197102925847       0.16684712709400920       0.17507048108456111       0.44948750504449592       0.39977534059132880       0.32894190237649512       0.16719132352333765       0.16668077056991007     
   1.1017342249487068        1.1622081960782156       0.86160884735943410        1.0712854924262771       0.96634782897397054        1.0052561855615658       0.89968856894573090       0.94130275754025583        1.1149059301233888        1.1178096064682055     
  0.35108914861721946        5.8253068744827018E-002  0.18824283146427864       0.18127722092940554       0.18872110856647528       0.46269675256853571       0.41290590244428149       0.34667731500717841       0.18347229433770193       0.18286671949859976     
  0.81927690651741103       0.97673840602957518        1.1173052863000001       0.87410392669003001       0.94900903442506535       0.93189206441759975        1.1416219998695631        1.1529521247193628        1.1466050351502466        1.0883026769345463     
  0.37262443050398686        6.5156349151241327E-002  0.20452468241632810       0.19724223564710283       0.20353756045304949       0.47548365907687878       0.42552399433795901       0.36360219453724069       0.20048881984341527       0.19946052213855636     
  0.95269907295344747        1.2070112615098596        1.1208182371300510        1.0004732780197791        1.1817208403585218       0.86459056683061164       0.99971234928793029       0.96625238847372796       0.88474476415377346        1.2994344435012266     
  0.39204638300319961        7.2623070809472626E-002  0.21995408872694963       0.21394157916271736       0.21812530721485612       0.48756956220829795       0.43757057141721428       0.38007229193030878       0.21723969688464539       0.21521076612298037     
  0.91629160021985934        1.0058208093419498        1.0539867302437764        1.0359236270422487       0.87377917605595667       0.84929065366292078       0.95010056287176037        1.1296806974558338        1.0663867523580475       0.91751822966239194     
  0.41134475934583720        8.0341449812545221E-002  0.23459193151344082       0.23055061331034812       0.23400889499225996       0.49958253694917570       0.44934899656494959       0.39283286350760183       0.23387214161133024       0.23017357377118355     
  0.84377121868112714       0.97713319036931878        1.0624095860722904       0.92152190732766526        1.0316778319937452       0.98854731971569965       0.97809900907425351       0.80213927081527103       0.97589301104670367       0.89541399055572368     
  0.42983042634472390        8.8634940227997172E-002  0.24831974888024061       0.24672188470252168       0.24965067361177357       0.51114909461243951       0.46041681229852310       0.40572681853470804       0.25016528351092193       0.24570254643646147     
   1.0137602744553156       0.96315754458427605       0.84155325700377615        1.1959699822125047        1.0400357243346865        1.0689368064794029        1.0602849451139618       0.91075773246714242       0.90971870545126976       0.98059647462515365     
  0.44772147544985857        9.7037930567855021E-002  0.26101735131450610       0.26257410477632737       0.26555792311123166       0.52206122338526151       0.47052576563637571       0.41970959280579806       0.26533665546214047       0.26217638326832865     
   1.0103416505777567       0.93139698178480446       0.98157853261641270        1.0518336986849031        1.1389709068121958        1.0119580396764243       0.99485357343490122        1.0320737315423874       0.79520117071529650       0.98129747537630807     
  0.46535831905066882       0.10582603171515420       0.27431762111657709       0.27719351064635622       0.28079041120167469       0.53270233516739829       0.48043537277288989       0.43316409825511420       0.28069374926780205       0.27789878298546122     
   1.0205088999224987       0.96692891883770693       0.97917671286083940        1.0960964837087352       0.85411057151609449       0.81977940908247482       0.98325186732883385        1.1588194100507354        1.0575830708769534       0.91198810584363466     
  0.48318208853366357       0.11442643264158395       0.28869936990082573       0.29125297291910823       0.29609592636119458       0.54317507214096972       0.49017035140350368       0.44758272708461244       0.29647867197435479       0.29268989966727316     
   1.0449006950009514        1.0468885083783839        1.0098283785449109       0.91299905127808290       0.98952192308452269       0.78807951347127314       0.93902712119146370       0.93364880859033195       0.95610361708129910       0.84424562686700166     
  0.50037543770148452       0.12382218521275709       0.30277628578074217       0.30607367812265673       0.31168705141159053       0.55433286357390144       0.49938898624742367       0.46230931058886937       0.31243216730462231       0.30831313075036748     
  0.91593816698660002        1.0401834149769400        1.1704741625231450       0.84813703996095924       0.90628566736187455       0.90696075730280346       0.85896295686397017       0.92221820692385437       0.94752684195691883       0.86862266417549161     
  0.51844889978528663       0.13336589556997455       0.31603514233968061       0.32142146812304090       0.32656626051830728       0.56567421526413653       0.50822988068614294       0.47564501835798767       0.32809484332265032       0.32416484425760872     
  0.89215420140899160       0.99088127182700092        1.0118364255814383       0.91823821013424833       0.82658094840792640       0.98247047465835569       0.98742384497354951       0.87399912281062608       0.99725707827779098        1.0204662521719059     
  0.53427396252747039       0.14362570730496563       0.32876546594036710       0.33746575329811057       0.34149164443158425       0.57653415501230443       0.51712689711872972       0.48911606603826396       0.34323517102933088       0.34013910809503778     
  0.94708789446531361       0.98915629726655407        1.1739843959589407        1.0057162213196376        1.1148952749797221       0.86558243864005580       0.91995998557539926        1.0604057667680957       0.78663999387020556       0.86945124208311253     
  0.54941002746417966       0.15410586520034794       0.34079877383170787       0.35387069353629480       0.35686243698552045       0.58705070103277612       0.52597286372705088       0.50120232443160251       0.36009759283515580       0.35629260727226097     
   1.0831531874892635       0.86944887739111776       0.86738347542749872       0.92193318461502138        1.1625428641977742        1.0284030794877426       0.84626326227928317       0.88781304454148202       0.93543889053130902       0.90409157444322097     
  0.56483565822260584       0.16491022188044585       0.35398315664716062       0.36937943111981281       0.37286516621717802       0.59714179500045139       0.53488632818031445       0.51334454120704498       0.37622435712538210       0.37204165552938367     
  0.99673031636317222       0.91319221171238019       0.88260574191141039        1.0141480758628434       0.98855709010496984       0.89259959626103169       0.97269057721961572        1.0582285098400765       0.98210739871119335       0.87285337296508658     
  0.58005778028488919       0.17579201277721468       0.36746961216451696       0.38483644370326997       0.38747553630168058       0.60684560557100919       0.54419503990636531       0.52579116777236545       0.39485236496570070       0.38718460366419216     
  0.96435947746440731       0.95762197149669404       0.97036223255327825       0.93416453217451201       0.90686125098276160       0.95193494535984635       0.96530092634383136        1.2415297873400173        1.0664216842748904        1.0430174624013557     
  0.59435044384423164       0.18705959580424739       0.38080008189944858       0.40099357933385460       0.40160586037321394       0.61603238369218882       0.55371134743849504       0.53797536054085937       0.41317422511578561       0.40269539708533414     
  0.97084735034319136       0.87181068607030576       0.85804161362185827        1.1055791111505044        1.1631605722934761       0.94347732825226094       0.92637854237446771        1.0262384243525018       0.99136611490317850       0.97425362261520843     
  0.60860950775387945       0.19877780363278025       0.39402569461265191       0.41731934499619866       0.41474720976907858       0.62492171265092633       0.56279024746370632       0.54972077775476247       0.43113492374402601       0.41901891464330271     
   1.0378705701732200       0.99771670350938824       0.93142884337342380       0.95262196019241285        1.0124227276723996       0.96875130267757936        1.2109729025036904       0.87318478801342281       0.87306053003789674        1.0890649287179912     
  0.62215970878758886       0.21014328886335501       0.40656410379522123       0.43395709702525004       0.42761191324483178       0.63430032188750041       0.57189988218737542       0.56130606332505750       0.44907867115099337       0.43542498551729469     
  0.98474251128589474       0.90849198725653202       0.81089799441077903        1.0187490023032035       0.95212347817657195       0.93139262734072981        1.0406433514552798       0.81462512226282935        1.0869623305360181       0.93789100881401755     
  0.63619216031590786       0.22154594937507063       0.41887470951843181       0.45011845948797025       0.44187855856855912       0.64432365636052491       0.58036873443904835       0.57338820911231159       0.46685180321370340       0.45190169167013916     
  0.85787344504346019       0.87397150858764883        1.0434194037214737        1.0404787927873624       0.80919211512328049       0.80627934894686981       0.98926106712674211       0.93388625033095773        1.1327896334993193        1.1644775257898328     
  0.65144978935235409       0.23484216678073735       0.43266409994154409       0.46574541743724834       0.45701043694882759       0.65389599775306484       0.58905620863087482       0.58533962442541987       0.48531776940575416       0.46861985300188230     
  0.97518906847848874       0.96454249735173303       0.92661331815709513       0.94930119134529944       0.98130816086518946       0.97142452301989912       0.87211894651268618       0.98049424477857228        1.0093255734230369        1.1944488088920957     
  0.66688310169158116       0.24820756359424673       0.44728450833589245       0.48097269790189057       0.47254445178700094       0.66253312144690746       0.59793435613986345       0.59716305867977282       0.50040370154533109       0.48423787622172720     
   1.1913498249532775        1.0302999953366763       0.82483915482120951       0.84723318103287792        1.0187178263415388       0.95319711868978196       0.98530909958832791        1.0034667702326170        1.0474952202476562        1.1127597388121013     
  0.68013132111734975       0.26360948603783352       0.46182648868405934       0.49722688263166576       0.48840047753156979       0.67118085290106644       0.60657960086175100       0.60909103306272738       0.51592266271958409       0.49912753153955736     
  0.91379416971914229        1.1888891496182967        1.2606006880227185        1.1366241803458321        1.1542579483830573       0.85170281899473477       0.98214802942618606        1.0578667303778384       0.83731463278605467       0.87185411504387123     
  0.69284871406781445       0.27888476426035058       0.47649426997770028       0.51501121448660037       0.50379115244111439       0.67962795577500035       0.61477410762728424       0.62158123019333233       0.53168696345008004       0.51377130445476715     
   1.0187516087995587       0.90644617023063889       0.96473105045352947       0.96964929320981286       0.98065848595115090        1.0271269701119941       0.77813616244913120       0.75672082805245611       0.94995039225209454        1.1502941293814533     
  0.70531317565516527       0.29519220371664356       0.49203294601120784       0.53259663726116513       0.51900236461365179       0.68813361406054274       0.62323060796848595       0.63447085126663794       0.54669842710053917       0.52905209856042990     
  0.96093121686873073       0.91030375814210551        1.0208885573722759        1.0524984186977939        1.2229753793983282       0.92032367012089167       0.94460726540133444       0.98943359330713410       0.90481238719183699        1.1546996662903084     
  0.71836658855811397       0.31164734722655013       0.50725727075324822       0.55044993798484776       0.53437953995832965       0.69684892520467623       0.63197592645864320       0.64777795838619623       0.56096286834903919       0.54378822751055889     
  0.92156171592440217       0.92667734264086310       0.81926640009923601        1.0161954222853988       0.90153533434468880       0.90901077202423974       0.97341923502888794       0.97429027356595088       0.97555467728331979        1.1675993035290861     
  0.73220752456750271       0.32991518377465445       0.52247886139330679       0.56449364884435183       0.55028960285633133       0.70572086110258303       0.64042059279963326       0.65944189196384562       0.57471827004167753       0.55815984109005634     
  0.96543697038893461        1.0643099337859734        1.1703441527928393       0.76834979808202120       0.93546100078344641       0.97017241584537517        1.0374743524263896        1.1299901296899044        1.0224157901351940        1.1195578205563022     
  0.74602967668906894       0.34779310164115695       0.53774103884843805       0.57852592503776568       0.56688394541980680       0.71438888971709069       0.64822749433760740       0.66977535637699914       0.58933515652856172       0.57160097812779231     
  0.98402308366267022       0.97588188362325368        1.0754976100487583        1.0769395995485707        1.1077970043046852       0.90972572185302369        1.0545316866592953       0.96864081384032819       0.84039466599962276       0.97872839768703446     
  0.75793906105580777       0.36698706232743566       0.55365767087040829       0.59403559505859427       0.58364576753304820       0.72353842123104561       0.65611474773223744       0.68053482919390473       0.60396934519597034       0.58476705809731377     
  0.98254401297615679        1.0930405229885323       0.92134562252733987       0.86105598866974387       0.94279687065836104       0.96238331864882587        1.0943658873986684       0.88625384917787486       0.91506879849205913       0.88575976507114451     
  0.76930951239269119       0.38707313796485870       0.56947045715857303       0.60961427879359975       0.60024909592038089       0.73226108625142305       0.66343133124337428       0.69150317198894617       0.62001458404888254       0.59823958970426261     
  0.96007845583868356       0.94449846045664809        1.1307352638859829       0.92799881503217185        1.0553157563684974       0.85126550568329284        1.1339648560050266        1.0722851459050642       0.92995100434437594       0.83115158851252158     
  0.77957678535078423       0.40779316858615949       0.58476220412527535       0.62578609645521943       0.61675752839137266       0.74122601447959646       0.67100188455330079       0.70247066245929779       0.63604964458539437       0.61175212825338288     
  0.93172109367403588       0.98281243486754521       0.97772999694392582        1.0615916748562724       0.97018125781857345       0.93796038510664859        1.1099537898953542        1.0738229834144410       0.95319455330807901        1.0520211778189166     
  0.78936585333819320       0.42827198339594430       0.59972491977627707       0.64187327144815354       0.63325635235300481       0.74963468440991354       0.67824362322356035       0.71342008763477727       0.65026308877350802       0.62517565445700729     
  0.89267830421366123       0.84124083371160874       0.87907230270361814       0.88375262355280837        1.2498075027436224       0.76387995190725244       0.93908914102622232       0.94352802569596894       0.83811332078069745        1.0543058557686189     
  0.79924744625203947       0.44773007477563120       0.61452400560602471       0.65739955620901669       0.64975672808614260       0.75818344874765764       0.68593798323707655       0.72497524660431534       0.66435888836512935       0.63819240190839532     
  0.92550423609156574        1.0191605615535742        1.0145677441422778       0.93719061084938360       0.94236698849925460       0.86713856363855235       0.95670598506885796        1.0672809309762823        1.0152635704143402       0.86388489676369873     
  0.80908604167992493       0.46861072596669329       0.62966247322352131       0.67358369541733409       0.66669598283221554       0.76632902992730922       0.69312616123996307       0.73688682912062975       0.67930690851261033       0.65193457806121391     
  0.80277253791055947       0.92906707308511949        1.0440205543304775       0.99372090000603441       0.94559451605183831       0.97850218924434829        1.0800594872203038        1.1679991960186478        1.1041012975725801       0.93371590894798617     
  0.81897566173382652       0.49079534918071238       0.64503692597284679       0.68993719877289628       0.68342541135836488       0.77441616905860977       0.70066581074527357       0.74937003009857039       0.69469669869865414       0.66642542232131596     
  0.84255545381416819       0.86614365201480714        1.1665004599020798       0.92525659915205827        1.1460132909828089       0.93246963148325879        1.0355263471341942        1.0672618080744862       0.99477937524617666       0.87407938886737657     
  0.82920023876545679       0.51475900094377514       0.65996529658433289       0.70577241542963476       0.69946631565418294       0.78245324254381832       0.70770912688844745       0.76254513030790716       0.71191489007421704       0.68377621397616750     
  0.96033222135637442       0.91126556515934320       0.91896995371032364       0.94022956784787870        1.0239089936835641        1.0122382885460870       0.89008679863987139        1.2437775457882527       0.91801677479968291       0.90482530560941110     
  0.83963123522222260       0.54129256141258575       0.67549572374058120       0.72129703883975238       0.71460778044492512       0.79041483017946457       0.71432891699810952       0.77470106628582125       0.72828955191080869       0.70048768200250744     
   1.0771930807576944       0.96991889457594238        1.0590089174600505        1.1900061521695713       0.89259697841046393       0.79293757241804952       0.87824608863709397        1.0962193218500860       0.94944732011911781        1.0727591124203963     
  0.84995967204964717       0.56974909807521579       0.69172689576235347       0.73641998974768319       0.72939392821915117       0.79886607474962301       0.72191424708628749       0.78595432769247853       0.74468675065585888       0.71704777340420101     
  0.96625140598231485       0.85862458326538860        1.0114020766163760        1.2150924316654657       0.86562561522058112        1.1161839700432001        1.0551889980250884       0.97497683387733913       0.84489662089347795       0.81523682216823634     
  0.85973518813115912       0.59997975048162488       0.70727633470796181       0.75171719094276157       0.74399608327108879       0.80708869561432350       0.72946547845304377       0.79686272440697248       0.76096174687297058       0.73462769294532781     
   1.0092811180025576       0.83799281600587416        1.1569309538182839       0.86411202274690990       0.87909133666348405       0.89495131920133497       0.87813528331054425       0.89286060301446668       0.85858434560317953        1.0784883640661245     
  0.86939089759011445       0.63018524624702510       0.72517096078435817       0.76700171239540516       0.75846375646592323       0.81551597351492644       0.73765176267297705       0.80752675787453954       0.77828389760964911       0.75366592113677378     
   1.0256570934940066       0.91152735488170755       0.98904765551975615        1.0631977166996378        1.1846335574203151       0.84207527665635917        1.0579456997211938       0.94264717834386103       0.84876203627255675       0.89069138103092904     
  0.87866854566933050       0.66057567651260962       0.74288536028159224       0.78273839458805161       0.77282817161190076       0.82397060427583091       0.74585135610415820       0.81850077765008822       0.79601561466697568       0.77226210225146974     
  0.93584177688650216       0.84474743888663006       0.96086851349262514        1.0004937790378405        1.1034873623848236       0.95632254371051884        1.0149416428524514       0.94170494859003628       0.95667227720170400        1.1791384856357920     
  0.88775190164364981       0.69176995962145460       0.76138968583063205       0.80010991675112186       0.78745078369761712       0.83373092119187475       0.75426623095051537       0.82967196359127282       0.81192157294935996       0.79159372455668342     
  0.86698703563845247       0.92644619928378247        1.0703219767012553        1.1187814900687556       0.92638600521886183        1.0100070829570167       0.95974006329121320       0.96267506183453799       0.95983263634687954        1.0217860387838087     
  0.89698227774049222       0.72312315282794604       0.78023727285474509       0.81720092427766144       0.80261733554758541       0.84362469476454771       0.76281732691151705       0.84100959606345116       0.82761959092947790       0.81084969476277524     
   1.1625372460248775       0.88620826539925035        1.0899229783804019       0.98431838035347885        1.0201215978457587        1.1218829513046555       0.96266643303485100       0.95307944456671068        1.0160542209507879        1.1164476657471625     
  0.90625423135184924       0.75375770881807747       0.79833930451877189       0.83279163782795784       0.81920106466265741       0.85306501171280225       0.77197633903369245       0.85237459285962036       0.84167231906649265       0.82822005093259332     
   1.2062175690146435       0.89340480832209124        1.0225700331099030       0.90337059884356474       0.94946240753617162        1.0415844484947183        1.0520109813800702       0.99581940645660894       0.93688728900426210       0.81951986183631798     
  0.91545956511978466       0.78278956046281245       0.81627758727415056       0.84928060470781830       0.83605513738506632       0.86270145998573167       0.78163486749695776       0.86437992193296276       0.85640923164556670       0.84519136771724523     
  0.92129505958669711       0.85987882394584492        1.1281408374127537        1.1572019501451685       0.88353924637730641        1.0617614508422926       0.95121728560433372       0.88339743251003011        1.0694656282984496       0.89288826796394904     
  0.92458884232090344       0.81118843301699706       0.83322731155375029       0.86550904003705753       0.85238458465736244       0.87215279419795100       0.79022225983028382       0.87655715734465056       0.87222045586358488       0.86241218801740416     
   1.0682971766585230        1.0117020508365968        1.0476680834292358        1.0428171960716761        1.0314773116217568        1.0708699465368983       0.99411225728417896        1.0545910033227295        1.0428793014976270       0.94070807190235295     
  0.93313496272131380       0.83989283502181822       0.85048425254260696       0.88206463090988330       0.86846331360415652       0.88070577829750096       0.79811956141962248       0.88959076474946053       0.88740253852037110       0.87955002889324929     
  0.95781458974854439       0.90901077202423974        1.1662245862768403       0.96695502697728497        1.0469109341957958        1.0667472370246560       0.96368965061080347        1.0930510487312382       0.97785509227322343        1.1048930021709211     
  0.94115554834829429       0.86836950685438963       0.86574564449453439       0.89680556901202702       0.88578900958722850       0.89178905329425728       0.80825407237606428       0.90372874807039627       0.90236888700009377       0.89572348793661127     
  0.99537603173224598        1.0606556817766395       0.85871563854715283        1.1142098555653743       0.95027352336422344        1.0510122618834568        1.0134213125118874       0.95878518228633314        1.0520714193541154       0.92740156938853702     
  0.94908135392130200       0.89495859055041393       0.88182023149231759       0.91137302575646695       0.90358262581844995       0.90324288188738711       0.81947647578512939       0.91788103253475228       0.91679875316239834       0.91180832197163353     
   1.0300098114993834        1.1167648214739485        1.0411744616255747       0.92234640337283380        1.0679882823996227        1.1276861102933757       0.89665893046234257       0.88756823527329032       0.82883738903383630       0.95982584223377443     
  0.95709531633729006       0.91885488640713586       0.89985808722320382       0.92557581730663152       0.91875883658481072       0.91431860697615219       0.83235620697353718       0.93217458789474561       0.93105564738733981       0.92604566695454393     
   1.0743309516778776        1.0383863248488601       0.93923269817152721       0.79232955907647096        1.0337097260599981        1.0687664370491810        1.1687634292580915        1.1016379374637488       0.90755134060328335       0.90983271075641059     
  0.96579235592994117       0.94025181020230730       0.91818210942815759       0.94000616305423346       0.93361380524125537       0.92528143120687023       0.84674574374947442       0.94618317184489209       0.94519477618383363       0.94065880593996709     
   1.0101707419827455       0.95165424076798022        1.0254976336095216       0.89561939013262404       0.93202580344552255        1.0572987816534316        1.0932860770330175        1.0384554639535279       0.84262201974498352       0.96340508168228955     
  0.97405922291517510       0.95789464388117607       0.93866843101833441       0.95479957200063870       0.95049174022309735       0.93819680369973557       0.86450858255009444       0.95898083959544989       0.95965007496169963       0.95525236532755309     
   1.4785706491604098        1.0185298626409292       0.84637025792103338       0.96710202212280272       0.84417106888008819        1.1925091559106591       0.94769109854679279       0.99729305443090488       0.91495097758734745       0.98450190894916356     
  0.98238036234072057       0.97349014474451989       0.95954028530023594       0.97001233913188967       0.96705853202899839       0.95328265809843027       0.88838092047274719       0.97204895340710451       0.97420460657296148       0.96975193865300424     
   1.3669158190563861       0.87969757474539434       0.92870697833205229       0.88385427439511532        1.0200422274345640        1.0173473637732262        1.0428728583923739       0.94704869112828816       0.94986111605785950        1.1837123103770633     
  0.99140670499013084       0.98707476347687406       0.97949477300855003       0.98513792790763099       0.98336011824762826       0.97461550603981995       0.93092231338756226       0.98588631634010926       0.98709526473163778       0.98481739910096144     
   1.4764471259023202        1.1745610931717541       0.86863153809004556        1.1109284737873131       0.91514591973618165        1.4057162755422354        1.1106412489779767       0.90581631329128476        1.0082876677314248       0.91215530276238888     
   1.0000000000000000        1.0000000000000000        1.0000000000000000        1.0000000000000000        1.0000000000000000        1.0000000000000000        1.0000000000000000        1.0000000000000000        1.0000000000000000        1.0000000000000000     
   1.4601025519430051        1.8294403847395930        1.0590770882409668       0.94293030530635913       0.88915111945495229       0.90901077202423974       0.74907761741551093       0.98135638104307377       0.96877365871417020       0.96985570594795723     
   13.250505291361488        4.4251846785087539        4.7642091015537913        1.3489782834594555       -1.5277603955500976       -4.1010148109179214        1.6850200192231148        5.9515481949094271        4.3616122655399527       -1.4384748563797201     
   9.8563639584550824       -1.2247268479092881        1.3577351240506892      -0.68542658884218222        4.6929083193719379       -4.1465631427684038       0.75080022138651215       -4.6286367008040301        4.3746731978268762       -1.8504580519891474     
   7.2074585641184719       0.75827050992503786        3.4280918445382529       -1.1681343370786132        2.8101066376208470      -0.73052184911889817        2.4078712156088304       -1.5845685160873735        4.1818239235066814        1.0513866499167484     
   8.8044195435729726        3.1647705836933149       -1.6229970433491738        4.6224045366319899        4.4684314282103266       0.43774439169270585        1.0063330161314685        3.1723813450530658        2.7678586183160925        3.2612296287444820     
   6.8414111163163485        1.0673915251217785        3.0509812411395503      -0.63401519031912823        4.1566122042891473        3.7754398882663347      -0.11547514361679079      -0.24484924103493422        1.2030978060419442        4.9964097042790536     
   7.0222898214994744        8.1564581794781255       -1.3153117927316653        1.9658169001852737        4.6388238669928681        3.3807743471200586        2.7486834248610954        4.9234806144719787       0.25455696371459885        2.5936873970305578     
  -3.0202511973642761        3.7627922268837870        4.1246078234019965        4.7655045884235268       -2.2775637028076576       0.27504816378628794        2.6836256369819984        1.3508376654808609      -0.74462137955912600        1.5575236735426179     
  -11.159572822336422       -2.3328143743273220        5.0990739484866792        1.5084115440564627        1.1839407596190570        2.0946801619361852      -0.14256168847328052        2.5820861359002314        4.4618754767721613        1.9652247835632872     
  0.13990325190937875     
           1           1           1           1           1           1           1           1           1           1
   4.6995744751396576E-002   2.2635357623913419E-002  -3.6013862241281809E-004   5.5499470535475792        2.4130291554867564E-003   3.8580137414196997E-006
   6.9400102466769093E-004   6.4899579875134000E-004   2.7260782020141190E-004  0.44841423535705643        2.7234036234805530E-004   3.5717401240098112E-007
   1.0079126475863237E-002   2.5921394193594440     
