     
 Collinear #          29
 ME*wgt:
   0.0000000000000000        0.0000000000000000        8.9907683938790398E-024
   0.0000000000000000        0.0000000000000000        8.9907683938790398E-024
   0.0000000000000000        0.0000000000000000        8.9907683938790398E-024
   0.0000000000000000        0.0000000000000000        8.9907683938790398E-024
   0.0000000000000000        0.0000000000000000        8.9907683938790398E-024
   0.0000000000000000        0.0000000000000000        8.9907683938790398E-024
   0.0000000000000000        0.0000000000000000        8.9907683938790398E-024
   0.0000000000000000        0.0000000000000000        8.9907683938790398E-024
   0.0000000000000000        0.0000000000000000        8.9907683938790398E-024
   0.0000000000000000        0.0000000000000000        8.9907683938790398E-024
 wgt:
   1.0000000164950573        8.9650153773458350E-006   8.9650152294673943E-006
   1.0000000015810508        8.9650152436415386E-006   8.9650152294673943E-006
   1.0000000001574514        8.9650152308789493E-006   8.9650152294673943E-006
   1.0000000000157387        8.9650152296084930E-006   8.9650152294673943E-006
   1.0000000000015739        8.9650152294815041E-006   8.9650152294673943E-006
   1.0000000000001577        8.9650152294688071E-006   8.9650152294673943E-006
   1.0000000000000160        8.9650152294675383E-006   8.9650152294673943E-006
   1.0000000000000020        8.9650152294674112E-006   8.9650152294673943E-006
   1.0000000000000002        8.9650152294673960E-006   8.9650152294673943E-006
   1.0000000000000000        8.9650152294673943E-006   8.9650152294673943E-006
