   0.0000000000000000        0.0000000000000000        0.0000000000000000        0.0000000000000000        0.0000000000000000        0.0000000000000000        0.0000000000000000        0.0000000000000000        0.0000000000000000        0.0000000000000000     
   5.5563330747567308E-002   2.7658992721770362E-003   1.9580008591311260E-002   1.7563384919825013E-002   1.4798108652805061E-002  0.12691571474474830        5.1416133759281168E-002   4.4662155372849469E-002   1.2348369683691632E-002   1.6610120908185203E-002
  0.85472299338174107        1.3439333429453559       0.91724832314907190        1.0073084803549135       0.97853647424670143        1.0147007180479595       0.80786587125440479       0.80669952351645668       0.91122885193468461       0.90142734070880159     
  0.10654861373713523        5.5766502792421431E-003   3.8374741401545856E-002   3.5510689501104337E-002   2.9823260005433175E-002  0.22128979365869272        8.6823893308189390E-002   9.1458402850247214E-002   2.3500039292513757E-002   3.3420633346308674E-002
   1.0821124227840784        1.1327961510942104        1.0735154468402031        1.0197152954774611        1.0889485081501409        1.7382772055771558        1.2817990548588301       0.75267726969787674       0.95316661944978776        1.0160322555592944     
  0.14491771055928443        8.5972637971208892E-003   4.9998857822290632E-002   5.2209411253839058E-002   4.6208240279247928E-002  0.27369997516399047       0.10606575733821810       0.13343174410092545        3.5066963085136425E-002   5.0019205327263984E-002
   1.0486834384033821        1.0842004632209377       0.93392996182502819       0.89133710691003920       0.85414534661893149        1.2831433718840921        1.1090748877022956       0.98288770722652297        1.3962589769851772        1.0675482568598820     
  0.17911261113459809        1.1795713053295104E-002   6.2552644480923292E-002   6.9712007446041530E-002   6.1997627989263233E-002  0.31304188627593632       0.12164767175146608       0.17465555294910362        4.6070748638924207E-002   6.6173027112113342E-002
   1.1246816112348790        1.1887488895286182       0.83609031677967927        1.0671426749358910       0.90951563833617188        1.4496969804132567        1.1268847582825812        1.0455368973362746        1.2943377171052259       0.95948637166722073     
  0.20719090658928696        1.5266837926568352E-002   7.4611706172816858E-002   8.1030973184935587E-002   7.9708692571685627E-002  0.34299788463306885       0.13194270789047668       0.20974604912428890        5.7666588318186031E-002   8.2388092986375089E-002
   1.1461306396567807        1.3177098386145407       0.84894957802968352       0.93743562864908370        1.2015692084105487        1.3202893086334335        1.0275272218256666        1.1546403317904546        1.3119460852879066        1.1476230000219025     
  0.23382869651598787        1.9503659765894122E-002   9.2522371969188652E-002   9.3495333451986060E-002   9.7302457053421221E-002  0.36972791015397344       0.14198934697943921       0.23596883053013629        6.9572599207181396E-002   9.9117046189795985E-002
   1.0169433108477111        1.0013001684820155        1.1190747668236245        1.0157892258607779        1.2468562817436941        1.1807093686107166        1.3688907327049209        1.1851568517520006        1.1969782723976554        1.1572401994157619     
  0.25852155930083559        2.3942583715741133E-002  0.11123677179514375       0.10770241148350715       0.11520913076267345       0.38962942605176915       0.15034819947629077       0.25965728859454246        8.0426483402683144E-002  0.11493576771827602     
  0.99469438837034296       0.99082166053790488       0.97509692008948934       0.89063178424193268        1.0783173150988326       0.90001397029677488        1.0611023486833369        1.2879212686079142        1.1894413101675647        1.0331781939912388     
  0.28447975551924670        2.8769897477509524E-002  0.12879451254249877       0.12289444587844718       0.13329140765459008       0.40960459794533932       0.15889519431936425       0.27738965156584489        9.1425538786715166E-002  0.13100111644920651     
  0.83930452575713543       0.92810471304536413        1.2645812823182283       0.96858502399470281        1.1061939951464022       0.95986271473352003       0.92812856173684188        1.1173835386630220       0.93398251857023806        1.1602596393426214     
  0.30814167452227492        3.3723992900238947E-002  0.14576190345652384       0.13975460492102912       0.14914384662068414       0.42743939712910756       0.16620900646124642       0.29518915092149511       0.10364054131373295       0.14747895960407453     
   1.0696907594894456        1.0709465504070856        1.0073360886259068        1.3159985455531917        1.1919021511758532        1.0909765220275498       0.88017272676365088        1.0089947892216784       0.97534269355213465        1.1853963811241137     
  0.33136149809513893        3.9063601352891456E-002  0.16162496119536857       0.15662219056928953       0.16452215549918428       0.44476691492535159       0.17379944401661077       0.31268817526689768       0.11655105223917316       0.16446031470947026     
   1.0374869718190660       0.91294495483709581       0.93582582571248407        1.1811036751307575       0.98043322884522066       0.99805809498141929        1.2585112304141728        1.0874754597251792        1.0624939940431981       0.88637044621382977     
  0.35319412284627294        4.4316143339300951E-002  0.17732427424317582       0.17336374603210589       0.18072617966343787       0.45907026647646210       0.18063393401918090       0.33049053610238360       0.12705887889508727       0.18149632900251272     
   1.0249805960556431       0.98215778339008886       0.99893593973858530        1.0242976853187644        1.1443466616940019       0.97755042360751143        1.0917167969946080       0.94361464398541461       0.87998850363218395       0.83288008807584568     
  0.37440184649375841        5.0736553504883486E-002  0.19377575353842613       0.18989239606766137       0.19689459441456628       0.47326571526792127       0.18738593891560854       0.34664342511033491       0.13770880543373801       0.19748736015412416     
  0.86406489952025378        1.0354340632755645        1.1208954918541878       0.92728526956509316        1.1954735596076052        1.0245715917360554        1.1403638423564597        1.1082966818946065       0.84286578711669846       0.93575493299753121     
  0.39448835943443133        5.7682338975417843E-002  0.20999958436415375       0.20644516525924544       0.21367599165298726       0.48593194126680461       0.19420453982676222       0.36217001643591168       0.14698472038544516       0.21477232707965002     
  0.80546261755594639        1.2546581818053177        1.1884485181133926        1.1894767847841676        1.2751258571957051       0.93727181631679746        1.0201456847202497        1.1206527357164813       0.97715525841042528       0.95445104269497660     
  0.41449328946222302        6.4876004104699209E-002  0.22642225072581393       0.22267982768706576       0.23052318197147875       0.49835303193178782       0.20131836228236288       0.37707982987927546       0.15740081696592922       0.23165864636843517     
   1.0367986845138446        1.0164852531999045       0.96166188251381290        1.1428309668642243        1.1060275983769539       0.90537575355428024       0.85636562070170452        1.0429457897058394       0.98126143959677348        1.0180575048261533     
  0.43467593430236001        7.2134017857553426E-002  0.24297030452439075       0.23827371064995989       0.24651803047040705       0.51068462515020108       0.20848286862064419       0.39167828361247570       0.17509898319490216       0.24820163237073489     
  0.78640962935404080       0.99491324684304983        1.0263160727063603        1.0223591898173052        1.0328106852888321       0.93178151072121207       0.90941845620489514       0.92330691599498438        1.0465057310314911        1.0370030448574863     
  0.45497388507336339        7.9555032569667491E-002  0.25843020034785397       0.25366587699620169       0.26197974901042337       0.52305678423385304       0.21566731104604209       0.40708878740778981       0.19206325403163838       0.26486760874267223     
   1.0417208472506347        1.1133090471365044        1.0237745681457213        1.0890949179050771        1.0335525779411694        1.0426988075516814        1.0254554803173297       0.97913263715993137        1.1149457016900894       0.89431663595973021     
  0.47279617474179408        8.7056876708851649E-002  0.27237188422658803       0.26961537860970475       0.27681193717157004       0.53103078885869781       0.22111746023907605       0.42186380578416066       0.20928747337756590       0.28169984944774912     
   1.1493720654213453        1.0019896909983310       0.99909680684597757        1.0574511529455686       0.97920083452360873       0.87293368629268286       0.87597498717424593        1.1304921014239964       0.80023063199154643        1.0574789133245337     
  0.49060457472837277        9.5459710083378238E-002  0.28557688454984564       0.28616917840005218       0.29147504585226824       0.53930151037364926       0.22657804836451698       0.43496957802928932       0.22637610879597930       0.29888134649159914     
  0.87095755685585308        1.0085308193419977       0.86997786335302274       0.95896894549653866        1.1042272868700369       0.95242127914017516       0.96934504368583341       0.97138951470269863       0.98886279561277135       0.99233452984032411     
  0.50815220862809007       0.10476178918553040       0.29593025689345698       0.30410991817089328       0.30631243238767092       0.54730968782009848       0.23075481077120055       0.44745729269893486       0.24573508468806743       0.31315945546147522     
  0.90060691248132896       0.97062752602888980       0.90262445677391112        1.2226047274441401        1.0025336269903311       0.76366875677327406        1.0899132299014884       0.94236825994449669        1.1310701488065575        1.0622423261299503     
  0.52535313812581619       0.11454886150230274       0.30754176295041113       0.32114054426100841       0.32160029890750730       0.55727948460431564       0.23486283302813404       0.46049976579556634       0.26510255404934041       0.32712760381242217     
  0.94069504183452579        1.0797693191894018       0.97016581801913748        1.1037894898769836       0.92163061557330872        1.0593426314364345       0.95499809341492903        1.1468570017791804        1.1243672852345814        1.0621824300258857     
  0.54182709743417923       0.12601278764076390       0.32274134947883443       0.33795292505139551       0.33580200881192274       0.56872807757072874       0.24139319699396466       0.47415825639174797       0.28351372903152222       0.34099329682600654     
   1.0937765918212459        1.0732470431743504       0.92549945224146901        1.0111629451830761       0.87806785630747319        1.0827802891335612        1.2010258454329226        1.0580583572090663        1.0090718662753422        1.0276503179495458     
  0.55732263289353856       0.13746470691864482       0.33747072285441276       0.35436884490000586       0.35017318400068465       0.57988238459651420       0.24798072698587736       0.48764211277212710       0.30122407839759646       0.35437975506090852     
  0.87336811559326943        1.1574445224857532       0.97962635646252982        1.0086424176988606       0.95803900952037357        1.0878413328666650        1.0121944285293449        1.0320775731820948       0.97585382159376255       0.99970660156308988     
  0.57146836921411315       0.14482863730776735       0.35184168254092141       0.37079633652442850       0.36281358617677240       0.59113244296189971       0.25521324274430152       0.50069850891176826       0.32130193392402090       0.36967415726306097     
   1.0528803218963316       0.88756279754052125        1.0797940203793235        1.0680822825909682       0.98390970427714330       0.90731507565662861        1.0370140773017793       0.92952241529150836        1.1161962344249123        1.0117060145520222     
  0.58559127901007957       0.15330196015422035       0.36561837811437936       0.38742669028879528       0.37606790573956006       0.60211411949261462       0.26208451341603284       0.51310199068348594       0.34149333510526331       0.38472089207809956     
  0.99873988254808121       0.84904880181769515        1.0854942244400068       0.87706021921118138       0.85745709637358436       0.93252763952745121       0.90629987833051040       0.96641532872971858       0.96078579008784937       0.89183504250290802     
  0.59824757504134041       0.16244272249562688       0.37846079821391082       0.40266280147204214       0.39457339840905803       0.61292817487419515       0.26899871658059155       0.52524188858037801       0.36286652401725172       0.40098060727922996     
  0.88021606439931310       0.82244907305657211       0.98832778138891142       0.91244804953725311        1.0243141384023122       0.91654873188368646       0.91999542919705135       0.92665625956233832        1.2853403064732587        1.1225035362129301     
  0.61120442727355784       0.17288492787709459       0.39127785895117367       0.41789969969885660       0.41265018221854649       0.62371327923431419       0.27610456174859632       0.53699495961185839       0.38350142689617767       0.41731467742341988     
  0.94864181876131448       0.84978614805303510        1.0387163297195501       0.98309419899857664        1.1598955153999644        1.0055738550120352       0.95750953016456342        1.0011575994251665        1.2597892913139719        1.0102066712242108     
  0.62551873148012427       0.18542906823744626       0.40551088502306104       0.43184760889017831       0.42897104721131046       0.63419950895387522       0.28389455122687729       0.54838954049374400       0.40188862308252671       0.42701029472041940     
  0.85670002819625135       0.93196998025450084        1.1149353473315240       0.86926488942918290       0.98880094329580126        1.1780529937979387        1.1108654773602071       0.96197967723700539       0.91899353217273250       0.94493226889090898     
  0.63967491596163817       0.19820916586644707       0.41950111492644915       0.44589090670359272       0.44571057874852921       0.64452650609597306       0.29152112725186180       0.55953157626586525       0.42027304694693024       0.43798466624023419     
  0.81245353489136862        1.1421179820609790        1.1464613354072768       0.99097464258550494       0.98050620473168382        1.0195817736274548        1.1380571355314217       0.80754924500118530       0.89729203589439599       0.82924278699327503     
  0.65371628355964551       0.21281936775883817       0.43389604298236406       0.46174924703975651       0.46297529131457771       0.65445081603336797       0.29895349650924347       0.56921310132011971       0.43810785823784465       0.45082861159483734     
  0.86971430594556987        1.1343543597142125        1.1482770879895199       0.88009745699741959       0.97430830875264762        1.0814083726315120       0.89374909987351092       0.85583216790829653        1.0139789328802611        1.0647034018387094     
  0.66783271507045416       0.22843533703394078       0.44876301377888728       0.47840392390270858       0.48027220142030014       0.66434232549637762       0.30600172265860742       0.57997242489212608       0.45520000666387000       0.46337978770111993     
  0.90387398742551894       0.98209728197336732        1.0651321349744984        1.0766459892530948       0.98888142124768141        1.0095869796018069        1.1465855274031522       0.91569028137440156       0.93557677940776629       0.93352061043865897     
  0.68208782821338498       0.24448869748619342       0.46335869579135114       0.49433187822749020       0.49718569636769738       0.67371042045283747       0.31316942457240138       0.59165137709222437       0.47154786451313158       0.47656816315999723     
   1.0564907625212117        1.0883647156693903        1.0453147246982144        1.0221489618676307        1.1312537255886057        1.0683651978789324       0.83397218558557640       0.88441487338416069       0.83828129113789185       0.86851753269494181     
  0.69591541530806322       0.26109955611168162       0.47794024661393086       0.51034703058813202       0.51377565718257767       0.68282247785807093       0.32043159468200105       0.60376332880792705       0.48750909333855985       0.48925480463279242     
  0.97641121952412369        1.0518734204130959       0.91304473102103401        1.0008955847294201       0.99908655129863611       0.93199575358287590        1.1067639202392179        1.1232798123043544       0.97648312062005971       0.93239366114118738     
  0.70884855589524010       0.27825179972044184       0.49327481390498484       0.52548237155711264       0.52861161916265675       0.69108442942183956       0.32821172645726049       0.61715371276933140       0.50429410386045703       0.50097824857374917     
   1.0628515093881401        1.1293134385561803        1.2484929039867751        1.1173691609330367       0.90376206619650845       0.86087358119991475        1.0104255894321417        1.0504343428848850       0.88611108684316842        1.0479088208320237     
  0.72211727603505083       0.29520719416991470       0.50858987664564748       0.54063793447282482       0.54384675071322275       0.69932147463157268       0.33613567077998968       0.63067014726426629       0.52155098331287020       0.51476482960694314     
   1.0994690898665989        1.0313459749249281        1.0881785457523316       0.90703333547379272       0.94807587696287343       0.99170499130667011        1.1443442174913603        1.1956158856537231       0.94359266578048018       0.87790476826519037     
  0.73499058433503495       0.31206532103085011       0.52321859173811569       0.55595928691006979       0.55876560942461118       0.70778408149001315       0.34383963403478485       0.64351622072271697       0.53916228064382210       0.53043655870653006     
   1.0573252609627897       0.90956011973735351       0.92846266158291157       0.98658955143112081        1.0432601438899964       0.82939219589574364        1.0190747474467583       0.98217441618671963        1.0577096452292081        1.2098304016051984     
  0.74788622013592887       0.32953453738580307       0.53738187710899166       0.56939935069507641       0.57338395398124309       0.71655946146069738       0.35137135133927860       0.65553353201540110       0.55672873177911464       0.54511083036212260     
   1.2464584042150868        1.1197088870082879        1.0068354808190292       0.82998854835671454       0.96861131547584600       0.94182854245008463        1.0070922051602276        1.0048490296743475        1.0959570841597206        1.0967162564634376     
  0.76040501361598922       0.34764021777159787       0.55128951079755850       0.57981898406209198       0.58747392517927177       0.72534804050683566       0.35904038652174708       0.66715447732030864       0.57393051895965630       0.55884014298204687     
  0.98620431282565357       0.94327400269621675       0.97095630926373777       0.85337631885855225        1.0170614093126553       0.92800023247919905        1.1073592154351430       0.75267726969787674        1.0609484239061462       0.91625050088163273     
  0.77224043777166973       0.36552105087579240       0.56538816641632017       0.59213427304745703       0.60187387735177089       0.73465513056967946       0.36687617871719203       0.67900637221449911       0.58990006957330754       0.57413387483260969     
  0.86237920899204168       0.97006679467857604       0.92081958487504367       0.92299134299504837       0.95274300377376453       0.97858189482380398       0.91089888472871694       0.94580712556909530        1.0287816056725063        1.0651919656978264     
  0.78329588172683140       0.38317919843765869       0.57933976284006683       0.60464621130606822       0.61881558800170799       0.74347736434612544       0.37491718100271981       0.69038966709940075       0.60505362715182731       0.59183021829015647     
  0.99347495684487752        1.1456082284858533        1.0573263920319935       0.96355878060535527        1.1210460390975105       0.94239582978034664        1.0238227126208082        1.0251758174430534        1.1695942216935022        1.1781228234919359     
  0.79420563358380536       0.40119487772311135       0.59321316815028036       0.62012455875991745       0.63497779258464593       0.75195881242640072       0.38321030035120612       0.70198077395783320       0.62006696616599322       0.60931779315579426     
  0.99872299359591910        1.0130240306903353        1.0018328802229000        1.1684780012095477        1.1104715413957633       0.84722750514212475        1.0344214065504540       0.89141070778557807       0.98516536449188974        1.0530719949587388     
  0.80503730947291097       0.42094902729972544       0.60659250957036681       0.63524087140070562       0.65014007365834270       0.76039509211608936       0.39178578584688784       0.71388582916282095       0.63627416075732646       0.62628319923721276     
   1.0661119833518966       0.97456013701405531        1.0887391020335582       0.82694178595606282       0.98974657797946330        1.1385349942500900       0.97880875014811675       0.93579571108490711        1.0043901967279500        1.0887494572004885     
  0.81621392047449726       0.44245598237928740       0.61974066437018205       0.65006792617653775       0.66372665796323260       0.76881608467815765       0.40053945659426887       0.72611325316790754       0.65257262372757907       0.64373351229452724     
   1.1254903074285598        1.0347392393422865        1.0002694083674080       0.96444852271266912       0.93145206784995660       0.82345318572434845        1.2617944302537203       0.79737327894389076       0.96892288734033505       0.88818208416517774     
  0.82591097809143721       0.46765305029102328       0.63374163809747086       0.66490218253425892       0.67812402114576054       0.77683629331319382       0.40932597350419858       0.73899440653446480       0.66599935818900224       0.66074361492789691     
   1.1853990713490987        1.0413982249463229       0.79596199711530768       0.92774698026109237       0.85832716774684736        1.0825811271672550       0.96251471150175638       0.91085847108484941       0.90267635904674948        1.3472503353197054     
  0.83559190193383748       0.49411157174224629       0.64804934508234402       0.68086917684045289       0.69251520588782256       0.78455871006117084       0.41832034912636090       0.75154897114324204       0.67940803159444885       0.67677170124055008     
  0.99551053314356874        1.0254564940677622       0.93124727517188655        1.3354222307400290       0.94729682292335238       0.81220802793256508        1.0670989618284645        1.1318480475383899       0.98326381844450617        1.0082305110937662     
  0.84368048438678722       0.52164515638724973       0.66129098761688698       0.69807956200482923       0.70819757717671949       0.79216367828206979       0.42742731460773048       0.76365585079128551       0.69383075754040713       0.69252137692437876     
  0.83820988983582534        1.0235801571993184        1.0085385670313920        1.1740027442610943        1.0679975950739222       0.92499344444780096        1.0839048977073715       0.98148479166110780       0.97617513286061997        1.1952592613096493     
  0.85097563028357726       0.54976694998195397       0.67442707326398310       0.71453696739054917       0.72447810211784591       0.79967441226462066       0.43739193496648504       0.77624611006677213       0.70854792720213711       0.70820563298634043     
  0.94418250769860135        1.0493646674400645       0.81491412752200154       0.98756512683603481        1.1516021928000866       0.90247961944100674        1.1125138152486340        1.1531638455770643       0.99182523854591287        1.0780683254241907     
  0.86001282991097650       0.57760462136494051       0.68779498166456488       0.72999448706503756       0.74140311250692559       0.80785677535171430       0.44743920317203012       0.78899810053262531       0.72522366350849188       0.72390342693754062     
  0.85422708028940453       0.94458461551064821       0.95588259403263742        1.0620111524419453       0.95405991347654151       0.87471911297093696       0.91847804266020727        1.0093327627275059       0.95744747396157681       0.93123022219143192     
  0.86892939617772058       0.60925658198932642       0.70098365814813335       0.74492003092020376       0.75900309001913446       0.81650947650090655       0.45718714872094884       0.80141791399852891       0.74256503823104614       0.74014939030716997     
  0.88036246386503114       0.91822427823986918        1.0197808449261239       0.88183881784977169        1.1063659862087127        1.0957112617727423       0.86818549054359950        1.0681127210209049        1.0330582197136342       0.98338101463342042     
  0.87526210941509786       0.64157045875633656       0.71645774393758888       0.75934893083944033       0.77689890131952555       0.82579449674720518       0.46702149034749979       0.81333614203502891       0.75802663458079433       0.75780623142431314     
  0.86084032514751418        1.0315323719256169       0.99783996450595513        1.1777223849411207        1.2294390332904575        1.0520272806010564       0.96448301360904287        1.0516229346235511       0.94485751220257153       0.93878305655112959     
  0.88170386286091873       0.67410781062185243       0.73197968611723307       0.77435936177655584       0.79468077894007516       0.83518587446132875       0.47591247198397491       0.82540528318240292       0.77446764529330470       0.77568891060214362     
  0.95068609408872173       0.89108679447837624        1.1352676112996909       0.84242774423796407       0.97710032745554010       0.97321311058056337       0.83995683906696705        1.0818898063471767       0.90959489479807198       0.98765400287436789     
  0.88854181935061549       0.70709681440225913       0.74809123073499662       0.78987429829587597       0.81200573094369533       0.84453450397446361       0.48633701415240044       0.83784680521731791       0.79240135566931469       0.79389179691158862     
   1.0001061359172003       0.91678735992819704        1.0449062359131776       0.88587154070672225        1.2901615679668998        1.1209716808841752        1.0655971812699674        1.1041508048604547       0.94936283514181141       0.93504606680497637     
  0.89545717912305811       0.73989978484051355       0.76427519546679690       0.80573576790591117       0.82903582875094639       0.85390963977510770       0.49953344422063400       0.84955346456952807       0.80957991993057887       0.81156013022940754     
  0.94424700787845439       0.89838838607264326        1.0390878315006917        1.0537348463935612       0.97162415518651035        1.0119517203287365       0.99794381700557966       0.99641417971344859       0.90707381897246964        1.1230064650985006     
  0.90420887205849276       0.77206023664856216       0.78192127444494575       0.82076485274825406       0.84571980775384170       0.86343824391760271       0.51332311344791659       0.86014879833920976       0.82617184095184437       0.82854269121871438     
   1.1819657423109313       0.98126801750786485        1.0470661916469675       0.94153635218359621       0.97287302850963386        1.0417773309591338       0.84575441813144980        1.1181545474267951       0.85867515040201281       0.91458865675561996     
  0.91272839860270294       0.80369460135262549       0.80019387813350018       0.83586218383914546       0.86260286142591780       0.87329364927646558       0.52858087934849141       0.87095526945406954       0.84218679171515376       0.84545904701229524     
   1.0605627159645883       0.84511234743808494       0.97689783042977696       0.88198743922428435        1.1081330792871982        1.1462295168495842        1.0092076702252237       0.99635555449503921       0.93415229077054651        1.2490392772913348     
  0.92167690353167109       0.83400306700361626       0.81798260421556135       0.85055522121961691       0.87717860937515890       0.88134036575189190       0.54518482282661096       0.88301654838647636       0.85788745869381922       0.86226301146561624     
   1.0257778919305396       0.94162467884220336        1.0771459700167241        1.0119345893807841       0.86584353223991306       0.97254098956046897       0.97778967599041022        1.0822067783897511        1.1500738606038401       0.93143104395494802     
  0.93113546926251034       0.86251288310248830       0.83596153474171164       0.86605234343564108       0.89059620557292152       0.88832525585100985       0.56361005606580461       0.89544223217690000       0.87488209469238942       0.87897005707830600     
   1.1245301677890489       0.82387029091080433        1.0323547733822553       0.95802705471238947       0.81612666143221124       0.83699638163970602        1.0964515785472677        1.2141034415175160       0.86347201663192275       0.99629939186536454     
  0.94019851098977048       0.88808914469771350       0.85425719047489157       0.88255740913402736       0.90136620893685326       0.89794408081703403       0.58249881641458079       0.90733873649629149       0.89043185507804212       0.89524091143653695     
   1.2701731025418694       0.92319324367222400        1.0736686859680828        1.1213326591769599       0.86665704946183553        1.0643392715977740        1.0598226596036404        1.1538241929868120       0.93291391063777085        1.0249471083293635     
  0.94906503206012871       0.91111073603830117       0.87254944817634383       0.89840211080938859       0.91046314699754449       0.90814842778589366       0.60258528622073393       0.91943771933755736       0.90624911681183584       0.91176476734303114     
   1.0648470276369406       0.89519921810675540       0.96810430395643787        1.0019319116431884       0.84861130686791275        1.0087843226445414       0.93915592736662712       0.99128930886166189        1.0632133314675805       0.82635318019400350     
  0.95800467062403605       0.93234231816143986       0.89194649779927615       0.91411273724113895       0.92428079719579903       0.91894268742789853       0.62617931131707261       0.93262350271569072       0.92075509421525603       0.92800619115522742     
   1.0852897932937695       0.99153558331732861        1.0006323064081366       0.97707951669127868       0.79399304858037600        1.1586865412228819       0.98513923591769503        1.0151373704565847        1.0954341219813861        1.0492402871713573     
  0.96771910322241061       0.95267049782066116       0.91158435147398187       0.93066781796937481       0.93807294558090948       0.92991059975609025       0.65516450215613686       0.94534553822473910       0.93490886875252799       0.94359780506467983     
   1.6772992056816909       0.91033633571227235       0.93634692815106702       0.99764824362733062        1.0011142782153266        1.1057949841224266        1.0078509581734767        1.3057050582143799       0.95849228024915600       0.90340311912171067     
  0.97519115210283991       0.96660981760845310       0.93296308829649921       0.94960620145428543       0.95337997739468150       0.94167461454496071       0.69214552416290442       0.95803059949408020       0.95134191820138336       0.95786082691193086     
  0.94344530063122012        1.0056627594443515        1.1451760684061865        1.2628999375479526       0.99316361162529143       0.97516152890870156       0.92867900781903812       0.89922050346534343        1.1021402370987001        1.0795905800000931     
  0.98291814830347013       0.97950107710138390       0.95454014764253026       0.96773761707641603       0.96844814770205079       0.95430293360357743       0.74053033765700371       0.97069365108183403       0.96770022177447412       0.97191521226052635     
   1.0253121767522002       0.93351061505366451        1.0702792559579708        1.3449065023322027       0.94547737876258231        1.1623245667230151        1.0727695573826077        1.1126685867972503        1.1952374893791811       0.95280901198300905     
  0.99130993621957109       0.99005757520305193       0.97717934596274714       0.98383443592508291       0.98453206978284968       0.97366742387610816       0.84400879337739676       0.98540275167435631       0.98378283710620984       0.98605389030906598     
   1.4216178554558070        1.0420528462406242        1.1056295551074287        1.0645947266217077        1.1058509913028076        1.2509302029133977       0.98737923113519843        1.0013917876788976       0.94564510797214030        1.2499881316823245     
   1.0000000000000000        1.0000000000000000        1.0000000000000000        1.0000000000000000        1.0000000000000000        1.0000000000000000        1.0000000000000000        1.0000000000000000        1.0000000000000000        1.0000000000000000     
   1.6448263691998759        1.3825871577522715       0.96155443014910635       0.95393298928099779       0.87157027859360181       0.86794484885338019       0.76939604469045264       0.95276689478671839       0.97620523187498753       0.92515833758048904     
   10.111714723165049       0.60848087972759990        4.0665401760746791        6.2749697318842710        7.4076616101842019        1.3019723068692814        5.0879284140471128      -0.81559693128711308        2.5649718899499390        5.9363943321086561     
   5.9840359058335215        3.6600168293711919        3.9626031671927526        6.1575637046268588        5.1044946044229080        1.1324975228086689      -0.31988000981567610       -7.8410922453832521E-002  -7.0943813221600642        3.6790805164033107     
   7.8314339112389497        3.1381240587511434        4.5203745605378858        1.7010984092214878        3.5476881372049149       -1.4432977011901784        4.3300659565765001        4.5626518929675068        5.2364258481580688        3.3645111572998916     
   9.0287741248771081        6.1954125191470366       -2.2695705743005474      -0.94678271256998270        1.9260341077635796       0.53968934520412493        2.9846414925222478        4.3602045396408755        2.6716554388079938       -1.2122092122543755     
   6.6569904337973584       -3.7251713502782331       0.28898771666518464        2.8621274424816825       0.81386335330281745      -0.12718145615839277       0.75968362984047788        1.8217100864364655      -0.82134349018653141        3.1837179399304629     
   3.2749390393046216       -7.0645457730023677        5.0373851588818397       0.73301332728179847       0.64016993631128738        3.5422725206323635        2.6130024891942552        1.6967764071500999       0.61537182210933539       -2.0644228383373289     
   3.8196466460325733        9.0361887363520790        1.0606143334121716        1.3132100609631616       0.68485884712163891        3.0686498284698271        4.6131691214864503        3.4065067501461197        3.7633664825280086        6.1895808701940798     
  -13.363748811390465        10.244255063843953        7.5349958781634303        3.0851396503053139        2.7290444534439278        7.5585082593400408        2.2177276860514974        1.8652898596703764        4.8170872900901518        3.5491751713222763     
   6.7154262603609696E-002
           1           1           1           1           1           1           1           1           1           1
   5.5323001714899074E-002   2.5850497076729904E-002  -2.7077534203309630E-004   7.2548732199624508        2.4705915293992287E-003   5.4659188309087439E-006
   6.9109506308448834E-004   6.4398980934217876E-004   2.4983963973670915E-004  0.38162307928068934        2.4959871919126233E-004   4.6503748873634483E-007
   1.3134760925666801E-002  0.97886702381273683     
