   0.0000000000000000        0.0000000000000000        0.0000000000000000        0.0000000000000000        0.0000000000000000        0.0000000000000000        0.0000000000000000        0.0000000000000000        0.0000000000000000        0.0000000000000000     
  0.13757917622093416        1.4831312141623636E-002   1.5765606784226761E-002   9.9795854456683708E-002   1.0077555678731533E-002  0.69078381790696619        9.6774659104284858E-002   8.4647643753119409E-002   1.0902944260628159E-002   1.4053594229633105E-002
  0.40401319238872102       0.46933357965918848       0.68759904825153451       0.38872051779909517       0.47150371278503089       0.40401319238872102       0.42708957920084883       0.47418334986811395       0.46408928949402445       0.56848313219938640     
  0.21999653611772829        2.9988373624071616E-002   3.1875511388859051E-002  0.13951010812950607        2.1115243687152098E-002  0.79639725708798170       0.13453222379691651       0.12449793656360673        1.8584219556370404E-002   2.8726067128795382E-002
  0.40401319238872102       0.48887399425001093       0.79250778447223080       0.50291109667496292       0.53582670511063979       0.37695763751478412       0.51632048048141954       0.44516013029767731       0.74143516675617749       0.49624347426535609     
  0.27847738938705613        4.5649220500016095E-002   4.8183542965409679E-002  0.16489072015772055        3.2975647733429585E-002  0.88224916951689358       0.15877384914093845       0.15190660406176001        2.4801546358464488E-002   4.3718634275695084E-002
  0.46408928949402445       0.46343341573815378       0.44116201857938059       0.49737511844321664       0.47900077105001398       0.40401319238872102       0.48952800558554449       0.50445981518908956       0.55903401308420320       0.52142595480409415     
  0.29664307485213781        6.1828194993793592E-002   6.4518466007453965E-002  0.18515753097908150        4.5478495500879186E-002  0.90267126668677833       0.17793560771543585       0.16668572064698134        3.0445688558113811E-002   5.8527202093354984E-002
  0.37695763751478412       0.53809319448868953       0.41935299064564924       0.40392852509094035       0.53393545187352909       0.38740857670279599       0.45326773212662880       0.55815947358611173       0.50386502797643506       0.56490605541461802     
  0.30600501629795340        7.9203935133050449E-002   8.1337561151051022E-002  0.20211062624947612        6.0638296150130680E-002  0.91173907698510392       0.19400190495395755       0.17560488183560902        3.5881832908045343E-002   7.3288121918125199E-002
  0.61914652776222312       0.48621315491336253       0.58486576607831986       0.49157270180349311       0.54382785513236465       0.37695763751478412       0.55705103745215279       0.47362535389353116       0.61704309137421365       0.55694879552209875     
  0.31364226541990731        9.6499772179462887E-002   9.8105545827824991E-002  0.21723259779394327        7.5480219218149791E-002  0.92096954494305516       0.20915022339866804       0.18479926474304267        4.1374072370619373E-002   8.8548617553230985E-002
  0.47468611373573522       0.55112610227108749       0.54329855704243968       0.44556948192742335       0.49605343924469852       0.37695763751478412       0.73968879234047358       0.49957484293482035       0.52082005422797251       0.58671741188118431     
  0.32131418836249503       0.11391224964334858       0.11475606177501592       0.23173885336553837        9.0126951625312229E-002  0.93686821105705598       0.22190808387040781       0.19419476093716506        4.6957015269145086E-002  0.10429567202595481     
  0.61248285990805762       0.53792815819157680       0.52711302248286440       0.56403609794234588       0.55545500451435159       0.42293060241216379       0.58972303943942128       0.53344330405456530       0.46687691408664961       0.56650374137424631     
  0.32987745211573749       0.13227808102913985       0.13059954651917707       0.24476124856781967       0.10645642296227978       0.94799711652191143       0.23116586952777715       0.20318179873352724        5.2773732140959435E-002  0.11767859207961538     
  0.57288851864397505       0.60353047813005734       0.78473209300317803       0.46785751948202542       0.51170729633649037       0.40017129531177442       0.54405514025144774       0.58101378426836525       0.55524106680041474       0.49739858472701870     
  0.33907628040531901       0.14952627572999228       0.14460752964548751       0.25622620470714030       0.12210883146422460       0.95476600874833883       0.24001162136545867       0.21199226842024269        5.8784346955810411E-002  0.12938623394948093     
  0.49539807674126685       0.54402557939924279       0.62673764208717375       0.52488681862000830       0.49236075368580651       0.48629422040693265       0.54788996103743681       0.41479756363524151       0.58805262410240022       0.57201074693582565     
  0.34922459962257235       0.16174581691326306       0.15798459119229660       0.26754182627840645       0.13764673388480556       0.95801305224220523       0.24867267305628057       0.22040671478276211        6.4955824679775703E-002  0.14091210628296311     
  0.54809618979201791       0.40401319238872102       0.52328034311826988       0.55169176498635142       0.60407762404039433       0.48515650307949354       0.46351788710894326       0.64384464308909428       0.56609709397806074       0.48211575714265992     
  0.36038552752562775       0.17393687601924265       0.17068352148327218       0.27935086736616743       0.15247347040148190       0.95977261145733361       0.25699004879639548       0.22845012765163666        7.1454595305509516E-002  0.15305293801493491     
  0.45107217056251464       0.39149820164750954       0.56004413787218266       0.59174186970944054       0.57034952480375045       0.53541593659328313       0.60182077747076024       0.43248221941555565       0.68157530115059994       0.64238148045180843     
  0.37161042741053785       0.18573128061405203       0.18214278829882879       0.29222756299713504       0.16797064338256817       0.96090543803098427       0.26529055501528859       0.23629956036051200        7.8263495958705354E-002  0.16572851993224527     
  0.52774084647671260       0.54196439060933399       0.45394536623462967       0.56539688209322325       0.52119012386728247       0.53895974107508549       0.54896511903769518       0.52401847234540944       0.52843831743928193       0.42215300789785243     
  0.38318334161687539       0.19634024646000528       0.19392192848710380       0.30501225730000148       0.18360493120118504       0.96178314062338977       0.27357126555473821       0.24404128625033411        8.5133969489753256E-002  0.17901115769415762     
  0.50218620026113725       0.37988966047217776       0.46471357504273919       0.60311472574120706       0.50989254505731718       0.65416396601201998       0.51354310114242807       0.44012533789900471       0.63458652286470174       0.45070929361310547     
  0.39586779262409760       0.20640165477980688       0.20652910087902965       0.31737557900637714       0.19956567745253820       0.96254973145582445       0.28226401604801210       0.25220993200039693        9.2224312213992091E-002  0.19214257169279186     
  0.43077199961073925       0.45967610864166797       0.48898249599617677       0.67694357592478227       0.48427275054139890       0.84552379783235310       0.56838048995456858       0.51218333830623408       0.61379280433486394       0.58238096671454143     
  0.40907778933213329       0.22178769224080644       0.22029940493834868       0.32954355120670775       0.21518837147734290       0.96319791391131926       0.29060614117443107       0.26072648663439491        9.9925280894246918E-002  0.20602107948593090     
  0.55564924932099924       0.67981545029488055       0.56372013393916010       0.66463467292218170       0.62082373384878853       0.72196250108772853       0.75214573948596819       0.49746876669370677       0.63194851049792533       0.53937570505877941     
  0.42231822253026585       0.24085799091739729       0.23515319415396924       0.34126440363150007       0.23093023612483604       0.96383632422264109       0.29838216341613943       0.26925297363304929       0.10811449786235400       0.22031239256677851     
  0.76464070221682856       0.48051226697754656       0.58502281671436607       0.47893223765029697       0.58541750255826164       0.62093390878005794       0.53622152240055321       0.58049054810990008       0.53000827318617516       0.48274374934271169     
  0.43530641521002666       0.25894640457293933       0.25014204574692855       0.35256240861467092       0.24676972418739812       0.96445751729535378       0.30617635779353097       0.27793458463204518       0.11646146859289089       0.23440013378119551     
  0.67883423214483718       0.52281950245019337       0.49576586325236832       0.56117087418998679       0.56148332507058218       0.63678232942263480       0.50743676354621914       0.52243215221102801       0.51842721067234454       0.39810882516819496     
  0.44836087750032727       0.27703074640467684       0.26472940991485017       0.36326546182094399       0.26308394603015534       0.96504863544285802       0.31417790237861953       0.28642675273497620       0.12514699196779056       0.24844291304072225     
  0.59311115233477485       0.56333447538942227       0.56985773823093111       0.61247464410731978       0.58236351705125045       0.67113919494087471       0.56367021394789929       0.73067780402040361       0.58307309280229280       0.43974619090935058     
  0.46175845939576243       0.29383050045656667       0.27866254211809183       0.37339928402942490       0.27865956141817089       0.96562214189267059       0.32208674273126719       0.29414659761677464       0.13409984153150825       0.26357591467898533     
  0.53420508734645600       0.48507686133066408       0.61516077073024900       0.54391293372327765       0.60961724671965256       0.53307780529814541       0.52875987515299383       0.61179167042816540       0.64308073888278827       0.62525961076006475     
  0.47509620324642909       0.30937519029096394       0.29302017768839334       0.38356842773626770       0.29416042389283154       0.96615133483131022       0.32997306442349206       0.30209568400573983       0.14366100190151912       0.27675871034358213     
  0.49248970535248404       0.52391877150024491       0.46126801695185565       0.63996186564191238       0.58147243727148901       0.57722979981440170       0.65187828314298535       0.53309860341352855       0.50682287277750337       0.51005815548285938     
  0.48863915031473792       0.32666358714011606       0.30838617820069691       0.39400564571554231       0.31003615129552181       0.96667264116750107       0.33753201876720595       0.31011552503176953       0.15355177022590846       0.28912110422330800     
  0.53259029725757612       0.51501276853309186       0.53982924568315926       0.80557315001813024       0.63735315054557629       0.68741197243499996       0.54284049526621680       0.50237619775745557       0.59712985654829054       0.37816998140325592     
  0.50273462292600857       0.34704629661572550       0.32579156950562826       0.40413601918109787       0.32578302377600793       0.96720199217416680       0.34479970585850178       0.31856983786544602       0.16349280935824581       0.30133569710116975     
  0.74783523858179068       0.49578037697546340       0.70816806440284563       0.55034896171650594       0.48629896166289538       0.56846108817924856       0.65027687896859698       0.65095603415473779       0.42220480270693944       0.51147938403099535     
  0.51739321099099467       0.36655313486224000       0.34371035306785636       0.41292650040322215       0.34055536446884521       0.96774587261556499       0.35209769313683015       0.32789788339339820       0.17389007679731980       0.31268769171347344     
  0.49684574465815845       0.54991980567460907       0.53455782102894711       0.57508448283630620       0.61574041779430189       0.66403193660391080       0.60662587584341765       0.60383927275333338       0.54638368530705217       0.53796930954375333     
  0.53138815420243735       0.38505083761615427       0.36088582402842573       0.42119942108182268       0.35454097506593640       0.96827560432369664       0.35935509348947997       0.33781697375107467       0.18474222115260938       0.32355770394469174     
  0.57163340110521998       0.58711903207243832       0.50482491313743960       0.49729490308035290       0.62037112916432047       0.53669577492079901       0.59890045090982125       0.53883050124263032       0.51027140582126329       0.46749098526030197     
  0.54407268714831925       0.40245639603293937       0.37824733916899089       0.42957257128138671       0.36857541536600119       0.96878544362246777       0.36619997555295214       0.34784555535310741       0.19570341812617070       0.33508861806370976     
  0.49739858472701870       0.58771395030079576       0.63428255626510277       0.53352805423083594       0.54597730268437528       0.48765685186783275       0.58970508468644822       0.45790185630260555       0.58154267698586115       0.54715436343043744     
  0.55628488114706076       0.42001044407538118       0.39545889322045752       0.43782393904578343       0.38333903002650110       0.96928750422661147       0.37167248624849591       0.35761964889216485       0.20683102868365091       0.34892302060385899     
  0.49561351831062650       0.62434105394183181       0.52865624507082398       0.74644781829649531       0.47170428862821795       0.62552568833521616       0.52776623422328117       0.58357414643842931       0.72948139356383690       0.58256014624517749     
  0.56880951233797850       0.43689284636384634       0.41060976243497044       0.44571027040989147       0.39912043215668491       0.96979186924036365       0.37701554598531956       0.36659375522460985       0.21844700468836192       0.36420694059750430     
  0.50158963375546828       0.45503182240831536       0.54651797583678263       0.56720264270134746       0.59736246863885045       0.62580892565802460       0.47574976156159210       0.43279079361326722       0.48628997435074117       0.56201148862432715     
  0.58178368802285685       0.44955915097060944       0.42417300086523091       0.45333805437572067       0.41460781108034178       0.97029605492834226       0.38242306058234210       0.37511590960924457       0.23168723363019372       0.37961642164011017     
  0.45357794498385379       0.49380249208693944       0.48826905296284456       0.53721992368049298       0.57858685428401480       0.58381841657365074       0.49744360983265484       0.45055777339454500       0.49554499179594874       0.51534076926850569     
  0.59474733987228756       0.46240157566347445       0.43784645673652678       0.46089303625624761       0.43031567964255846       0.97073994061185653       0.38852099333211093       0.38306605301263191       0.24609076126407528       0.39489156707169715     
  0.52900147954457288       0.43711097848218688       0.46371923660448783       0.56399262206735190       0.62262614915269854       0.52379966072534467       0.55752459648815578       0.49159785359146285       0.46733164477702371       0.56304093302124336     
  0.60720126731131774       0.47550881054454452       0.45179713887187811       0.46853220463823936       0.44690879854212262       0.97116179760174015       0.39597283490598728       0.39238468707567431       0.26110044489654355       0.40994611616291315     
  0.54747476282830942       0.52572707630327886       0.57466071275573971       0.58434034303547100       0.52666357090277582       0.70873951219074127       0.57936471412532720       0.69511774456545183       0.56647917008121440       0.62087793946871550     
  0.61990407163175842       0.48874524309952611       0.46805689511214021       0.47640581474614152       0.46230064680617855       0.97158076381962355       0.40360649141391758       0.40305842825989813       0.27598285629473790       0.42448351273488166     
  0.41849722898417990       0.47062980659637516       0.62273479306569746       0.55394462064753835       0.55054984844642507       0.53168210160577445       0.56027029528954642       0.50819605648279609       0.56956694828726451       0.47212144258161109     
  0.63368270158789319       0.50674214341392732       0.48641223854254456       0.48452374902162454       0.47613175437974764       0.97200355544369799       0.41106098976732408       0.41479467995630470       0.29064523783520785       0.43909096703681344     
  0.56838455708996882       0.66876678154219205       0.63867505566137983       0.50002198374127327       0.66950615667300750       0.54371039194113180       0.61708806377552605       0.62262025815658517       0.55520503811438837       0.58220213333161264     
  0.64855810356041954       0.52413806319039846       0.50423927299086657       0.49269325438170647       0.48845450318930367       0.97243597800112669       0.41858811854672084       0.42722655875658361       0.30562776358406979       0.45398838725315488     
  0.58901128576906558       0.60463873249940148       0.59864915517495676       0.58179835194918283       0.57889606104821267       0.54837787800941096       0.63539989686473530       0.78394041683222782       0.47977251697881296       0.50173380906344900     
  0.66337613034760956       0.54158903107746392       0.52176233365251812       0.50040735942244152       0.49991040881362803       0.97296276794730430       0.42610628336057210       0.43971030333124900       0.32051116781243483       0.47008530854105113     
  0.61999898878095738       0.63928059186264052       0.63130861077854217       0.58968686779450585       0.45766249187430486       0.65780780662523863       0.53710237815695860       0.66427874970719181       0.63010839114134509       0.54199789268641974     
  0.67806427146350379       0.55838042543809285       0.53919570345868184       0.50753529012215670       0.51196329537759089       0.97348995091453550       0.43347877063046825       0.45160021419350704       0.33777978868666619       0.48659213789517591     
  0.58145329679535873       0.53750235345199393       0.54960604321742301       0.51216165859760687       0.42446129528255699       0.50804287484614363       0.45969170112811014       0.63429895511021916       0.59343231605972635       0.60703430930782853     
  0.69276646959268884       0.57442126533517057       0.55655958700164199       0.51487387507890259       0.52598255951334860       0.97402666196552146       0.44039655200584860       0.46308210781313763       0.35576774989911392       0.50347020121697839     
  0.58729484576560931       0.61124679535557913       0.54761182759188221       0.59849721379612930       0.50814144501980607       0.71085466513726736       0.59925105240369747       0.48439985534090840       0.51382213281270239       0.55478191356180118     
  0.70732899819071682       0.58965578518807649       0.57420968413560947       0.52197708759518668       0.54120112323153891       0.97457597182099587       0.44792321808790758       0.47291232788987991       0.37405803541662203       0.52014599743483148     
  0.56201695249663830       0.64471296064101624       0.63118958804693903       0.44861173910568297       0.46469893735991785       0.68931102446358994       0.60699754617770063       0.57031614260821417       0.57554164536162822       0.51167275186510586     
  0.72228502920510707       0.60455793235169475       0.59175726540999873       0.52919519012661509       0.55661469633226401       0.97513321571668277       0.45514607444280997       0.48245005560235643       0.38921009056986627       0.53585393632358880     
  0.58158367202432326       0.47952926186644040       0.60647955792565411       0.57924455204341574       0.68400652160662945       0.49619565472205185       0.61666770277132854       0.57504456327102360       0.60273649097171356       0.58089664545334996     
  0.73824194046115865       0.61993527568973239       0.60870468227623820       0.53717122596953248       0.57175622814521287       0.97570172433453495       0.46264278076532306       0.49222672322286792       0.40479215189461798       0.55147451550633220     
  0.57720935579631227       0.69705962786830089       0.47321184110226155       0.48368166295365722       0.52902276701255035       0.61596128237885761       0.58196262625807815       0.56048023754263165       0.45955147089085763       0.49032358253679642     
  0.75521205288548277       0.63723452529902991       0.62562688875425754       0.54556732659778906       0.58668744566340902       0.97627405615158724       0.46983420317549246       0.50267416478471894       0.42065354037224439       0.56752434204919933     
  0.58527352068303773       0.48443643506780509       0.56119988243739638       0.73309998545151789       0.56018201097298659       0.71967054104817640       0.47203207406466408       0.61741615421047813       0.53720799267118713       0.64538308686664003     
  0.77225887662322434       0.65529676912738510       0.64302817290311132       0.55405926495177071       0.60075262177897215       0.97684850577840854       0.47709337036284860       0.51484624898441222       0.43657021945587232       0.58310835684229922     
  0.66846282158665604       0.57186333105039200       0.54231454275946411       0.55232031843558649       0.51489612048638611       0.75295366402776043       0.69863020225743422       0.54195303488586144       0.44215895824301332       0.54735562719425201     
  0.78900660872213702       0.67146913883762627       0.66050256588747569       0.56189905661575734       0.61601179846950760       0.97743487449105304       0.48464143854188979       0.52819446739415943       0.45210882936484081       0.59767603586351570     
  0.61109032858234391       0.62358141113927434       0.55024713897181887       0.50390558591719758       0.49739858472701870       0.62638744443249084       0.54507113884534730       0.54924139227767577       0.48397826430370289       0.53389407873078598     
  0.80496379751893088       0.68669652043612950       0.67812529067553062       0.56974687666605717       0.63400844131858192       0.97803079413312022       0.49292184768422687       0.54156993524248398       0.47011032209674858       0.61308780851588784     
  0.66902146045322641       0.56192004752923874       0.53572774804732715       0.46585830622835567       0.51931278139238590       0.51872769331902369       0.61118775830010907       0.51371840304513772       0.43205041770085856       0.60937299871013617     
  0.82057378201423037       0.70299530679441735       0.69637012245649910       0.57722309775287195       0.65271212359044173       0.97864670130659481       0.50151495692063652       0.55484864795614930       0.49146670952052551       0.62988312975914218     
  0.47709244177992471       0.59491336746115164       0.49281549143217851       0.60220739896123332       0.55222046430599003       0.49327289694352200       0.50539171281841000       0.53976531434171116       0.59823948526265236       0.58696237537121210     
  0.83595053422519994       0.71943605453445514       0.71459507049459570       0.58484050500764140       0.67118722959196120       0.97927603867516766       0.50964487294245597       0.56744983604817723       0.51355819455471241       0.64713979660562859     
  0.52244871945025129       0.58773863493914880       0.66711517191434133       0.52427463314945222       0.75128785892307548       0.61130738737021828       0.57061061046931383       0.54535192419303746       0.57435994850609817       0.55511885324311994     
  0.85128299384828543       0.73590144205815622       0.73291784936679727       0.59241758934495359       0.68833721046085872       0.97990003185626917       0.51661375622455707       0.58116340281108780       0.53564944388475677       0.66407607112052203     
  0.60314199206980112       0.64608571345817833       0.65657087019988492       0.58486070522159483       0.55301104139275681       0.58024075320596180       0.42304053458741170       0.50030420128318331       0.58946722101172433       0.59558253798107186     
  0.86778488348145899       0.75223604991863002       0.75124306544300556       0.60096693359674769       0.70522186438224754       0.98053425395680305       0.52324209443366976       0.59477618769448126       0.55948351882655756       0.68068199198964452     
  0.66374448951430631       0.61048826904584019       0.52347240209699952       0.52108748757995016       0.54078864609594068       0.57621336279545132       0.54985868689701733       0.60635082100496651       0.56488882069991186       0.48322267932865248     
  0.88290957561078354       0.76845855123333728       0.76958889856678614       0.61139868275101872       0.72278616297943044       0.98116150950129100       0.53019030427150271       0.60847556378695755       0.58244592137655282       0.69857213684495412     
  0.51231987038765314       0.89427727847826777       0.52685000619004041       0.55973161278440964       0.52270778884313762       0.50673714942980042       0.50336540898896598       0.59857891683128073       0.55041121824757899       0.73723797210234132     
  0.89461661714365337       0.78528486582366308       0.78608275453152454       0.62434739487968327       0.74167940923850129       0.98179076141531796       0.53750971969305195       0.62189726699947323       0.60492637030699636       0.71765009421462223     
  0.55320523242895725       0.60296509710238677       0.52176466688174172       0.61448018796857429       0.62221848360099408       0.58866738902887006       0.53052786634862781       0.59718693317268123       0.51587868858855845       0.62015908785413565     
  0.90517193285445685       0.80261200614903272       0.79951339688817558       0.63480235334898472       0.76177371581457587       0.98241405989506159       0.54591613311150600       0.63605766389215257       0.62668619474788523       0.73716971264814279     
  0.55686197121920600       0.60772083777215713       0.50852304823732186       0.57560793579102398       0.62804340280168380       0.54629648091523408       0.52872672676142785       0.50275024401484647       0.46158585429700566       0.47098323904151007     
  0.91592818980584612       0.82012368319087925       0.81263915245211249       0.64440702755376877       0.78078422553494586       0.98303431217769588       0.55437447895902070       0.65091601977139280       0.64869172234291594       0.75781226935025636     
  0.56278479372673729       0.62863829478846101       0.56988092991792461       0.47631029626668087       0.56953364497528502       0.53958680904474432       0.51707110029812953       0.53364682925689622       0.55578070614760922       0.62676464822542288     
  0.92720536545822341       0.83733336669603575       0.82658222030200335       0.65386358499348562       0.79858299948761335       0.98373934572328348       0.56273569872158913       0.66691872412644659       0.67107205462481978       0.77869800469544059     
  0.51420830974926712       0.65594809551606648       0.51987470968864646       0.53666239662877036       0.57826192593314563       0.51406137177337119       0.40740368256337695       0.53720283197206686       0.58461752581475335       0.63377362856434838     
  0.93819437725448107       0.85370559471658336       0.84116647054196025       0.66344153927002825       0.81596312025657891       0.98445167069840567       0.57114807988295668       0.68497164600623817       0.69226706716225495       0.79727698200174502     
  0.50564750639853695       0.57718340740866969       0.52718640347335499       0.51585376204448541       0.66710991112835316       0.48189751593333174       0.53432306937453999       0.58606428111562414       0.68220610549911853       0.63354221257207788     
  0.94780572373502125       0.86912996210140581       0.85661566001062206       0.67363367025733012       0.83339326567946415       0.98520204867538941       0.57965720575668012       0.70392840863766071       0.71777783492651859       0.81460759511620140     
  0.46066440114745877       0.50601645648328397       0.49220644689172416       0.50926100363953086       0.53690318765568512       0.56075837129861705       0.43075521424350227       0.60984383661083785       0.60230888573140262       0.60297560776552939     
  0.95666647981122210       0.88391852915548441       0.87236995050545341       0.68477049777775434       0.85045404275955250       0.98596853894322589       0.58822271808986315       0.72365937220874654       0.74144576684726582       0.83293228686859933     
  0.56463264820164583       0.67335309901682516       0.64527138074236878       0.66668447981467882       0.53656058713969146       0.62955210277015361       0.51947586474689267       0.52563389334582011       0.56717635465398952       0.53856667253646873     
  0.96499802472892937       0.89860393449726583       0.88673098121349936       0.69653560574915474       0.86743850739268380       0.98676296922639317       0.59794891642341130       0.74449872148461738       0.76368598071782168       0.85288404350941283     
  0.69992005946178804       0.69346348337169528       0.52061050122324048       0.58430940317397595       0.56244200628024277       0.54578742376159040       0.57112101478298360       0.57938616411302135       0.52636480244005590       0.70890637193284645     
  0.97259612839507315       0.91233224739058427       0.89956182408872476       0.70867876195492152       0.88406901808579896       0.98763659113407753       0.60888134633620017       0.76602098945758190       0.79287847193123806       0.87331662553408351     
  0.58884949609372872       0.48406151609856790       0.46895704394455984       0.50659182027404570       0.54251740808331661       0.52494842781127038       0.65370879630221312       0.67745083580266408       0.59240210749766908       0.53905797338630856     
  0.97903960719619310       0.92555253799277570       0.91216918006601155       0.72112433352689476       0.90084974090724612       0.98856857610003845       0.62028128951276351       0.78802038963635790       0.82465740780198349       0.89195498883039370     
  0.58979586185201205       0.54165512819342465       0.43876502104653281       0.56861822376946802       0.60816721843870769       0.65020374271281356       0.45107178055331404       0.52030440255658394       0.62510965910806193       0.64944506528419543     
  0.98390911269534043       0.93895102723256918       0.92700678527342062       0.73713815154429652       0.91718701844932560       0.98960710683653397       0.63290814784691485       0.81257491927691072       0.85545674357459767       0.90998710178607933     
  0.51401807346009443       0.56412259250349017       0.46259168227785258       0.47794315655474939       0.44465482627494068       0.61834170341126860       0.63083499550093980       0.57571916520173871       0.44368032704270238       0.57236425397849944     
  0.98760902938368000       0.95169408792849775       0.94199203644775809       0.76345211389574907       0.93396680949668320       0.99068773265944576       0.64587534770664012       0.84242962545280120       0.88716200337181828       0.92764057825155732     
  0.52848033625047575       0.66113216572560918       0.49398833444238599       0.57777724376264861       0.65313625476437942       0.55603129192529499       0.50812249827949296       0.59325773512571545       0.62184343540556319       0.51052120427833614     
  0.99100797345971992       0.96414341110370727       0.95596571751511272       0.79362951445641117       0.95094197440479444       0.99197130651391707       0.66336720647211833       0.87693268989151751       0.91642386921232433       0.94444078505563878     
  0.53137485280027141       0.47670316720483330       0.52103091412367253       0.71523452105845897       0.52766841041933110       0.56251749086304670       0.59787395363358597       0.48774503336484704       0.56551934943645565       0.60333891251200722     
  0.99417447334897402       0.97650865304584034       0.97007163428472543       0.83304562792835390       0.96717305499143491       0.99348003426250042       0.70306491879375088       0.91470481494984313       0.94410789663877392       0.96311255348517744     
  0.50681680930314921       0.50278320156763878       0.56294834235252345       0.56832183828840055       0.55230773664121613       0.50410541998905467       0.99025086403796569       0.58450912667486354       0.47036339043068603       0.49708583531350031     
  0.99710776178550886       0.98846704202788294       0.98470685435401528       0.89040949915731760       0.98345324613448726       0.99562615350622308       0.77860388223967447       0.95487163681412801       0.97128429564991670       0.98162700537617720     
  0.89196751084957182       0.55974942775386860       0.54890782177989805       0.61191405735361482       0.49627546165881820       0.46671917828676523       0.59061407866366866       0.61730874050059215       0.53165112920815094       0.79412758270434680     
   1.0000000000000000        1.0000000000000000        1.0000000000000000        1.0000000000000000        1.0000000000000000        1.0000000000000000        1.0000000000000000        1.0000000000000000        1.0000000000000000        1.0000000000000000     
  0.87566560743016264       0.58795053370819028       0.68456554743476039       0.42654880045947419       0.48844361299202543       0.37695763751478412       0.37695763751478412       0.67203477506499776       0.53783355152703594       0.61599278526700574     
   0.0000000000000000       -13.529262335991069       -26.267162205077348       -24.166158287489626       -19.208167762850113        0.0000000000000000       -24.471640667003633       -20.167381713402076       -24.138151475614468       -27.030433255949323     
   0.0000000000000000       -19.648657162358159       -23.448323956640003       -18.320203136986702       -17.833724294178548        0.0000000000000000       -15.013480215860486       -15.831477713949267       -16.090803426229712       -18.735607969331458     
  -32.519052769801320       -24.929442113845020       -28.769769444084815       -21.190810281482275       -22.860309426241823        0.0000000000000000       -21.168276027039969       -22.058550011745471       -22.077945887163516       -26.060145998625885     
  -30.066900568977918       -17.473512300534018       -31.960880019779172       -23.433550013909603       -20.583165369298115        0.0000000000000000       -29.767908331900419       -30.474811761749269       -22.113920073240141       -18.448536744519249     
  -24.761766990380302       -16.457113814229441       -20.339845076531006       -22.569430110225586       -22.612340322284723        0.0000000000000000       -17.738359848213516       -29.880732088482045       -23.167628269119959       -21.924172173897503     
  -28.175164732392286       -22.908964916806728       -14.894435234467775       -24.506891779013451       -28.815394810833840        0.0000000000000000       -16.673406457248188       -23.103600430192810       -17.066263696969557       -7.8877557722368916     
  -22.152378466857485       -22.958111178451503       -16.545182717051699       -20.500846176796269       -19.221885141548054        0.0000000000000000       -28.477094999583294       -24.886729925183808       -25.846622412858448       -19.249533890371065     
  -6.2871235421109590       -16.274677661623972       -21.299156759214519       -31.574851553995277       -10.500432506292778       -17.006172917797532       -24.344710025612198       -20.035147300829269       -20.134320457008297       -27.430189525916607     
   2.5286699673372945E-006
           1           1           1           1           1           1           1           1           1           1
   6.0794818388240857E-005   5.2633055366859645E-005  -1.0559721746110294E-008  -17.415939814082599        7.1180404751022903E-008   9.2759862014488698E-011
   2.0526160242131564E-006   2.0477897422835701E-006   2.4608914328036138E-008   0.0000000000000000        2.4608458612252538E-008   2.4792459068410580E-011
   5.0000000000000001E-003  -19.711277017792405     
