     
 Collinear #          67
 ME*wgt:
   0.0000000000000000        0.0000000000000000        8.9171413927944976E-024
   0.0000000000000000        0.0000000000000000        8.9171413927944976E-024
   0.0000000000000000        0.0000000000000000        8.9171413927944976E-024
   0.0000000000000000        0.0000000000000000        8.9171413927944976E-024
   0.0000000000000000        0.0000000000000000        8.9171413927944976E-024
   0.0000000000000000        0.0000000000000000        8.9171413927944976E-024
   0.0000000000000000        0.0000000000000000        8.9171413927944976E-024
   0.0000000000000000        0.0000000000000000        8.9171413927944976E-024
   0.0000000000000000        0.0000000000000000        8.9171413927944976E-024
   0.0000000000000000        0.0000000000000000        8.9171413927944976E-024
 wgt:
   1.0000000189122025        2.4683173275823840E-004   2.4683172809010680E-004
   1.0000000018127337        2.4683172853754700E-004   2.4683172809010680E-004
   1.0000000001805240        2.4683172813466588E-004   2.4683172809010680E-004
   1.0000000000180447        2.4683172809456081E-004   2.4683172809010680E-004
   1.0000000000018043        2.4683172809055219E-004   2.4683172809010680E-004
   1.0000000000001810        2.4683172809015147E-004   2.4683172809010680E-004
   1.0000000000000182        2.4683172809011130E-004   2.4683172809010680E-004
   1.0000000000000018        2.4683172809010723E-004   2.4683172809010680E-004
   1.0000000000000000        2.4683172809010680E-004   2.4683172809010680E-004
   1.0000000000000000        2.4683172809010680E-004   2.4683172809010680E-004
