     
 Soft #           4
 
 part:           1
 comp:           0
   1.1110997742949682        306.94131264898499        276.25000000000000     
   1.0101000287882538        279.04013295275513        276.25000000000000     
   1.0010009041940002        276.52649978359256        276.25000000000000     
   1.0001000003333680        276.27762509209293        276.25000000000000     
   1.0000099991333682        276.25276226059299        276.25000000000000     
   1.0000009999043378        276.25027622357334        276.25000000000000     
   1.0000000999903438        276.25002762233248        276.25000000000000     
   1.0000000099990338        276.25000276223307        276.25000000000000     
   1.0000000009999030        276.25000027622320        276.25000000000000     
   1.0000000000999902        276.25000002762232        276.25000000000000     
 comp:           1
   0.0000000000000000        0.0000000000000000     
   0.0000000000000000        0.0000000000000000     
   0.0000000000000000        0.0000000000000000     
   0.0000000000000000        0.0000000000000000     
   0.0000000000000000        0.0000000000000000     
   0.0000000000000000        0.0000000000000000     
   0.0000000000000000        0.0000000000000000     
   0.0000000000000000        0.0000000000000000     
   0.0000000000000000        0.0000000000000000     
   0.0000000000000000        0.0000000000000000     
 comp:           2
   0.0000000000000000        0.0000000000000000     
   0.0000000000000000        0.0000000000000000     
   0.0000000000000000        0.0000000000000000     
   0.0000000000000000        0.0000000000000000     
   0.0000000000000000        0.0000000000000000     
   0.0000000000000000        0.0000000000000000     
   0.0000000000000000        0.0000000000000000     
   0.0000000000000000        0.0000000000000000     
   0.0000000000000000        0.0000000000000000     
   0.0000000000000000        0.0000000000000000     
 comp:           3
   1.1110997742949682        306.94131264898499        276.25000000000000     
   1.0101000287882538        279.04013295275513        276.25000000000000     
   1.0010009041940002        276.52649978359256        276.25000000000000     
   1.0001000003333680        276.27762509209293        276.25000000000000     
   1.0000099991333682        276.25276226059299        276.25000000000000     
   1.0000009999043378        276.25027622357334        276.25000000000000     
   1.0000000999903438        276.25002762233248        276.25000000000000     
   1.0000000099990338        276.25000276223307        276.25000000000000     
   1.0000000009999030        276.25000027622320        276.25000000000000     
   1.0000000000999902        276.25000002762232        276.25000000000000     
 
 part:           2
 comp:           0
   1.0000102032386331        276.25281864467240        276.25000000000000     
   1.0000009715005722        276.25026837703308        276.25000000000000     
   1.0000000967102036        276.25002671619376        276.25000000000000     
   1.0000000096666652        276.25000267041628        276.25000000000000     
   1.0000000009666230        276.25000026702958        276.25000000000000     
   1.0000000000966618        276.25000002670282        276.25000000000000     
   1.0000000000096663        276.25000000267033        276.25000000000000     
   1.0000000000009668        276.25000000026705        276.25000000000000     
   1.0000000000000966        276.25000000002666        276.25000000000000     
   1.0000000000000098        276.25000000000267        276.25000000000000     
 comp:           1
   0.0000000000000000        0.0000000000000000     
   0.0000000000000000        0.0000000000000000     
   0.0000000000000000        0.0000000000000000     
   0.0000000000000000        0.0000000000000000     
   0.0000000000000000        0.0000000000000000     
   0.0000000000000000        0.0000000000000000     
   0.0000000000000000        0.0000000000000000     
   0.0000000000000000        0.0000000000000000     
   0.0000000000000000        0.0000000000000000     
   0.0000000000000000        0.0000000000000000     
 comp:           2
   0.0000000000000000        0.0000000000000000     
   0.0000000000000000        0.0000000000000000     
   0.0000000000000000        0.0000000000000000     
   0.0000000000000000        0.0000000000000000     
   0.0000000000000000        0.0000000000000000     
   0.0000000000000000        0.0000000000000000     
   0.0000000000000000        0.0000000000000000     
   0.0000000000000000        0.0000000000000000     
   0.0000000000000000        0.0000000000000000     
   0.0000000000000000        0.0000000000000000     
 comp:           3
   1.0000102032386331       -276.25281864467240       -276.25000000000000     
   1.0000009715005722       -276.25026837703308       -276.25000000000000     
   1.0000000967102036       -276.25002671619376       -276.25000000000000     
   1.0000000096666652       -276.25000267041628       -276.25000000000000     
   1.0000000009666230       -276.25000026702958       -276.25000000000000     
   1.0000000000966618       -276.25000002670282       -276.25000000000000     
   1.0000000000096663       -276.25000000267033       -276.25000000000000     
   1.0000000000009668       -276.25000000026705       -276.25000000000000     
   1.0000000000000966       -276.25000000002666       -276.25000000000000     
   1.0000000000000098       -276.25000000000267       -276.25000000000000     
 
 part:           3
 comp:           0
   1.0008333640390432        283.19296675531797        282.95716043322312     
   1.0000794118279415        282.97963057856225        282.95716043322312     
   1.0000079048932045        282.95939717935778        282.95716043322312     
   1.0000007901291326        282.95738400591887        282.95716043322312     
   1.0000000790093142        282.95718278947430        282.95716043322312     
   1.0000000079008957        282.95716266883812        282.95716043322312     
   1.0000000007900893        282.95716065678454        282.95716043322312     
   1.0000000000790088        282.95716045557924        282.95716043322312     
   1.0000000000079008        282.95716043545872        282.95716043322312     
   1.0000000000007900        282.95716043344669        282.95716043322312     
 comp:           1
   1.0003346606034522        105.20939669471829        105.17419903380204     
   1.0000318966212509        105.17755373539399        105.17419903380204     
   1.0000031751482565        105.17453297747674        105.17419903380204     
   1.0000003173707686        105.17423241301842        105.17419903380204     
   1.0000000317356372        105.17420237157228        105.17419903380204     
   1.0000000031735494        105.17419936757756        105.17419903380204     
   1.0000000003173548        105.17419906717957        105.17419903380204     
   1.0000000000317355        105.17419903713980        105.17419903380204     
   1.0000000000031735        105.17419903413581        105.17419903380204     
   1.0000000000003173        105.17419903383542        105.17419903380204     
 comp:           2
   1.0013461516838456        216.63474260295911        216.34351142077097     
   1.0001283021962040        216.37126876842072        216.34351142077097     
   1.0000127718384775        216.34627452515448        216.34351142077097     
   1.0000012766043869        216.34378760584673        216.34351142077097     
   1.0000001276546484        216.34353903802585        216.34351142077097     
   1.0000000127654072        216.34351418248397        216.34351142077097     
   1.0000000012765400        216.34351169694213        216.34351142077097     
   1.0000000001276541        216.34351144838809        216.34351142077097     
   1.0000000000127653        216.34351142353268        216.34351142077097     
   1.0000000000012765        216.34351142104714        216.34351142077097     
 comp:           3
   1.0000000000000000       -81.077910457545102       -81.077910457545102     
   1.0000000000000000       -81.077910457545102       -81.077910457545102     
   1.0000000000000000       -81.077910457545102       -81.077910457545102     
   1.0000000000000000       -81.077910457545102       -81.077910457545102     
   1.0000000000000000       -81.077910457545102       -81.077910457545102     
   1.0000000000000000       -81.077910457545102       -81.077910457545102     
   1.0000000000000000       -81.077910457545102       -81.077910457545102     
   1.0000000000000000       -81.077910457545102       -81.077910457545102     
   1.0000000000000000       -81.077910457545102       -81.077910457545102     
   1.0000000000000000       -81.077910457545102       -81.077910457545102     
 
 part:           4
 comp:           0
  0.99913775098090774        208.42809525158782        208.60796726673840     
  0.99991774146626444        208.59080748122548        208.60796726673840     
  0.99999181084628619        208.60625894402853        208.60796726673840     
  0.99999918144890843        208.60779651045908        208.60796726673840     
  0.99999991814853095        208.60795019186983        208.60796726673840     
  0.99999999181488974        208.60796555925918        208.60796726673840     
  0.99999999918148930        208.60796709599055        208.60796726673840     
  0.99999999991814892        208.60796724966360        208.60796726673840     
  0.99999999999181488        208.60796726503091        208.60796726673840     
  0.99999999999918143        208.60796726656764        208.60796726673840     
 comp:           1
  0.99966587321731071       -77.570998695337536       -77.596925906537265     
  0.99996812982306005       -77.594452878778625       -77.596925906537265     
  0.99999682725321137       -77.596679711139785       -77.596925906537265     
  0.99999968286697238       -77.596901297989220       -77.596925906537265     
  0.99999996828811277       -77.596923445792299       -77.596925906537265     
  0.99999999682882545       -77.596925660463867       -77.596925906537265     
  0.99999999968288267       -77.596925881929934       -77.596925906537265     
  0.99999999996828826       -77.596925904076528       -77.596925906537265     
  0.99999999999682876       -77.596925906291190       -77.596925906537265     
  0.99999999999968281       -77.596925906512652       -77.596925906537265     
 comp:           2
  0.99870428096291619       -165.35066555083827       -165.56519152137093     
  0.99987640980275838       -165.54472928669446       -165.56519152137093     
  0.99998769632179485       -165.56315446053247       -165.56519152137093     
  0.99999877018149275       -165.56498790623425       -165.56519152137093     
  0.99999987702363846       -165.56517116076608       -165.56519152137093     
  0.99999998770241894       -165.56518948531956       -165.56519152137093     
  0.99999999877024237       -165.56519131776588       -165.56519152137093     
  0.99999999987702415       -165.56519150101042       -165.56519152137093     
  0.99999999998770250       -165.56519151933489       -165.56519152137093     
  0.99999999999877021       -165.56519152116732       -165.56519152137093     
 comp:           3
   1.0000000000000000        100.41996043370926        100.41996043370926     
   1.0000000000000000        100.41996043370926        100.41996043370926     
   1.0000000000000000        100.41996043370926        100.41996043370926     
   1.0000000000000000        100.41996043370926        100.41996043370926     
   1.0000000000000000        100.41996043370926        100.41996043370926     
   1.0000000000000000        100.41996043370926        100.41996043370926     
   1.0000000000000000        100.41996043370926        100.41996043370926     
   1.0000000000000000        100.41996043370926        100.41996043370926     
   1.0000000000000000        100.41996043370926        100.41996043370926     
   1.0000000000000000        100.41996043370926        100.41996043370926     
 
 part:           5
 comp:           0
  0.99908693272803617        60.879234662420011        60.934872300038471     
  0.99991289613596801        60.929564637206845        60.934872300038471     
  0.99999132850077566        60.934343903340583        60.934872300038471     
  0.99999913323606993        60.934819483889079        60.934872300038471     
  0.99999991332746407        60.934867018658565        60.934872300038471     
  0.99999999133278517        60.934871771902841        60.934872300038471     
  0.99999999913327886        60.934872247224931        60.934872300038471     
  0.99999999991332800        60.934872294757120        60.934872300038471     
  0.99999999999133282        60.934872299510339        60.934872300038471     
  0.99999999999913325        60.934872299985656        60.934872300038471     
 comp:           1
  0.99972538234194619       -27.569699921103055       -27.577273127264775     
  0.99997380540834579       -27.576550751856271       -27.577273127264775     
  0.99999739226462359       -27.577201213034055       -27.577273127264775     
  0.99999973934283137       -27.577265939050843       -27.577273127264775     
  0.99999997393544593       -27.577272408475448       -27.577273127264775     
  0.99999999739355627       -27.577273055386165       -27.577273127264775     
  0.99999999973935572       -27.577273120076917       -27.577273127264775     
  0.99999999997393563       -27.577273126545990       -27.577273127264775     
  0.99999999999739353       -27.577273127192896       -27.577273127264775     
  0.99999999999973943       -27.577273127257588       -27.577273127264775     
 comp:           2
  0.99876597055541705       -50.715657957497726       -50.778319899400039     
  0.99988229126408257       -50.772342847552672       -50.778319899400039     
  0.99998828180874788       -50.777724869335998       -50.778319899400039     
  0.99999882870379420       -50.778260422946602       -50.778319899400039     
  0.99999988287560471       -50.778313952020028       -50.778319899400039     
  0.99999998828761283       -50.778319304664699       -50.778319899400039     
  0.99999999882876178       -50.778319839926532       -50.778319899400039     
  0.99999999988287624       -50.778319893452689       -50.778319899400039     
  0.99999999998828759       -50.778319898805300       -50.778319899400039     
  0.99999999999882883       -50.778319899340566       -50.778319899400039     
 comp:           3
   1.0000000000000000       -19.342049976164148       -19.342049976164148     
   1.0000000000000000       -19.342049976164148       -19.342049976164148     
   1.0000000000000000       -19.342049976164148       -19.342049976164148     
   1.0000000000000000       -19.342049976164148       -19.342049976164148     
   1.0000000000000000       -19.342049976164148       -19.342049976164148     
   1.0000000000000000       -19.342049976164148       -19.342049976164148     
   1.0000000000000000       -19.342049976164148       -19.342049976164148     
   1.0000000000000000       -19.342049976164148       -19.342049976164148     
   1.0000000000000000       -19.342049976164148       -19.342049976164148     
   1.0000000000000000       -19.342049976164148       -19.342049976164148     
 
 part:           6
 comp:           0
   30.693834624331650        0.0000000000000000     
   2.7903986327936909        0.0000000000000000     
  0.27652647305920280        0.0000000000000000     
   2.7627762242205939E-002   0.0000000000000000     
   2.7625276199361366E-003   0.0000000000000000     
   2.7625027619687572E-004   0.0000000000000000     
   2.7625002761966282E-005   0.0000000000000000     
   2.7625000276196614E-006   0.0000000000000000     
   2.7625000027619659E-007   0.0000000000000000     
   2.7625000002761973E-008   0.0000000000000000     
 comp:           1
  -6.8698078277708088E-002  -0.0000000000000000     
  -6.5501047590859939E-003  -0.0000000000000000     
  -6.5205330290117711E-004  -0.0000000000000000     
  -6.5175978350620053E-005  -0.0000000000000000     
  -6.5173045336269819E-006  -0.0000000000000000     
  -6.5172752056612657E-007  -0.0000000000000000     
  -6.5172722728864712E-008  -0.0000000000000000     
  -6.5172719796092083E-009  -0.0000000000000000     
  -6.5172719502814844E-010  -0.0000000000000000     
  -6.5172719473487132E-011  -0.0000000000000000     
 comp:           2
 -0.56841909462311990       -0.0000000000000000     
  -5.4196634173599524E-002  -0.0000000000000000     
  -5.3951952859993069E-003  -0.0000000000000000     
  -5.3927666586937146E-004  -0.0000000000000000     
  -5.3925239763067733E-005  -0.0000000000000000     
  -5.3924997098700139E-006  -0.0000000000000000     
  -5.3924972832443568E-007  -0.0000000000000000     
  -5.3924970405819704E-008  -0.0000000000000000     
  -5.3924970163157339E-009  -0.0000000000000000     
  -5.3924970138891109E-010  -0.0000000000000000     
 comp:           3
   30.688494004312584        0.0000000000000000     
   2.7898645757220537        0.0000000000000000     
  0.27647306739875788        0.0000000000000000     
   2.7622421676626308E-002   0.0000000000000000     
   2.7619935633828199E-003   0.0000000000000000     
   2.7619687054159051E-004   0.0000000000000000     
   2.7619662196438221E-005   0.0000000000000000     
   2.7619659710668600E-006   0.0000000000000000     
   2.7619659462091658E-007   0.0000000000000000     
   2.7619659437233969E-008   0.0000000000000000     
 
 part: i_fks reduced
 comp:           0
   1.1110890361749013        306.93834624331646        276.25000000000000     
   1.0100990525950011        279.03986327936906        276.25000000000000     
   1.0010008074541277        276.52647305920277        276.25000000000000     
   1.0000999906680883        276.27762242205938        276.25000000000000     
   1.0000099981669273        276.25276199361366        276.25000000000000     
   1.0000009998076946        276.25027619687563        276.25000000000000     
   1.0000000999806797        276.25002761966277        276.25000000000000     
   1.0000000099980673        276.25000276196607        276.25000000000000     
   1.0000000009998065        276.25000027619654        276.25000000000000     
   1.0000000000999807        276.25000002761965        276.25000000000000     
 comp:           1
   1.0540925533894596      -0.68698078277708086      -0.65172719470228480     
   1.0050378152592121      -0.65501047590859940      -0.65172719470228480     
   1.0005003753127737      -0.65205330290117713      -0.65172719470228480     
   1.0000500037503124      -0.65175978350620045      -0.65172719470228480     
   1.0000050000375003      -0.65173045336269819      -0.65172719470228480     
   1.0000005000003747      -0.65172752056612637      -0.65172719470228480     
   1.0000000500000037      -0.65172722728864696      -0.65172719470228480     
   1.0000000050000000      -0.65172719796092071      -0.65172719470228480     
   1.0000000004999998      -0.65172719502814824      -0.65172719470228480     
   1.0000000000500000      -0.65172719473487117      -0.65172719470228480     
 comp:           2
   1.0540925533894596       -5.6841909462311984       -5.3924970136194847     
   1.0050378152592119       -5.4196634173599518       -5.3924970136194847     
   1.0005003753127737       -5.3951952859993062       -5.3924970136194847     
   1.0000500037503124       -5.3927666586937146       -5.3924970136194847     
   1.0000050000375003       -5.3925239763067729       -5.3924970136194847     
   1.0000005000003747       -5.3924997098700125       -5.3924970136194847     
   1.0000000500000037       -5.3924972832443556       -5.3924970136194847     
   1.0000000050000002       -5.3924970405819703       -5.3924970136194847     
   1.0000000004999998       -5.3924970163157324       -5.3924970136194847     
   1.0000000000500000       -5.3924970138891100       -5.3924970136194847     
 comp:           3
   1.1111105144913695        306.88494004312582        276.19659434471993     
   1.0101010051702646        278.98645757220538        276.19659434471993     
   1.0010010009525783        276.47306739875785        276.19659434471993     
   1.0001000100005166        276.22421676626305        276.19659434471993     
   1.0000100000999961        276.19935633828197        276.19659434471993     
   1.0000010000010000        276.19687054159044        276.19659434471993     
   1.0000001000000103        276.19662196438219        276.19659434471993     
   1.0000000100000004        276.19659710668600        276.19659434471993     
   1.0000000010000001        276.19659462091653        276.19659434471993     
   1.0000000001000002        276.19659437233963        276.19659434471993     
 
 part: i_fks full/reduced
 comp:           0
  0.10000000000000002        30.693834624331650        306.93834624331646     
   1.0000000000000002E-002   2.7903986327936909        279.03986327936906     
   1.0000000000000000E-003  0.27652647305920280        276.52647305920277     
   1.0000000000000000E-004   2.7627762242205939E-002   276.27762242205938     
   9.9999999999999991E-006   2.7625276199361366E-003   276.25276199361366     
   1.0000000000000004E-006   2.7625027619687572E-004   276.25027619687563     
   1.0000000000000001E-007   2.7625002761966282E-005   276.25002761966277     
   1.0000000000000002E-008   2.7625000276196614E-006   276.25000276196607     
   1.0000000000000001E-009   2.7625000027619659E-007   276.25000027619654     
   1.0000000000000003E-010   2.7625000002761973E-008   276.25000002761965     
 comp:           1
  0.10000000000000001       -6.8698078277708088E-002 -0.68698078277708086     
   1.0000000000000000E-002  -6.5501047590859939E-003 -0.65501047590859940     
   1.0000000000000000E-003  -6.5205330290117711E-004 -0.65205330290117713     
   1.0000000000000002E-004  -6.5175978350620053E-005 -0.65175978350620045     
   1.0000000000000001E-005  -6.5173045336269819E-006 -0.65173045336269819     
   1.0000000000000004E-006  -6.5172752056612657E-007 -0.65172752056612637     
   1.0000000000000002E-007  -6.5172722728864712E-008 -0.65172722728864696     
   1.0000000000000002E-008  -6.5172719796092083E-009 -0.65172719796092071     
   1.0000000000000003E-009  -6.5172719502814844E-010 -0.65172719502814824     
   1.0000000000000002E-010  -6.5172719473487132E-011 -0.65172719473487117     
 comp:           2
  0.10000000000000001      -0.56841909462311990       -5.6841909462311984     
   1.0000000000000000E-002  -5.4196634173599524E-002  -5.4196634173599518     
   1.0000000000000002E-003  -5.3951952859993069E-003  -5.3951952859993062     
   1.0000000000000000E-004  -5.3927666586937146E-004  -5.3927666586937146     
   1.0000000000000001E-005  -5.3925239763067733E-005  -5.3925239763067729     
   1.0000000000000002E-006  -5.3924997098700139E-006  -5.3924997098700125     
   1.0000000000000002E-007  -5.3924972832443568E-007  -5.3924972832443556     
   1.0000000000000000E-008  -5.3924970405819704E-008  -5.3924970405819703     
   1.0000000000000003E-009  -5.3924970163157339E-009  -5.3924970163157324     
   1.0000000000000002E-010  -5.3924970138891109E-010  -5.3924970138891100     
 comp:           3
  0.10000000000000001        30.688494004312584        306.88494004312582     
   1.0000000000000000E-002   2.7898645757220537        278.98645757220538     
   1.0000000000000000E-003  0.27647306739875788        276.47306739875785     
   1.0000000000000000E-004   2.7622421676626308E-002   276.22421676626305     
   1.0000000000000001E-005   2.7619935633828199E-003   276.19935633828197     
   1.0000000000000002E-006   2.7619687054159051E-004   276.19687054159044     
   1.0000000000000001E-007   2.7619662196438221E-005   276.19662196438219     
   1.0000000000000000E-008   2.7619659710668600E-006   276.19659710668600     
   1.0000000000000003E-009   2.7619659462091658E-007   276.19659462091653     
   1.0000000000000002E-010   2.7619659437233969E-008   276.19659437233963     
     
 Soft #          48
 
 part:           1
 comp:           0
   1.1110981228507002        306.94085643750594        276.25000000000000     
   1.0100998858386934        279.04009346293901        276.25000000000000     
   1.0010008900919463        276.52649588790013        276.25000000000000     
   1.0000999989250661        276.27762470304953        276.25000000000000     
   1.0000099989925568        276.25276222169384        276.25000000000000     
   1.0000009998902570        276.25027621968349        276.25000000000000     
   1.0000000999889360        276.25002762194356        276.25000000000000     
   1.0000000099988930        276.25000276219419        276.25000000000000     
   1.0000000009998891        276.25000027621934        276.25000000000000     
   1.0000000000999889        276.25000002762192        276.25000000000000     
 comp:           1
   0.0000000000000000        0.0000000000000000     
   0.0000000000000000        0.0000000000000000     
   0.0000000000000000        0.0000000000000000     
   0.0000000000000000        0.0000000000000000     
   0.0000000000000000        0.0000000000000000     
   0.0000000000000000        0.0000000000000000     
   0.0000000000000000        0.0000000000000000     
   0.0000000000000000        0.0000000000000000     
   0.0000000000000000        0.0000000000000000     
   0.0000000000000000        0.0000000000000000     
 comp:           2
   0.0000000000000000        0.0000000000000000     
   0.0000000000000000        0.0000000000000000     
   0.0000000000000000        0.0000000000000000     
   0.0000000000000000        0.0000000000000000     
   0.0000000000000000        0.0000000000000000     
   0.0000000000000000        0.0000000000000000     
   0.0000000000000000        0.0000000000000000     
   0.0000000000000000        0.0000000000000000     
   0.0000000000000000        0.0000000000000000     
   0.0000000000000000        0.0000000000000000     
 comp:           3
   1.1110981228507002        306.94085643750594        276.25000000000000     
   1.0100998858386934        279.04009346293901        276.25000000000000     
   1.0010008900919463        276.52649588790013        276.25000000000000     
   1.0000999989250661        276.27762470304953        276.25000000000000     
   1.0000099989925568        276.25276222169384        276.25000000000000     
   1.0000009998902570        276.25027621968349        276.25000000000000     
   1.0000000999889360        276.25002762194356        276.25000000000000     
   1.0000000099988930        276.25000276219419        276.25000000000000     
   1.0000000009998891        276.25000027621934        276.25000000000000     
   1.0000000000999889        276.25000002762192        276.25000000000000     
 
 part:           2
 comp:           0
   1.0000116895710138        276.25322924399256        276.25000000000000     
   1.0000011130209321        276.25030747203249        276.25000000000000     
   1.0000001107981582        276.25003060799122        276.25000000000000     
   1.0000000110748262        276.25000305942075        276.25000000000000     
   1.0000000011074324        276.25000030592821        276.25000000000000     
   1.0000000001107427        276.25000003059267        276.25000000000000     
   1.0000000000110745        276.25000000305931        276.25000000000000     
   1.0000000000011076        276.25000000030599        276.25000000000000     
   1.0000000000001108        276.25000000003058        276.25000000000000     
   1.0000000000000111        276.25000000000307        276.25000000000000     
 comp:           1
   0.0000000000000000        0.0000000000000000     
   0.0000000000000000        0.0000000000000000     
   0.0000000000000000        0.0000000000000000     
   0.0000000000000000        0.0000000000000000     
   0.0000000000000000        0.0000000000000000     
   0.0000000000000000        0.0000000000000000     
   0.0000000000000000        0.0000000000000000     
   0.0000000000000000        0.0000000000000000     
   0.0000000000000000        0.0000000000000000     
   0.0000000000000000        0.0000000000000000     
 comp:           2
   0.0000000000000000        0.0000000000000000     
   0.0000000000000000        0.0000000000000000     
   0.0000000000000000        0.0000000000000000     
   0.0000000000000000        0.0000000000000000     
   0.0000000000000000        0.0000000000000000     
   0.0000000000000000        0.0000000000000000     
   0.0000000000000000        0.0000000000000000     
   0.0000000000000000        0.0000000000000000     
   0.0000000000000000        0.0000000000000000     
   0.0000000000000000        0.0000000000000000     
 comp:           3
   1.0000116895710138       -276.25322924399256       -276.25000000000000     
   1.0000011130209321       -276.25030747203249       -276.25000000000000     
   1.0000001107981582       -276.25003060799122       -276.25000000000000     
   1.0000000110748262       -276.25000305942075       -276.25000000000000     
   1.0000000011074324       -276.25000030592821       -276.25000000000000     
   1.0000000001107427       -276.25000003059267       -276.25000000000000     
   1.0000000000110745       -276.25000000305931       -276.25000000000000     
   1.0000000000011076       -276.25000000030599       -276.25000000000000     
   1.0000000000001108       -276.25000000003058       -276.25000000000000     
   1.0000000000000111       -276.25000000000307       -276.25000000000000     
 
 part:           3
 comp:           0
   1.0005565189057370        282.78228572260974        282.62499956711673     
   1.0000530089340638        282.63998121708357        282.62499956711673     
   1.0000052764601861        282.62649082667457        282.62499956711673     
   1.0000005274035146        282.62514862453486        282.62499956711673     
   1.0000000527379282        282.62501447217369        282.62499956711673     
   1.0000000052737685        282.62500105761558        282.62499956711673     
   1.0000000005273766        282.62499971616654        282.62499956711673     
   1.0000000000527376        282.62499958202170        282.62499956711673     
   1.0000000000052738        282.62499956860722        282.62499956711673     
   1.0000000000005274        282.62499956726577        282.62499956711673     
 comp:           1
   1.0004088501841235        188.75836794962754        188.68122559580203     
   1.0000389725361281        188.68857898168324        188.68122559580203     
   1.0000038795661188        188.68195759709212        188.68122559580203     
   1.0000003877810539        188.68129876280653        188.68122559580203     
   1.0000000387763510        188.68123291217148        188.68122559580203     
   1.0000000038776176        188.68122632743567        188.68122559580203     
   1.0000000003877616        188.68122566896537        188.68122559580203     
   1.0000000000387763        188.68122560311838        188.68122559580203     
   1.0000000000038776        188.68122559653366        188.68122559580203     
   1.0000000000003877        188.68122559587519        188.68122559580203     
 comp:           2
   1.0030936554953640        98.550057790316075        98.246118147012382     
   1.0002948943286376        98.275090370064589        98.246118147012382     
   1.0000293555965221        98.249002220416571        98.246118147012382     
   1.0000029342312537        98.246406423842799        98.246118147012382     
   1.0000002934098513        98.246146973391291        98.246118147012382     
   1.0000000293408522        98.246121029637223        98.246118147012382     
   1.0000000029340839        98.246118435274738        98.246118147012382     
   1.0000000002934084        98.246118175838618        98.246118147012382     
   1.0000000000293410        98.246118149895011        98.246118147012382     
   1.0000000000029341        98.246118147300649        98.246118147012382     
 comp:           3
   1.0000000000000000        137.83680842584130        137.83680842584130     
   1.0000000000000000        137.83680842584130        137.83680842584130     
   1.0000000000000000        137.83680842584130        137.83680842584130     
   1.0000000000000000        137.83680842584130        137.83680842584130     
   1.0000000000000000        137.83680842584130        137.83680842584130     
   1.0000000000000000        137.83680842584130        137.83680842584130     
   1.0000000000000000        137.83680842584130        137.83680842584130     
   1.0000000000000000        137.83680842584130        137.83680842584130     
   1.0000000000000000        137.83680842584130        137.83680842584130     
   1.0000000000000000        137.83680842584130        137.83680842584130     
 
 part:           4
 comp:           0
  0.99947657671096957        237.52191125820707        237.64630086663260     
  0.99995004048593794        237.63442817292267        237.64630086663260     
  0.99999502610249491        237.64511883828962        237.64630086663260     
  0.99999950282916183        237.64618271582202        237.64630086663260     
  0.99999995028510369        237.64628905207138        237.64630086663260     
  0.99999999502853221        237.64629968518167        237.64630086663260     
  0.99999999950285345        237.64630074848756        237.64630086663260     
  0.99999999995028532        237.64630085481809        237.64630086663260     
  0.99999999999502853        237.64630086545114        237.64630086663260     
  0.99999999999950284        237.64630086651445        237.64630086663260     
 comp:           1
  0.99962350154988200       -172.12824108754657       -172.19307151209193     
  0.99996409376998729       -172.18688870805963       -172.19307151209193     
  0.99999642550715850       -172.19245600919047       -172.19307151209193     
  0.99999964271082065       -172.19300998937072       -172.19307151209193     
  0.99999996427268190       -172.19306536009529       -172.19307151209193     
  0.99999999642728421       -172.19307089689502       -172.19307151209193     
  0.99999999964272857       -172.19307145057226       -172.19307151209193     
  0.99999999996427291       -172.19307150593997       -172.19307151209193     
  0.99999999999642730       -172.19307151147675       -172.19307151209193     
  0.99999999999964262       -172.19307151203040       -172.19307151209193     
 comp:           2
  0.99645877061272392       -71.875123394722593       -72.130554233093335     
  0.99966227697121268       -72.106194083849630       -72.130554233093335     
  0.99996637941247668       -72.128129161481638       -72.130554233093335     
  0.99999663944714390       -72.130311834553297       -72.130554233093335     
  0.99999966395976214       -72.130529994324732       -72.130554233093335     
  0.99999996639612665       -72.130551809227327       -72.130554233093335     
  0.99999999663961414       -72.130553990706844       -72.130554233093335     
  0.99999999966396147       -72.130554208854690       -72.130554233093335     
  0.99999999996639621       -72.130554230669475       -72.130554233093335     
  0.99999999999663969       -72.130554232850955       -72.130554233093335     
 comp:           3
   1.0000000000000000       -147.04588938441100       -147.04588938441100     
   1.0000000000000000       -147.04588938441100       -147.04588938441100     
   1.0000000000000000       -147.04588938441100       -147.04588938441100     
   1.0000000000000000       -147.04588938441100       -147.04588938441100     
   1.0000000000000000       -147.04588938441100       -147.04588938441100     
   1.0000000000000000       -147.04588938441100       -147.04588938441100     
   1.0000000000000000       -147.04588938441100       -147.04588938441100     
   1.0000000000000000       -147.04588938441100       -147.04588938441100     
   1.0000000000000000       -147.04588938441100       -147.04588938441100     
   1.0000000000000000       -147.04588938441100       -147.04588938441100     
 
 part:           5
 comp:           0
  0.99898982377163636        32.196142900077774        32.228699566250675     
  0.99990363041415220        32.225593699821061        32.228699566250675     
  0.99999040604805178        32.228390365655684        32.228699566250675     
  0.99999904103168769        32.228668659949044        32.228699566250675     
  0.99999990410743433        32.228696475757985        32.228699566250675     
  0.99999999041078591        32.228699257202777        32.228699566250675     
  0.99999999904107895        32.228699535345896        32.228699566250675     
  0.99999999990410793        32.228699563160198        32.228699566250675     
  0.99999999999041067        32.228699565941625        32.228699566250675     
  0.99999999999904121        32.228699566219774        32.228699566250675     
 comp:           1
  0.99946689492841378       -16.479364165146983       -16.488154083710103     
  0.99994914717437366       -16.487315614485585       -16.488154083710103     
  0.99999493745627321       -16.488070611709080       -16.488154083710103     
  0.99999949397133103       -16.488145740231438       -16.488154083710103     
  0.99999994939938852       -16.488153249399424       -16.488154083710103     
  0.99999999493996150       -16.488154000279408       -16.488154083710103     
  0.99999999949399643       -16.488154075367039       -16.488154083710103     
  0.99999999994939970       -16.488154082875798       -16.488154083710103     
  0.99999999999493994       -16.488154083626672       -16.488154083710103     
  0.99999999999949407       -16.488154083701762       -16.488154083710103     
 comp:           2
  0.99867388891107411       -26.080931775019259       -26.115563913919061     
  0.99987350243027040       -26.112260358551833       -26.115563913919061     
  0.99998740680640230       -26.115235035566780       -26.115563913919061     
  0.99999874124208354       -26.115531040746241       -26.115563913919061     
  0.99999987412981861       -26.115560626748294       -26.115563913919061     
  0.99999998741303786       -26.115563585203446       -26.115563913919061     
  0.99999999874130430       -26.115563881047514       -26.115563913919061     
  0.99999999987413035       -26.115563910631906       -26.115563913919061     
  0.99999999998741307       -26.115563913590346       -26.115563913919061     
  0.99999999999874123       -26.115563913886188       -26.115563913919061     
 comp:           3
   1.0000000000000000        9.2090809585696967        9.2090809585696967     
   1.0000000000000000        9.2090809585696967        9.2090809585696967     
   1.0000000000000000        9.2090809585696967        9.2090809585696967     
   1.0000000000000000        9.2090809585696967        9.2090809585696967     
   1.0000000000000000        9.2090809585696967        9.2090809585696967     
   1.0000000000000000        9.2090809585696967        9.2090809585696967     
   1.0000000000000000        9.2090809585696967        9.2090809585696967     
   1.0000000000000000        9.2090809585696967        9.2090809585696967     
   1.0000000000000000        9.2090809585696967        9.2090809585696967     
   1.0000000000000000        9.2090809585696967        9.2090809585696967     
 
 part:           6
 comp:           0
   30.693745800604049        0.0000000000000000     
   2.7903978451443567        0.0000000000000000     
  0.27652646527138158        0.0000000000000000     
   2.7627762164415346E-002   0.0000000000000000     
   2.7625276191583182E-003   0.0000000000000000     
   2.7625027618909765E-004   0.0000000000000000     
   2.7625002761888493E-005   0.0000000000000000     
   2.7625000276188838E-006   0.0000000000000000     
   2.7625000027618881E-007   0.0000000000000000     
   2.7625000002761894E-008   0.0000000000000000     
 comp:           1
 -0.15076269693400382       -0.0000000000000000     
  -1.4374659138034381E-002  -0.0000000000000000     
  -1.4309761925612053E-003  -0.0000000000000000     
  -1.4303320438936075E-004  -0.0000000000000000     
  -1.4302676768596711E-005  -0.0000000000000000     
  -1.4302612406342076E-006  -0.0000000000000000     
  -1.4302605970164403E-007  -0.0000000000000000     
  -1.4302605326547113E-008  -0.0000000000000000     
  -1.4302605262185387E-009  -0.0000000000000000     
  -1.4302605255749217E-010  -0.0000000000000000     
 comp:           2
 -0.59400262057423781       -0.0000000000000000     
  -5.6635927663137992E-002  -0.0000000000000000     
  -5.6380233681597586E-003  -0.0000000000000000     
  -5.6354854326865021E-004  -0.0000000000000000     
  -5.6352318275997380E-005  -0.0000000000000000     
  -5.6352064689740989E-006  -0.0000000000000000     
  -5.6352039331303643E-007  -0.0000000000000000     
  -5.6352036795461788E-008  -0.0000000000000000     
  -5.6352036541877616E-009  -0.0000000000000000     
  -5.6352036516519211E-010  -0.0000000000000000     
 comp:           3
   30.687627193513393        0.0000000000000000     
   2.7897859909065912        0.0000000000000000     
  0.27646527990892639        0.0000000000000000     
   2.7621643628779988E-002   0.0000000000000000     
   2.7619157656008806E-003   0.0000000000000000     
   2.7618909083341488E-004   0.0000000000000000     
   2.7618884226320831E-005   0.0000000000000000     
   2.7618881740621229E-006   0.0000000000000000     
   2.7618881492051287E-007   0.0000000000000000     
   2.7618881467194296E-008   0.0000000000000000     
 
 part: i_fks reduced
 comp:           0
   1.1110858208363457        306.93745800604046        276.25000000000000     
   1.0100987674730704        279.03978451443567        276.25000000000000     
   1.0010007792629199        276.52646527138160        276.25000000000000     
   1.0000999878521390        276.27762164415344        276.25000000000000     
   1.0000099978853640        276.25276191583180        276.25000000000000     
   1.0000009997795387        276.25027618909758        276.25000000000000     
   1.0000000999778638        276.25002761888487        276.25000000000000     
   1.0000000099977857        276.25000276188831        276.25000000000000     
   1.0000000009997783        276.25000027618876        276.25000000000000     
   1.0000000000999778        276.25000002761885        276.25000000000000     
 comp:           1
   1.0540925533894596       -1.5076269693400381       -1.4302605255034084     
   1.0050378152592119       -1.4374659138034380       -1.4302605255034084     
   1.0005003753127739       -1.4309761925612052       -1.4302605255034084     
   1.0000500037503124       -1.4303320438936074       -1.4302605255034084     
   1.0000050000375003       -1.4302676768596709       -1.4302605255034084     
   1.0000005000003749       -1.4302612406342072       -1.4302605255034084     
   1.0000000500000039       -1.4302605970164401       -1.4302605255034084     
   1.0000000050000000       -1.4302605326547111       -1.4302605255034084     
   1.0000000004999998       -1.4302605262185384       -1.4302605255034084     
   1.0000000000500000       -1.4302605255749214       -1.4302605255034084     
 comp:           2
   1.0540925533894596       -5.9400262057423774       -5.6352036513701593     
   1.0050378152592121       -5.6635927663137995       -5.6352036513701593     
   1.0005003753127737       -5.6380233681597574       -5.6352036513701593     
   1.0000500037503124       -5.6354854326865018       -5.6352036513701593     
   1.0000050000375003       -5.6352318275997373       -5.6352036513701593     
   1.0000005000003749       -5.6352064689740970       -5.6352036513701593     
   1.0000000500000037       -5.6352039331303629       -5.6352036513701593     
   1.0000000050000000       -5.6352036795461773       -5.6352036513701593     
   1.0000000004999998       -5.6352036541877606       -5.6352036513701593     
   1.0000000000500000       -5.6352036516519197       -5.6352036513701593     
 comp:           3
   1.1111104275903758        306.87627193513390        276.18881464432400     
   1.0101010044520731        278.97859909065909        276.18881464432400     
   1.0010010009455250        276.46527990892639        276.18881464432400     
   1.0001000100004465        276.21643628779987        276.18881464432400     
   1.0000100000999954        276.19157656008804        276.18881464432400     
   1.0000010000010000        276.18909083341481        276.18881464432400     
   1.0000001000000101        276.18884226320824        276.18881464432400     
   1.0000000100000004        276.18881740621225        276.18881464432400     
   1.0000000010000001        276.18881492051281        276.18881464432400     
   1.0000000001000000        276.18881467194291        276.18881464432400     
 
 part: i_fks full/reduced
 comp:           0
  0.10000000000000001        30.693745800604049        306.93745800604046     
   1.0000000000000000E-002   2.7903978451443567        279.03978451443567     
   1.0000000000000000E-003  0.27652646527138158        276.52646527138160     
   1.0000000000000000E-004   2.7627762164415346E-002   276.27762164415344     
   1.0000000000000001E-005   2.7625276191583182E-003   276.25276191583180     
   1.0000000000000004E-006   2.7625027618909765E-004   276.25027618909758     
   1.0000000000000002E-007   2.7625002761888493E-005   276.25002761888487     
   1.0000000000000002E-008   2.7625000276188838E-006   276.25000276188831     
   1.0000000000000003E-009   2.7625000027618881E-007   276.25000027618876     
   1.0000000000000003E-010   2.7625000002761894E-008   276.25000002761885     
 comp:           1
  0.10000000000000001      -0.15076269693400382       -1.5076269693400381     
   1.0000000000000000E-002  -1.4374659138034381E-002  -1.4374659138034380     
   1.0000000000000000E-003  -1.4309761925612053E-003  -1.4309761925612052     
   1.0000000000000002E-004  -1.4303320438936075E-004  -1.4303320438936074     
   1.0000000000000001E-005  -1.4302676768596711E-005  -1.4302676768596709     
   1.0000000000000002E-006  -1.4302612406342076E-006  -1.4302612406342072     
   1.0000000000000001E-007  -1.4302605970164403E-007  -1.4302605970164401     
   1.0000000000000002E-008  -1.4302605326547113E-008  -1.4302605326547111     
   1.0000000000000003E-009  -1.4302605262185387E-009  -1.4302605262185384     
   1.0000000000000002E-010  -1.4302605255749217E-010  -1.4302605255749214     
 comp:           2
  0.10000000000000001      -0.59400262057423781       -5.9400262057423774     
   1.0000000000000000E-002  -5.6635927663137992E-002  -5.6635927663137995     
   1.0000000000000002E-003  -5.6380233681597586E-003  -5.6380233681597574     
   1.0000000000000000E-004  -5.6354854326865021E-004  -5.6354854326865018     
   1.0000000000000001E-005  -5.6352318275997380E-005  -5.6352318275997373     
   1.0000000000000004E-006  -5.6352064689740989E-006  -5.6352064689740970     
   1.0000000000000002E-007  -5.6352039331303643E-007  -5.6352039331303629     
   1.0000000000000004E-008  -5.6352036795461788E-008  -5.6352036795461773     
   1.0000000000000003E-009  -5.6352036541877616E-009  -5.6352036541877606     
   1.0000000000000003E-010  -5.6352036516519211E-010  -5.6352036516519197     
 comp:           3
  0.10000000000000001        30.687627193513393        306.87627193513390     
   1.0000000000000002E-002   2.7897859909065912        278.97859909065909     
   1.0000000000000000E-003  0.27646527990892639        276.46527990892639     
   1.0000000000000000E-004   2.7621643628779988E-002   276.21643628779987     
   1.0000000000000001E-005   2.7619157656008806E-003   276.19157656008804     
   1.0000000000000002E-006   2.7618909083341488E-004   276.18909083341481     
   1.0000000000000002E-007   2.7618884226320831E-005   276.18884226320824     
   1.0000000000000002E-008   2.7618881740621229E-006   276.18881740621225     
   1.0000000000000003E-009   2.7618881492051287E-007   276.18881492051281     
   1.0000000000000002E-010   2.7618881467194296E-008   276.18881467194291     
     
 Soft #          61
 
 part:           1
 comp:           0
   1.0059120264369898        277.88319730321842        276.25000000000000     
   1.0005615817588287        276.40513696087640        276.25000000000000     
   1.0000558899605883        276.26543960161251        276.25000000000000     
   1.0000055863391448        276.25154322618874        276.25000000000000     
   1.0000005586073701        276.25015431528601        276.25000000000000     
   1.0000000558604716        276.25001543145527        276.25000000000000     
   1.0000000055860445        276.25000154314478        276.25000000000000     
   1.0000000005586045        276.25000015431448        276.25000000000000     
   1.0000000000558602        276.25000001543140        276.25000000000000     
   1.0000000000055860        276.25000000154313        276.25000000000000     
 comp:           1
   0.0000000000000000        0.0000000000000000     
   0.0000000000000000        0.0000000000000000     
   0.0000000000000000        0.0000000000000000     
   0.0000000000000000        0.0000000000000000     
   0.0000000000000000        0.0000000000000000     
   0.0000000000000000        0.0000000000000000     
   0.0000000000000000        0.0000000000000000     
   0.0000000000000000        0.0000000000000000     
   0.0000000000000000        0.0000000000000000     
   0.0000000000000000        0.0000000000000000     
 comp:           2
   0.0000000000000000        0.0000000000000000     
   0.0000000000000000        0.0000000000000000     
   0.0000000000000000        0.0000000000000000     
   0.0000000000000000        0.0000000000000000     
   0.0000000000000000        0.0000000000000000     
   0.0000000000000000        0.0000000000000000     
   0.0000000000000000        0.0000000000000000     
   0.0000000000000000        0.0000000000000000     
   0.0000000000000000        0.0000000000000000     
   0.0000000000000000        0.0000000000000000     
 comp:           3
   1.0059120264369898        277.88319730321842        276.25000000000000     
   1.0005615817588287        276.40513696087640        276.25000000000000     
   1.0000558899605883        276.26543960161251        276.25000000000000     
   1.0000055863391448        276.25154322618874        276.25000000000000     
   1.0000005586073701        276.25015431528601        276.25000000000000     
   1.0000000558604716        276.25001543145527        276.25000000000000     
   1.0000000055860445        276.25000154314478        276.25000000000000     
   1.0000000005586045        276.25000015431448        276.25000000000000     
   1.0000000000558602        276.25000001543140        276.25000000000000     
   1.0000000000055860        276.25000000154313        276.25000000000000     
 
 part:           2
 comp:           0
   1.1045808002184283        305.14044606034082        276.25000000000000     
   1.0095340741800343        278.88378799223449        276.25000000000000     
   1.0009450582211463        276.51107233359170        276.25000000000000     
   1.0000944231343756        276.27608439087123        276.25000000000000     
   1.0000094414873562        276.25260821088216        276.25000000000000     
   1.0000009441404756        276.25026081880640        276.25000000000000     
   1.0000000944139649        276.25002608185781        276.25000000000000     
   1.0000000094413957        276.25000260818558        276.25000000000000     
   1.0000000009441394        276.25000026081852        276.25000000000000     
   1.0000000000944140        276.25000002608186        276.25000000000000     
 comp:           1
   0.0000000000000000        0.0000000000000000     
   0.0000000000000000        0.0000000000000000     
   0.0000000000000000        0.0000000000000000     
   0.0000000000000000        0.0000000000000000     
   0.0000000000000000        0.0000000000000000     
   0.0000000000000000        0.0000000000000000     
   0.0000000000000000        0.0000000000000000     
   0.0000000000000000        0.0000000000000000     
   0.0000000000000000        0.0000000000000000     
   0.0000000000000000        0.0000000000000000     
 comp:           2
   0.0000000000000000        0.0000000000000000     
   0.0000000000000000        0.0000000000000000     
   0.0000000000000000        0.0000000000000000     
   0.0000000000000000        0.0000000000000000     
   0.0000000000000000        0.0000000000000000     
   0.0000000000000000        0.0000000000000000     
   0.0000000000000000        0.0000000000000000     
   0.0000000000000000        0.0000000000000000     
   0.0000000000000000        0.0000000000000000     
   0.0000000000000000        0.0000000000000000     
 comp:           3
   1.1045808002184283       -305.14044606034082       -276.25000000000000     
   1.0095340741800343       -278.88378799223449       -276.25000000000000     
   1.0009450582211463       -276.51107233359170       -276.25000000000000     
   1.0000944231343756       -276.27608439087123       -276.25000000000000     
   1.0000094414873562       -276.25260821088216       -276.25000000000000     
   1.0000009441404756       -276.25026081880640       -276.25000000000000     
   1.0000000944139649       -276.25002608185781       -276.25000000000000     
   1.0000000094413957       -276.25000260818558       -276.25000000000000     
   1.0000000009441394       -276.25000026081852       -276.25000000000000     
   1.0000000000944140       -276.25000002608186       -276.25000000000000     
 
 part:           3
 comp:           0
   1.0055836199685171        284.43639654394946        282.85703038087934     
   1.0005071085202448        283.00046959099660        282.85703038087934     
   1.0000502431433798        282.87124200721274        282.85703038087934     
   1.0000050196779340        282.85845023207321        282.85703038087934     
   1.0000005019214695        282.85717235289570        282.85703038087934     
   1.0000000501916837        282.85704457794992        282.85703038087934     
   1.0000000050191638        282.85703180058510        282.85703038087934     
   1.0000000005019167        282.85703052284998        282.85703038087934     
   1.0000000000501916        282.85703039507638        282.85703038087934     
   1.0000000000050193        282.85703038229906        282.85703038087934     
 comp:           1
  0.89095954838294877       -42.347736098131151       -47.530481237886022     
  0.98962821141332513       -47.037505135063753       -47.530481237886022     
  0.99896773812327322       -47.481417334121673       -47.530481237886022     
  0.99989682261088131       -47.525577166928343       -47.530481237886022     
  0.99998968274870548       -47.529990853966943       -47.530481237886022     
  0.99999896827974621       -47.530432199725858       -47.530481237886022     
  0.99999989682802326       -47.530476334072318       -47.530481237886022     
  0.99999998968280257       -47.530480747504662       -47.530481237886022     
  0.99999999896828029       -47.530481188847887       -47.530481237886022     
  0.99999999989682808       -47.530481232982211       -47.530481237886022     
 comp:           2
   1.0302231444816861       -153.47691366306918       -148.97443770813820     
   1.0028747869285195       -149.40270747434511       -148.97443770813820     
   1.0002861158348171       -149.01706165374947       -148.97443770813820     
   1.0000285980578063       -148.97869808771944       -148.97443770813820     
   1.0000028596706259       -148.97486372596171       -148.97443770813820     
   1.0000002859657111       -148.97448030971921       -148.97443770813820     
   1.0000000285965576       -148.97444196829429       -148.97443770813820     
   1.0000000028596556       -148.97443813415379       -148.97443770813820     
   1.0000000002859655       -148.97443775073975       -148.97443770813820     
   1.0000000000285967       -148.97443771239836       -148.97443770813820     
 comp:           3
   1.0000000000000000       -199.82634936046023       -199.82634936046023     
   1.0000000000000000       -199.82634936046023       -199.82634936046023     
   1.0000000000000000       -199.82634936046023       -199.82634936046023     
   1.0000000000000000       -199.82634936046023       -199.82634936046023     
   1.0000000000000000       -199.82634936046023       -199.82634936046023     
   1.0000000000000000       -199.82634936046023       -199.82634936046023     
   1.0000000000000000       -199.82634936046023       -199.82634936046023     
   1.0000000000000000       -199.82634936046023       -199.82634936046023     
   1.0000000000000000       -199.82634936046023       -199.82634936046023     
   1.0000000000000000       -199.82634936046023       -199.82634936046023     
 
 part:           4
 comp:           0
  0.99590232848840332        250.78173238057857        251.81358172062832     
  0.99958403359605785        251.70883573057620        251.81358172062832     
  0.99995835239120412        251.80309428708733        251.81358172062832     
  0.99999583473914477        251.81253285137356        251.81358172062832     
  0.99999958346892437        251.81347683244627        251.81358172062832     
  0.99999995834684263        251.81357123179757        251.81358172062832     
  0.99999999583468402        251.81358067174517        251.81358172062832     
  0.99999999958346852        251.81358161574005        251.81358172062832     
  0.99999999995834687        251.81358171013949        251.81358172062832     
  0.99999999999583467        251.81358171957945        251.81358172062832     
 comp:           1
   1.0714969735955810        68.813528358029586        64.221859747409908     
   1.0068305350407822        64.660529410798787        64.221859747409908     
   1.0006800979113182        64.265536900085095        64.221859747409908     
   1.0000679804516990        64.226225578444485        64.221859747409908     
   1.0000067977519904        64.222296311684829        64.221859747409908     
   1.0000006797722674        64.221903403649122        64.221859747409908     
   1.0000000679771974        64.221864113031941        64.221859747409908     
   1.0000000067977193        64.221860183972083        64.221859747409908     
   1.0000000006797718        64.221859791066123        64.221859747409908     
   1.0000000000679772        64.221859751775526        64.221859747409908     
 comp:           2
  0.97221510699210201        139.57759863304159        143.56658071779529     
  0.99734554239500628        143.18548931578599        143.56658071779529     
  0.99973570283117486        143.52863647697367        143.56658071779529     
  0.99997358168490091        143.56278793062819        143.56658071779529     
  0.99999735828242453        143.56620145543576        143.56658071779529     
  0.99999973582938173        143.56654279172290        143.56658071779529     
  0.99999997358294956        143.56657692518968        143.56658071779529     
  0.99999999735829515        143.56658033853475        143.56658071779529     
  0.99999999973582954        143.56658067986925        143.56658071779529     
  0.99999999997358302        143.56658071400270        143.56658071779529     
 comp:           3
   1.0000000000000000        196.65774729350571        196.65774729350571     
   1.0000000000000000        196.65774729350571        196.65774729350571     
   1.0000000000000000        196.65774729350571        196.65774729350571     
   1.0000000000000000        196.65774729350571        196.65774729350571     
   1.0000000000000000        196.65774729350571        196.65774729350571     
   1.0000000000000000        196.65774729350571        196.65774729350571     
   1.0000000000000000        196.65774729350571        196.65774729350571     
   1.0000000000000000        196.65774729350571        196.65774729350571     
   1.0000000000000000        196.65774729350571        196.65774729350571     
   1.0000000000000000        196.65774729350571        196.65774729350571     
 
 part:           5
 comp:           0
  0.97836953960419515        17.443730029672569        17.829387898492350     
  0.99791234776743454        17.792166337040786        17.829387898492350     
  0.99979193852363124        17.825678289723438        17.829387898492350     
  0.99997920084344649        17.829017062262196        17.829387898492350     
  0.99999792015420952        17.829350816114982        17.829387898492350     
  0.99999979201611966        17.829384190267071        17.829387898492350     
  0.99999997920161898        17.829387527669947        17.829387898492350     
  0.99999999792016225        17.829387861410115        17.829387898492350     
  0.99999999979201626        17.829387894784126        17.829387898492350     
  0.99999999997920164        17.829387898121528        17.829387898492350     
 comp:           1
  0.98069349125341254       -16.369126264337154       -16.691378509523879     
  0.99814074289557808       -16.660344945447452       -16.691378509523879     
  0.99981473931826603       -16.688286253362126       -16.691378509523879     
  0.99998148053700919       -16.691069394157307       -16.691378509523879     
  0.99999814811970800       -16.691347599088971       -16.691378509523879     
  0.99999981481263100       -16.691375418491408       -16.691378509523879     
  0.99999998148126978       -16.691378200420743       -16.691378509523879     
  0.99999999814812712       -16.691378478613569       -16.691378509523879     
  0.99999999981481269       -16.691378506432848       -16.691378509523879     
  0.99999999998148126       -16.691378509214776       -16.691378509523879     
 comp:           2
  0.94823189082234394        5.1279024592497020        5.4078569903429248     
  0.99501462299401700        5.3808967844516244        5.4078569903429248     
  0.99950324549486325        5.4051706130198367        5.4078569903429248     
  0.99995034226049861        5.4075884483892374        5.4078569903429248     
  0.99999503440303983        5.4078301371046926        5.4078569903429248     
  0.99999950344207389        5.4078543050286729        5.4078569903429248     
  0.99999995034422540        5.4078567218115969        5.4078569903429248     
  0.99999999503442316        5.4078569634897953        5.4078569903429248     
  0.99999999950344221        5.4078569876576115        5.4078569903429248     
  0.99999999995034428        5.4078569900743938        5.4078569903429248     
 comp:           3
   1.0000000000000000        3.1686020669545307        3.1686020669545307     
   1.0000000000000000        3.1686020669545307        3.1686020669545307     
   1.0000000000000000        3.1686020669545307        3.1686020669545307     
   1.0000000000000000        3.1686020669545307        3.1686020669545307     
   1.0000000000000000        3.1686020669545307        3.1686020669545307     
   1.0000000000000000        3.1686020669545307        3.1686020669545307     
   1.0000000000000000        3.1686020669545307        3.1686020669545307     
   1.0000000000000000        3.1686020669545307        3.1686020669545307     
   1.0000000000000000        3.1686020669545307        3.1686020669545307     
   1.0000000000000000        3.1686020669545307        3.1686020669545307     
 
 part:           6
 comp:           0
   30.361784409358677        0.0000000000000000     
   2.7874532944974288        0.0000000000000000     
  0.27649735118058233        0.0000000000000000     
   2.7627471351056171E-002   0.0000000000000000     
   2.7625247113518929E-003   0.0000000000000000     
   2.7625024711136053E-004   0.0000000000000000     
   2.7625002471111451E-005   0.0000000000000000     
   2.7625000247111129E-006   0.0000000000000000     
   2.7625000024711117E-007   0.0000000000000000     
   2.7625000002471117E-008   0.0000000000000000     
 comp:           1
  -10.096665995561278       -0.0000000000000000     
 -0.96267933028757824       -0.0000000000000000     
  -9.5833312601293547E-002  -0.0000000000000000     
  -9.5790173588258583E-003  -0.0000000000000000     
  -9.5785862890347261E-004  -0.0000000000000000     
  -9.5785431852563386E-005  -0.0000000000000000     
  -9.5785388749105063E-006  -0.0000000000000000     
  -9.5785384438762413E-007  -0.0000000000000000     
  -9.5785384007728180E-008  -0.0000000000000000     
  -9.5785383964624771E-009  -0.0000000000000000     
 comp:           2
   8.7714125707779012        0.0000000000000000     
  0.83632137410752361        0.0000000000000000     
   8.3254563755978298E-002   0.0000000000000000     
   8.3217087020450737E-003   0.0000000000000000     
   8.3213342129823988E-004   0.0000000000000000     
   8.3212967668567402E-005   0.0000000000000000     
   8.3212930222719795E-006   0.0000000000000000     
   8.3212926478137805E-007   0.0000000000000000     
   8.3212926103679640E-008   0.0000000000000000     
   8.3212926066233836E-009   0.0000000000000000     
 comp:           3
  -27.257248757122415       -0.0000000000000000     
  -2.4786510313580923       -0.0000000000000000     
 -0.24563273197915375       -0.0000000000000000     
  -2.4541164682448338E-002  -0.0000000000000000     
  -2.4538955961946516E-003  -0.0000000000000000     
  -2.4538735111186079E-004  -0.0000000000000000     
  -2.4538713026322906E-005  -0.0000000000000000     
  -2.4538710817838718E-006  -0.0000000000000000     
  -2.4538710596990321E-007  -0.0000000000000000     
  -2.4538710574905484E-008  -0.0000000000000000     
 
 part: i_fks reduced
 comp:           0
   1.0990691188908119        303.61784409358677        276.25000000000000     
   1.0090328667863995        278.74532944974288        276.25000000000000     
   1.0008953888889858        276.49735118058231        276.25000000000000     
   1.0000894606717166        276.27471351056170        276.25000000000000     
   1.0000089452857530        276.25247113518930        276.25000000000000     
   1.0000008945207619        276.25024711136047        276.25000000000000     
   1.0000000894519980        276.25002471111446        276.25000000000000     
   1.0000000089451990        276.25000247111126        276.25000000000000     
   1.0000000008945198        276.25000024711107        276.25000000000000     
   1.0000000000894520        276.25000002471108        276.25000000000000     
 comp:           1
   1.0540925533894596       -100.96665995561277       -95.785383959835485     
   1.0050378152592121       -96.267933028757824       -95.785383959835485     
   1.0005003753127737       -95.833312601293542       -95.785383959835485     
   1.0000500037503124       -95.790173588258583       -95.785383959835485     
   1.0000050000375000       -95.785862890347246       -95.785383959835485     
   1.0000005000003749       -95.785431852563363       -95.785383959835485     
   1.0000000500000037       -95.785388749105039       -95.785383959835485     
   1.0000000050000000       -95.785384438762406       -95.785383959835485     
   1.0000000004999998       -95.785384007728155       -95.785383959835485     
   1.0000000000499998       -95.785383964624742       -95.785383959835485     
 comp:           2
   1.0540925533894596        87.714125707779019        83.212926062073166     
   1.0050378152592119        83.632137410752350        83.212926062073166     
   1.0005003753127737        83.254563755978296        83.212926062073166     
   1.0000500037503124        83.217087020450734        83.212926062073166     
   1.0000050000375003        83.213342129823985        83.212926062073166     
   1.0000005000003749        83.212967668567387        83.212926062073166     
   1.0000000500000037        83.212930222719777        83.212926062073166     
   1.0000000050000000        83.212926478137788        83.212926062073166     
   1.0000000004999998        83.212926103679621        83.212926062073166     
   1.0000000000500000        83.212926066233805        83.212926062073166     
 comp:           3
   1.1107856982396938       -272.57248757122414       -245.38710572451609     
   1.0100983195672679       -247.86510313580919       -245.38710572451609     
   1.0010009745781565       -245.63273197915373       -245.38710572451609     
   1.0001000097372468       -245.41164682448337       -245.38710572451609     
   1.0000100000973637       -245.38955961946516       -245.38710572451609     
   1.0000010000009736       -245.38735111186074       -245.38710572451609     
   1.0000001000000096       -245.38713026322901       -245.38710572451609     
   1.0000000100000002       -245.38710817838717       -245.38710572451609     
   1.0000000009999999       -245.38710596990316       -245.38710572451609     
   1.0000000001000000       -245.38710574905480       -245.38710572451609     
 
 part: i_fks full/reduced
 comp:           0
  0.10000000000000001        30.361784409358677        303.61784409358677     
   1.0000000000000000E-002   2.7874532944974288        278.74532944974288     
   1.0000000000000000E-003  0.27649735118058233        276.49735118058231     
   1.0000000000000000E-004   2.7627471351056171E-002   276.27471351056170     
   9.9999999999999991E-006   2.7625247113518929E-003   276.25247113518930     
   1.0000000000000002E-006   2.7625024711136053E-004   276.25024711136047     
   1.0000000000000002E-007   2.7625002471111451E-005   276.25002471111446     
   1.0000000000000000E-008   2.7625000247111129E-006   276.25000247111126     
   1.0000000000000003E-009   2.7625000024711117E-007   276.25000024711107     
   1.0000000000000003E-010   2.7625000002471117E-008   276.25000002471108     
 comp:           1
  0.10000000000000001       -10.096665995561278       -100.96665995561277     
   1.0000000000000000E-002 -0.96267933028757824       -96.267933028757824     
   1.0000000000000000E-003  -9.5833312601293547E-002  -95.833312601293542     
   1.0000000000000000E-004  -9.5790173588258583E-003  -95.790173588258583     
   1.0000000000000001E-005  -9.5785862890347261E-004  -95.785862890347246     
   1.0000000000000002E-006  -9.5785431852563386E-005  -95.785431852563363     
   1.0000000000000002E-007  -9.5785388749105063E-006  -95.785388749105039     
   1.0000000000000000E-008  -9.5785384438762413E-007  -95.785384438762406     
   1.0000000000000003E-009  -9.5785384007728180E-008  -95.785384007728155     
   1.0000000000000003E-010  -9.5785383964624771E-009  -95.785383964624742     
 comp:           2
   9.9999999999999992E-002   8.7714125707779012        87.714125707779019     
   1.0000000000000002E-002  0.83632137410752361        83.632137410752350     
   1.0000000000000000E-003   8.3254563755978298E-002   83.254563755978296     
   1.0000000000000000E-004   8.3217087020450737E-003   83.217087020450734     
   1.0000000000000001E-005   8.3213342129823988E-004   83.213342129823985     
   1.0000000000000002E-006   8.3212967668567402E-005   83.212967668567387     
   1.0000000000000002E-007   8.3212930222719795E-006   83.212930222719777     
   1.0000000000000002E-008   8.3212926478137805E-007   83.212926478137788     
   1.0000000000000003E-009   8.3212926103679640E-008   83.212926103679621     
   1.0000000000000004E-010   8.3212926066233836E-009   83.212926066233805     
 comp:           3
  0.10000000000000001       -27.257248757122415       -272.57248757122414     
   1.0000000000000002E-002  -2.4786510313580923       -247.86510313580919     
   1.0000000000000000E-003 -0.24563273197915375       -245.63273197915373     
   1.0000000000000000E-004  -2.4541164682448338E-002  -245.41164682448337     
   9.9999999999999991E-006  -2.4538955961946516E-003  -245.38955961946516     
   1.0000000000000002E-006  -2.4538735111186079E-004  -245.38735111186074     
   1.0000000000000002E-007  -2.4538713026322906E-005  -245.38713026322901     
   1.0000000000000000E-008  -2.4538710817838718E-006  -245.38710817838717     
   1.0000000000000003E-009  -2.4538710596990321E-007  -245.38710596990316     
   1.0000000000000002E-010  -2.4538710574905484E-008  -245.38710574905480     
     
 Collinear #           7
 
 part:           1
 comp:           0
   1.0000003906211477        276.25010790909204        276.25000000000000     
   1.0000000374292128        276.25001033982005        276.25000000000000     
   1.0000000037273347        276.25000102967618        276.25000000000000     
   1.0000000003725780        276.25000010292467        276.25000000000000     
   1.0000000000372560        276.25000001029196        276.25000000000000     
   1.0000000000037255        276.25000000102915        276.25000000000000     
   1.0000000000003726        276.25000000010294        276.25000000000000     
   1.0000000000000375        276.25000000001035        276.25000000000000     
   1.0000000000000040        276.25000000000108        276.25000000000000     
   1.0000000000000004        276.25000000000011        276.25000000000000     
 comp:           1
   0.0000000000000000        0.0000000000000000     
   0.0000000000000000        0.0000000000000000     
   0.0000000000000000        0.0000000000000000     
   0.0000000000000000        0.0000000000000000     
   0.0000000000000000        0.0000000000000000     
   0.0000000000000000        0.0000000000000000     
   0.0000000000000000        0.0000000000000000     
   0.0000000000000000        0.0000000000000000     
   0.0000000000000000        0.0000000000000000     
   0.0000000000000000        0.0000000000000000     
 comp:           2
   0.0000000000000000        0.0000000000000000     
   0.0000000000000000        0.0000000000000000     
   0.0000000000000000        0.0000000000000000     
   0.0000000000000000        0.0000000000000000     
   0.0000000000000000        0.0000000000000000     
   0.0000000000000000        0.0000000000000000     
   0.0000000000000000        0.0000000000000000     
   0.0000000000000000        0.0000000000000000     
   0.0000000000000000        0.0000000000000000     
   0.0000000000000000        0.0000000000000000     
 comp:           3
   1.0000003906211477        276.25010790909204        276.25000000000000     
   1.0000000374292128        276.25001033982005        276.25000000000000     
   1.0000000037273347        276.25000102967618        276.25000000000000     
   1.0000000003725780        276.25000010292467        276.25000000000000     
   1.0000000000372560        276.25000001029196        276.25000000000000     
   1.0000000000037255        276.25000000102915        276.25000000000000     
   1.0000000000003726        276.25000000010294        276.25000000000000     
   1.0000000000000375        276.25000000001035        276.25000000000000     
   1.0000000000000040        276.25000000000108        276.25000000000000     
   1.0000000000000004        276.25000000000011        276.25000000000000     
 
 part:           2
 comp:           0
  0.99999997057891976        276.25205027995662        276.25205840759060     
  0.99999999719178667        276.25205763181589        276.25205840759060     
  0.99999999972045139        276.25205833036472        276.25205840759060     
  0.99999999997205757        276.25205839987143        276.25205840759060     
  0.99999999999720546        276.25205840681861        276.25205840759060     
  0.99999999999972011        276.25205840751329        276.25205840759060     
  0.99999999999997224        276.25205840758292        276.25205840759060     
  0.99999999999999734        276.25205840758986        276.25205840759060     
  0.99999999999999978        276.25205840759054        276.25205840759060     
   1.0000000000000000        276.25205840759060        276.25205840759060     
 comp:           1
   0.0000000000000000        0.0000000000000000     
   0.0000000000000000        0.0000000000000000     
   0.0000000000000000        0.0000000000000000     
   0.0000000000000000        0.0000000000000000     
   0.0000000000000000        0.0000000000000000     
   0.0000000000000000        0.0000000000000000     
   0.0000000000000000        0.0000000000000000     
   0.0000000000000000        0.0000000000000000     
   0.0000000000000000        0.0000000000000000     
   0.0000000000000000        0.0000000000000000     
 comp:           2
   0.0000000000000000        0.0000000000000000     
   0.0000000000000000        0.0000000000000000     
   0.0000000000000000        0.0000000000000000     
   0.0000000000000000        0.0000000000000000     
   0.0000000000000000        0.0000000000000000     
   0.0000000000000000        0.0000000000000000     
   0.0000000000000000        0.0000000000000000     
   0.0000000000000000        0.0000000000000000     
   0.0000000000000000        0.0000000000000000     
   0.0000000000000000        0.0000000000000000     
 comp:           3
  0.99999997057891976       -276.25205027995662       -276.25205840759060     
  0.99999999719178667       -276.25205763181589       -276.25205840759060     
  0.99999999972045139       -276.25205833036472       -276.25205840759060     
  0.99999999997205757       -276.25205839987143       -276.25205840759060     
  0.99999999999720546       -276.25205840681861       -276.25205840759060     
  0.99999999999972011       -276.25205840751329       -276.25205840759060     
  0.99999999999997224       -276.25205840758292       -276.25205840759060     
  0.99999999999999734       -276.25205840758986       -276.25205840759060     
  0.99999999999999978       -276.25205840759054       -276.25205840759060     
   1.0000000000000000       -276.25205840759060       -276.25205840759060     
 
 part:           3
 comp:           0
  0.99999993875401894        283.63407449583917        283.63409186728740     
  0.99999998100718046        283.63408648027627        283.63409186728740     
  0.99999999400541439        283.63409016701854        283.63409186728740     
  0.99999999810470508        283.63409132971714        283.63409186728740     
  0.99999999940066642        283.63409169729596        283.63409186728740     
  0.99999999981047438        283.63409181353148        283.63409186728740     
  0.99999999994006661        283.63409185028826        283.63409186728740     
  0.99999999998104727        283.63409186191177        283.63409186728740     
  0.99999999999400668        283.63409186558749        283.63409186728740     
  0.99999999999810474        283.63409186674983        283.63409186728740     
 comp:           1
   1.0000098809269646       -47.317554212347112       -47.317086675669493     
   1.0000030640966169       -47.317231659794693       -47.317086675669493     
   1.0000009670969485       -47.317132435879635       -47.317086675669493     
   1.0000003057644118       -47.317101143550666       -47.317086675669493     
   1.0000000966893476       -47.317091250727735       -47.317086675669493     
   1.0000000305757979       -47.317088122427172       -47.317086675669493     
   1.0000000096689143       -47.317087133174354       -47.317086675669493     
   1.0000000030575791       -47.317086820345232       -47.317086675669493     
   1.0000000009668915       -47.317086721419976       -47.317086675669493     
   1.0000000003057579       -47.317086690137067       -47.317086675669493     
 comp:           2
  0.99999945884716146        223.57396097267497        223.57408196042405     
  0.99999983218734567        223.57404444186392        223.57408196042405     
  0.99999994703459905        223.57407011873315        223.57408196042405     
  0.99999998325407324        223.57407821646885        223.57408196042405     
  0.99999999470457424        223.57408077650410        223.57408196042405     
  0.99999999832544262        223.57408158603641        223.57408196042405     
  0.99999999947045859        223.57408184203231        223.57408196042405     
  0.99999999983254428        223.57408192298530        223.57408196042405     
  0.99999999994704580        223.57408194858488        223.57408196042405     
  0.99999999998325440        223.57408195668017        223.57408196042405     
 comp:           3
   1.0000000000000000        112.24536183496228        112.24536183496228     
   1.0000000000000000        112.24536183496228        112.24536183496228     
   1.0000000000000000        112.24536183496228        112.24536183496228     
   1.0000000000000000        112.24536183496228        112.24536183496228     
   1.0000000000000000        112.24536183496228        112.24536183496228     
   1.0000000000000000        112.24536183496228        112.24536183496228     
   1.0000000000000000        112.24536183496228        112.24536183496228     
   1.0000000000000000        112.24536183496228        112.24536183496228     
   1.0000000000000000        112.24536183496228        112.24536183496228     
   1.0000000000000000        112.24536183496228        112.24536183496228     
 
 part:           4
 comp:           0
   1.0000001477232370        256.57206894185612        256.57203104020516     
   1.0000000458089811        256.57204279350844        256.57203104020516     
   1.0000000144583017        256.57203474980099        256.57203104020516     
   1.0000000045712387        256.57203221305718        256.57203104020516     
   1.0000000014455248        256.57203141108641        256.57203104020516     
   1.0000000004571141        256.57203115748786        256.57203104020516     
   1.0000000001445521        256.57203107729322        256.57203104020516     
   1.0000000000457112        256.57203105193338        256.57203104020516     
   1.0000000000144553        256.57203104391397        256.57203104020516     
   1.0000000000045712        256.57203104137801        256.57203104020516     
 comp:           1
  0.99998829864823124        36.143108060780271        36.143530988950538     
  0.99999637138601372        36.143399838028479        36.143530988950538     
  0.99999885472885641        36.143489594807470        36.143530988950538     
  0.99999963790274027        36.143517901477011        36.143530988950538     
  0.99999988549698249        36.143526850407177        36.143530988950538     
  0.99999996379103584        36.143529680230721        36.143530988950538     
  0.99999998854972239        36.143530575097074        36.143530988950538     
  0.99999999637910442        36.143530858078584        36.143530988950538     
  0.99999999885497215        36.143530947565189        36.143530988950538     
  0.99999999963791042        36.143530975863342        36.143530988950538     
 comp:           2
   1.0000004789187253       -228.52341959304277       -228.52331014895037     
   1.0000001485137118       -228.52334408779541       -228.52331014895037     
   1.0000000468742249       -228.52332086080344       -228.52331014895037     
   1.0000000148200963       -228.52331353568781       -228.52331014895037     
   1.0000000046864364       -228.52331121991031       -228.52331014895037     
   1.0000000014819783       -228.52331048761698       -228.52331014895037     
   1.0000000004686427       -228.52331025604613       -228.52331014895037     
   1.0000000001481979       -228.52331018281703       -228.52331014895037     
   1.0000000000468643       -228.52331015965996       -228.52331014895037     
   1.0000000000148199       -228.52331015233705       -228.52331014895037     
 comp:           3
   1.0000000000000000       -110.90513513049527       -110.90513513049527     
   1.0000000000000000       -110.90513513049527       -110.90513513049527     
   1.0000000000000000       -110.90513513049527       -110.90513513049527     
   1.0000000000000000       -110.90513513049527       -110.90513513049527     
   1.0000000000000000       -110.90513513049527       -110.90513513049527     
   1.0000000000000000       -110.90513513049527       -110.90513513049527     
   1.0000000000000000       -110.90513513049527       -110.90513513049527     
   1.0000000000000000       -110.90513513049527       -110.90513513049527     
   1.0000000000000000       -110.90513513049527       -110.90513513049527     
   1.0000000000000000       -110.90513513049527       -110.90513513049527     
 
 part:           5
 comp:           0
  0.99999833011168626        12.293856563105752        12.293877092507440     
  0.99999948216375778        12.293870726292324        12.293877092507440     
  0.99999983655935143        12.293875083188194        12.293877092507440     
  0.99999994832541161        12.293876457226402        12.293877092507440     
  0.99999998365937282        12.293876891617778        12.293877092507440     
  0.99999999483264967        12.293877028980670        12.293877092507440     
  0.99999999836594067        12.293877072418516        12.293877092507440     
  0.99999999948326501        12.293877086154763        12.293877092507440     
  0.99999999983659404        12.293877090498547        12.293877092507440     
  0.99999999994832645        12.293877091872172        12.293877092507440     
 comp:           1
  0.99999818634626003        11.173535421757895        11.173555686718956     
  0.99999943758177823        11.173549402507636        11.173555686718956     
  0.99999982248828723        11.173553703281948        11.173555686718956     
  0.99999994387660152        11.173555059621037        11.173555686718956     
  0.99999998225256237        11.173555488416973        11.173555686718956     
  0.99999999438777798        11.173555624010481        11.173555686718956     
  0.99999999822525998        11.173555666888799        11.173555686718956     
  0.99999999943877782        11.173555680448109        11.173555686718956     
  0.99999999982252596        11.173555684735939        11.173555686718956     
  0.99999999994387778        11.173555686091872        11.173555686718956     
 comp:           2
  0.99999894041937998        4.9492229444200539        4.9492281885263267     
  0.99999967142159774        4.9492265623168361        4.9492281885263267     
  0.99999989629334052        4.9492276752584043        4.9492281885263267     
  0.99999996721134576        4.9492280262477948        4.9492281885263267     
  0.99999998963151526        4.9492281372103299        4.9492281885263267     
  0.99999999672120354        4.9492281722988150        4.9492281885263267     
  0.99999999896315361        4.9492281833947374        4.9492281885263267     
  0.99999999967212039        4.9492281869035759        4.9492281885263267     
  0.99999999989631527        4.9492281880131674        4.9492281885263267     
  0.99999999996721201        4.9492281883640512        4.9492281885263267     
 comp:           3
   1.0000000000000000       -1.3402267044670246       -1.3402267044670246     
   1.0000000000000000       -1.3402267044670246       -1.3402267044670246     
   1.0000000000000000       -1.3402267044670246       -1.3402267044670246     
   1.0000000000000000       -1.3402267044670246       -1.3402267044670246     
   1.0000000000000000       -1.3402267044670246       -1.3402267044670246     
   1.0000000000000000       -1.3402267044670246       -1.3402267044670246     
   1.0000000000000000       -1.3402267044670246       -1.3402267044670246     
   1.0000000000000000       -1.3402267044670246       -1.3402267044670246     
   1.0000000000000000       -1.3402267044670246       -1.3402267044670246     
   1.0000000000000000       -1.3402267044670246       -1.3402267044670246     
 
 part:           6
 comp:           0
   1.0484746838483312        2.1581882477554395E-003   2.0584075905714819E-003
   1.0046462947334645        2.0679715589188774E-003   2.0584075905714819E-003
   1.0004627084677198        2.0593600331936580E-003   2.0584075905714819E-003
   1.0000462517233555        2.0585027954699137E-003   2.0584075905714819E-003
   1.0000046249811885        2.0584171106678662E-003   2.0584075905714819E-003
   1.0000004624962069        2.0584085425771849E-003   2.0584075905714819E-003
   1.0000000462496019        2.0584076857720133E-003   2.0584075905714819E-003
   1.0000000046249604        2.0584076000915354E-003   2.0584075905714819E-003
   1.0000000004624958        2.0584075915234868E-003   2.0584075905714819E-003
   1.0000000000462492        2.0584075906666817E-003   2.0584075905714819E-003
 comp:           1
   9.1072980894692126E-004   0.0000000000000000     
   2.8241925857868403E-004   0.0000000000000000     
   8.9137790224448564E-005   0.0000000000000000     
   2.8182452619007001E-005   0.0000000000000000     
   8.9119035856082424E-006   0.0000000000000000     
   2.8181859720559350E-006   0.0000000000000000     
   8.9118848348753044E-007   0.0000000000000000     
   2.8181853854228707E-007   0.0000000000000000     
   8.9118845257626499E-008   0.0000000000000000     
   2.8181854898495880E-008   0.0000000000000000     
 comp:           2
   2.3567594773636017E-004   0.0000000000000000     
   7.3083614668871254E-005   0.0000000000000000     
   2.3066811895135993E-005   0.0000000000000000     
   7.2929711592504189E-006   0.0000000000000000     
   2.3061958695542151E-006   0.0000000000000000     
   7.2928177307558329E-007   0.0000000000000000     
   2.3061910172953863E-007   0.0000000000000000     
   7.2928162126842597E-008   0.0000000000000000     
   2.3061909373041343E-008   0.0000000000000000     
   7.2928164829166091E-009   0.0000000000000000     
 comp:           3
  0.94362791580256244       -1.9423708645631417E-003  -2.0584075905714819E-003
  0.99459990586776337       -2.0472919958198854E-003  -2.0584075905714819E-003
  0.99946225320615967       -2.0573006884892354E-003  -2.0584075905714819E-003
  0.99994624784325969       -2.0582969467240380E-003  -2.0584075905714819E-003
  0.99999462500944991       -2.0583965266501342E-003  -2.0584075905714819E-003
  0.99999946250319560       -2.0584064841839798E-003  -2.0584075905714819E-003
  0.99999994625034228       -2.0584074799327784E-003  -2.0584075905714819E-003
  0.99999999462503464       -2.0584075795076124E-003  -2.0584075905714819E-003
  0.99999999946250318       -2.0584075894650943E-003  -2.0584075905714819E-003
  0.99999999994625000       -2.0584075904608425E-003  -2.0584075905714819E-003
 
 part: i_fks+j_fks
 comp:           0
   1.0000003317707054        276.25420846820435        276.25411681518119     
   1.0000000318119915        276.25412560337480        276.25411681518119     
   1.0000000031681580        276.25411769039789        276.25411681518119     
   1.0000000003166856        276.25411690266691        276.25411681518119     
   1.0000000000316669        276.25411682392928        276.25411681518119     
   1.0000000000031661        276.25411681605584        276.25411681518119     
   1.0000000000003166        276.25411681526867        276.25411681518119     
   1.0000000000000318        276.25411681518995        276.25411681518119     
   1.0000000000000031        276.25411681518204        276.25411681518119     
   1.0000000000000002        276.25411681518125        276.25411681518119     
 comp:           1
   9.1072980894692126E-004   0.0000000000000000     
   2.8241925857868403E-004   0.0000000000000000     
   8.9137790224448564E-005   0.0000000000000000     
   2.8182452619007001E-005   0.0000000000000000     
   8.9119035856082424E-006   0.0000000000000000     
   2.8181859720559350E-006   0.0000000000000000     
   8.9118848348753044E-007   0.0000000000000000     
   2.8181853854228707E-007   0.0000000000000000     
   8.9118845257626499E-008   0.0000000000000000     
   2.8181854898495880E-008   0.0000000000000000     
 comp:           2
   2.3567594773636017E-004   0.0000000000000000     
   7.3083614668871254E-005   0.0000000000000000     
   2.3066811895135993E-005   0.0000000000000000     
   7.2929711592504189E-006   0.0000000000000000     
   2.3061958695542151E-006   0.0000000000000000     
   7.2928177307558329E-007   0.0000000000000000     
   2.3061910172953863E-007   0.0000000000000000     
   7.2928162126842597E-008   0.0000000000000000     
   2.3061909373041343E-008   0.0000000000000000     
   7.2928164829166091E-009   0.0000000000000000     
 comp:           3
  0.99999955054295142       -276.25399265082120       -276.25411681518119     
  0.99999995695496013       -276.25410492381172       -276.25411681518119     
  0.99999999571362774       -276.25411563105320       -276.25411681518119     
  0.99999999957154284       -276.25411669681813       -276.25411681518119     
  0.99999999995715561       -276.25411680334525       -276.25411681518119     
  0.99999999999571521       -276.25411681399748       -276.25411681518119     
  0.99999999999957156       -276.25411681506284       -276.25411681518119     
  0.99999999999995715       -276.25411681516937       -276.25411681518119     
  0.99999999999999567       -276.25411681518000       -276.25411681518119     
  0.99999999999999956       -276.25411681518108       -276.25411681518119     
