     
 Soft #           4
 ME*wgt:
   1.0055156208956699        4.4104362867554331E-014   4.3862434308348252E-014
   1.0001008165460810        4.3866856367477926E-014   4.3862434308348252E-014
   1.0001090562633685        4.3867217781536170E-014   4.3862434308348252E-014
   1.0000093466611950        4.3862844275660925E-014   4.3862434308348252E-014
   1.0000009821984646        4.3862477389963882E-014   4.3862434308348252E-014
  0.99999794686988852        4.3862344253063609E-014   4.3862434308348252E-014
   1.0000000105775579        4.3862434772305693E-014   4.3862434308348252E-014
   1.0000787254939734        4.3865887400156051E-014   4.3862434308348252E-014
   1.0000000005000498        4.3862434330281652E-014   4.3862434308348252E-014
   1.0000000000500051        4.3862434310541595E-014   4.3862434308348252E-014
 wgt:
   1.1111111111111112        1.4465743111712377E-005   1.3019168800541138E-005
   1.0101010101010099        1.3150675556102159E-005   1.3019168800541138E-005
   1.0010010010010006        1.3032201001542677E-005   1.3019168800541138E-005
   1.0001000100010000        1.3020470847625899E-005   1.3019168800541138E-005
   1.0000100001000010        1.3019298993531072E-005   1.3019168800541138E-005
   1.0000010000010000        1.3019181819722959E-005   1.3019168800541138E-005
   1.0000001000000098        1.3019170102458147E-005   1.3019168800541138E-005
   1.0000000100000002        1.3019168930732830E-005   1.3019168800541138E-005
   1.0000000009999999        1.3019168813560306E-005   1.3019168800541138E-005
   1.0000000001000000        1.3019168801843055E-005   1.3019168800541138E-005
     
 Soft #          48
 ME*wgt:
   1.0055563349654026        8.0584735171099863E-016   8.0139453523379645E-016
  0.99999420836666852        8.0138989385049448E-016   8.0139453523379645E-016
  0.99994938171448977        8.0135397001640562E-016   8.0139453523379645E-016
  0.99999069274583352        8.0138707645116942E-016   8.0139453523379645E-016
  0.99999890716583417        8.0139365944246804E-016   8.0139453523379645E-016
  0.99999816198292335        8.0139306225695554E-016   8.0139453523379645E-016
   1.0000136686050791        8.0140548917921120E-016   8.0139453523379645E-016
   1.0001340216571566        8.0150193945744479E-016   8.0139453523379645E-016
   1.0000000005000567        8.0139453563453917E-016   8.0139453523379645E-016
   1.0000000000500058        8.0139453527387078E-016   8.0139453523379645E-016
 wgt:
   1.1111111111111112        4.2946968126153792E-006   3.8652271313538414E-006
   1.0101010101010099        3.9042698296503440E-006   3.8652271313538414E-006
   1.0010010010010011        3.8690962275814228E-006   3.8652271313538414E-006
   1.0001000100010000        3.8656136927231137E-006   3.8652271313538414E-006
   1.0000100001000010        3.8652657840116811E-006   3.8652271313538414E-006
   1.0000010000010000        3.8652309965848382E-006   3.8652271313538414E-006
   1.0000001000000101        3.8652275178765932E-006   3.8652271313538414E-006
   1.0000000100000002        3.8652271700061130E-006   3.8652271313538414E-006
   1.0000000009999999        3.8652271352190678E-006   3.8652271313538414E-006
   1.0000000000999998        3.8652271317403637E-006   3.8652271313538414E-006
     
 Soft #          61
 ME*wgt:
  0.92791272226319210        7.3750835040660169E-013   7.9480357657755626E-013
  0.92697426533053495        7.3676246148006176E-013   7.9480357657755626E-013
  0.96769780451470555        7.6912967607453689E-013   7.9480357657755626E-013
   1.0002770992227803        7.9502381603088886E-013   7.9480357657755626E-013
   1.0001006770049401        7.9488359502116183E-013   7.9480357657755626E-013
   1.0000108036028010        7.9481216331970252E-013   7.9480357657755626E-013
   1.0000010901716678        7.9480444304989687E-013   7.9480357657755626E-013
   1.0000003849478349        7.9480388253547222E-013   7.9480357657755626E-013
   1.0000000005443610        7.9480357701021625E-013   7.9480357657755626E-013
   1.0000000000544358        7.9480357662082209E-013   7.9480357657755626E-013
 wgt:
   1.1111111111111116        7.0075866554110183E-004   6.3068279898699140E-004
   1.0101010101010104        6.3705333231009248E-004   6.3068279898699140E-004
   1.0010010010010011        6.3131411310009158E-004   6.3068279898699140E-004
   1.0001000100010002        6.3074587357434897E-004   6.3068279898699140E-004
   1.0000100001000012        6.3068910587805028E-004   6.3068279898699140E-004
   1.0000010000010002        6.3068342967042125E-004   6.3068279898699140E-004
   1.0000001000000105        6.3068286205527789E-004   6.3068279898699140E-004
   1.0000000100000006        6.3068280529381972E-004   6.3068279898699140E-004
   1.0000000010000001        6.3068279961767430E-004   6.3068279898699140E-004
   1.0000000001000000        6.3068279905005966E-004   6.3068279898699140E-004
     
 Collinear #           7
 ME*wgt:
   1.3909789749824784        1.5595166442757961E-015   1.1211647856111130E-015
   1.0221652629135869        1.1460156978536385E-015   1.1211647856111130E-015
   1.0002746536893319        1.1214727176558302E-015   1.1211647856111130E-015
  0.99948249513207488        1.1205845773768130E-015   1.1211647856111130E-015
  0.99978002835014346        1.1209181611434610E-015   1.1211647856111130E-015
  0.99994066212553057        1.1210982580758049E-015   1.1211647856111130E-015
   1.0000423631308089        1.1212122816615841E-015   1.1211647856111130E-015
   1.0013399478830676        1.1226670879921625E-015   1.1211647856111130E-015
   1.0000000000000002        1.1211647856111132E-015   1.1211647856111130E-015
   1.0000000000000004        1.1211647856111136E-015   1.1211647856111130E-015
 wgt:
   1.0000003612000563        4.9888130883306188E-005   4.9888112863717010E-005
   1.0000000346209996        4.9888114590893341E-005   4.9888112863717010E-005
   1.0000000034477861        4.9888113035720548E-005   4.9888112863717010E-005
   1.0000000003446361        4.9888112880910254E-005   4.9888112863717010E-005
   1.0000000000344624        4.9888112865436277E-005   4.9888112863717010E-005
   1.0000000000034464        4.9888112863888944E-005   4.9888112863717010E-005
   1.0000000000003448        4.9888112863734208E-005   4.9888112863717010E-005
   1.0000000000000349        4.9888112863718751E-005   4.9888112863717010E-005
   1.0000000000000033        4.9888112863717179E-005   4.9888112863717010E-005
   1.0000000000000007        4.9888112863717044E-005   4.9888112863717010E-005
