   0.0000000000000000        0.0000000000000000        0.0000000000000000        0.0000000000000000        0.0000000000000000        0.0000000000000000        0.0000000000000000        0.0000000000000000        0.0000000000000000        0.0000000000000000     
   8.1273910568694657E-005   4.1833584466031661E-004   8.2946618190547147E-003   1.2052367425530102E-002   8.3367207723614827E-003  0.98125112813973192       0.11115047415021093        8.2889488282534729E-002   4.6198636160931445E-003   1.8787485007743302E-002
   1.0933592488887649        1.0078328989748122       0.62358921336376971       0.73697740049571292       0.61519989673131270       0.52204058338988446       0.56211900592861064       0.78686772753876288       0.76892294031071584       0.79154726869942726     
   1.6523243405236942E-004   8.4936032977050567E-004   1.6440089582144282E-002   2.3575537063347252E-002   1.6975869486160068E-002  0.98546078305480511       0.15358749483635420       0.13475149737591341        9.4231099870948510E-003   3.8814809630638075E-002
  0.98215351439968368        1.1627880543622260       0.62522754448599260        1.0314035127253847       0.63316865978613801       0.68713449534555071       0.79974742612640226       0.73224415668862897       0.93983520128864884       0.91052355604348156     
   2.5365123842760722E-004   1.3013064491088637E-003   2.5039620929109680E-002   3.4536726563905260E-002   2.5133503023341625E-002  0.98733737793966725       0.18067624576590074       0.17046269467478489        1.3398583476418363E-002   6.0603109647471176E-002
  0.86104032940985586       0.95557782682996961       0.62929785827423290       0.93163043535404277       0.62819577362356471       0.68595181820799889       0.80605289442505701       0.72779118312645674       0.86175046617559270        1.0874185819392390     
   3.4825969387449352E-004   1.8444647093415539E-003   3.2791445151003108E-002   4.6070838216930587E-002   3.3056241927999337E-002  0.98846592541948708       0.20346670878175552       0.19039008947062766        1.6985660779941961E-002   8.2442811549890249E-002
  0.63231306844154023       0.99158328004601359       0.58278925131683501       0.98774167197340923       0.60212630836337533       0.78157811169771596       0.82586305704976370       0.75071344131095130       0.68380022749474878       0.88069729402611607     
   4.5544198441538483E-004   2.4328503783164444E-003   4.0431644336105466E-002   5.6589992244562952E-002   4.1218350957718544E-002  0.98927282669854422       0.22246167280163834       0.20475040127490943        2.0225184718778478E-002   9.7143656373204837E-002
  0.81351677877931727       0.75116928659036630       0.58910971617055685       0.89282517938313366       0.60056247185327960       0.84796186060950418       0.70835069850874399       0.69152193582579347       0.75808418679943168       0.70417898028835890     
   5.9053042971482137E-004   3.0581267304800146E-003   4.9635342783183781E-002   6.5262242365498518E-002   4.9111892201531726E-002  0.98999240422719836       0.23862029267143481       0.21836079917334925        2.3273118156106543E-002  0.10844873422506122     
  0.77193835887533291       0.79608581330240136       0.64033701244148755        1.1794669503101265       0.64336037766593679       0.70419547583708786       0.72930454314113702       0.53945121001990126       0.66364208317968243       0.69415613488398742     
   7.5001078703365348E-004   3.7183684651703056E-003   5.7730969292766526E-002   7.4150744476686237E-002   5.7322466878584777E-002  0.99057384108174629       0.25154603985998497       0.23141549957388269        2.6467056108092760E-002  0.11931506565224598     
  0.86255856007977727       0.66696843596417610       0.64796297191803354       0.75048037018262537       0.75669115420948729       0.56477464060609517       0.76282638478822495       0.71054442540173202       0.77756329355126885       0.63500305150867609     
   9.1991225408921055E-004   4.4971249254988676E-003   6.1773217839860700E-002   8.3521197940920278E-002   6.5357485757802661E-002  0.99101288421162170       0.25934030770294952       0.24268193792220916        3.0438011986708119E-002  0.13097219506788482     
  0.81345224364650159        1.0855858526504607       0.48708108722388410       0.80565312069470441       0.67625203257217426       0.83972199695292093       0.74888996013438958       0.59735319152930977       0.75546298957182456       0.69402509373201637     
   1.0809299276387540E-003   5.4163558310218506E-003   6.4746870970022047E-002   9.2123432305379990E-002   7.2297781083702425E-002  0.99141005014722350       0.26641263529936693       0.25315585940787666        3.4713828239965390E-002  0.14251862876242716     
  0.76932088438547441       0.84575971482961509       0.52242991489499169       0.98577931008590514       0.62360848253300494       0.71800998029264074       0.56417092497969190       0.65479300488909309       0.85973313273488050       0.64624943675108470     
   1.2624633083767071E-003   6.4839692282744046E-003   7.0595011179245507E-002   9.7902393446542543E-002   8.2047330081750136E-002  0.99177749885133260       0.27285893487656881       0.26381294686166618        3.8863049732913317E-002  0.15277271217914101     
  0.68486524314996267       0.67702981110563742       0.60335768500820497       0.77288771352556995       0.88673907515213990       0.70038586017136328       0.70159251446405291       0.63116656189775833       0.72285640551360941       0.63196948884766280     
   1.4642341174975558E-003   7.6507807840942195E-003   7.7513406161703907E-002  0.10312570168817950        9.4576016939814628E-002  0.99209385670966055       0.28021814759789038       0.27631724117865397        4.3667669167878474E-002  0.16317838907046242     
  0.69707204156971458       0.93361218681169700       0.57769998583519955       0.69017765418159738       0.93036520858464544       0.51890211553791565       0.51399446614587441       0.72763731403045284       0.77645756016975831       0.59671050603362863     
   1.6666622392522534E-003   8.8738636013194101E-003   8.4588371577779764E-002  0.10858220501081814       0.10658340093121550       0.99239507462409682       0.28748368406159724       0.28838052424290622        4.9184038766881003E-002  0.17428029857108082     
  0.71505428997017750       0.68939836376055730       0.62472528939362992       0.61229606749615650       0.84158657832825312       0.59371972727922229       0.61753632869528574       0.73040444511683522        1.1249788555732962       0.71107046947909869     
   1.9009327059327313E-003   1.0213159519246359E-002   9.2988816891552306E-002  0.11410774942688041       0.11972882412893150       0.99272640349121821       0.29444196075067536       0.30252771785301902        5.3994742021736292E-002  0.18463717212828176     
  0.72852028763530241       0.69184277804476180       0.58945323590667187       0.69910273201941830       0.95966837067822730       0.80794087631453249       0.57406404624959739       0.95173534710574414       0.89203946004264312       0.69457846799922729     
   2.2068255383233338E-003   1.1694113286285676E-002  0.10189785011204844       0.11950161128974847       0.13451781275759503       0.99306263242527626       0.30135837284715689       0.32119709774802291        5.8114977327072104E-002  0.19798668680241294     
  0.67259530185378047       0.81526008614067502       0.52204058338988446       0.86633507532249199       0.76802993060567404       0.75911211970747838       0.59298182322614912       0.92707826887959710       0.74993146382497766       0.78239641291191986     
   2.5520843049507973E-003   1.3411577569551605E-002  0.11027301045200556       0.12484516796967748       0.15032570064535236       0.99339253541823336       0.30453557236433748       0.33952810665176086        6.1408469245087229E-002  0.21650802221086013     
  0.83202962482017695       0.76936216902396060       0.66459390517532357       0.61926635161642118        1.0287269127432395       0.71152343796988804       0.50176325482279327        1.0604480393180502       0.51947110825423315       0.77002612377938695     
   2.9487318894665243E-003   1.5537473479612658E-002  0.12409914776592250       0.12993586268440988       0.16762879640344885       0.99368412198970657       0.30662876043721188       0.35587537995155150        6.4448317613263320E-002  0.23390449568380620     
  0.68171376969389630       0.90618808938840822       0.59032874586257666       0.63838201631936931       0.77153314545071772       0.66820276704143411       0.52324089099128346       0.95333387332220088       0.52616071186970637       0.77718798738895223     
   3.3411724751067906E-003   1.7877349767409977E-002  0.13852683364059787       0.13481055326537184       0.18377822334700619       0.99392923927575183       0.30873280943482606       0.37366686484711742        6.6352580468319322E-002  0.25023666404823469     
  0.71037713457207630       0.74927554861763968       0.61189308996870040       0.67606701810101788       0.76819927596207316       0.69939077829888330       0.50418735198572662       0.89941243377688607       0.49652418025947914       0.76791309557301501     
   3.7412755596670467E-003   2.0717657272947963E-002  0.15396720422087876       0.13958889121156737       0.20134219989836272       0.99416361666579500       0.31265252653623288       0.39200745312406349        6.8115967143587586E-002  0.26658296057261494     
  0.64016483267742952        1.0760051196796507       0.70999809748635645       0.66967041565218266       0.83217443914720290       0.82701661661826109       0.61094180781822038       0.94840431286632987       0.48708108722388410       0.75329233243807758     
   4.1209387269799625E-003   2.4051708460049327E-002  0.17218883492658871       0.14476626483095245       0.22035170486220176       0.99437784915660499       0.31663425009026058       0.40998696721706229        7.0161935555992913E-002  0.28280858834698774     
  0.64995539639489897       0.79217195712652211       0.69750223683390311       0.68256635455511916       0.87695987104812378       0.64361132692440959       0.61312920226534673       0.92926617106877774       0.48708108722388410       0.63475241797181658     
   4.4895466817927044E-003   2.7529703162742617E-002  0.19007052029208799       0.15064474760778082       0.23869325266216462       0.99456730311193675       0.32038988489534720       0.42661012426880607        7.4595740830600776E-002  0.29952247469418070     
  0.59291841991963579       0.66544172697047121       0.67259986610147504       0.64664887877998845       0.86314810558840371       0.65536834690121037       0.58625456741055215       0.99479795540518312       0.79658146354734916       0.71999786870547411     
   4.9826645190831336E-003   3.1311634289760810E-002  0.20276066106115848       0.15672200324153754       0.25621520782450091       0.99476978051664378       0.32481606548064440       0.44183243103767261        7.8734137205278470E-002  0.31717571522178900     
  0.68452300999080973       0.69079067099586744       0.70822259634204865       0.65736445066859561       0.94880966896362506       0.89186587300639431       0.66967253933721815       0.81816653366841019       0.55882743200335305       0.69422864801252704     
   6.0084773750862953E-003   3.4940080206829496E-002  0.21558940991856793       0.16281978491173715       0.27318857621864295       0.99496019903811495       0.32990533281682755       0.45626023590556447        8.3608657445821896E-002  0.33626703268203367     
  0.87824177810275772       0.76310501673006559       0.69953489550852255       0.72505545788240988       0.60950413182887220       0.73871953519789413       0.60638448910874065       0.69209337951218541       0.62883484746088059       0.72796680833618344     
   6.8209360207392737E-003   3.8398120624445801E-002  0.23060338998060539       0.16894894814575828       0.28856750096800282       0.99513722924509840       0.33621846984033527       0.46832561650559346        8.8931837621441009E-002  0.35411326129884085     
  0.74857228235772189       0.59705188970741963       0.83149558023347014       0.69094138267826077       0.70441299064423257       0.77346162061397239       0.68729209392803248       0.70754395637171863       0.60256106665566600       0.68160911201678842     
   8.4648834199257447E-003   4.1709502990830913E-002  0.24295705201139300       0.17559155876272706       0.30748927045305974       0.99530877708769760       0.34070485347352958       0.48015552182871152        9.5191833788974334E-002  0.36610477498040883     
  0.87183744150225040       0.65823045838762473       0.72164394663205400       0.73780174059981429       0.66485978551436919       0.72264844085140334       0.60461555556321056       0.89022727439465665       0.80465167848889896       0.60191148084800650     
   9.9921775718803466E-003   4.4817973139538385E-002  0.25442980215881489       0.18438994777533579       0.33035881738458567       0.99547450818143579       0.34545554534692946       0.49280954585749775       0.10273465256417991       0.37952113304637136     
  0.81561090857893070       0.59193041097606025       0.70751606755813212       0.82192930292546562       0.77640960671504511       0.72048185648362395       0.59321916775822470       0.77272033977455790       0.67814427978179714       0.85634210536304978     
   1.1600983325476075E-002   4.9345476090730450E-002  0.27607332399982520       0.19425273337016657       0.35561739324833175       0.99562188518407280       0.35126581778788540       0.50541308095447612       0.11148086950334982       0.39090202555615611     
  0.63252920161464954       0.75295642431377285       0.81612253375887056       0.72491422962197583       0.78411745138665867       0.73208426796435300       0.63782079136484771       0.78086179390563804        1.0184917441544841       0.52170588476024171     
   1.3483253456355369E-002   5.4195776827815123E-002  0.29802019392950896       0.20421283014372202       0.38402029724925257       0.99575995380614668       0.35733803407519926       0.51854765880010945       0.12091244653368330       0.39944114975188794     
  0.78029301808694240       0.61678298722771641       0.79233862477370376       0.79536868258528093       0.80943130322614887       0.63145999702865974       0.73724389531588286       0.73485860255619984       0.82039954019598138       0.56919707320642476     
   1.5517005314850736E-002   5.8666128375777171E-002  0.31911027438779832       0.21472570437247063       0.41496520010623161       0.99589804545223926       0.36304183956324365       0.53246383602756808       0.13168218168415910       0.40602229874740292     
  0.73422627770831439       0.58357924905863356       0.75888400785409804       0.79697048270188220        1.0901136138521248       0.66497561410645067       0.87633426386958402       0.82798059124130730       0.81767550939346201       0.57034533097464213     
   1.7539609643299186E-002   6.2571002847791699E-002  0.34018245993707413       0.22495251976287528       0.44802431397792036       0.99603195589471039       0.36992922560485642       0.54441552088388068       0.14278293848484480       0.41426161389516158     
  0.67026950164392451       0.66719045279644595       0.97464003254156772       0.89200042045298522       0.74399504410126593       0.87300790892085411       0.78041332681808939       0.69864238765687869       0.69564266244941808       0.54714992523980566     
   1.9426504720857992E-002   6.5453535070529284E-002  0.36172102397121764       0.23425081901023917       0.48341916490360004       0.99616248780322780       0.37569488520375022       0.55695669894339295       0.15431953124285033       0.42414554615258043     
  0.84732817961158668       0.55374773246161513       0.78726055353463809       0.73381587834513906        1.0083977899392154       0.57557372358101788       0.68264278715401105       0.71790307061016811       0.89563431531041038       0.58462797895496665     
   2.1642402254426572E-002   6.8536254336661551E-002  0.38365775656372192       0.24322658733124922       0.51944483772114802       0.99629016070661758       0.38370021498939144       0.57054453308521169       0.16726016851152820       0.43307202215734125     
  0.81128806242699880       0.53218833261547283       0.92449587884498563       0.65932068276653677       0.89649748171653676       0.66398617368211821       0.80539582743520610       0.78599795684971419       0.81730241013320781       0.65190673180603842     
   2.4398725401808312E-002   7.1655047815687767E-002  0.40444406487566059       0.25240342016197903       0.55619862955519450       0.99641798475828480       0.39249567145742920       0.58427731243892700       0.18104666803316333       0.44145997279904087     
  0.75087624663248376       0.56715749238085233       0.95521238331720770       0.80025335945794651       0.80955897620432882       0.82550054830119568       0.99362182441161218       0.91213258256775265       0.80061385293054432       0.57147848373084242     
   2.7476201091421990E-002   7.3578700499926861E-002  0.42251949623203755       0.26142192455908386       0.59747166937361595       0.99654887288970939       0.40201700575225924       0.59744733949094231       0.19550339829631377       0.44955856748467238     
  0.74367856130176224       0.48708108722388410       0.79091578729171086       0.74136075945684532       0.88665080724843515       0.71864981283555818        1.1610214385045245       0.78905771462105967       0.78867995526567947       0.66521097083812053     
   3.0578080624424450E-002   7.5403167259765508E-002  0.44056709984187703       0.27002044150104704       0.63844169382944227       0.99668015433111590       0.41085073537336586       0.61045674896576152       0.21567923560003496       0.45656799118109553     
  0.74294662851744298       0.52108134510913939       0.87590318889862329       0.75358957075324229       0.89016411440980814       0.75117986981357887       0.92436442947384367       0.82888663009972730       0.79875334775798357       0.76523925029607642     
   3.3803704170738282E-002   7.8461248806344919E-002  0.45918878847340572       0.27837567180152095       0.67615932701446357       0.99680471553908878       0.41897259939117693       0.62293500176443140       0.23655534046363938       0.46317212949646874     
  0.76343641641723681       0.70067559896762932       0.88249456032924889       0.69549211156386948        1.1306744048571804       0.73313622992261329       0.75577598157535686       0.79953821787261214       0.72281361296334679       0.52300040090593292     
   3.6502200761918249E-002   8.3330873744035305E-002  0.47836476849376780       0.28836384410006988       0.71034099982887045       0.99692385265863381       0.42705923700456216       0.63779976614220846       0.25894055006700906       0.47139771803976560     
  0.82164852597220173       0.65983411054996965        1.1066531836015789       0.64636102063741485       0.92300113069837153       0.71712299623957021       0.74866676121174902       0.89573027326588095       0.73105030280518490       0.62149196495150205     
   3.8877280960826412E-002   8.8970268158028484E-002  0.49789460437703587       0.30128170423158357       0.73842904263121323       0.99703147321963226       0.43528078011013754       0.65323320741407398       0.27869329060699694       0.48225856439095038     
  0.72101261505012337       0.76615430899339509        1.0995196088548924       0.77666767282988391       0.94026883060439714       0.83024488930128859       0.79911405042392980       0.80151852342598517       0.80677772966953554       0.77710751537335054     
   4.1785383087799693E-002   9.5211610180048839E-002  0.51715672198534779       0.31454122662198697       0.76493793410942590       0.99713642317945139       0.44344232529472793       0.66783435912706768       0.30023077005046145       0.49302198502823535     
  0.68416943718379430       0.69167520660850101       0.82202066044275524       0.95989536099860417       0.82285885894534527       0.78851254710430052       0.85227155914637986       0.70962049036868580       0.77688959632082399       0.71916129966175091     
   4.5315802193863691E-002  0.10134137849508934       0.53017769385817692       0.32683029838666122       0.78594863234126677       0.99723799818757219       0.45178072921741574       0.68178019717343163       0.32511534835034589       0.50761714421110760     
  0.76768696843417039       0.72021416438933883       0.77203517927098952       0.71519485396829940       0.86849724711436049       0.86507366954483633       0.76541562715244027       0.82482442764177744       0.92595265153720818       0.88134601523645106     
   4.9160036468736353E-002  0.10736550350467491       0.54573201253762693       0.33905666189372102       0.79809255163553627       0.99734881067695913       0.46022385479088623       0.69588039634143939       0.35153833749046676       0.52327561452952143     
  0.73006483774698916       0.62560728742222249       0.78418747909912445       0.66905423510692574       0.66186202841655706       0.84961440595284943       0.83946143969334341       0.63871068498964356       0.71170989363535553       0.71799697088218750     
   5.3050480763712528E-002  0.11327614208764566       0.56214747901092932       0.35364705781449796       0.80675256103065296       0.99746396375591195       0.46875680251555740       0.71013321281493202       0.37842612775312950       0.53554030063736846     
  0.72317351181561507       0.75756223365931796       0.69215495830974394       0.83194056185829590       0.59046607415299424       0.69041590412228104       0.88394053177055432       0.89006974258010918       0.73173137478886452       0.73516665421196725     
   5.6735297659987000E-002  0.11800942745332255       0.57808546870995559       0.37175563018231994       0.81722422653400306       0.99757375469460519       0.47744543934812778       0.72476715038592709       0.40643824118125355       0.55040752163158990     
  0.63757116033726258       0.61207826562838419       0.69198074440390611       0.85436323210046650       0.80225889517508586       0.75231451830953600       0.74763699625425095       0.74258175372104773       0.76372582585065418       0.87189285000267702     
   5.9704300745416633E-002  0.12350369438270338       0.59315399317598694       0.39105698594151828       0.82797060265166700       0.99768155276509085       0.48609106133256919       0.73937387282280687       0.43582813848189511       0.56597823389954005     
  0.59242434632221053       0.75986000106817275       0.77270099664742720       0.83361890656086457       0.64330664102929047       0.74742801255168456       0.73546041562602005       0.73553394018115370       0.89954770809492435       0.64730505292282925     
   6.2975439378572126E-002  0.13606024206875883       0.60668261990623085       0.40732753471026811       0.83860918138361673       0.99778727514696175       0.49491895335380459       0.75360757276220480       0.46493011977104226       0.58247259566459486     
  0.84715727013266529       0.84981830654050439       0.64483971919449112       0.72113298485956845       0.71205115775631600       0.82582049871913032       0.70763178004273963       0.78545143960141028       0.78838967079974587       0.75448117665148573     
   6.7055428746879212E-002  0.15132476439870485       0.61948493886550637       0.42420221504142186       0.84933086160324101       0.99788185302778143       0.50389609465261842       0.76761943981053715       0.49235698444817177       0.59972782418878545     
  0.67251848301220862        1.1667448516760188       0.61607828743003568       0.69139475513240778       0.80873844635015679       0.79225435162955704       0.77289241407991516       0.70420917929673099       0.76384880910311648       0.88656798176027618     
   7.0993453151615288E-002  0.16545397610896193       0.63357548806107833       0.44386951883835463       0.85939444237306717       0.99797230785271440       0.51197710776924643       0.78033445125781553       0.51642132636462224       0.61912706859871891     
  0.61318169642434106       0.78467334499187902       0.78091769515392151       0.68747767583784569       0.60520208777805240       0.71774567385864274       0.85784272394457239       0.67330788257244789       0.77343890837030471       0.87377266362626083     
   7.4888420825288834E-002  0.17939613276468203       0.64939895744429854       0.46611311381064102       0.86891320777124670       0.99806052338152151       0.52029036258168848       0.79088788651452202       0.53844617065372224       0.64093847689673433     
  0.67530802554650105       0.90123723797845590       0.65682187949978665       0.79230286400513683       0.58019123972328090       0.72311265205225184       0.79696352625372180       0.67636412697697068       0.70033115966655413       0.74943677306001788     
   7.9354344315730865E-002  0.19317193065477686       0.66545501661176543       0.48887004366584813       0.87791461776763502       0.99814659436948228       0.53040463118477432       0.80119070507736201       0.55768588691872145       0.66298249926824226     
  0.55272289008052611       0.81226688805487113       0.71970968811670399        1.0252959743034662       0.72866158371369760       0.89084644008371960       0.88498883444753840       0.56177475597643223       0.71968624685101112       0.87777484179211063     
   8.4768462337447684E-002  0.20660368289093675       0.68459558875478188       0.51137355111551575       0.88760829994942858       0.99823081128530244       0.54075908938361950       0.81115650513213600       0.57592814588181118       0.68126330048837169     
  0.87438725111109550       0.88710195895706534       0.75383960867403299       0.72587956922760888       0.63268159540833635       0.78920266584085541       0.67741934218120181       0.64727453538202795       0.56548678133150809       0.65687674327913714     
   9.0824564270777008E-002  0.22375246992265743       0.70446259591021010       0.53553311421590188       0.89578409428703676       0.99831740768653610       0.55224076900533858       0.82134029192615010       0.59847077104365243       0.69895908275576113     
  0.59869542159303157       0.80549391916141233       0.80520474326156677       0.83348179812578427       0.77185938579492641       0.91334803200611525       0.91666902888210022       0.58787433332135153       0.59201916065310622       0.74326390861237168     
   9.7609914735178716E-002  0.24350539723621004       0.72429169674357519       0.56067491211393328       0.90196977266715506       0.99840824843758447       0.56388826529573943       0.83334925849847308       0.62473919368519537       0.72118243498108447     
  0.76192955379022276        1.0074189465697438       0.83244708514963772       0.66228389794446585       0.63850139472385647       0.82052959739399978       0.83012845525908241       0.61598619926302789       0.86324062869406104       0.88509115476072808     
  0.10542516837742399       0.26393698220688672       0.74407829783167068       0.59020111173775791       0.90988605879082807       0.99849808920218941       0.57556177114156259       0.84819160759626044       0.64921038726249991       0.74307120156973683     
  0.76947077166027156       0.83655339635127457       0.84168864173232738       0.94466532582370444       0.56563551825056280       0.85350739232950290        1.0320150280859108       0.70636595887074660       0.91164178037668464       0.94317490726451370     
  0.11137399209155445       0.28603763550843864       0.76276012613511435       0.61665307907366940       0.91871466387574496       0.99858721899248248       0.58767670840982567       0.86498455310970168       0.67720883491820927       0.76493459717689549     
  0.77082920205022964       0.83957702127371270       0.72940484162017727       0.72952164245971562       0.63260357313305993       0.80676395010717139       0.93763578585584073       0.85780649373584383       0.91691528992326599       0.74137657995334372     
  0.11626543529135445       0.31040423403124812       0.78094670040262781       0.64197806216383846       0.92723445391709280       0.99867468128244719       0.60121299988589505       0.87961026963454036       0.70756969581103679       0.78701467518962087     
  0.56596242081672887       0.87786788015409223       0.83053401672428673       0.74906693480977715       0.55625065644212512       0.91149788267840359       0.89731031992750743       0.73582397104198050       0.83247610684284723       0.84312003052257600     
  0.11934627192266606       0.33626043472121359       0.80069598585224155       0.66833210293984435       0.93521045121302848       0.99876115859028225       0.61487717698178856       0.89495586203999189       0.74000443204897770       0.80913226474590882     
  0.52204058338988446       0.77624245354207222       0.84028206220598056       0.59501362479052677       0.68073004145011329       0.68198411675220694        1.0055925683904883       0.80189494423154872       0.65510836626465807       0.92061001019786248     
  0.13915049281840200       0.36348070461392656       0.82075090791744354       0.69924121992413402       0.94367758735128449       0.99884854291092995       0.63014915019823114       0.90680625036952467       0.77021191070803641       0.83082071312068384     
   1.2751293621754689       0.75062768838496252       0.68192080294146740       0.64505947559973376       0.65295280264778832       0.68372853635450515       0.93276192732218655       0.56466356045801869       0.78609571340198947       0.76966555884719434     
  0.16043538302296978       0.39270444859491821       0.84127531079423845       0.72397535303302096       0.95144751804661243       0.99893918538165805       0.64725746581131283       0.91807646916280528       0.79684081750420255       0.85196586411105846     
  0.88838074095158726       0.77386127331773824       0.78257888665735065       0.79320690721809717       0.66253854190700878       0.81900972310086617       0.82316026901132977       0.60927824598200087       0.76341135269952887       0.80610722207576702     
  0.18492502900451582       0.42626248024070329       0.86255196636845033       0.74928020680619434       0.95788812129847678       0.99903551598969675       0.66505428534595257       0.93016220277437200       0.82327683064693580       0.87317273327792411     
  0.86769636152901908       0.75965512019185710        1.0317536060289776       0.56569325212921273       0.68237299850998845       0.93946192938433837        1.0385302145646198       0.69045285911355858       0.76652260100092640       0.78885606905698780     
  0.21465101770117387       0.46528665521503615       0.88466709415088030       0.77480653667906840       0.96406083656029917       0.99913746516623148       0.68566162270408071       0.94328422126063394       0.84985401831333529       0.89522123607539139     
  0.70581850769442800       0.72770106118333744       0.89334462004373649       0.67729320050745068       0.63042439614629908       0.80869850274400668       0.73332083038588658       0.60421922393251670       0.64388775252384478       0.83218115892062094     
  0.25584835918431620       0.50674790626743504       0.90732780342239283       0.79381794412647677       0.97176289398116000       0.99924491467782550       0.70896187370134400       0.95751418310697012       0.87711741513066976       0.91684299186998008     
  0.81180778816504295       0.65753144365412497       0.87736801944438736       0.55815109905590621       0.77635063511364377       0.94280626069219242       0.91066318749478137       0.68331197074300132       0.58932392255268584        1.1406468612530563     
  0.30045731652622554       0.54977383114908807       0.93011512862139245       0.81907308128225520       0.97938765862150068       0.99935989440816619       0.73605473434441193       0.96885443422337647       0.90617179578894014       0.93820355478442408     
  0.87597209455122937       0.54128347002311328       0.82674892271886335       0.62920379739523080       0.70571613211741746       0.70105984292618984       0.93167752445837027       0.58563186463751604       0.76688765984491114       0.85013397113612055     
  0.37316500324932406       0.59588540181209670       0.95307669552196184       0.84807914161425091       0.98618748397788214       0.99949434009053051       0.77055402463855838       0.97964578020622661       0.93533621400116851       0.95915008248709366     
  0.71894280345407957       0.60444038673455303       0.83335937951612582       0.55214653588247831       0.60370245420584845       0.80589439948458752       0.70589518630586168       0.57241436865801221       0.74731635113166284       0.88266895656302691     
  0.51844357377644501       0.73877260435918179       0.97633509760918147       0.89778766989953773       0.99289958463304129       0.99967810350247122       0.85496867366742735       0.98842718546236896       0.96635555789456551       0.97968943932754815     
  0.62263598218721250       0.63708240713563880        1.0628498041767982       0.58138109578696806       0.63882249973455718       0.65650290263533406       0.76899510557318240       0.63632031319464488       0.68928586445501472       0.91869917624061348     
   1.0000000000000000        1.0000000000000000        1.0000000000000000        1.0000000000000000        1.0000000000000000        1.0000000000000000        1.0000000000000000        1.0000000000000000        1.0000000000000000        1.0000000000000000     
  0.70125259067905810       0.52204058338988446        1.0660799405945256       0.55869902848616049       0.63196390783145573       0.59966715938165271       0.48825371535617706       0.79578903359943420       0.87838382160344797       0.87740875219837977     
  -56.125991446258034       -45.160295846653732       -71.543582743752793       -67.486552196478286       -48.906066093184975        0.0000000000000000       -37.641904008140180       -49.490362591038632       -68.618472637023501       -32.823738148890278     
  -39.404099875716618       -28.818054077898044       -42.758391374861588       -41.789313331658576       -41.619192325500073        0.0000000000000000       -50.367011738367005       -42.726315991591648       -42.246379687363216       -63.684301478748878     
  -33.901936514092007       -42.645838285676966       -52.477066783438630       -46.796622315668941       -48.009129449867885        0.0000000000000000       -65.844038264010408       -46.051195123114304       -48.479588344759748       -58.789639013958883     
  -54.798654448677794       -51.914568842097218       -35.806009720609353       -29.388719929809813       -68.750951946296979        0.0000000000000000       -48.792455061148772       -39.036387378346575       -46.272989421868097       -79.132710302384538     
  -35.517792095622070       -70.202479313409626       -48.326043402740112       -41.376497442722176       -41.122715300667551        0.0000000000000000       -29.380744263985154       -46.283365099037638       -46.783338786275841       -45.161423227656201     
  -24.445456498262274       -40.136057552060905       -41.408867072247446       -57.898921050617112       -34.520498035298431        0.0000000000000000       -60.183164007445264       -61.103932591195580       -36.153448199053528       -27.834678660730258     
  -31.051100539185750       -31.280656343501274       -48.980801392836980       -67.530536043958350       -47.822970499892534        0.0000000000000000       -39.308259700941861       -49.405649598889134       -40.258694910607900       -36.964877091223251     
  -33.648171053033920       -44.762316293142661       -48.035452902552478       -50.822987885128128       -58.430077549109875       -52.741159849199420       -41.504266140199874       -49.517038876574958       -33.654162474359701       -38.327866214068202     
   1.0981045980907676E-002
           1           1           1           1           1           1           1           1           1           1
   7.4667477931982245E-004   3.9024909658850511E-004  -3.9083031149981110E-006  -43.059146316008515        1.4349322734342998E-005   3.0180225553669235E-009
   1.5750147862408820E-005   2.3863943706304730E-005   1.8667606607761410E-006   1.1455810547416472        1.8664135046839623E-006   3.3498021074177837E-010
   5.4926427255326850E-003  -51.076762867322408     
