   0.0000000000000000        0.0000000000000000        0.0000000000000000        0.0000000000000000        0.0000000000000000        0.0000000000000000        0.0000000000000000        0.0000000000000000        0.0000000000000000        0.0000000000000000     
   5.2208837876027682E-002   4.2411858437777141E-003   1.9008925929838993E-002   1.4938891893449168E-002   1.5574517370348042E-002  0.11417438886791349        5.1435237650248940E-002   7.2593507960764039E-002   1.4829825413078502E-002   1.6681966435663630E-002
   1.0993099353765370        2.1347376431330685        1.2470146405490397        1.0529972485914298        1.1570497082444018        1.0089051852071926       0.80985509256162092       0.88894956005570747        1.0224881873579983        1.2870307689256655     
  0.10139518378174867        8.5113274172416882E-003   3.7474560538598142E-002   3.0073898877679011E-002   3.1296642419748097E-002  0.20410127435713940        9.1075505197565895E-002  0.12335746019772681        2.9446157178433581E-002   3.3436415954544461E-002
  0.95238551863858523        1.7914804298028351        1.0735677145225027        1.1065940771904106        1.1446115183555048        1.8484039799955607        1.0258781727357780       0.97918188661158534        1.1633461084649628        1.1367501512253173     
  0.13934654336635871        1.2902703091515363E-002   5.5104217293171096E-002   4.4906020403464066E-002   4.6119723719016778E-002  0.26197502631575664       0.10942862524579590       0.15975415408225221        4.5733427941004753E-002   5.0297167231708378E-002
   1.0046946966950514        1.1066969264627529        1.0773162542936245        1.0242242729047928        1.0352651154932255        1.4774163826075053        1.1411365189973022        1.0388410544389688        1.5514080827106982        1.1690422374754867     
  0.17468958167783241        1.7412554209939549E-002   7.2750665106696435E-002   5.9552719948128413E-002   6.1255433458982655E-002  0.30471199475565680       0.12622949589234073       0.19136759010393162        6.1530412567046798E-002   6.8065360225878960E-002
   1.2635417418191603        1.0205888444104927       0.97652597787370254       0.98738185886873120        1.0237901251450989        1.3568522267590519        1.2860610068315057       0.84563005786379275        1.3783885910649003        1.0530933430217615     
  0.20538499752354109        2.2053423413888763E-002   9.2024979093109957E-002   7.5303711061023709E-002   7.7162765072745290E-002  0.34029658835997634       0.13810515758213482       0.22137254255613917        7.4143214495848223E-002   8.5144042718447749E-002
  0.95925762853383345        1.2278147357327196        1.0968639134345155        1.2755556538542301        1.0138205573716368        1.3978181537263712        1.2740271787814919       0.92021946115366704        1.4383389831376496        1.1087743943734583     
  0.23579913380054485        2.6968809217807019E-002  0.11102296913514402        9.1202914881653149E-002   9.2910303321128249E-002  0.36613281838704426       0.15018411951022453       0.24386130361302052        8.6239133201213486E-002  0.10213162074332809     
  0.88952936607516109        1.0072211458233415       0.95628446283623836        1.2067453716340448        1.2172474792051851        1.4209943963741389        1.2456593807382119        1.1110048834926551        1.2621597679786813        1.0832328908259894     
  0.26454210412037898        3.1983915761534309E-002  0.12934391680622195       0.10839980465982588       0.10908833244223132       0.39201298457299966       0.15992793345106335       0.26545759394872093        9.7896625970204362E-002  0.11936529818454335     
   1.0062468966725138        1.1056221813252651        1.0132107514298301        1.4680855725987365        1.1469043889672437        1.1488549129428614        1.4307986713284193        1.4184281929526756        1.0766906631528752       0.95515856452991543     
  0.29152252830002900        3.7804151121470321E-002  0.14687907934800234       0.12588290042993330       0.12534565376896337       0.41019891580562207       0.16892152482893777       0.28448972002093365       0.11046003450648660       0.13686741887046058     
   1.0577329529976129        1.0202336786505000        1.1427745382443768        1.2249007707631232       0.96690534095699876       0.98972509336405379        1.0508377113516738        1.0928054377409369        1.2367087013645304        1.1951118289438047     
  0.31700619071850344        4.3315162893121741E-002  0.16278124300532842       0.14150554237186250       0.14218290772840447       0.42857342123917502       0.17587966099233143       0.30352510562827639       0.12434345251290987       0.15184313060208249     
  0.99703534564515384        1.1467962038229533       0.88536844171080564        1.0527631011680287        1.1973672610086701        1.1669510080396437       0.99301831297953191        1.2510315092978792        1.5396852668170464        1.1166066109716672     
  0.34163548264160853        4.9495604199426543E-002  0.17841649729611894       0.15745300381236568       0.15896778644804832       0.44445443860522277       0.18282995779718295       0.31990149947822599       0.13939953907367528       0.16674721205990453     
   1.1809832626997501       0.92276355834498403        1.0977554746676252        1.0067973478789340        1.0988969912337296       0.98340159638783364        1.0775907486435852        1.2097150457106447        1.2747448842618132        1.2680191155726221     
  0.36542554921115161        5.5703970460880665E-002  0.19250810498347157       0.17441026950009364       0.17524504623925899       0.46045566330613485       0.18992265611987075       0.33578115295750371       0.15417517232035158       0.18355031611948697     
   1.2848371311258757        1.0145707826580388       0.93606318534746669        1.2933831144840662       0.98510417947551487       0.91368605349866527        1.2604579114171623        1.2022707220988569        1.0701329744067465        1.3375010137924721     
  0.38757199249452673        6.2915922210552436E-002  0.20673669785273266       0.19151960843134619       0.19147317833608107       0.47490177649134141       0.19706872648974944       0.35028541441395117       0.16858458057340323       0.20116002360202573     
   1.0147961437204371       0.93027921261150537        1.0481565135953741        1.1009429882313637        1.5107620784986893       0.95195114078448684        1.0037091440300090        1.0322628187254841        1.4014389685663897        1.0873837975763905     
  0.40885576370984877        7.0641148946008273E-002  0.22200970500069558       0.20853392211419686       0.20735795209242319       0.48931084217060444       0.20470586409824662       0.36492838263642091       0.18513101164196527       0.21982594954361240     
   1.0436526557440937        1.3005254441879783       0.98773715597550082        1.1631028179998524        1.1927706152200059        1.1497222625321157        1.2361855342352059        1.0147343139868037        1.1901255005636397        1.2061581625798934     
  0.42839566904520215        7.7843207979344839E-002  0.23745520019460475       0.22516542924898164       0.22321475968198690       0.50263643893320487       0.21246923507679560       0.37966866754691786       0.20229232785839113       0.23783603455998864     
  0.89529233524286178        1.0229492143860015        1.1081325313483230        1.1548320912426508        1.0099325569280131        1.1688841593139472        1.0458412289675421        1.1228638569888569        1.2129259915325614        1.1016650862834552     
  0.44669449275608480        8.5235831296229733E-002  0.25352164161799007       0.24066273358806894       0.23844719976210807       0.51579278376427851       0.21990381434206516       0.39426543090939825       0.22001050665024849       0.25463426745337681     
   1.2053644797677907        1.0288409791444073        1.1653514498741020        1.0632546844928283        1.1636094867882585        1.0596670259612506        1.0295509012534088        1.1584084038917799        1.1535025524027498        1.1597029592875430     
  0.46458438456418660        9.3613927881352296E-002  0.26973220244423896       0.25574309608523238       0.25314748492057110       0.52823842022358503       0.22701901445846212       0.40901497557896399       0.23802448443925922       0.27044035427316676     
  0.98438869449666544        1.0051001676739768       0.94922089222658212       0.90116105876989649        1.1040521319872223        1.1777000618919691        1.0733037705267425        1.0436629812514795        1.1212339485982064        1.0242160789647787     
  0.48240870571203076       0.10222366452092443       0.28616302710095032       0.27030950989153985       0.26825816688002724       0.54032067895862190       0.23420988801295434       0.42370251772411488       0.25473514777841222       0.28730593704440222     
  0.95652686837044809        1.0408765046460364        1.2863504854998185        1.1775094933431005        1.0136180924516716        1.0476002474137236       0.99929111242784852        1.3839145002188824        1.0462439039419438        1.2749262327573359     
  0.49846567119239588       0.11118399461885367       0.30224359304202220       0.28380286470635085       0.28367549781827306       0.55114134589894270       0.24126219549151898       0.43768034297959901       0.27124111348965124       0.30418029468467433     
  0.95699141822313327       0.94761663544095398        1.2947249652061577       0.98854754953240997        1.0603466876393963       0.99355632135249772        1.1592032604247566        1.1204182613662466        1.0386043187113452        1.1331416733912814     
  0.51413904485679418       0.12026215473848814       0.31695713678966264       0.29821622782487367       0.30124457528906134       0.56193122163457065       0.24848405158722348       0.45125039725476462       0.28782279708486530       0.32051191158906100     
  0.92174983584902159        1.2157274613582094        1.0875604506015697       0.96085215807634772        1.1475861409695844       0.99894258647203005        1.0675328039881129        1.0421499712580538       0.95710707455813981        1.2562414818050691     
  0.53007349267833803       0.13033704372216467       0.32990560753800036       0.31275145794303766       0.31841535563386358       0.57110935081396796       0.25629690587998888       0.46486387009925390       0.30411190718562581       0.33710454557533132     
  0.91669294654097822        1.1795315883466440       0.96284713231192465        1.1453080554575623        1.0998797077606310        1.1319273274176043        1.3264700173035635        1.2615341938989613        1.0048278964569175        1.0869425555322165     
  0.54679469570574635       0.14101420468945941       0.34218252312682385       0.32839243854660860       0.33457163072590823       0.58049808818046122       0.26388901597530878       0.47872011197371667       0.32016979534970019       0.35249617055021343     
   1.1608261549801788        1.0994885954562217        1.0688381733285266        1.2399439811761117        1.0342304145161745        1.0825344572001512        1.1871803331925856        1.1112166024511814       0.99636411553113979        1.0993570407944828     
  0.56163819731990761       0.15270115114727623       0.35444124135901656       0.34469651057617945       0.35042974436202312       0.58974211773942786       0.27006783631061082       0.49274742750342293       0.33647408291081882       0.36751266213717171     
   1.0648780739561143        1.0629447971188906       0.90877811319275137        1.0683323992686373        1.1873425300585176       0.99619770590181056        1.1341267940220592       0.98672421123692466       0.95740740965925275        1.0806714169613127     
  0.57643141566989209       0.16508668940270019       0.36756678928467695       0.36002056308194025       0.36493985095929515       0.59898249152664129       0.27618409720661025       0.50674718200335378       0.35412899790709351       0.38367710705516117     
  0.96362072754918959        1.3240347946607320       0.93956726962483705        1.0102659564888901       0.96837026305693641        1.0375341461506353       0.98183272549220624       0.98460369673838910       0.98783805446239092        1.0355392873823990     
  0.59121760303000559       0.17824604085468110       0.38084823572535326       0.37410974397365848       0.37977383674559001       0.60823611426007640       0.28228723473706119       0.52009931923833774       0.37205705359091318       0.39984106888667142     
   1.0359249215929338       0.99416154661222511        1.1740721976516895       0.98357107760125462        1.0973498272894673       0.91747061383331130       0.97375875277837776        1.0143739560678688        1.2081111577910664        1.2327769367685022     
  0.60477883699598822       0.19088060592690084       0.39436941548302523       0.38779476490394799       0.39515534043617762       0.61740725883683378       0.28849771228124793       0.53298765903198175       0.38992393987843682       0.41365668107512854     
   1.0634120684746493        1.0783003851771318        1.1180426953930258        1.0217423045004153        1.0499842729330167       0.91598160801385453        1.2326902747665351        1.1213324062195311        1.1430848372583360       0.88985062863866993     
  0.61716344556522718       0.20320847545796974       0.40847241883385693       0.40139869778625736       0.41073244094430478       0.62639459118228991       0.29509965542174754       0.54594465455821062       0.40779814985540080       0.42695297324206627     
  0.90913050556556307        1.2189951798809502        1.0522848191533767       0.91842227025268852       0.92417953754768212       0.95571273282470770        1.1190213303336038        1.1634405529432681       0.96352370771852436        1.0817120629469250     
  0.63071677687996519       0.21526234335321251       0.42265168345752852       0.41623077221274846       0.42585046967038165       0.63545659489303574       0.30218051029993415       0.55911848330830061       0.42491509649102971       0.43909613647715479     
   1.0350028510746891        1.0220726782195502        1.2934789279582311        1.1378824908462553        1.1227635975052910        1.0268622876215656        1.1775545487559278        1.3056348860143061        1.1367223350460935       0.92963025315414261     
  0.64524398921171622       0.22744297033978744       0.43653566110538150       0.43162917951346369       0.44098268195829582       0.64464884400935218       0.30972564149160986       0.57095594889629298       0.44270945849448873       0.45104745081707698     
  0.98228907437184232       0.93028601516816456        1.1742040012761998        1.0774028252606103       0.93027921261150537        1.0916720348308702        1.2033666968452592        1.1207511463009474        1.0506521315288702       0.92480333688563787     
  0.65897708115692011       0.24059571043363431       0.45017207303968609       0.44661339211510737       0.45657518898605248       0.65398699476677347       0.31673528965025716       0.58231855140390554       0.46091257933393459       0.46261164355071194     
   1.0644429994262654        1.2078902122682902        1.0271764676626345        1.0289695592859103        1.3123962270856162        1.0637137033463746       0.99812991873676582        1.0023248545418717        1.0529693552350603       0.99685038947402960     
  0.67199434006900227       0.25277128377563746       0.46338777908645840       0.46127944770421520       0.47290244663838210       0.66345811254459708       0.32285206984005543       0.59393366285216354       0.47867877889744670       0.47469072476488905     
  0.91451870434866112        1.1253550286616498        1.1664761321864412        1.0056831683503022        1.1117275955604733        1.0415954071619835       0.99854998349361890        1.0505007462257627        1.0386470423167309        1.0716958519187336     
  0.68517836730414661       0.27063903051911470       0.47662589817271178       0.47708307058644711       0.48903470219805079       0.67298977564226614       0.32936690310039896       0.60556787731914374       0.49637118806725911       0.48702635958706297     
   1.0412673017487275        1.1665705362403136       0.87405588881066287        1.0030323805776293        1.0614019777680299        1.0158123304902449       0.96366000037832678        1.0213542704450953        1.0382876418874136        1.1690450527547001     
  0.69814153811902213       0.28869490636848372       0.49099968151013235       0.49400624410376431       0.50454962330667186       0.68262964136672621       0.33635561175493611       0.61773746248793737       0.51371084638524689       0.49981029938485694     
   1.0087315209661443        1.0974451963000462        1.1913179723648692        1.1211365523378827        1.1698822445538730       0.94500627457567732        1.0152394487821164        1.0564266661691564        1.0476887417882956       0.99466048169536614     
  0.71100178953466364       0.30486641406149145       0.50555493343079216       0.51107846539633484       0.51895439143374422       0.69242128554438387       0.34398446882474421       0.63000267617452932       0.52907883340290163       0.51367375943217908     
   1.0486073371294695        1.0049380416259430        1.4323260447191419        1.2040456899477032       0.99577018842006437        1.0815007476759171       0.92341503808711589        1.0577499553956971        1.1238438156437263        1.1146346614944134     
  0.72391877457078591       0.32103309669595975       0.52068104783518399       0.52839744029355695       0.53310447231892888       0.70227203219297174       0.35182730777425386       0.64270754835321875       0.54398124965904704       0.52804422224786396     
   1.0557708710270404       0.97123753288614678        1.3248853465708246        1.0018890863636194        1.0214662553808063        1.1369021166761846        1.1453074137266415        1.2848298762429127       0.96082670647733381        1.2749532240321411     
  0.73633978416724011       0.34010799450162466       0.53538677494140730       0.54563080527945851       0.54789162136855585       0.71149082932166197       0.35954777141232258       0.65522682262814602       0.55907644779319421       0.54226696200343627     
   1.1599219035203236        1.1953711569786696        1.0831049200889180       0.87811029049896505       0.97066987033479812       0.88470167429552071        1.1311032048403797        1.2328006609814925       0.94450818691869787        1.0502268435163875     
  0.74897944552258489       0.36005795399186641       0.54718720504844720       0.56256524663808627       0.56302801555303783       0.71965701213988187       0.36731665026546456       0.66711182850852235       0.57446870107091719       0.55663863551495418     
   1.2412496009908376       0.97654056720761873        1.0926311683820908        1.1245196611063426        1.0465520017218959       0.98651310443438633        1.1912138987573213        1.2733065930955085        1.1041881712466930        1.0901977660865616     
  0.76094154980522499       0.38232127068945043       0.55919094440277739       0.57934949241859446       0.57951481502047175       0.72782697843435296       0.37566151623956362       0.67866729028995165       0.58990046040933675       0.57168447646324894     
   1.0573135387156927        1.0015793211561774        1.0983178730341803        1.0006165349587266       0.94492152306940347       0.96651189166708018        1.2342325778573908       0.95844673401927694       0.96101812435980016        1.0417824320835962     
  0.77246513910108272       0.40346766410498569       0.57029174169942498       0.59666065716394334       0.59514348185823795       0.73568479725584623       0.38399222320448706       0.68943333549170771       0.60509650324170094       0.58669447781604200     
   1.2962314632912533       0.95848325635481357        1.0143815200926072        1.2391389032988340        1.2014676156358555        1.0270240355719491        1.1296234368615872        1.0742662194425114        1.0265791723681512       0.94407810236618339     
  0.78349194480261386       0.42219819040083884       0.58230790946798150       0.61459171596418649       0.61075884470023523       0.74426869886269986       0.39268809724332099       0.70010844893857138       0.62020730668544477       0.60127497774967553     
   1.1090879925053416        1.0008018205421048        1.0012934465895702        1.2556761891351620        1.0384742206228950        1.0595678385115981        1.1603337543640928        1.0166716596644412        1.0137890755732377       0.99854636703425836     
  0.79457175453749274       0.44101625628799968       0.59644597240467856       0.63222898802138172       0.62639894695591158       0.75276712527473111       0.40154405742841748       0.71110156230534671       0.63534486002951351       0.61593983475863445     
   1.0639943804908245        1.0243881739630707        1.0638546118534231        1.1988243957457483        1.2035711314488449       0.96838199345606768        1.1104574126676408        1.3303142635484602        1.0439595644045807        1.0270275533939908     
  0.80461746118817024       0.46415750236946840       0.61040852003983181       0.64924863596940530       0.64204708782663511       0.76116677773666197       0.41142156139545588       0.72285158552325379       0.65063532995157936       0.63076417717704969     
   1.1847280092140895        1.1121412637446713        1.0562288956432668        1.1779147935064098        1.1338470928123450        1.0112870076737128        1.0716995963113405        1.1500561418974780        1.0271078159682181        1.0769130449451085     
  0.81441115856783974       0.48746931871531096       0.62476985196852086       0.66411898313259798       0.65772104119216024       0.76970649658318557       0.42136993421202951       0.73528228345693281       0.66524768074274265       0.64693043214818013     
  0.94165444365206319       0.95427490500818513        1.0681832461136824        1.0389878977437275        1.0328252153132049       0.89394608380124607        1.1859073420217716       0.98741115936884505       0.96542510486572675        1.0959746367230849     
  0.82385453054997393       0.51198782911292529       0.63865852886966923       0.67889619488188691       0.67166135681448336       0.77820496003903816       0.43165374189194805       0.74759600608535970       0.67917565099543620       0.66435708556093154     
  0.94403659278316998        1.1066647623269665        1.0244543341728953        1.2005687170875878        1.2016100324830645        1.1893379314352146        1.0431891046485127       0.98070972236363729       0.88717356839742756        1.3097973221178818     
  0.83305391046434851       0.53741246004779186       0.65339923390454668       0.69308305927340363       0.68542029584641795       0.78723132937464368       0.44216012577773056       0.75968475032059279       0.69366673061054851       0.68160312470269646     
   1.1850697035644897        1.0359545268608066        1.0707650785716423        1.0341906558861400        1.0376413387977113       0.96881877836140917        1.0570228765824896       0.93351332259278075        1.0058097003607440        1.0013533656914129     
  0.84177850806419396       0.56420247141141577       0.66820315071681646       0.70813921455595052       0.70037371459799946       0.79621520073431429       0.45244868325397158       0.77194376252203212       0.70930204881502490       0.69788112000097935     
   1.0318147406166038        1.1155715435510245        1.1011806959286137        1.1168236998277965       0.98297027435855155        1.0443920405110154        1.1249659920013171        1.1033238685995259       0.97169004779820578       0.98856522784024214     
  0.85017035130603613       0.59153523343119530       0.68208896006967712       0.72406959747032595       0.71550632061267783       0.80445542964241801       0.46262771166943550       0.78375796450612301       0.72557751856369224       0.71348731210396477     
   1.0528562129995676       0.93640355756158833       0.95639637660029064        1.2134992277275383        1.0498311249623120       0.99936073701661698       0.97722403739822672       0.89911333634168156        1.0581100410785294       0.91831013885025170     
  0.85851975769682687       0.62015055037727018       0.69600933501324669       0.73980380358891451       0.73040486000051363       0.81272896069167899       0.47301507513546470       0.79459395271034228       0.74380503015037358       0.72991644756671514     
   1.1201805734492827        1.0291074594352718        1.1518383235629912        1.1389386161405917        1.1021323606596867        1.0747252052777474       0.98115061936115866        1.2423213456845668       0.97331235051571152        1.1684629309546348     
  0.86684477594512666       0.65004116195821193       0.71063377120970628       0.75536483080644690       0.74537421212984367       0.82100820161556709       0.48373019955127794       0.80547468771929476       0.76198643049966186       0.74669318483726699     
   1.0486182923614664       0.88092786619881391        1.0815326732910533        1.0172277588522702       0.96234163917286852        1.0781848722595730        1.1324213756916055       0.95062310236124781        1.1141775837448373       0.99689539348363865     
  0.87574475366650950       0.68156061040353788       0.72549701767248220       0.77058377841225878       0.76061658557810286       0.82941823190505548       0.49433832620019108       0.81641458339096873       0.77902169873272875       0.76234779706173661     
  0.98404402523106582        1.0528749474651153       0.96128494438168888        1.2277215326393915        1.2056067563925439        1.1544896492559555       0.99488664161015150        1.1131793812895636        1.0887982866337356       0.95013273638502305     
  0.88524982371495742       0.71202069358322295       0.74260768840769564       0.78564644405301709       0.77556990117517532       0.83856300880571844       0.50486446541123886       0.82792880045604400       0.79659579395435220       0.77858385162886212     
  0.99225288194895256        1.0928961175134766        1.2155909614456863       0.91057747503724418        1.1599222170660026        1.0522698697495112       0.95760792891127189        1.1423906753227127        1.1312302323270191        1.1281656853452038     
  0.89462955642091402       0.74202226260894122       0.75972322452790231       0.80020564150090667       0.79202859856646279       0.84823839532496648       0.51557757482074973       0.83836938472055322       0.81385571446879057       0.79469510509959729     
   1.0487930445876623       0.94309448902834125        1.1406886161488972        1.0333506979586702       0.97225462555535291        1.0896905031022028       0.89119065904730010        1.0512315049988976        1.1694692833787301       0.90717941261317336     
  0.90234288641017102       0.76903187964760866       0.77662208921810505       0.81402369379737538       0.80807080047133684       0.85738560277861808       0.52943187070707431       0.84935954767490085       0.83074942360949544       0.81128862150554737     
   1.1614327658531551        1.0656409682385095        1.0056636681946685       0.87940212220291392        1.2422534499159597        1.2773295463059005        1.1423433207463032        1.1099777717462762        1.0536109937937435        1.0060433463837593     
  0.91056941681175185       0.79481401029024057       0.79340985995372482       0.82868265058884649       0.82284604814047002       0.86596571376878229       0.54357746837400278       0.86098758389746044       0.84451155099235331       0.82768968491071038     
   1.1591354998397960       0.94516452946180818        1.0699538773442658        1.0603504151708740        1.0730766731312702        1.0218775657923684        1.0873588613888399        1.5016276893958140        1.1043037909724560        1.1043063797379136     
  0.91933370354521082       0.82007609486237865       0.81070002986063794       0.84396850442700910       0.83791325562802710       0.87464370818423109       0.55768344253598168       0.87242053937244768       0.85860984369002247       0.84365368804356378     
   1.3644644610051366        1.0606534128668912        1.1682565906550673        1.2414352618479141        1.1326577170969689       0.99622548676357492        1.1578882721715491        1.1639768707770484        1.0277301549186286        1.0626259542195269     
  0.92792815446787058       0.84591237720435286       0.82809778018589475       0.86025588608604542       0.85290965660882767       0.88362948009212872       0.57189841381439865       0.88397229982289516       0.87401780990147360       0.86078178369169167     
   1.1707893133952147       0.88732386679780340        1.1936714180065995        1.1317882450486625        1.1455502148730718       0.98099311551900115        1.1266334343714139       0.93814523564021690        1.1966622345348596       0.95250755804082732     
  0.93746299481527939       0.87039170290752099       0.84501166191588772       0.87649323250323385       0.86707729789173660       0.89285173060550549       0.58920896767492370       0.89608717800624860       0.88787030487600238       0.87786795345598434     
   1.2754540680884743        1.0434129323379784        1.1893096011158417        1.2972658996354125        1.0066600157514562        1.2848235105536348        1.0269070612362674        1.1103936790579338        1.0244175273193945        1.1569875035437696     
  0.94686452415833955       0.89213097608407721       0.86243520729334255       0.89191498336920672       0.88416340800051030       0.90189284906173983       0.60709623527483958       0.90860617202206417       0.90109781059259486       0.89274426378735561     
   1.4462043548551906       0.93774523840283730        1.0923780222709412        1.0219950761223149        1.1006059202825498        1.0888170211166355        1.1227079739257084        1.0068910230552170        1.0989679517167432        1.1466388374930352     
  0.95570560947611150       0.91301449574796045       0.88008277628735077       0.90748096719322136       0.90082147853208971       0.91072611484045574       0.62789592542726724       0.92132134092580709       0.91433448670809769       0.90833341204096252     
   1.6482507150368846       0.90706060121087650        1.0527958065665435       0.89423026231372549        1.1590686448190981       0.99392892098607821        1.0495858796454627       0.95288653669209211       0.91476113761765487        1.1015721275476096     
  0.96415937035052268       0.93249027762894598       0.89829210934479597       0.92290723743217962       0.91754501591783910       0.92075243904940351       0.65053659267534414       0.93432581843912987       0.92749510037516936       0.92255333185693789     
   1.3424197293827309        1.2258904580991135        1.1701548084449391        1.1013737486523734        1.1822934114746868        1.0636462392284161        1.1603780569972162        1.0547656579807594        1.0604338559879865       0.94451210306848143     
  0.97170495483559582       0.94989891952543426       0.91764726031585309       0.93885434211123353       0.93426908800674369       0.93122543303465199       0.67649677133079245       0.94680542085801844       0.94093288068325898       0.93666449792513251     
   1.1448198974297801        1.1418572627320400        1.0738175960461478       0.94562019699779953        1.1170538450735992        1.3930095802325650        1.0295882587017866        1.0976475298804782        1.1081102725512126        1.3333631481769537     
  0.97854516427217597       0.96462848579651161       0.93683637702735356       0.95406311837185165       0.95120050033573367       0.94416002795517329       0.71090051406408750       0.95944001576699089       0.95581101440568783       0.95371359282258905     
   1.1813294415732407        1.0580568886155848        1.2846520807838544        1.1411281790080792        1.2101795348115092        1.3364041037206964        1.2065815681946681        1.0780721770194541        1.0780473005655327        1.2380640511316607     
  0.98532194110319071       0.97825647797177451       0.95634116382780443       0.96836273536489847       0.96870409948901004       0.95724257020654235       0.75720444653029650       0.97204380280162428       0.97060447606678513       0.96983306206570341     
   1.2309956011109906        1.4158788298224203        1.1807575752193329        1.0838096246880664        1.0252218162627198        1.4950430822987306        1.0272769705683720        1.1518565384794022        1.0466592543933826        1.1357456499463936     
  0.99257508674559947       0.98928318641162460       0.97786575492077454       0.98469057057781750       0.98445299837465605       0.97725507305028803       0.85497125248167538       0.98576730161814485       0.98525440693360433       0.98513333946582715     
   1.4880554896519804        1.3220002580618875        1.2001205998398643        1.2605157856204634        1.1316399403818909        1.5268506972561879        1.2806840739914134        1.2580430071416260        1.0984198442256523        1.2469115618464952     
   1.0000000000000000        1.0000000000000000        1.0000000000000000        1.0000000000000000        1.0000000000000000        1.0000000000000000        1.0000000000000000        1.0000000000000000        1.0000000000000000        1.0000000000000000     
   1.4082701676206193        1.9801780541313467        1.1388040071315348        1.1479607357097854        1.0219122210407405       0.97415394880227857       0.80985509256162092       0.98529160160629237        1.1246192469328962        1.0843824301842968     
   11.070227758669162        2.1836124601665494        8.2252927602422119        2.6161660514069234        4.9647370410159830       -2.9556891608923004        3.7265922961408466        4.0026960062765298      -0.48780888167729963        4.3117675182328226     
   8.6796709387784237       0.95441345194904137        6.7917004001925108        2.5738144133986443        3.3760836168039345        1.0671967007203509        2.4994080153437013       -7.5185199165122146E-002   2.0236539846102009        5.8614298489458818     
   10.594150645917891        4.1161974665903411       0.59166305263022523        2.0383745929276516      -0.97270536769712024      -0.84206548404029524       0.78576064410327262        8.5149078085855212       -1.8711757210863709        3.0366093025352963     
   4.3045290850729208        2.4416836408050311        3.3937870109061099        1.1395646681768090        5.2111751214236852       -1.8061047279951308        3.5110527739996735        4.6009327933112587        2.5899507180768970       -1.1880359443928636     
   7.1195972227865383        1.2703968385686228       -3.7282425739643630        5.5101476681409407        2.5420079144159229        1.3078593535959870       -1.0437377607290710        7.9917786447193204E-002   1.3951655199172006        1.8914025846501086     
   3.9645939320489898        7.4757909908121141        3.6102296344004894        4.2328919692241254       0.94370642813695205        4.5970648878348985        5.6153961324305968        5.3789359567172870        6.9425872926724113        3.0038306831686836     
  -1.5514786520801145       0.52985401055238246        4.2272189553720878       0.11705492582857659        1.4511296853899709        6.7510185147006352        4.0520682306156450      -0.15732816038687578        1.1858226676910200        1.9445105703458352     
  -7.6029777206058471        4.0013717031764786        4.9775672936439781        5.0953434311403090        4.4217155663117831      -0.36406540923331976        2.7169903409377238        2.3552480181257218        4.6646586223521140        6.1086537738805013     
  0.16984605880886375     
           1           1           1           1           1           1           1           1           1           1
  0.12196551754385104        5.9682488712423952E-002   2.2636641730724381E-004   6.3685230775575628        4.2872909456405936E-003   2.2565267843378832E-005
   1.6598745040608625E-003   1.4688045916666918E-003   3.0878776961588896E-004  0.20995550540244612        3.0826235717911599E-004   1.3303638286877212E-006
   2.6267677344197538E-002   3.8342476118777769     
