   0.0000000000000000        0.0000000000000000        0.0000000000000000        0.0000000000000000        0.0000000000000000        0.0000000000000000        0.0000000000000000     
   1.8960600179547291E-002   1.5326807286609817E-002   2.1947159945419611E-002   4.9232487999091454E-002   6.3323055369580911E-002   6.9621118232826101E-002   1.5910465527769913E-002
  0.90176560263559324       0.89463691078752838       0.81390305306655308       0.79045511600926399       0.80756744679820969       0.92051890466756403       0.86795121728329894     
   3.7834582821224289E-002   3.0618885381970808E-002   4.2833790496971814E-002   8.4423522377304369E-002  0.11942940156532296       0.12868775768560403        3.1818229821539486E-002
  0.87795425424865692        1.0870805752559745       0.85909430339574633        1.1497910078297706       0.97499577114584601        1.3707705664990240       0.96432038839510437     
   5.5393827679907297E-002   4.6146480781933057E-002   5.9568511828879053E-002  0.10278031093017125       0.16107234366766926       0.16903032268287776        4.8031074823634938E-002
  0.93536048204427436       0.88236245739164532       0.80725347131911551       0.99994865793364152        1.0333160833004422        1.0767688703141423       0.86042299844856096     
   7.2918452225038899E-002   6.1481771402435596E-002   7.6040403392179504E-002  0.11873381460923062       0.19593254924557127       0.20425988973948556        6.4082702813822806E-002
  0.88307631139419018       0.87356025345232302        1.0189297652084575        1.0549241296694658        1.0596595665081656        1.1828924841585564       0.84465455946443180     
   9.0713743460928725E-002   7.5924978093521320E-002   8.9907183857348374E-002  0.12988655885369649       0.22393046908512618       0.23400924473441964        8.0326230245919797E-002
  0.90438680404858018       0.95345729441354365       0.96649506716467315       0.92482156485694367        1.0494437910835781       0.91319238145860293       0.88825538288917516     
  0.10835545564059494        9.0565000607175261E-002  0.10400867830273773       0.14066615318824660       0.24821183900796062       0.26184715883885906        9.6626653650566885E-002
  0.95365199782828403       0.87514189689035327       0.98122649707031528        1.0038377581181486        1.1003592654823513        1.0781702423143156        1.0020830875881686     
  0.12596767364526998       0.10568692161847008       0.11715122635930246       0.14944346530232219       0.27031550992878084       0.28831921628002988       0.11283640168785258     
  0.92483779235376118       0.89910064010256840       0.84222589790801694       0.89622499349202767        1.0711342175065706       0.93373805493562145       0.98180722749591531     
  0.14314363371704614       0.12090720973571052       0.13040890635770397       0.15821587226513836       0.29201467631600092       0.31228275814700407       0.12910381475066626     
  0.92939570204136612       0.89806156597834363       0.92267723736472607       0.99969451299405199        1.0001834183894114       0.94034877686927598       0.89607472886087491     
  0.15915492772945272       0.13674046768181830       0.14177605566207729       0.16557695799755276       0.31306401875571560       0.33524801921121072       0.14440188408973884     
  0.82018446699115155        1.0586822267681921       0.87452816831796909       0.90057690263155421       0.98435095325153898        1.0124785739291577       0.90542980451312716     
  0.17498799703570264       0.15266300944053815       0.15308244899020346       0.17317736748080706       0.33333220840674349       0.35662884368298853       0.15958849253608515     
  0.91564950646084331       0.84858515253072475       0.95797668708075667       0.91853181545993601       0.96432531871549854       0.95603068305596239       0.89143188398438866     
  0.19074750024496639       0.16855993997810206       0.16420405040261274       0.18037169749806514       0.35302123185986312       0.37765191598144288       0.17464400147029124     
  0.86834744571453149       0.94276174562799675       0.88037034129559821       0.90548275940049472        1.0112953273503273       0.85559364012919115       0.90009683144687891     
  0.20638258213002136       0.18451966062212591       0.17525401707611377       0.18759979507088320       0.37140529351628127       0.39644164419480610       0.18971406638204638     
  0.91743095333181679       0.87647535424050582       0.93376239456141219        1.0678950824301212       0.85888494591948583       0.91780949882166840       0.91225098634181134     
  0.22176476121882030       0.20011364123294173       0.18603208259482590       0.19434281677062087       0.38933750185657240       0.41462530246949464       0.20507530348249831     
  0.86355688572057576       0.83809850184582246       0.88776885355989077        1.0472074882280198       0.89637767476522978       0.93452037888039508       0.88013099522073668     
  0.23716545340900419       0.21577743857420836       0.19664426836055240       0.20097192837135444       0.40666973474347695       0.43134443268767425       0.22040094843019334     
  0.85779396166644140       0.88051276726190431       0.89989696691885745       0.96886454102468966       0.96851700765830284       0.86598043226701582       0.84946775540674224     
  0.25243000556920941       0.23151876866859619       0.20742468146746648       0.20796542258584721       0.42372024682050874       0.44782501581079887       0.23600192856858646     
  0.85265274946894476       0.91333096692026772       0.86749845995667685       0.89418172400966800       0.85316297293609211       0.85085297979311059       0.83605296314492461     
  0.26774053884152194       0.24743644101210471       0.21814870627795288       0.21495691360384353       0.44093057877880887       0.46339482325112741       0.25172708424139678     
  0.80512682356755283       0.95544449552593824       0.87817327116155697       0.91064481376398554       0.85236845015740770       0.86250174051339767       0.94365202113594904     
  0.28308162035859197       0.26403475007906141       0.22888800870741349       0.22172669140762238       0.45800064558427783       0.47866785795766659       0.26757171084959458     
  0.85824027261895242       0.95615240662428536       0.85120796879210459        1.0117784645145058       0.92642025578484566       0.79681536610220383       0.93028405267564251     
  0.29854099748605750       0.28057356402306688       0.23946364153081598       0.22847988603265490       0.47365596849846814       0.49308591539600205       0.28357591319291581     
  0.84319544925824574       0.84901864922438164       0.93067334071965302        1.0315956700968918       0.80087856247677625       0.97697231609403545       0.85276613460985462     
  0.31354928693827594       0.29674315140075153       0.25007874131738000       0.23513072624245684       0.48904746797096227       0.50734433552406766       0.29885987476858139     
  0.93574267873337846       0.96325063677170697       0.86382282113844966       0.90750488903496673       0.84948288814970674       0.82300065110927778       0.89258097321160168     
  0.32860059553033710       0.31280741577436111       0.26063795176921084       0.24176595151137337       0.50447053892651983       0.52085047772238691       0.31400433891819879     
  0.85407831585235994       0.89939052804044695       0.84404288402228167       0.97541230048531058       0.85812192677517329       0.90735850812188912       0.87028443986057624     
  0.34399532898277879       0.32811758058316964       0.27135512725692917       0.24835499799841132       0.51977299986736025       0.53438592826693021       0.32962006956067402     
  0.87833954987960727       0.86417890672092357       0.99508575974679414       0.87640288008133838       0.91063546193560352       0.93476548927228076       0.90167272867104598     
  0.35930784444224401       0.34354365919383639       0.28199733851899744       0.25493322273730495       0.53442422504446674       0.54700090278726154       0.34525821451591282     
  0.83942398695881726       0.84748844804016454       0.85324386938049246       0.91304882564578804       0.87012388813257269       0.87150774055423552       0.81102565011886019     
  0.37412593335077221       0.35836150321006910       0.29276215418440726       0.26149614857143172       0.54899818639235798       0.55941172780824722       0.36108741920387349     
  0.96661969674047499       0.82163121567377129       0.86939498879984056       0.91568310291198518       0.83202206371763687       0.89363906039279506       0.96745776351056678     
  0.38920076700804634       0.37328226410996329       0.30342718693405762       0.26804636089825068       0.56331700829506304       0.57166422941098505       0.37706582289855356     
  0.94935216641390374       0.80333009357221696       0.95121506131618494       0.86336519206336348       0.84236708160054585       0.87230034554350666       0.85808655577562809     
  0.40334193626280723       0.38872422834487247       0.31426850054365707       0.27486129309321189       0.57755059773856221       0.58373825043581906       0.39312663238695000     
  0.87987476398088071       0.94672481730968028       0.88287489844075562       0.92496651107567274       0.82431656140867327       0.89429028609778660        1.0575155232824158     
  0.41780711896261785       0.40418952628118349       0.32538659342160337       0.28174593568324280       0.59140964962596310       0.59560152837517888       0.40921245865822437     
  0.84834674096110452       0.84095780025700384       0.94223700153597656        1.0481648086549589       0.85052410662428235       0.85796203140620542       0.86989742698258332     
  0.43234582539603433       0.42000766252031901       0.33668510668539131       0.28860530938657875       0.60515358709092881       0.60736311766329887       0.42499799267684052     
   1.0060894867572467       0.92944048822857950        1.0204966602432606       0.93292667960709275       0.80015103865126080       0.89393410520688121       0.93481495022474670     
  0.44678515415667197       0.43608611209226344       0.34797440185604167       0.29549527506366724       0.61874549012449565       0.61893357832039109       0.44065638772151400     
   1.0680302641757748       0.84384024820643333       0.88331185677098656       0.80048572337369095       0.79658681889220306       0.93381141891844943       0.85144726090701883     
  0.46127530888152540       0.45214600286484558       0.35934456573184248       0.30249168691440786       0.63228186329910585       0.63047047776903498       0.45601313435169577     
  0.94230697885376014       0.91613996634874784       0.97160370117337402       0.93984076107728121       0.81639499731862430       0.91204166038361389       0.95616506777857235     
  0.47578373768362769       0.46841412308859498       0.37082691802059209       0.30954033107176782       0.64497274818939943       0.64162250583757963       0.47128355748359252     
  0.81382237183313044       0.99385738133332946       0.83189787290207318       0.87211499659770209       0.83071434469188443       0.83754050784090428       0.83844051389604302     
  0.48991621058994761       0.48528600506861092       0.38240395494150919       0.31665365032809101       0.65760472604424280       0.65249600575969202       0.48648526023360472     
  0.89410259383801305       0.86573650875753083       0.91074885199324995       0.81464447167100618       0.89018088893548353       0.92138108499337878       0.89283006747700466     
  0.50392156986031744       0.50186678014597841       0.39402681465627276       0.32384542250097798       0.66981404845546466       0.66274277648149005       0.50167565093704358     
  0.88366447649257285       0.91606241505016428       0.87022165005686924       0.88747002290817478       0.79994064761879302       0.82913222160393651       0.84191633429506796     
  0.51802777620898388       0.51724897513528267       0.40563873557285435       0.33125726391896892       0.68189250576923144       0.67258139751679680       0.51707233201235581     
  0.85392965336922366       0.94473549047058158       0.94929182869590334       0.89883547775615691       0.79301672860296346       0.87372161396658610       0.89210712276630044     
  0.53206543244314553       0.53266980978647194       0.41722704819435064       0.33884794057010376       0.69373996328398702       0.68253733233648417       0.53245298205602187     
  0.85679966617666070       0.95994513437716422       0.90023140374952260       0.88213883707317764       0.82318162024861397       0.90756239885248724       0.83276442341644075     
  0.54580166045154288       0.54818826512078878       0.42888576509985304       0.34672792305083444       0.70556807736920735       0.69255791372309605       0.54806695015944085     
  0.87971072587333454       0.80826389394776033       0.85944997354700037       0.84517243819971333       0.84517489138009061       0.86457233349957230       0.87950713169142813     
  0.55951719284096002       0.56372304961594699       0.44067370034158293       0.35486168989472477       0.71712025093019460       0.70295023381133925       0.56382739284908345     
  0.82395470688063643       0.80370202923775469       0.99386436432327463       0.87986505381712354        1.0629425072223075       0.99966926679764878       0.89757345994334259     
  0.57323865408975250       0.57863633708483131       0.45249812157115188       0.36321773327387286       0.72848092368722028       0.71382470666486697       0.57972313126104424     
  0.89730485918912817       0.87910189942425343       0.91584348059500031       0.88824856932224083       0.91692361284125301       0.88859871403338431       0.83840772043152645     
  0.58709146143564839       0.59378544172144276       0.46466076208787649       0.37175927724102537       0.73965597787108173       0.72480561703526747       0.59566298071148294     
  0.84130307523522496       0.86448201768026334       0.84605470053114007       0.94802469887745577        1.0047110645370361       0.86998463133714365       0.86968597798702507     
  0.60073177061572791       0.60890839831596166       0.47704069422032008       0.38054318222551087       0.75075384553591629       0.73579455535654381       0.61168389146394986     
  0.80554422555918015       0.85324281072202945       0.86691951697535619       0.82146370220159848       0.92339569691587253       0.87752235715772420       0.97679380307555930     
  0.61428362921547819       0.62409266326843660       0.48958028982422991       0.38973830146875665       0.76156919106296406       0.74657243426154496       0.62767638697913919     
  0.87407111320318209        1.0193219026919837       0.87177442063756327       0.93443166823229562       0.84445266529118646       0.89541975955301889       0.92742417796983179     
  0.62896638126237348       0.63974853306070201       0.50235109644294063       0.39910504212769438       0.77221769186664935       0.75719225587942651       0.64332351606004556     
  0.95310374541968257       0.86100342039829780       0.84722724920337256       0.81600833679763474       0.86025750874831197       0.99045825930592823       0.96472917746149223     
  0.64373034417219510       0.65529622343996974       0.51559551788168867       0.40867150176975658       0.78283421614172932       0.76793012342494738       0.65878181186738194     
  0.97816217115704562       0.82421201541268019       0.85397225410785460       0.85821621945472271       0.90892088139956628       0.94758413273263087       0.81858405256600519     
  0.65835168456523807       0.67163989692887871       0.52902755199467810       0.41839527442375285       0.79345619228038100       0.77885727589214127       0.67468279989787083     
  0.97661204169262705       0.92490596821116555       0.80562529490345447       0.81635573931261851       0.91811280449815047       0.92148954315764964       0.87463891588274489     
  0.67308738105997101       0.68794844269764477       0.54263366903583121       0.42845882663038770       0.80410930122101576       0.78992169759989206       0.69083275592731219     
  0.87726381056261393       0.99687093001262206       0.95759388232260600       0.90282395069668619        1.0323273889822893       0.93941155379672947       0.86828112897720611     
  0.68757597876409726       0.70349727398121220       0.55619765733913307       0.43873797800706260       0.81471438274677932       0.80113272237277511       0.70641056380434297     
  0.87605802871879279       0.86627113939739098       0.90187043853422244       0.82056778890858906       0.86354652953376398       0.84913312625503745       0.83377279343379962     
  0.70217591886154396       0.71912701619989960       0.56988855482430467       0.44946964515510945       0.82523254443459826       0.81235838518689418       0.72200580888489829     
  0.85674903439822869       0.84777021398136287       0.87121860228539960       0.80500482964853171       0.87002618985873548       0.81276242278848443       0.86148699265360540     
  0.71665750090065905       0.73467467568790568       0.58365821539558271       0.46055928990918021       0.83571131385011821       0.82357465900613747       0.73738671133200973     
  0.96101499132913737       0.88523004086812807       0.87307576025688716       0.81100156055269468       0.84720953841527591       0.84705750427902782       0.89620484919765731     
  0.73112074718492159       0.75017595680207028       0.59756571280290316       0.47259989443788269       0.84613772395621700       0.83479870833102976       0.75285290319548770     
  0.84518269751504704       0.85515229040191132       0.85647333391457647       0.86029496254325211       0.88737547494349023       0.83374372982492806       0.91958257112422837     
  0.74649550985948721       0.76630676130332287       0.61165881504373143       0.48478331087591897       0.85651883557482933       0.84589046980851823       0.76793149186302545     
  0.90680056944709109       0.82646072162375617       0.79553496858290895       0.85257864550713192       0.86051217910706279       0.83620164670109354       0.83425554216268627     
  0.76183970048363869       0.78226303507089556       0.62612493363492949       0.49745365814006376       0.86671615541891334       0.85702804787918330       0.78294604120971945     
  0.93538262490680257       0.87684441314444050       0.90207325479613754       0.80655319608140497       0.84056176847825481       0.85377041072000137       0.83381862733230094     
  0.77739579976477480       0.79812624827777712       0.64136736507581416       0.51052740425627896       0.87659461594082122       0.86784412698004620       0.79777566471591532     
  0.83737080533813057       0.87877771263898452       0.93211033762429318       0.82583882970703471       0.89972904053677882       0.80864185438337466       0.98297544570964701     
  0.79268307230147828       0.81378047878081439       0.65755716566888456       0.52462868988412115       0.88638876843441028       0.87853856085120741       0.81248748179737962     
  0.89185616155110092       0.89093845414842576       0.88101487978025417       0.86456076878027643       0.87333244755241546       0.83842901478661658       0.80588371742415221     
  0.80862112088159066       0.82922292765963468       0.67460120887711217       0.53907310402951369       0.89599486664409989       0.88909348224831086       0.82791877778170009     
  0.95292310477028186       0.90877025361067343       0.92970189165349881       0.79522712117486316       0.86175324018949440       0.81977032622641144       0.95782172961425105     
  0.82485492514805969       0.84489511187462285       0.69237975704430121       0.55413113733947683       0.90562217393211442       0.89967616752269108       0.84348227138121690     
  0.83610137508183990       0.82190936871147136       0.83975753206996717       0.90495385167047593       0.81491961675715829       0.85051443532375715       0.85532265260020757     
  0.84055950672963442       0.86064141342458489       0.71068749292237143       0.57024597732727711       0.91521335846304808       0.91034031191420484       0.85885708123077165     
  0.95095748873110053       0.89490964338102397       0.85482381386141726       0.86557549796005828       0.93610387344932211       0.83921133430821637       0.85763544499643485     
  0.85617034902820377       0.87646786659987908       0.72956380745918459       0.58854618302893347       0.92473109922105612       0.92094689050649903       0.87404888840889994     
  0.90196553638228560       0.95078178274450442       0.86351281412615444       0.84187938804928153       0.83470775061071867       0.88365187677979984       0.80471547127808152     
  0.87310496469101051       0.89243110838528061       0.74989211820531232       0.60780278883908367       0.93375060137971955       0.93126682675273198       0.88973476645450456     
  0.91371520816225438       0.94201621242535816        1.0504059419981611       0.81823804705130632       0.85799493129903959       0.84682666216164626       0.88403790755922096     
  0.88971035182219016       0.90853672868327995       0.77178978553933331       0.62876907463957998       0.94279960557201270       0.94162231301706034       0.90547553973271633     
  0.92560641760480700       0.89198583569741319       0.91386295691098740       0.80066994958706406       0.93189080948095926       0.81424477858809685       0.86888009688613332     
  0.90736273621306673       0.92437509170675225       0.79561990684897543       0.65271327562897408       0.95207762150183162       0.95170768599753186       0.92145678632064010     
  0.96344362023118046        1.0148033977037940       0.91367882099859488       0.80570321794523381       0.97170624076956613       0.83849295116757572       0.97224643083614848     
  0.92518129397043636       0.94019652135271514       0.82110907167558855       0.67990932699957507       0.96123520564714726       0.96159600382120514       0.93742616066632900     
  0.85846501451669366       0.92639476121366060       0.83085048949183959       0.87848651458557592       0.99734149568032482       0.81373275962137936        1.0846306911306942     
  0.94403090604000717       0.95514209792622962       0.85210747797138398       0.71536096878173583       0.97088208162483680       0.97114089494773004       0.95307222800440439     
  0.90145303646435648       0.89540135404507282        1.0392886903813590       0.85377711694148917       0.89551626491284564       0.84489509511651906       0.89876201745197093     
  0.96268846723606016       0.97010652964759725       0.88711182731105687       0.75952071642246710       0.98057102605514757       0.98071977223443285       0.96874579349536050     
  0.88908645660702723       0.81164467753715097       0.87246201799399148       0.86105072812307171       0.88355410475098717       0.79523645838056867       0.90318777458633070     
  0.98150621615796763       0.98492730513504334       0.93868216165871132       0.85445688085707761       0.99021933348242896       0.99037295741662512       0.98429202639843916     
  0.90021468863353926       0.84293281999387337       0.93524334843794199       0.96833195603057221       0.81792496212310384       0.83579540893790616        1.0094994697472015     
   1.0000000000000000        1.0000000000000000        1.0000000000000000        1.0000000000000000        1.0000000000000000        1.0000000000000000        1.0000000000000000     
  0.95697259477275753       0.87991709099244109       0.79045511600926399       0.79045511600926399       0.81097814551336667       0.85326799140501752       0.92064733337492610     
   5.1666214305738603        5.4038382347999434        5.5250773087039748        5.4775843391108374        5.4583604110593580        5.4554141471902566        5.3887651992214263     
   5.4834189067793879        5.3808702229231296        5.5218171774750662        5.4284708736198484        5.4326320638671461        5.4767257333926720        5.4315766033675530     
   5.5277073663451750        5.4434115558935918        5.5180047734144990        5.4308171671159284        5.4214314275819833        5.4186423742564331        5.4503564332101364     
   5.5175284090852594        5.4493682144847950        5.4822678516315628        5.4004452942975485        5.3960697634214236        5.4083818345085524        5.4557209116222873     
   5.5208708932385289        5.4036306295441543        5.4045516655938393        5.4445027690802643        5.4098049719616883        5.4431025375364497        5.4408875242434105     
   5.5264455150810177        5.4656002483281929        5.2495532242603362        5.4625794398815417        5.4308095840232085        5.4187668479206454        5.4140732037967894     
   5.4862573183662011        5.4464091328765294        5.2162659763612256        5.4174281363977146        5.4701325073461069        5.4443136045419358        5.3873204490905220     
   5.1449150926413019        5.4464295624970882        5.2017871746965012        5.4832755452545214        5.4316789961470882        5.4127323805691887        5.4617509418212418     
   1.7799893585291474E-003
           1           1           1           1           1           1           1
  0.19298120546960079       0.17522370884610960       -7.6143492966545009E-006   5.3890311997651787        1.9875575803854307E-004   1.4033398887239324E-005
   5.9577211127769816E-004   6.7311866938840690E-004   3.2558783308786441E-005   2.2433403075776608E-002   3.2521862865352556E-005   1.4950671493653605E-006
   5.0000000000000001E-003   5.4146401188976281     
