+0.0000044766846883 +0.0000046650867026 +0.0000048164020188 +0.0000049615920446 
+0.0000051209946377 +0.0000052967591025 +0.0000054776937760 +0.0000056608983378 
+0.0000058545924608 +0.0000060594467224 +0.0000062576506135 +0.0000064472453173 
+0.0000066406918625 +0.0000068311320804 +0.0000070627321816 +0.0000073363323052 
+0.0000076165453952 +0.0000078933291388 +0.0000081903315697 +0.0000085518189251 
+0.0000089843158908 +0.0000094527802328 +0.0000099507348659 +0.0000105329387670 
+0.0000111700879956 +0.0000118202469421 +0.0000124943503773 +0.0000131821715799 
+0.0000139064343374 +0.0000147272011532 +0.0000156079720873 +0.0000165370697446 
+0.0000175340799407 +0.0000185867970237 +0.0000197403483015 +0.0000209691826433 
+0.0000222669473048 +0.0000236068157233 +0.0000251379495698 +0.0000267940946188 
+0.0000284723694021 +0.0000302700032498 +0.0000321221290002 +0.0000340456368473 
+0.0000361355669068 +0.0000384018454835 +0.0000409541266920 +0.0000436989562408 
+0.0000465077629743 +0.0000494278946745 +0.0000525026452361 +0.0000556856870138 
+0.0000591001031021 +0.0000631224568951 +0.0000670304748174 +0.0000716697702431 
+0.0000764037239708 +0.0000815131287419 +0.0000870405847815 +0.0000926234101610 
+0.0000984181424164 +0.0001045571910434 +0.0001110486473912 +0.0001181904879482 
+0.0001262666981494 +0.0001350571511301 +0.0001456852528717 +0.0001569433661261 
+0.0001689409439197 +0.0001812446162783 +0.0001941778290227 +0.0002085150075711 
+0.0002238079935590 +0.0002415191545102 +0.0002611410335029 +0.0002828061627722 
+0.0003082659695343 +0.0003359574705095 +0.0003673124575247 +0.0004022726298268 
+0.0004432179394901 +0.0004936036682054 +0.0005534839591998 +0.0006230514455932 
+0.0007026242916446 +0.0008031517447922 +0.0009310156659779 +0.0010974972979931 
+0.0013252414265873 +0.0016569867477018 +0.0021485875396787 +0.0029411019922815 
+0.0044810320251518 +0.0085327540227754 +0.0085327540227854 +0.0437984704405760 
+0.0002464363632785 +0.0002515535701992 +0.0002548694542383 +0.0002581405619090 
+0.0002615011447758 +0.0002648838736802 +0.0002683416564720 +0.0002717078975641 
+0.0002752760458548 +0.0002794504429200 +0.0002837760052819 +0.0002882671439297 
+0.0002928728893630 +0.0002974528344333 +0.0003020195978818 +0.0003065550039145 
+0.0003113235702621 +0.0003165775883717 +0.0003223484275365 +0.0003282714116682 
+0.0003344084781856 +0.0003405209599104 +0.0003466821373069 +0.0003527642341632 
+0.0003594199544613 +0.0003666866211992 +0.0003741327313864 +0.0003818431801374 
+0.0003899097963854 +0.0003982177542963 +0.0004065745474296 +0.0004156074194359 
+0.0004252320485749 +0.0004349576954111 +0.0004449079745447 +0.0004549780182971 
+0.0004651068407649 +0.0004765587552074 +0.0004886714160229 +0.0005012542728861 
+0.0005140429301148 +0.0005269608825192 +0.0005398583259324 +0.0005541823148416 
+0.0005694780217886 +0.0005856519577518 +0.0006024988743344 +0.0006203200102533 
+0.0006393466640543 +0.0006589090951129 +0.0006794282947027 +0.0007018207998115 
+0.0007259399505915 +0.0007508922789581 +0.0007762608915253 +0.0008025588743154 
+0.0008305261802616 +0.0008608109112036 +0.0008917757253369 +0.0009260946735270 
+0.0009631069259783 +0.0010002815431476 +0.0010394309069776 +0.0010820484846088 
+0.0011290602271137 +0.0011777449021473 +0.0012308859860956 +0.0012870928703191 
+0.0013434626686410 +0.0014062653780057 +0.0014758570175946 +0.0015514701671635 
+0.0016371609731747 +0.0017301341269174 +0.0018234807908951 +0.0019100744121397 
+0.0020004670920290 +0.0021057419657491 +0.0022240107264671 +0.0023496471210528 
+0.0025099299002087 +0.0026844619809917 +0.0028918653559364 +0.0031323481743823 
+0.0034356298927249 +0.0037807761648678 +0.0041473970825235 +0.0045580389652590 
+0.0050749854366870 +0.0057496088963909 +0.0066425457246481 +0.0079566069040899 
+0.0102624347416112 +0.0142620020786035 +0.0142620020786135 +0.0200574154173734 
-0.0009887765709054 +0.0031566174170963 +0.0062392938361847 +0.0095035155541622 
+0.0129599340380741 +0.0165069179672400 +0.0201259237550278 +0.0237353594571715 
+0.0273694580126268 +0.0310084927302130 +0.0348469915141788 +0.0388844604897198 
+0.0431276594564625 +0.0474433240126848 +0.0518204015228577 +0.0562376617193824 
+0.0607274068719642 +0.0653816370665116 +0.0701393274197623 +0.0750408774514114 
+0.0802376715860904 +0.0854370174415501 +0.0906370870517393 +0.0957321769345700 
+0.1006849975957527 +0.1057325467799881 +0.1109429841100515 +0.1164132881621935 
+0.1221502078554212 +0.1279195229116127 +0.1337730162558726 +0.1396779095031380 
+0.1458756670419854 +0.1521816494690222 +0.1584941111447868 +0.1648066232343024 
+0.1713487748341945 +0.1780048780270154 +0.1853458403649379 +0.1924371585420429 
+0.1996433345003748 +0.2070165316644748 +0.2144374842667061 +0.2220660789028627 
+0.2294877990195804 +0.2366150180544820 +0.2438019081639981 +0.2511659791598592 
+0.2586783111038581 +0.2663506452691891 +0.2744063568636544 +0.2828389143487842 
+0.2915878202382816 +0.3005561260765600 +0.3097633518457080 +0.3194198602498004 
+0.3294980012278816 +0.3397132585377342 +0.3496168711834296 +0.3594817635060746 
+0.3695479451894434 +0.3801498085661962 +0.3912914832307050 +0.4027458764954695 
+0.4142757796346022 +0.4255686270677957 +0.4368617593647378 +0.4484109884576329 
+0.4603840490929663 +0.4728194797903230 +0.4859363432437630 +0.4994791880118145 
+0.5131041105275416 +0.5273093040731117 +0.5422747034568389 +0.5573418252010108 
+0.5736867683265817 +0.5904811800443075 +0.6073495267276544 +0.6246552220009847 
+0.6425197247358641 +0.6605123534873583 +0.6789950417436711 +0.6978551911766473 
+0.7161784386805209 +0.7343754601241451 +0.7537187772366943 +0.7750897816643461 
+0.7988998670660850 +0.8246337909807642 +0.8499980973935152 +0.8760806596349425 
+0.9038502557967115 +0.9330194702660382 +0.9657809416686849 +1.0000000000000000 
-0.0026821440836978 +0.0104113743595017 +0.0201182059458712 +0.0303821845334952 
+0.0405416402137013 +0.0511996281781916 +0.0621274220301968 +0.0730145435520624 
+0.0842662095006643 +0.0958177182699227 +0.1077879156461963 +0.1191825000334398 
+0.1305703706556017 +0.1413867749695866 +0.1524404456445619 +0.1633228595827542 
+0.1742183917755548 +0.1850943132884741 +0.1959912887494592 +0.2070786907918477 
+0.2179692486654891 +0.2288646641863480 +0.2400859761897738 +0.2513709644959704 
+0.2620631127369705 +0.2722422367521370 +0.2822841382132009 +0.2926660984989390 
+0.3029177983290390 +0.3131337490462107 +0.3233469644635727 +0.3339220928420091 
+0.3446880971939312 +0.3554375037334037 +0.3656306146019973 +0.3756925182442097 
+0.3861304664527448 +0.3969860408365424 +0.4080794903626887 +0.4189217689611591 
+0.4297351845487778 +0.4406229630501778 +0.4516419808125124 +0.4623008343298164 
+0.4725856282943443 +0.4830711605842121 +0.4938464738048295 +0.5046233676988451 
+0.5152482093944935 +0.5260467150481983 +0.5374619474454913 +0.5488278561678256 
+0.5600717803758493 +0.5698652026253095 +0.5794726336762493 +0.5886128195083631 
+0.5980200469874789 +0.6076278118215768 +0.6174232230338528 +0.6273290838571188 
+0.6374910049606982 +0.6472861977237331 +0.6574937273746236 +0.6680214190263053 
+0.6784347944825856 +0.6886056424703441 +0.6985159486540606 +0.7085677792727784 
+0.7189023991492364 +0.7292351994412866 +0.7401869633452580 +0.7511414609157770 
+0.7618204700476094 +0.7722511378216266 +0.7825159239841931 +0.7927396956795453 
+0.8027285947301440 +0.8126889296185108 +0.8230121336816646 +0.8334895994659520 
+0.8440316486276737 +0.8542528953706977 +0.8650023009833999 +0.8759783858484055 
+0.8868071850453333 +0.8975443604632902 +0.9080872734223349 +0.9191000958682514 
+0.9299610152984740 +0.9404324993018353 +0.9508689679029025 +0.9611329639994214 
+0.9709080725799198 +0.9803752183780008 +0.9897692724434558 +1.0000000000000000 
-0.0028160764427811 +0.0115223689526907 +0.0221638614167669 +0.0330258710485664 
+0.0436041387022466 +0.0543163565941758 +0.0645392214154608 +0.0743650574047293 
+0.0839339976539255 +0.0939143065529179 +0.1043270490568025 +0.1150309966536656 
+0.1257566945546698 +0.1361464756881066 +0.1463550758588129 +0.1566982138108102 
+0.1671354120418523 +0.1777351690362294 +0.1883824544541359 +0.1993989941388138 
+0.2102259552067312 +0.2205589961007301 +0.2308735402845446 +0.2411631964087716 
+0.2515971542103784 +0.2623343650496813 +0.2730602546052593 +0.2838736679135785 
+0.2944197054576563 +0.3046978855686820 +0.3148083467548969 +0.3251945838559314 
+0.3358602028373670 +0.3460734447880208 +0.3564178112928852 +0.3675102839300943 
+0.3789793138221216 +0.3900370853508799 +0.4007699091448634 +0.4109453562503002 
+0.4209763287759269 +0.4310582975844506 +0.4412936411660709 +0.4515267791288167 
+0.4620407634635281 +0.4729107051597405 +0.4836199840343715 +0.4939558252975313 
+0.5043009526945048 +0.5149390695819915 +0.5254686712491179 +0.5358889463448073 
+0.5465924117808069 +0.5576531053255185 +0.5685940644828738 +0.5794706633554944 
+0.5908000735563024 +0.6023524079556726 +0.6135493198957284 +0.6241807166305962 
+0.6345370176816464 +0.6445803397844587 +0.6543881364597919 +0.6644988203327797 
+0.6750988769788131 +0.6857048351592815 +0.6956117144749723 +0.7052293325007152 
+0.7155313979792691 +0.7264759436646027 +0.7372717429602262 +0.7481607580888245 
+0.7594739492850463 +0.7709283748754387 +0.7819854882125222 +0.7923931240359383 
+0.8022582191018635 +0.8119034559425907 +0.8219269435027060 +0.8322881351381932 
+0.8426369229586257 +0.8527015683530049 +0.8635198637299015 +0.8745515979867525 
+0.8855972723477437 +0.8957243782458181 +0.9061034834022976 +0.9162213241846958 
+0.9270819807687962 +0.9377647309956355 +0.9478950099246407 +0.9578899510416016 
+0.9677676411548765 +0.9782078484318485 +0.9888534954191690 +1.0000000000000000 
+0.7075472213215771 +0.7116959218865996 +0.7147460468869382 +0.7179460135033897 
+0.7217136232419000 +0.7257857324398739 +0.7302464646258415 +0.7342935534627241 
+0.7382829610831364 +0.7422689861995613 +0.7464659152794376 +0.7505027992124865 
+0.7543965628077206 +0.7582214554717250 +0.7619441147224622 +0.7655847042474702 
+0.7690551484409046 +0.7724748928063572 +0.7758247925672700 +0.7792372646333792 
+0.7826825747785469 +0.7861029811777990 +0.7894826685315871 +0.7928645712720297 
+0.7963005995631524 +0.7998666122850810 +0.8035394764412798 +0.8071541450320073 
+0.8105508582027989 +0.8138436295050201 +0.8172504578054735 +0.8206024331867987 
+0.8239217300068252 +0.8271756124112815 +0.8304284424818711 +0.8337094629905946 
+0.8370546330898597 +0.8404776830426151 +0.8437598647579385 +0.8470075849685305 
+0.8499893740198136 +0.8529879669764472 +0.8559338837957403 +0.8590672136581212 
+0.8623142499877640 +0.8655104945915320 +0.8686238100573908 +0.8716914340139358 
+0.8747515940474445 +0.8777029665457847 +0.8805369665013207 +0.8834578147362498 
+0.8863034008168735 +0.8891165170009682 +0.8919042593297187 +0.8948100712906302 
+0.8977353701856874 +0.9006400782204735 +0.9034934055042342 +0.9063422583934507 
+0.9092265744139468 +0.9121102477407648 +0.9150152234863512 +0.9178036766376347 
+0.9204386630271575 +0.9230075685330120 +0.9255464599568494 +0.9280507164573153 
+0.9305494955853783 +0.9330162726935939 +0.9354465985144638 +0.9378253242200222 
+0.9401846402839226 +0.9426069027953552 +0.9451212802944883 +0.9476723329287101 
+0.9501186656868157 +0.9524830978290582 +0.9547238450503865 +0.9569147498473006 
+0.9591319200413060 +0.9614438956038286 +0.9639003368166588 +0.9664166795047832 
+0.9689236156988597 +0.9713348388739347 +0.9736700052832022 +0.9759878642472130 
+0.9783188349484826 +0.9807180436482831 +0.9831946278645262 +0.9856188157640413 
+0.9882361931230086 +0.9910504874633864 +0.9948178324889643 +1.0000000000000000 
-0.0117331992871624 +0.0710875192995123 +0.0982192541952272 +0.1156273517823238 
+0.1292030028251799 +0.1399639700938145 +0.1492905475823078 +0.1577620185370481 
+0.1659598531083537 +0.1736772372141000 +0.1809777984831609 +0.1877872062217172 
+0.1942754942412626 +0.2007333833184281 +0.2071746486452475 +0.2135129769440514 
+0.2197191702685693 +0.2256822114385637 +0.2312388586838908 +0.2364615681587352 
+0.2415465217913279 +0.2466772709235681 +0.2520501702721822 +0.2576039079161143 
+0.2630924617337033 +0.2685877910852844 +0.2737623162234993 +0.2788747826453691 
+0.2839353214975022 +0.2890287785463408 +0.2939636304300328 +0.2987055322992530 
+0.3035218515882069 +0.3083439093865871 +0.3131212076474095 +0.3178504798618355 
+0.3225663396552604 +0.3273283729528136 +0.3322095091696995 +0.3371084658087783 
+0.3418279942465570 +0.3463599661244040 +0.3509284399649210 +0.3557460573271592 
+0.3606988113319575 +0.3654877161889724 +0.3700316060395147 +0.3746349633559518 
+0.3796772210472071 +0.3849749544528893 +0.3901722653645535 +0.3953764091992221 
+0.4005605863820997 +0.4059095829538104 +0.4113437409525929 +0.4170157561649526 
+0.4226961045316521 +0.4284727027683748 +0.4343338027257800 +0.4401282844080254 
+0.4458245449410815 +0.4515747249221988 +0.4576112533811656 +0.4640900549841189 
+0.4710529096974559 +0.4781201653863787 +0.4850806570893507 +0.4919087835661080 
+0.4987606274904317 +0.5058309102604714 +0.5131667908586983 +0.5199143358597434 
+0.5266791822256800 +0.5337052718146286 +0.5418306144599918 +0.5502458048639413 
+0.5585254916421261 +0.5668562190251689 +0.5752355995406029 +0.5835097617355216 
+0.5920993153818361 +0.6011486717213803 +0.6112516115876787 +0.6216017777213627 
+0.6320112558177843 +0.6427577104840470 +0.6544304821229533 +0.6673762424617998 
+0.6817023447583400 +0.6977077275624152 +0.7151808359404278 +0.7351249403945660 
+0.7581917369030582 +0.7864917620289995 +0.8325923491138421 +1.0000000000000000 
8.35943864867e-07 0.0384624376923 
  <DiscreteSampler_grid>
  Helicity
  1 # grid_type. 1=='ref', 2=='run'
  80 # Attribute 'min_bin_probing_points' of the grid.
  1 # Attribute 'grid_mode' of the grid. 1=='default',2=='initialization'
  0.003 # Attribute 'small_contrib_threshold' of the grid.
  0.500 # Attribute 'damping_power' of the grid.
#  binID   n_entries weight   weight_sqr   abs_weight
    12   3215 7.90755443466e-05 3.66212988799e-07 7.90755443466e-05
    5   3137 7.18484028839e-05 2.8648366721e-07 7.18484028839e-05
    15   2189 5.00809965475e-05 1.36070999043e-07 5.00809965475e-05
    7   2096 4.92470650052e-05 1.55157203225e-07 4.92470650052e-05
    10   2105 4.90762051803e-05 1.47017210083e-07 4.90762051803e-05
    4   1915 4.65412681968e-05 2.91530697399e-07 4.65412681968e-05
    13   1874 4.58613846554e-05 3.83835387333e-07 4.58613846554e-05
    2   1880 4.3886291473e-05 1.05599294227e-07 4.3886291473e-05
  </DiscreteSampler_grid>
  <DiscreteSampler_grid>
  grouped_processes
  1 # grid_type. 1=='ref', 2=='run'
  10 # Attribute 'min_bin_probing_points' of the grid.
  1 # Attribute 'grid_mode' of the grid. 1=='default',2=='initialization'
  0.003 # Attribute 'small_contrib_threshold' of the grid.
  0.500 # Attribute 'damping_power' of the grid.
#  binID   n_entries weight   weight_sqr   abs_weight
    17   10 358.406821591 793102.999894 358.406821591
    14   10 353.817601715 782172.462904 353.817601715
    16   10 352.012417751 754118.327704 352.012417751
    13   10 347.719557199 747592.745649 347.719557199
  </DiscreteSampler_grid>
