+0.0000028645547645 +0.0000054269075527 +0.0000076764435741 +0.0000097470453577 
+0.0000112894528816 +0.0000127163904984 +0.0000140762935635 +0.0000155027487682 
+0.0000169438154283 +0.0000183231651485 +0.0000196917962372 +0.0000210845720716 
+0.0000225154686113 +0.0000239790241626 +0.0000255228078375 +0.0000271621162565 
+0.0000288950471954 +0.0000306585776097 +0.0000324662336220 +0.0000343097687427 
+0.0000362359131278 +0.0000381391204343 +0.0000401815533875 +0.0000423276982263 
+0.0000447165496744 +0.0000472553655520 +0.0000498417834993 +0.0000523702567736 
+0.0000548682442730 +0.0000574422840505 +0.0000601258014605 +0.0000629095850358 
+0.0000658218218229 +0.0000689792803030 +0.0000723854191192 +0.0000759548820166 
+0.0000796875131433 +0.0000831984221600 +0.0000867124090646 +0.0000903007068621 
+0.0000942228716852 +0.0000984050185398 +0.0001028133076478 +0.0001076408147798 
+0.0001129734341338 +0.0001188176506972 +0.0001250846940833 +0.0001315649598603 
+0.0001382510062252 +0.0001451801321330 +0.0001525926407615 +0.0001605896384701 
+0.0001691496717793 +0.0001782326162130 +0.0001878800787069 +0.0001981370399536 
+0.0002088674762346 +0.0002198833145661 +0.0002314169000064 +0.0002435656181881 
+0.0002564683568602 +0.0002701350717226 +0.0002845425987080 +0.0003006353181705 
+0.0003184304457352 +0.0003368353057946 +0.0003530265454768 +0.0003676768942359 
+0.0003834977897643 +0.0004016665964370 +0.0004217049216413 +0.0004419434379538 
+0.0004624760186788 +0.0004855214574960 +0.0005113574870741 +0.0005390996774788 
+0.0005769296539505 +0.0006223486868439 +0.0006728451844808 +0.0007277669411101 
+0.0007880252943781 +0.0008573467635427 +0.0009381878859788 +0.0010321633791605 
+0.0011427895711609 +0.0012749261169875 +0.0014460944978497 +0.0016713811906177 
+0.0019530237035120 +0.0023541124621077 +0.0029137285659819 +0.0039155711786611 
+0.0057141459805828 +0.0092881499862575 +0.0092881499862675 +0.0322848709688533 
+0.0000024428460516 +0.0000059655050464 +0.0000081741519197 +0.0000100168967954 
+0.0000117237381709 +0.0000134240298582 +0.0000153634543214 +0.0000175536975970 
+0.0000194732059712 +0.0000211987521895 +0.0000228089616615 +0.0000243552122529 
+0.0000259734825237 +0.0000276251427430 +0.0000294265355773 +0.0000312377592235 
+0.0000330113383871 +0.0000349079876622 +0.0000371409641441 +0.0000397099966332 
+0.0000424964210670 +0.0000453073257370 +0.0000477874988116 +0.0000494936098600 
+0.0000511375756908 +0.0000530881069466 +0.0000551882846416 +0.0000571885349407 
+0.0000590317678026 +0.0000612616006998 +0.0000635399580914 +0.0000657870070589 
+0.0000679538435536 +0.0000700360694957 +0.0000727238088459 +0.0000756032684562 
+0.0000787101394306 +0.0000827180853476 +0.0000867777692854 +0.0000915265236835 
+0.0000967320688700 +0.0001021157294827 +0.0001077185752772 +0.0001137925621886 
+0.0001202756930814 +0.0001271868558805 +0.0001345758887072 +0.0001429557091249 
+0.0001521086571199 +0.0001615599117487 +0.0001712048014217 +0.0001812499343522 
+0.0001918331865975 +0.0002027110149105 +0.0002139328976809 +0.0002257925020720 
+0.0002379029155324 +0.0002503561925585 +0.0002640542615963 +0.0002784325888131 
+0.0002938807049214 +0.0003104582153521 +0.0003283375289879 +0.0003465933256539 
+0.0003663032340243 +0.0003868113212344 +0.0004086012097618 +0.0004317243288704 
+0.0004558395131393 +0.0004811999135151 +0.0005086039712192 +0.0005385283759157 
+0.0005708554060523 +0.0006054250645746 +0.0006439390535563 +0.0006848379434068 
+0.0007319245205768 +0.0007843330733452 +0.0008430748601305 +0.0009087576529081 
+0.0009813263684791 +0.0010582056604171 +0.0011460959878620 +0.0012484508230845 
+0.0013799817325703 +0.0015496636283358 +0.0017493103651682 +0.0019900053521583 
+0.0023056930835288 +0.0027638299139165 +0.0034533540982799 +0.0045100033187564 
+0.0065554802996340 +0.0134181159933048 +0.0134181159933148 +0.0462848781959977 
-0.0030400707497856 +0.0114686262688137 +0.0220138484753850 +0.0327663023537478 
+0.0434229349677068 +0.0539745402840956 +0.0643631719195330 +0.0746532512240702 
+0.0850458953011944 +0.0958919768296214 +0.1071584684167531 +0.1184903220290503 
+0.1297638363563669 +0.1410786373985018 +0.1524930360558916 +0.1640541162488228 
+0.1756425141905095 +0.1871592771601631 +0.1985481441332919 +0.2096581036055667 
+0.2204019136507135 +0.2303496235637394 +0.2393831010189787 +0.2485925291719777 
+0.2585631706377313 +0.2686837807053931 +0.2769550063980741 +0.2844525300560112 
+0.2923631445337489 +0.3003065148477642 +0.3083156606586057 +0.3158179270839647 
+0.3235439511667860 +0.3323104575500890 +0.3427911572611880 +0.3541163891693053 
+0.3650980836251115 +0.3758624391656077 +0.3865942817559047 +0.3974330981116267 
+0.4082720615056070 +0.4190849525816318 +0.4293542614443231 +0.4393635196076056 
+0.4493301450996931 +0.4589697980135226 +0.4688995427258910 +0.4789195752401261 
+0.4894595525008219 +0.4988671637968381 +0.5085149408187211 +0.5187525916543421 
+0.5295178494598813 +0.5403117202708676 +0.5508658231468957 +0.5614815167522368 
+0.5724614317641303 +0.5837561457085565 +0.5952723017225284 +0.6068528689099751 
+0.6181491758308344 +0.6296925207605041 +0.6414317312159489 +0.6526924499301439 
+0.6633574554385532 +0.6738345983271753 +0.6841402302881860 +0.6944686711648616 
+0.7051196807657369 +0.7162309405033339 +0.7280357979696198 +0.7398643346592931 
+0.7512311357070323 +0.7622397951809602 +0.7733058732472861 +0.7845067625560854 
+0.7962989395561728 +0.8077640893090622 +0.8191723573047812 +0.8300331795828619 
+0.8406146640473398 +0.8513784055967200 +0.8620092400104543 +0.8726084025243729 
+0.8837044810525970 +0.8948376259280700 +0.9056605395409805 +0.9159302752016795 
+0.9258333678240731 +0.9361496541799659 +0.9464131748346495 +0.9566858784304736 
+0.9669314657695094 +0.9770973199399461 +0.9881680782939726 +1.0000000000000000 
+0.0000801113324901 +0.0001379302573208 +0.0001757753377115 +0.0002195814717331 
+0.0002740615878578 +0.0003434984724533 +0.0004299883240071 +0.0005489897997233 
+0.0007165078505888 +0.0009264417500778 +0.0011580517145518 +0.0014048182839975 
+0.0016859026818265 +0.0019985224767005 +0.0023144331766016 +0.0026365965179293 
+0.0029639587603244 +0.0032894223544148 +0.0036070014952554 +0.0039050884748630 
+0.0041904480224084 +0.0044604665535279 +0.0047225629629640 +0.0049781034414008 
+0.0052347727629503 +0.0054831112863816 +0.0057327305277630 +0.0059900262879600 
+0.0062576891187962 +0.0065322797834037 +0.0068127989607798 +0.0071024807609055 
+0.0073937700232411 +0.0076918576381162 +0.0079923400248865 +0.0082884890266013 
+0.0085869826678522 +0.0088883510061074 +0.0091837119613132 +0.0094925263899546 
+0.0097833047842346 +0.0100710929143642 +0.0103619343621267 +0.0106707657905259 
+0.0110568416342751 +0.0114780705203945 +0.0119203299289251 +0.0122755982516202 
+0.0126105125892375 +0.0129410214406214 +0.0133040330289418 +0.0136563048548958 
+0.0139565561938760 +0.0142620081920171 +0.0146275135448513 +0.0150399836573803 
+0.0154839837091058 +0.0158922708542430 +0.0163098732462157 +0.0166811098100270 
+0.0170092964511907 +0.0173585615485554 +0.0178243607979275 +0.0183427494223011 
+0.0187772019715289 +0.0191811785629072 +0.0196233089056225 +0.0201758432932551 
+0.0208209900397271 +0.0215681426676621 +0.0224054355571952 +0.0232024933259446 
+0.0239758720905876 +0.0247034183116047 +0.0253336565151335 +0.0258097475553391 
+0.0261438116585969 +0.0264539205151241 +0.0268750170098739 +0.0275485255163027 
+0.0283674595148583 +0.0290408773906835 +0.0295244139361615 +0.0307388864777791 
+0.0319726614344939 +0.0326269933949323 +0.0334825021421283 +0.0361796761082616 
+0.0395519306039658 +0.0413802768214552 +0.0436801234650147 +0.0470324511795666 
+0.0515451961771443 +0.0515451961771543 +0.0515451961771643 +0.3495023418482602 
-0.0016468121789118 +0.0064953680789169 +0.0128598113373050 +0.0195711819655486 
+0.0264369613659694 +0.0333503687681276 +0.0404576532148835 +0.0477268053131171 
+0.0550582108957268 +0.0623529490757552 +0.0695274990936714 +0.0767183327552008 
+0.0840826011276261 +0.0917908660774728 +0.1000695178849493 +0.1089142474808914 
+0.1181783939156314 +0.1274903551898172 +0.1365667960305229 +0.1457089593313433 
+0.1549176978640534 +0.1644838363186480 +0.1747765854281190 +0.1860773069846117 
+0.1979341251409628 +0.2093208897636435 +0.2207858791960716 +0.2329962942375557 
+0.2469345810984105 +0.2615823885105699 +0.2760747151808678 +0.2906464969390627 
+0.3050954987607740 +0.3186243649068086 +0.3327605351665371 +0.3454470074442588 
+0.3586570030614003 +0.3713565025224458 +0.3845823673922982 +0.3986751372563950 
+0.4124372738564742 +0.4261937625048675 +0.4388137915544151 +0.4507632052962865 
+0.4623383932625944 +0.4737923425545322 +0.4863911606116855 +0.4992241834139048 
+0.5120925682649892 +0.5250022172329696 +0.5373519275197146 +0.5501241977845828 
+0.5638720588181388 +0.5785932087725846 +0.5920880927433620 +0.6037968803557051 
+0.6143017905716565 +0.6255968916047447 +0.6382753535711239 +0.6515491969662884 
+0.6651692668849292 +0.6796397423542734 +0.6941977422973964 +0.7080470550693466 
+0.7214049268075288 +0.7348961216868040 +0.7487942918264200 +0.7626380164402449 
+0.7758275212954802 +0.7884443990398216 +0.8005121950906248 +0.8120240726967788 
+0.8230440000949336 +0.8337474258351436 +0.8440864991760002 +0.8541395321553172 
+0.8638313893759657 +0.8732643023432383 +0.8826237301226072 +0.8916609296643460 
+0.9005021576244975 +0.9092474808552797 +0.9177873757916151 +0.9263407391950959 
+0.9346167069041960 +0.9418693787785375 +0.9481406893040969 +0.9540093877312513 
+0.9597095252955606 +0.9656904279658880 +0.9718283690177502 +0.9778882911609132 
+0.9835491833634605 +0.9891054716510624 +0.9947281155905754 +1.0000000000000000 
+0.7123644509667445 +0.7193389548490122 +0.7230423338028122 +0.7264012789803853 
+0.7297799672047782 +0.7330589153067890 +0.7360782195087487 +0.7391345170285338 
+0.7423501820058139 +0.7455574097797573 +0.7486859538620341 +0.7517067817934752 
+0.7545934126593574 +0.7576305894467302 +0.7605719006908589 +0.7638075256484463 
+0.7669918530332244 +0.7700428675494950 +0.7729716237364238 +0.7756479407380298 
+0.7781833950411196 +0.7807636552068040 +0.7833449626508926 +0.7859801304922484 
+0.7886271686135878 +0.7913663711737818 +0.7940989680200808 +0.7968986742461470 
+0.7995832502370305 +0.8022030365230809 +0.8046927520121010 +0.8072250117872745 
+0.8097962599997185 +0.8124810304584206 +0.8154142381844446 +0.8183186442398342 
+0.8210308412101475 +0.8235589758705023 +0.8261270728206931 +0.8286996989789460 
+0.8312408111625860 +0.8339578053856428 +0.8366605317088347 +0.8393220538785802 
+0.8419631109703188 +0.8445586905813701 +0.8470870265450267 +0.8495428050400289 
+0.8520001557219267 +0.8545822891994094 +0.8573017490421500 +0.8600872744676692 
+0.8628580179598222 +0.8656007869975718 +0.8683118495022816 +0.8709955959534756 
+0.8736202005306010 +0.8761028128931763 +0.8785305229488083 +0.8810059894875412 
+0.8834870590636799 +0.8859079359883318 +0.8883147354372302 +0.8907114106197495 
+0.8930771247564518 +0.8954604769229700 +0.8979417000698913 +0.9005732977978457 
+0.9032101422860604 +0.9056345156279555 +0.9079438211855345 +0.9103871677298383 
+0.9128560618036132 +0.9153108761365414 +0.9178377933185535 +0.9203492185610650 
+0.9226047227248871 +0.9248012936712016 +0.9271280977130260 +0.9295330375267791 
+0.9319981040717260 +0.9344958739756949 +0.9371827870194473 +0.9402948087632165 
+0.9436386004714267 +0.9471077596307126 +0.9507024375512018 +0.9543563218934807 
+0.9581301658385253 +0.9621537548977607 +0.9664345581072820 +0.9710980944850794 
+0.9761392299114819 +0.9817368324638935 +0.9894862354829776 +1.0000000000000000 
-0.0290159451000711 +0.1345305641478531 +0.1750822919105725 +0.1980962500933488 
+0.2144483639125652 +0.2282962645108553 +0.2415342637020698 +0.2537030003883096 
+0.2646620921182486 +0.2745917921287209 +0.2838268279030088 +0.2926900312689411 
+0.3007699624073015 +0.3080938744711558 +0.3150471552934325 +0.3219892188343089 
+0.3288648781320316 +0.3356271448373034 +0.3422525079139990 +0.3485216923328003 
+0.3547055745801652 +0.3606199437617456 +0.3664283929015105 +0.3721408289358838 
+0.3778086200964043 +0.3834504920596233 +0.3890695325539363 +0.3947956741862088 
+0.4008451634139656 +0.4069387280177075 +0.4128211248126742 +0.4183136080970246 
+0.4233450939692958 +0.4281980371177999 +0.4331395822067322 +0.4381098206493425 
+0.4436463805315015 +0.4494048393625152 +0.4550417731414296 +0.4604846704109181 
+0.4658305749715379 +0.4713215802975903 +0.4768900597552456 +0.4822967817443799 
+0.4878661579273150 +0.4934645164820368 +0.4987922347408711 +0.5032824487598389 
+0.5074959830077971 +0.5117479290541933 +0.5158706939787673 +0.5198068520141204 
+0.5236434054267542 +0.5278020565472091 +0.5320318924934651 +0.5362021224729809 
+0.5404883786978426 +0.5450021968430357 +0.5496511629514343 +0.5540526772210606 
+0.5581426850455219 +0.5620948428179942 +0.5668395003083777 +0.5723751854186198 
+0.5780944341463389 +0.5840633407319531 +0.5901576503849498 +0.5961458452825397 
+0.6019940732384806 +0.6076433543618365 +0.6134746423923335 +0.6193517062455360 
+0.6254967458457138 +0.6316707546338753 +0.6377421062312487 +0.6431679779264682 
+0.6490702246266673 +0.6550457282803855 +0.6611900583220044 +0.6675846417071882 
+0.6741851998254271 +0.6812134156114662 +0.6891430943576777 +0.6973198185105378 
+0.7059950640719790 +0.7152529269266373 +0.7249267812274499 +0.7349019926867241 
+0.7448463059759571 +0.7556450384120523 +0.7677913051771394 +0.7820335747752071 
+0.7992266552135461 +0.8222807155495170 +0.8603604572840294 +1.0000000000000000 
2.22277522788e-06 1.53197655556 
  <DiscreteSampler_grid>
  Helicity
  1 # grid_type. 1=='ref', 2=='run'
  80 # Attribute 'min_bin_probing_points' of the grid.
  1 # Attribute 'grid_mode' of the grid. 1=='default',2=='initialization'
  0.030 # Attribute 'small_contrib_threshold' of the grid.
  0.333 # Attribute 'damping_power' of the grid.
#  binID   n_entries weight   weight_sqr   abs_weight
    16   17292 0.000115218600607 8.71809837861e-07 0.000115218600607
    1   16481 0.000110673460534 6.36485283021e-07 0.000110673460534
    2   5195 3.17857581545e-05 1.64953694323e-06 3.17857581545e-05
    6   3070 2.04191093107e-05 9.74562922757e-08 2.04191093107e-05
    14   2626 1.79918788163e-05 2.83200054936e-08 1.79918788163e-05
    7   2736 1.75577509084e-05 8.45981158875e-08 1.75577509084e-05
    3   2228 1.55256734518e-05 3.96783211604e-08 1.55256734518e-05
    9   2268 1.49890269686e-05 4.84298450311e-08 1.49890269686e-05
    15   2085 1.49081396234e-05 1.89773611921e-08 1.49081396234e-05
    10   2213 1.44145497502e-05 1.24215632815e-08 1.44145497502e-05
    11   1993 1.35321090461e-05 1.67984514367e-08 1.35321090461e-05
    8   1495 9.39834714625e-06 6.71373493328e-09 9.39834714625e-06
    12   1412 9.37640325843e-06 1.62763846594e-08 9.37640325843e-06
    5   1050 6.59534679985e-06 1.02620923387e-08 6.59534679985e-06
    4   136 1.45271049398e-07 1.3753656041e-13 1.45271049398e-07
    13   140 1.39402112406e-07 1.26477787806e-13 1.39402112406e-07
  </DiscreteSampler_grid>
  <DiscreteSampler_grid>
  grouped_processes
  1 # grid_type. 1=='ref', 2=='run'
  10 # Attribute 'min_bin_probing_points' of the grid.
  1 # Attribute 'grid_mode' of the grid. 1=='default',2=='initialization'
  0.030 # Attribute 'small_contrib_threshold' of the grid.
  0.333 # Attribute 'damping_power' of the grid.
#  binID   n_entries weight   weight_sqr   abs_weight
    10   10 7103.98713765 438648044.23 7103.98713765
    16   10 7103.98713763 438648044.228 7103.98713763
  </DiscreteSampler_grid>
