   0.0000000000000000        0.0000000000000000        0.0000000000000000        0.0000000000000000        0.0000000000000000        0.0000000000000000        0.0000000000000000        0.0000000000000000        0.0000000000000000        0.0000000000000000     
   5.9185394532718690E-004   7.5094094581892173E-004   8.5278524025382812E-003   1.3500849582940958E-002   6.8622165363658831E-003  0.94468407531102661        9.1465017437037013E-002   6.8516707439802912E-002   8.1003216236390698E-003   9.0143388975640979E-003
   1.3987143319829349       0.85876092780345170       0.42628907053914311       0.38189044116497717       0.48476235034407161       0.35055023121792467       0.38943090415331116       0.40956006658663807       0.50177540211397287       0.42129924920310780     
   1.1921746014416550E-003   1.5228921640572572E-003   1.9131903284528913E-002   2.7837377879747254E-002   1.3842441076781588E-002  0.97232584395642507       0.13028207329170280       0.11123123919122535        1.5732722222934200E-002   1.8562616350854759E-002
  0.78446176061519390       0.75317521541268451       0.43342138892712367       0.56339363625614880       0.42134733584026868       0.35055023121792467       0.53418881289956555       0.35457318428739903       0.51732303365770738       0.52824666819641763     
   1.8289028857446429E-003   2.3394102531857927E-003   2.9525827066585603E-002   3.7547180047581723E-002   2.1258670137274463E-002  0.97946000955489665       0.15572180167363461       0.14332781960728386        2.2935994899451209E-002   2.8365260666604674E-002
  0.57541245719925938       0.76539060939436299       0.55923521454988290       0.66194929514783496       0.56226109520454015       0.39035703633010238       0.54552809573772121       0.45597287501056460       0.49624365168516399       0.56759388091803342     
   2.5565565044699565E-003   3.2807666399244078E-003   3.9268157318438190E-002   4.6670790850694741E-002   2.9433096783969354E-002  0.98228311779321409       0.17637742377633253       0.16867600215735740        2.9722367146437969E-002   3.7212603666903245E-002
  0.74247637806964750       0.65804298260469640       0.40751636407531749       0.59114273641838611       0.46425930191640707       0.48062693419414965       0.65284766421632956       0.49639947062472684       0.84746005080589781       0.51074236633942560     
   3.3824888067408871E-003   4.3215749988405423E-003   4.9163924595707884E-002   5.3913069191833106E-002   3.8587135731167087E-002  0.98374302181043038       0.19305514138187205       0.19092417339258286        3.6934146380370160E-002   4.6466057664120604E-002
  0.60667227196513518       0.61577061626520413       0.51762993201280560       0.42236671131597248       0.52508344392604656       0.47265024234005709       0.59211472065628457       0.43770981130220632       0.57587551874383025       0.39590659398929995     
   4.3386743163399280E-003   5.4809807467980209E-003   5.9192216851207645E-002   6.0920627243181702E-002   4.9183312365344678E-002  0.98489965110848410       0.20787202808355365       0.20914761128286927        4.4421874091089851E-002   5.5868677783532508E-002
  0.76488230158747950       0.49695868115614300       0.43569553293065294       0.63198583216100801       0.49227799502372493       0.45455927072582636       0.56265046001021690       0.41960098350089331       0.66309607576994289       0.42671197176763787     
   5.4603722348707234E-003   6.8125734569428878E-003   6.9433830584431713E-002   6.8316841092738112E-002   6.0740296295664270E-002  0.98586298539260253       0.22153247263852807       0.22552408770331994        5.1778089624747795E-002   6.5609206557592545E-002
  0.73700854807580907       0.60906089998150748       0.53065856199273875       0.55675215914125642       0.53946756127343409       0.62664616953163854       0.49039654969232654       0.50289876860133731       0.56258546338956272       0.43767597471538677     
   6.7346528463190156E-003   8.3051098404917281E-003   7.8792316781509081E-002   7.7562331834457793E-002   7.2274062598492672E-002  0.98671706625879396       0.23275326883917255       0.24167973638247153        6.0146051251528096E-002   7.5090887412134738E-002
  0.49734279099351414       0.65748903512495682       0.37808578309442986       0.50127319822697392       0.50175674498526857       0.55365609388449299       0.57754283850484101       0.41565547545045378       0.68742397756382978       0.43835640916328794     
   8.2053655151130191E-003   9.9239300840328198E-003   8.6625329490265940E-002   8.7617134967599347E-002   8.4198199143658739E-002  0.98739300767269522       0.24338539317394647       0.25610299615730886        6.9666686670546596E-002   8.4488131666237143E-002
  0.54966847492163173       0.58219195896343834       0.51357815648980087       0.48155898501705097       0.49499988012419799       0.45981446580274582       0.64357914638025604       0.49763541860954574       0.73030098741304617       0.46740295515745794     
   9.9599331117574807E-003   1.1693181732552738E-002   9.3326731555640793E-002   9.7080954778354517E-002   9.6137618020452620E-002  0.98795950284380929       0.25183667952516670       0.26873599171318385        7.9322582637458491E-002   9.6162823443011886E-002
  0.60652603119063431       0.91503331840314084       0.42945130504863005       0.53479850287769382       0.64929261538311556       0.58476745239147043       0.51287539444555497       0.55874648409381866       0.66833008900455415       0.52953660164406746     
   1.2003769927054913E-002   1.3691804367726866E-002  0.10116706276459400       0.10605996541642061       0.10758087299747050       0.98849144754507690       0.25882402748020766       0.27870490676034637        8.8888989676674454E-002  0.10911770186582813     
  0.59941685324342808       0.72508746232455434       0.47992652982167799       0.61768790632694504       0.47971969491904826       0.52129005606968648       0.49288797901498449       0.43156374581664336       0.70560045531814941       0.45574267382929107     
   1.4132763821172527E-002   1.5894813125916937E-002  0.11255361438943699       0.11562629150949884       0.11871498204385335       0.98897191086834346       0.26722571259697891       0.28721460758557976        9.8365435095508783E-002  0.11973687608934924     
  0.40599720644106191       0.57710142835621481       0.49703980092474376       0.73867372311360746       0.61433236169330474       0.47740651849307170       0.48919668622527024       0.45374459105871723       0.52044534134913023       0.42824178113131139     
   1.6771052253562603E-002   1.8197783945154380E-002  0.12330082169357498       0.12432878244034284       0.12936109049017272       0.98942571806848711       0.27604401689354513       0.29598464274152803       0.10791395230041963       0.13031437008492083     
  0.68721542387307555       0.55223237767279010       0.46646973660597502       0.51149656277058853       0.50350640067432306       0.54300944852806377       0.64128364366983748       0.40782397613296911       0.66084827269572666       0.50840843384653811     
   1.9695475204054007E-002   2.0522969138295342E-002  0.13749093663662346       0.13301320895051194       0.14019523021027494       0.98986134999529796       0.28456099376782412       0.30456789865799649       0.11780234914963728       0.14224598019690329     
  0.38663430690464778       0.56975076338585240       0.50858707824040572       0.56105590678817074       0.57567162201288635       0.44276005408665386       0.45998783471887333       0.50234642457613365       0.68301965712091661       0.48421659669396616     
   2.2763103567556491E-002   2.2967519347065472E-002  0.15267672777606986       0.14361343919584890       0.15159826330120391       0.99024481434398914       0.29341811351623653       0.31326636529128016       0.12819995763622058       0.15841860544142897     
  0.59347211791311461       0.46062428145134243       0.47837050773779005       0.61972084258832494       0.48576621720176738       0.67896594461438831       0.53293272971806271       0.46057133674298462       0.48303750496648046       0.49583951013071215     
   2.5986327376898519E-002   2.6852418899253837E-002  0.16661467445114389       0.15617690736495632       0.16354199386354001       0.99061587738556689       0.30110666571808598       0.32209729084066419       0.13848253748999020       0.17582047624994959     
  0.58341280724351519       0.59353574263594089       0.48159486764520698       0.65530798473481111       0.43262259604845671       0.55092266916462995       0.54073363394539653       0.50143986131521012       0.69061286451203951       0.45470486789745812     
   2.9100841516175847E-002   3.1170226739590759E-002  0.18068783216003026       0.16835017831732182       0.17676502553364998       0.99098270087953999       0.30702323176777613       0.32957566078460110       0.14996466678629483       0.19474030833476041     
  0.50612324732284963       0.43238545478885554       0.49485949823252579       0.64232128389237719       0.60394901449152549       0.49284946321680234       0.51128728879640684       0.41701163097088889       0.52655560582610050       0.54025692651965262     
   3.1911631627808905E-002   3.6557810670726783E-002  0.19142002805502123       0.17709277499913403       0.19060406813145325       0.99131650480153877       0.31223198879146596       0.33661245538274975       0.16276134385387814       0.21677589031402511     
  0.52133315364655741       0.51234517642792221       0.42713399306528527       0.46763228877429053       0.55355893287356395       0.45696437742909568       0.51484359735935881       0.41755084184055258       0.53663361793636100       0.50795155863178176     
   3.5410978529255885E-002   4.2732389050665509E-002  0.20281791498516866       0.18637807021449332       0.20322631219090051       0.99156737836243880       0.31742438208399748       0.34436958801003381       0.17542367831428085       0.23537179732721780     
  0.53966191110711537       0.41850433578502128       0.48466011321683578       0.59832669426023311       0.44093364028481913       0.46257456906180289       0.42463037899768585       0.40768956224698194       0.49324764724348136       0.63116371327030296     
   3.8929359189379086E-002   5.0236939453330992E-002  0.21329144796127081       0.19520656260328209       0.21760310211431061       0.99176233921617796       0.32336100920476063       0.35217535426683466       0.18506478718265534       0.24889883900944831     
  0.46542339398615007       0.59611634996316021       0.46839443072253706       0.56147461493196371       0.54130770724485000       0.48998909407332225       0.50607943799997956       0.46898688673690525       0.49121615199758628       0.40777104825480304     
   4.2600905721039403E-002   5.8915623531318025E-002  0.23315187291029904       0.20401016849149439       0.23502695286053979       0.99199259745289570       0.33054170157176460       0.35975734484509558       0.19365812779866021       0.26116442990465250     
  0.50932575970560068       0.67957769167472326       0.61269602908853726       0.58591460830095543       0.57709670943658686       0.47864124615585207       0.47694169459294150       0.43438528382201758       0.53225586430779193       0.48949506844446350     
   4.6622885430202272E-002   6.7614137440927258E-002  0.25232161561793692       0.21281521615892751       0.25609016277817004       0.99218328560178259       0.33802414755032439       0.36758127332679780       0.20267706133764959       0.27576712284611399     
  0.52512223021291005       0.55301517234530917       0.49168644163628750       0.42441747533407076       0.55715117259926050       0.52084305643969331       0.53717534855952975       0.48538743933866219       0.52887242893009445       0.43157795876071664     
   5.1005787205807382E-002   7.7291076793626193E-002  0.27141988640220899       0.22158147009377885       0.28194570926998974       0.99233611052991133       0.34503694786303524       0.37533823375143832       0.21760603460231048       0.29040916673365846     
  0.59748562052726517       0.46953761757260098       0.55075003215224805       0.55072510397210006       0.57918614007049074       0.50523003788720922       0.48644222403350468       0.37086939364558508       0.70219792291774930       0.53361250043201136     
   5.6289893579791736E-002   8.7228387231772203E-002  0.29039303482526535       0.23273148057312953       0.30981182095029169       0.99249361272011660       0.35183577834570057       0.38235288382613564       0.23250808019993832       0.30679521176030405     
  0.59835144587791966       0.52124412321967195       0.46011229333297471       0.56647375663370048       0.61941968538993963       0.44068116528931978       0.49752306069669261       0.44637406155691989       0.53817448360233255       0.61374045683535361     
   6.0966297989674227E-002   9.5642420686904317E-002  0.30919017354707168       0.24324784183386872       0.33406325220538335       0.99264917819260190       0.35860710941662027       0.39059703388144579       0.24879666423659322       0.32325301863405986     
  0.45408997514725724       0.42233944892492842       0.51656507778581739       0.49468707231858972       0.39727931167463126       0.44624339764949644       0.45477498760637397       0.51100280099272999       0.43110889244545297       0.52030095103470997     
   6.5043301898399852E-002  0.10395580304522908       0.32626503860952222       0.25524838519354842       0.35571223147792869       0.99280442136347136       0.36518069021848637       0.40522547548922633       0.26524012281215537       0.33760943351734890     
  0.53039943296994796       0.45245351277633494       0.53321536533858083       0.50543312120008310       0.45263355587009674       0.50316607132579749       0.60332078040946679       0.62094519710140406       0.47286710573778928       0.46248414798846454     
   7.0201334752453118E-002  0.11143699660693560       0.34242854246417387       0.26609825928604647       0.37890213017121133       0.99295534988821543       0.37155853262046473       0.42288068308392834       0.27975755498982602       0.35220076632459357     
  0.44025998090919138       0.48139231690117956       0.45093959417906404       0.47324467963902850       0.46493330091617679       0.49684666750428258       0.59046790189519893       0.67052720268911348       0.44880397053010451       0.47321517846757893     
   7.5780960141047474E-002  0.11967001492213089       0.36071597528630173       0.27880977024255482       0.40494366733865589       0.99311122431467491       0.37792127528574765       0.43847635403114416       0.29581916367932171       0.37305877525480757     
  0.53531504531539986       0.51706900344125795       0.49092821336410752       0.60522058981560956       0.47235673960401542       0.61218968246564953       0.55826334935973332       0.61230472051496820       0.51019264078260418       0.47731590526868445     
   8.0478121713182138E-002  0.12846142506998209       0.38101318913533988       0.29243823323198748       0.42796695143583136       0.99329136017290676       0.38380063034147432       0.45031432552771156       0.31553799959463197       0.39439023958063735     
  0.46890021353403022       0.49671072342248312       0.55458709111822502       0.59354211925092137       0.45335694744887084       0.44423664462474560       0.53240469183846051       0.60391535938524821       0.42506197149125152       0.61592121314262060     
   8.5221858072210013E-002  0.13762828307007724       0.40180832713716252       0.30583054390411313       0.45039179922873207       0.99348641962130257       0.38958510617996606       0.46100427901704710       0.33570097616631844       0.41433995199565488     
  0.43720893372892472       0.52885501456111628       0.55317751721908781       0.69855473572123650       0.53133479285105889       0.52505607878765082       0.49323635112148112       0.53594284978494899       0.56822941483931910       0.59047823494584528     
   8.9844323321291206E-002  0.14754695407146437       0.42030010240985138       0.31723992838869519       0.47144875652384077       0.99366278747227255       0.39551152203025641       0.47208182501690926       0.35838201893780336       0.43409484707960766     
  0.52695118940776309       0.43088336071428324       0.62387961641761369       0.43226888879626663       0.44669163013774543       0.50890812927212858       0.53133479285105889       0.56781807252564909       0.41343012706854532       0.47261037004788242     
   9.4601156940284439E-002  0.15460793612978879       0.43638909073799126       0.32757216136936063       0.49097943224544605       0.99384376699777399       0.40161051020062100       0.48296530895487938       0.38039239941132436       0.45392366137189111     
  0.55485316936225548       0.53291266551901095       0.45281912212774916       0.46396984672574648       0.45452674734791276       0.54780463272362723       0.47350676252781254       0.47457630884041602       0.40227336997666802       0.46397746032556308     
   9.9718198893083185E-002  0.16141068130768949       0.45419130555632925       0.33835853772546431       0.51028190645416405       0.99402440183401464       0.40737899140142653       0.49321623328546538       0.39922970619773201       0.46922283049636954     
  0.49036734701281787       0.44815762159202482       0.51483864463293583       0.43980809920232766       0.35055023121792467       0.73151513495736897       0.43132802330425851       0.51272264044827420       0.55052269860206915       0.46046594235693789     
  0.10468212892226421       0.16745981187122136       0.47384624924954943       0.34985955138891234       0.52923826978385313       0.99420333231422908       0.41294758058663672       0.50476472444919218       0.41916055416844983       0.48286781962257846     
  0.47291889106412327       0.47291895709293669       0.59684219035154418       0.45327358029787002       0.47449306195808544       0.60837474813244963       0.46272167539896797       0.46507511885457353       0.42766788830224867       0.64081879999335767     
  0.11010165346990233       0.17546115659070044       0.49229498755604639       0.36242912913452940       0.54760338653862761       0.99438244329924375       0.41909854643479322       0.51917265231201382       0.44077465820717171       0.49649369919078190     
  0.50628069640926698       0.42243321995455946       0.52274083276722594       0.53133479285105889       0.41971085699331134       0.55859810728076542       0.47276656442798926       0.46583815176149174       0.58002108043403888       0.48635504352039743     
  0.11449187930788082       0.18268079767746179       0.50832300770745764       0.37595254372878512       0.56033868266934395       0.99456024947421762       0.42495507635520380       0.53497327884125689       0.46235263846348518       0.50990965876277083     
  0.40613523930896306       0.48810454706229062       0.50811998799739189       0.45354027848228934       0.40573500873515811       0.56256287633991620       0.43405321791040830       0.59824776003604485       0.40528796376271192       0.48176467925414662     
  0.11905217297853767       0.18836784159814349       0.52487938038940918       0.39112595724113952       0.57251588198939785       0.99473370868125388       0.43219749540081526       0.55061504223761071       0.48682774502650727       0.52364895136133105     
  0.39010690520820923       0.43314048839008890       0.41917073353259671       0.46155371510609133       0.45015274248902570       0.52799283869987268       0.51224992160352878       0.62181627328246958       0.59804491653398562       0.54108521027425527     
  0.12506156733472590       0.19282202865415857       0.54478576762214237       0.40649746026564498       0.58574936916222153       0.99490344528673824       0.43932872679812002       0.56648132668711315       0.50867294486590642       0.53826709256770733     
  0.40623316552150635       0.43437445617560050       0.51774358828161116       0.49759753006985452       0.46194295874809399       0.59747732491924954       0.52871398197536412       0.57829964949992874       0.46771527554374803       0.53479850287769382     
  0.13219186249342782       0.19989605360203419       0.56708315021810740       0.41830844314275484       0.59787091008646298       0.99506326656330857       0.44700577155307353       0.58113116683557764       0.52867499474212165       0.55073424840071339     
  0.53715192081729179       0.49335933842910140       0.56329163991744291       0.45949260100078837       0.38444248414811555       0.47375074152241708       0.51796941450699729       0.71686731899399669       0.49919493714373875       0.60186043635970832     
  0.13873705397196634       0.20788262217739953       0.58695843244374057       0.42942937200957337       0.61135594572410079       0.99522229640588422       0.45486902208030200       0.59581221850159527       0.54972826572840483       0.57337592240983637     
  0.53328595957415992       0.48607342547739846       0.58664317211749839       0.46491866335652615       0.35055023121792467       0.45461653635731897       0.48198353611915112       0.49128081036581905       0.55852837212911888       0.50245016419503286     
  0.14419342499641102       0.21769150233969486       0.60516011659439861       0.44149819174922622       0.62630076727926087       0.99537997965579961       0.46191233339961074       0.61126772991293432       0.57110576398687951       0.59710219385894503     
  0.42969036652347753       0.43157795876071664       0.53199907356185427       0.46240790805904347       0.46037128950949163       0.56405607280065040       0.43615317891313943       0.58226448180496382       0.65821186488052652       0.56716007755895614     
  0.14966156911383996       0.22804117510082184       0.62245791177765686       0.45353081466019030       0.64260912368167444       0.99553842749523835       0.46927316362646737       0.62764564413561619       0.58754281395995567       0.62017626132275694     
  0.45165004917472207       0.49414661416517586       0.45820287363208984       0.40896348494362034       0.44773042676699082       0.52511103613674626       0.71007365476329387       0.54150389171709412       0.44848872561394448       0.58197034791413838     
  0.15505164935320037       0.23987058019131510       0.63998519548706745       0.46742683378497329       0.65782243010827379       0.99570001294923116       0.47473321832474003       0.64518145203394817       0.60365625429568381       0.64208973481131870     
  0.45997216538802416       0.47171145012191562       0.59387208662579238       0.51065150319861785       0.49977577516812999       0.59165359660519756       0.40229925781744602       0.65124053292608264       0.35583057438418736       0.70536550520568864     
  0.16192636567426683       0.25184020473650104       0.66168906658702531       0.48197003713304648       0.68375379865364938       0.99586034931114742       0.48085215440765139       0.66283540334867153       0.61889185348441189       0.66279738279156619     
  0.46905905516525997       0.43194879084025101       0.48895983748589406       0.42462037375437212       0.59134799723105547       0.46483424390858918       0.51053458988646949       0.69520072314908510       0.47497888302390007       0.63593255571935015     
  0.17345083304921899       0.26154756137863583       0.68415619037011999       0.49650494983809706       0.70823104550795113       0.99601974406931548       0.48854616966495196       0.67048330415743118       0.63512600181499512       0.68669211544038877     
  0.46708030744863011       0.52957547377023051       0.64171034635972690       0.46053543861595259       0.38897822971242046       0.52182756742003167       0.42671309360003762       0.45770995684059229       0.48892749005741876       0.55037430153075206     
  0.18658216436903946       0.27214504314051391       0.70521633367762315       0.51413735535158156       0.72966076382222667       0.99618040776758798       0.49624557093424149       0.67992281311806158       0.64589243402792451       0.70446054752975484     
  0.50364287564449239       0.49248867730602586       0.63232035230302963       0.63183574728855751       0.51775475970352258       0.57791101173881010       0.55538109576758055       0.45366453699682968       0.52688714393195102       0.52968042772499990     
  0.20015684325597780       0.28282917760305576       0.72441255511439917       0.53589974481312896       0.75016229803422430       0.99634303440017213       0.50650143731509623       0.68935667528719380       0.65488212934777290       0.72472717150206245     
  0.46405688973977111       0.41400453599746873       0.58620583882427191       0.58434669125168182       0.56417718390923977       0.56519831937567389       0.48695089712341660       0.54898555254755654       0.39112781856355688       0.50744600337500179     
  0.21430454718606012       0.29759534079541999       0.74255997322367806       0.55428676522730802       0.76725090388799599       0.99650744629904964       0.51653569686177314       0.70229672229246942       0.66439999706000952       0.74046426433523982     
  0.58505652239384398       0.43656170898800295       0.47813437909441336       0.49866802714108055       0.47027262212849702       0.67962211502140368       0.59336193991145258       0.51499892637848332       0.38675951138437215       0.48376055046427913     
  0.22992527362036741       0.31398577789888221       0.76118838113587151       0.57225328164347133       0.78344157078087895       0.99667142973642509       0.52644098586152765       0.71540753029612025       0.67940446823519640       0.75699011483653755     
  0.49593094194318743       0.42478017338506252       0.49630086475672586       0.46881739312359377       0.53696387581742699       0.70066357172066396       0.75672193779147368       0.54680286960131252       0.36746097461607302       0.42094673070467648     
  0.24515109114550077       0.32950566529443182       0.78007111918962713       0.59303460547614595       0.80188521854313100       0.99683358896585683       0.53491749542024547       0.73097862460868490       0.69480975523659083       0.77325445009338545     
  0.43047911115251331       0.42938487479057841       0.62891516716325346       0.46387443020696723       0.51170289353526632       0.47993165892847700       0.60496008279340363       0.67424755934693104       0.47147592233645907       0.50510378134813494     
  0.26466416398997655       0.34527348014285364       0.79875962037687664       0.61272585734302865       0.82200666188350102       0.99698667215425196       0.54258073731839551       0.74741649772068119       0.71140043509390483       0.79217162436939981     
  0.61083037738082868       0.54283235282416542       0.55341248902506868       0.57382968180179750       0.54039392023257460       0.57897020933668064       0.44870359642006774       0.58788098845921377       0.46593589261835933       0.46851699541856706     
  0.28538386582164427       0.36243819215685563       0.81898671717462224       0.63326092713479487       0.84010479740470401       0.99713125843205064       0.54855004619695125       0.76375243194349696       0.72971127898842125       0.81232964100777894     
  0.54562967100556137       0.55057138500114888       0.61135743327042147       0.48114342020484224       0.58039413598311096       0.56985263378900319       0.47357819894281300       0.56881284311041314       0.35997579949734554       0.55600420986471200     
  0.29919612844389543       0.37986715694980056       0.83785398513753473       0.65595996031737813       0.85471945500459623       0.99727817783384187       0.55487432135979819       0.78063681675341501       0.74976472816092488       0.83238838905253676     
  0.46255380321531880       0.44212623107812610       0.53463296860548193       0.50434208839481764       0.55767620247813765       0.51398957917559596       0.47296301476454111       0.72132476373924237       0.55276402406433778       0.58234723698817770     
  0.31740542654748838       0.39953576936607166       0.85692822946395075       0.68204288446014871       0.86848118872186075       0.99742388374976665       0.56208001774440530       0.79770103189327524       0.77131256253326785       0.85217767133917122     
  0.46886344745194997       0.51644728020343511       0.53042687252339649       0.50666676301262903       0.53835558870378242       0.49010883639588659       0.46413786599062817       0.47254680286006445       0.44208171524794815       0.58428769519538437     
  0.34379740257193220       0.42282871721262655       0.87673383839490293       0.70980234612636894       0.88185879946055090       0.99757580492424736       0.57094746572576194       0.81484514996619195       0.79346556906945964       0.87216815661497726     
  0.61929640684626730       0.44714122572757631       0.56173750453746829       0.54987741514316690       0.52406648690009372       0.48728856794029951       0.49563042423102088       0.53757726474283141       0.47031459223128197       0.65868788555680424     
  0.37902903583495540       0.45005124824278470       0.89675576858980144       0.73756963194942815       0.89471745162495664       0.99774070960309014       0.58125487406938325       0.83276001130683708       0.81621944159388882       0.88780023389650686     
  0.48497629832014777       0.61059970836306998       0.67165477357749614       0.56313864730400409       0.50539149299121910       0.47363707648389342       0.50552914125662285       0.49926978989554904       0.47736939208975532       0.59240746683170487     
  0.42314144544708815       0.48313380533188965       0.91671843285275256       0.76420101591409062       0.90732456825328012       0.99790990271736357       0.59093214716096243       0.84980558177323728       0.84158931074520005       0.90156019331375048     
  0.51874783296083971       0.54820811840598205       0.62686956873729383       0.56472654070542994       0.56512817923231851       0.61176212166414645       0.40267647394386036       0.50577722894447097       0.45582240451840816       0.49022731679587772     
  0.46767928578835921       0.52201806742050505       0.93531355584721854       0.79186406662297359       0.92021750558544257       0.99808011761061710       0.60663934268811848       0.86540626491582684       0.86486463963539295       0.90898370597182987     
  0.41235075634727147       0.50515405523668822       0.48760862942993022       0.40628606576213228       0.51298849727589146       0.53809120095541974       0.59639602829305272       0.50465669484706122       0.45590998437492952       0.39671958256628426     
  0.51545179871084401       0.56016407849460403       0.94979947834550615       0.81452452448848833       0.93358948142793685       0.99826346719705339       0.62267129581600433       0.88240496492363041       0.88754762309534241       0.91725934058002145     
  0.38394424104993186       0.57223600472967029       0.57551302770546897       0.49585209273473069       0.71167074603961866       0.46255380321531880       0.48442571355659719       0.53009510399268622       0.42387270572104335       0.37888359343525280     
  0.55307317749578555       0.59974669061343333       0.96261611834452343       0.83616211978665078       0.94684313135462683       0.99844795659150454       0.64529941225377574       0.90169860657740253       0.90966725200751064       0.92739652482352675     
  0.43341474601109359       0.40915198563064342       0.54223233668131898       0.39682563758547013       0.73797579766993093       0.56197361380596766       0.54695956491487918       0.55285983870578415       0.57854120702280676       0.43394130886830179     
  0.59023312843748521       0.64799327051509081       0.96951262034560226       0.85870877874489893       0.96004159193167049       0.99868030058947077       0.67277573831033588       0.92308532411345057       0.93309604623461007       0.94202415488180036     
  0.37526389721087972       0.39817830550707239       0.46136784239222789       0.50425787896971619       0.84713981825198759       0.46591293433367453       0.59879027439988963       0.51690179368087785       0.47355691288761920       0.55436080247420727     
  0.64544520691014229       0.70173831073534609       0.97712877474916815       0.88142666168182771       0.97349007265005683       0.99896901952090755       0.71156786348979151       0.94743249648030436       0.95214771722135771       0.95881513633397986     
  0.35179599453859434       0.42418527036638926       0.46080142886003400       0.39571682918184353       0.60606540434392786       0.54038724064229593       0.52164542515899137       0.57612393427088904       0.46065830379330264       0.64093986629023880     
  0.73191929472290118       0.78512225539652225       0.98742775847497921       0.92611716190006810       0.98691938230877274       0.99935209327236441       0.78088979729903973       0.97439103123506399       0.97116736196987041       0.98042937618956738     
  0.40188835032876241       0.38484843333027491       0.44481181870672259       0.47909191179633631       0.71560580269144247       0.40267647394386036       0.50654030696167818       0.52177032908337539       0.48496826188926523       0.60234236945342401     
   1.0000000000000000        1.0000000000000000        1.0000000000000000        1.0000000000000000        1.0000000000000000        1.0000000000000000        1.0000000000000000        1.0000000000000000        1.0000000000000000        1.0000000000000000     
  0.37571043510533331       0.37824123290659961       0.47954777089992151       0.36302386423467303       0.64448343246273709       0.37411416211441800       0.37925487332726610       0.61545420969856734       0.56991465361502014       0.63759119580319901     
  -54.731045808899097       -47.304561003637083       -55.137315088418610       -60.516038494834142       -49.009554653414824        0.0000000000000000       -45.405328614421734       -50.846985821114586       -71.930957229212879       -54.133107010027395     
  -53.293018176599155       -39.156699472845609       -34.833995298184433       -37.986192393352894       -37.711092661119743        0.0000000000000000       -39.608257316904329       -54.037577980433362       -62.755664020068636       -71.254213490088475     
  -36.901539650211333       -58.391253289085014       -46.460314786948459       -25.581294105187705       -40.276344028680967        0.0000000000000000       -64.247343858742070       -44.309344559194962       -47.331658531991337       -60.350718778044033     
  -41.586676305000992       -74.061024534961291       -34.446501391314818       -47.577609419560176       -83.913762673300710        0.0000000000000000       -56.319850757670558       -45.586736541900997       -44.705778735352666       -23.930447317311465     
  -33.935248759095010       -44.154569243709830       -28.391949252376826       -43.760144826925412       -86.412025784491632        0.0000000000000000       -48.644511790832297       -64.531277287275884       -42.355586803442151       -47.487088166521907     
  -45.201866036061624       -28.051046945799079       -37.264646791117208       -67.142985158265674       -45.435450654422745        0.0000000000000000       -38.634375944742352       -50.079791914059975       -52.776119512299346       -31.755532101855639     
  -2.1720757853770194       -30.916853656953467       -40.294397213676298       -58.679914026755419       -29.905345577548150        0.0000000000000000       -25.099840625485960       -45.544042660944861       -65.306216024234459       -49.775203896709321     
   7.5475116571807739       -37.209912103191215       -50.130579741369843       -55.091164581575050       -31.057449373477642       -60.651965852683041       -42.288684980727247       -38.656638659045385       -28.509166661941425       -37.228165600877524     
   2.3027389470817134E-004
           1           1           1           1           1           1           1           1           1           1
   2.4590047723754913E-005   1.2910825056413369E-005   2.1200383762556212E-007  -37.537120550427971        2.1838415173141576E-006   2.2007698938338396E-009
   5.9461112858878247E-007   5.5316516819909225E-007   3.0865126233317694E-007  0.73365492539480226        3.0854217431353748E-007   3.0410776701814452E-010
   1.4785809707172030E-002  -52.467692861234958     
