   0.0000000000000000        0.0000000000000000        0.0000000000000000        0.0000000000000000        0.0000000000000000        0.0000000000000000        0.0000000000000000        0.0000000000000000        0.0000000000000000        0.0000000000000000     
   5.7234361958639117E-002   2.3179889126960652E-002   1.6605682933834322E-002   4.1896100415321699E-002   1.5914724860986888E-002  0.23406212128940690        6.3650684791200215E-002   6.7610588285412776E-002   2.1831316141068997E-002   1.5047040588653075E-002
  0.72657194180386031       0.75530374119479637        1.0673374264187594       0.88196407229993445       0.97772627815877355       0.84486499245118141       0.72394954738674933       0.76132745629621645        1.2648074479286546       0.84614083167837328     
  0.10556982452433029        4.6245901876494751E-002   3.3174144645249162E-002   8.1704083623222901E-002   3.1371438052790857E-002  0.39486651695513852       0.10572172416986712       0.12404269990430697        4.2637584800218488E-002   3.0064160477662333E-002
  0.84417004423582775       0.89987943449559926       0.79969709254928811       0.83534185741546829       0.95828093638557843        1.3429886435091412        1.0022025599984989       0.80637019851724545        1.4874571116200430       0.99890252035712679     
  0.14061830979115164        6.8891978458523712E-002   4.8945398774798303E-002  0.11866763914648396        4.7254139010471694E-002  0.44582641986307625       0.12769727670392328       0.15957746908903747        6.0838275708148454E-002   4.5007502157036867E-002
  0.97087287821112345       0.88568700947762258        1.0405067185426982       0.83384829915971592        1.0800760704803496        1.2083179798772372       0.89557096243281809        1.0064621451003870        1.7892546324280842       0.83987999133737756     
  0.17133136569167112        9.1518181618360811E-002   6.4054067619504107E-002  0.15274406619697684        6.3132822496297619E-002  0.48392561311389876       0.14385171198510771       0.18917430948440228        7.8606695347621630E-002   5.9867206897801874E-002
  0.95262674958555615       0.93894787423329895       0.99586776338369987       0.76262995376742548       0.97358276145746603       0.95636918900005952        1.0114479113030399        1.0220112780110640        1.2847658753633873       0.77632377235886285     
  0.19827664072330259       0.11056395316295604        7.9579569928636310E-002  0.18423515854420833        7.8300588370701862E-002  0.51012689716235604       0.15650810168052937       0.20962108241731067        9.4006486716232227E-002   7.5558470995467253E-002
  0.77989640519572057       0.93994709871608928        1.0777786420880153       0.77334799398614662       0.91268047557037990        1.1164253185706405       0.91336390475514639        1.0572248068466088        1.2569343211507027       0.89837843892382974     
  0.22288180641917432       0.12973054561650654        9.4929991523645771E-002  0.21570499293014064        9.2949480801490722E-002  0.53025424775273267       0.16761659422036829       0.22886136431837209       0.10898484630779591        9.1388915198775428E-002
  0.82990385569275038       0.86024067160091344       0.99482010505694429       0.75730694353901273        1.0100738252517505       0.90935599677239021       0.97274051859151833        1.1086439008722553        1.2961706792957697       0.97022544816954526     
  0.24536112366947585       0.14764199294184199       0.11110991365094570       0.24663055749315627       0.10827931936987381       0.54732051809147464       0.17781717420654161       0.24431242772096706       0.12488300989931833       0.10782185057296635     
  0.83035193706440447       0.87771805435896511        1.2784291359460214       0.82251376604800219       0.92320648978657116        1.0003584765057068       0.93117400117885407       0.93770361309673445        1.2121421900071492       0.99250609455713668     
  0.26645529179225752       0.16603264637204607       0.12842046578025787       0.27907149473658477       0.12347996228245621       0.56213794031225706       0.18743975431765220       0.25954925821479208       0.14095029957774910       0.12429815476852922     
  0.94135394853130128       0.84809595946013183       0.82840141457264627       0.97422617846490867       0.99679575875984694       0.89327820561305582       0.94557044632703047        1.0407243552962784        1.1143776672890879        1.0016152166846892     
  0.28688837338292772       0.18377308488146085       0.14534192617470712       0.31076691751350005       0.13939148131427184       0.57638753364668960       0.19652544879959474       0.26927684242134275       0.15674150176778218       0.14022329219033114     
  0.79303237508601787       0.83604991513674298       0.78102461219583108       0.87817872007451514       0.96722320550028162       0.75632083959349194        1.1074228011967344       0.88145291774825429        1.1215410913433062       0.87860492098742859     
  0.30669776737099869       0.20143215279404367       0.16138880992262006       0.34245021969521100       0.15561936572521867       0.58999338132513990       0.20501236477678431       0.27937946660581908       0.17242763088730906       0.15625968566652382     
  0.86765782203435227        1.0556651903616490       0.80513972474774964       0.86318240021684745       0.87212536454604028       0.83445950829998938        1.0965560147814977       0.94798384519894430        1.1843299890236423       0.92948373948245122     
  0.32647775639249810       0.21818749848738980       0.17761648141374708       0.37291245523994571       0.17156368047505152       0.60302772043462671       0.21300347421150373       0.29031360302855108       0.18749323603530038       0.17227862581965797     
   1.1015918306718835        1.1932969303968703        1.0323294122344582       0.79606748895170232       0.94064659087518643       0.84624891434576521       0.92252397722825152        1.0181938510582196       0.95094627091796846       0.77318057212195879     
  0.34527686066267943       0.23487384801146630       0.19409687613739579       0.39971105775567062       0.18737858283712999       0.61445065687089839       0.22068705017466470       0.30142141794230692       0.20208985723345765       0.18826590181083519     
  0.85544688711441219       0.85290124799203093       0.93482817949905905       0.77590991310427859       0.92332497410127035       0.88019694150293959       0.94596352405948825        1.0323060100197725       0.88362053464218526       0.85653764144797140     
  0.36349927922551434       0.25182178801543392       0.21064269160692958       0.42581978278831606       0.20354004919167254       0.62566689449175861       0.22816722424404315       0.31352022922003076       0.21643062390089141       0.20461669057580154     
  0.96178461139128346       0.93721303048857219       0.99198003023564041       0.96139628416260658       0.91956690552753895       0.93134237490038629       0.88206386587997687        1.0619110775016893       0.94765200090102808       0.92455185362245507     
  0.38095074289765735       0.26914685371745117       0.22716961628682769       0.45129244615956365       0.21920861975811209       0.63560216760786314       0.23541772854368329       0.32577788560791715       0.23094879179985822       0.22146958274058201     
  0.77119834089324724        1.0513807625550502        1.1153499364720727       0.80139405269807873       0.96063935521008748       0.88337411745941308       0.95066902812163012        1.0319915338190495       0.85563490953458132       0.94600608082622861     
  0.39814958606245837       0.28569167459714256       0.24366356299088682       0.47678008591910465       0.23442133953844305       0.64570149323235215       0.24231278076224452       0.33841254708930990       0.24649826717564269       0.23827821774349930     
  0.91288311083615992       0.97013784580782658        1.0146705478622700       0.83700513848473868       0.94503121943397850       0.83920233774724751        1.0507757366477444       0.96662033279931825       0.96639763595188166       0.98258337750876468     
  0.41444951810463737       0.30244799774051867       0.26000258813100846       0.50256999721839035       0.24932848626527071       0.65471851920890201       0.24911448026224545       0.35121507668137525       0.26235661062280824       0.25521993965492801     
  0.93346528942355611       0.89313705773410623       0.97887819505125284       0.90243856225418129       0.98609266885335634       0.88479992101126870       0.96397500173147410       0.91392418237083184       0.96872051912498935        1.0643448120186130     
  0.42993359427231387       0.31682248403607843       0.27580897946281330       0.52634339799125252       0.26452145879524330       0.66405439926611742       0.25580823302697542       0.36317679050029456       0.27865115791315920       0.27276684398797174     
  0.95948922736383391       0.95479486920083390        1.0416064981301001       0.91870718158615761       0.82115012468645643       0.97191580804398081        1.0756948145603240       0.80499167110027159        1.0773579449815875       0.97121939767906751     
  0.44527947159284692       0.33087540348427269       0.29125330770134816       0.54862369752707763       0.27949437774225872       0.67177654428641509       0.26252925239929725       0.37488902522310841       0.29579113502284160       0.29045621290638157     
   1.0370475813565043       0.88712658525011256       0.95424871807681910       0.90951799233042530       0.83898845834655522       0.83047251882231565       0.76198407721533656       0.88193909405564075       0.99851978299608624       0.98736526964597204     
  0.46067786185815895       0.34690890693938253       0.30708145170455864       0.57080560942413694       0.29599292412426126       0.67951857292450957       0.26922867951422297       0.38761531496294926       0.31253741189864159       0.30765450475104483     
  0.95050027098285172        1.0974276224352268        1.1989826591246542       0.98184223580141128       0.98351223985288172       0.80728614131753418        1.0734637946445287       0.96804936036797840        1.1032767566569397        1.0470364269797872     
  0.47519032488876822       0.36264201655901013       0.32311989632088151       0.59263958695568408       0.31247433351645115       0.68656322875762255       0.27568809597048399       0.40071923290485745       0.32839998444075302       0.32483114296192328     
  0.82818880990929444       0.90238139364832270       0.86408083360814392       0.78170701330388137       0.93823981394228928       0.90628180911682743       0.98949145715908005       0.92301218827082387       0.99738437665220225        1.2091202024528500     
  0.48960461864522142       0.37688159038903457       0.33848409635973820       0.61248243402093538       0.32905351313104869       0.69362116127644480       0.28197550399268312       0.41354005575246483       0.34398090597746106       0.34127275068575064     
  0.95352299487509273       0.98531055176506299       0.85765684311683466       0.92313447185285513        1.0638510114744915       0.79749544259538530       0.91157660110588434       0.93870871470452077        1.0389123166678691       0.91363128478157429     
  0.50325697535787151       0.39127874899247617       0.35335582470432569       0.63186168206787563       0.34450180007940578       0.70115307556837159       0.28828828484215568       0.42639210641584913       0.35905248205279910       0.35767181857513319     
   1.1385515589367332       0.95122053575070553       0.88898081162656728       0.78370672635738270       0.90528780396540109       0.79010992932508961        1.0146024677790415       0.88244603459820370        1.0668716436551300       0.99798823510299917     
  0.51686957038897452       0.40756275631379452       0.36874360596810729       0.65037684521321715       0.36103574357248180       0.70855837118844878       0.29475901470727750       0.43957273727190582       0.37436228253123149       0.37269290210281586     
  0.89712176140325450       0.98319547924386030       0.91999381963649418       0.92308009573686856       0.99557245423764906       0.89737775353277949       0.89472557144794584        1.0256951686638907       0.85998975343997663       0.93348924507461484     
  0.53019306563307755       0.42394157672035282       0.38474215463504030       0.66905500212718494       0.37694451113303712       0.71574369227563139       0.30126402811278113       0.45258490853984462       0.38899012013175810       0.38739602143616220     
  0.91332145455750513        1.0676921117954934       0.85108287658057180       0.90991214828541078       0.92009866596976031       0.86497695597486379        1.0512543220527621       0.86171553820816893       0.87713878249648336       0.99695967617370729     
  0.54324105770811038       0.43824856857394101       0.39853861977323296       0.68597512051614806       0.39274441562963408       0.72289246559586873       0.30745601291042063       0.46665518084352497       0.40393812428057407       0.40171439535132542     
  0.92742412854260958       0.94846332992849836       0.84017409204917137       0.82936960788559777       0.84091812721104597        1.0429046871660554        1.0197187576145976       0.87793586352333852       0.73671636977394139       0.82720479745205844     
  0.55645873938327373       0.45251400139779119       0.41069262309856247       0.70336201033616474       0.40852242368062208       0.73036574016461797       0.31397814999516965       0.48115630339149945       0.42033004305234500       0.41631720949166146     
  0.84118840869454348       0.99107215676081784       0.96243279369171097       0.95683090994751230        1.0154696026818062       0.89494328084353425       0.85790799313889243        1.2039225597449135       0.87577202575421365       0.93788014231010053     
  0.56963347374815620       0.46819351958944122       0.42437417490635004       0.71935448925616241       0.42413876666703970       0.73767043610758709       0.32110161632723605       0.49545181721579507       0.43604997310598720       0.43023180097903552     
  0.96122633816675818       0.94142219389114512       0.84495903736739897       0.87151337828704833       0.81053679341607332       0.97765698612477991        1.1134716698606042       0.83381412644150976        1.0417534967425532       0.96203921520080360     
  0.58295963193943368       0.48444163052130351       0.43856510497248058       0.73537554209175571       0.43968704362701366       0.74468940991714894       0.32779597104534902       0.50958115022274275       0.45072444530370859       0.44402852455930980     
  0.97439298920197137       0.95546923801049621       0.89000656844148773       0.91589754993338179       0.93671427083672765        1.0298350953882387       0.94649196777526567       0.91825811296563453       0.83167535126385217       0.90709171813723000     
  0.59654084342839742       0.49970165991544591       0.45439096828115422       0.75057422141785668       0.45515784441301355       0.75166492904645554       0.33386622154525336       0.52326757222227760       0.46544764193640459       0.45726986958943466     
  0.87514107860787116        1.0278188821975922       0.91681682510969176       0.88439602021634944       0.87040380206687684       0.91004376315301783        1.0080661272689002       0.98311799370135045        1.0035043191397295        1.0982925804226369     
  0.60963923996701630       0.51472979577045819       0.47026978961951121       0.76535430243926761       0.46994587095692653       0.75776243360903139       0.34013514485676805       0.53683254044001749       0.48028701548112079       0.47056093089788759     
  0.97479058781516748       0.91710255294403209       0.88242655586848007       0.87875725745567601       0.86709113323007836       0.80056027103828853       0.97841646008015959       0.88910338799348121       0.89344721915551684        1.0807275608477223     
  0.62238330808273734       0.52827071260237513       0.48582547712895052       0.77948253467062656       0.48521661209270706       0.76396579404412579       0.34671467947281343       0.55071963750874686       0.49536711284125501       0.48436006197635012     
   1.0032938161938452       0.90408191168426988       0.93738167689241736       0.93529561980448361       0.94987580490248569       0.89645885404039205       0.96693867596551986       0.90788427752145950       0.86097391027355552       0.86827979558080304     
  0.63462703590083724       0.54165181988304756       0.50160004601746599       0.79332444182664208       0.50067078930271469       0.77014792707186364       0.35337072787512414       0.56447187004008903       0.50945653338127084       0.49814995938123574     
  0.93648781648357915       0.83980608863413320       0.87003528555744225       0.98012843314813014       0.91894611142216587       0.76336704978483061        1.0120166243235529       0.85148658832643220       0.89951222645172102        1.1010212993158413     
  0.64645930632308857       0.55437060415724349       0.51671191164820907       0.80629060887830550       0.51673821887278670       0.77629538064615733       0.36077339259932240       0.57931619040182591       0.52351705573791896       0.51154798879010221     
  0.89599792356805874       0.99810839524561945        1.1461584232095094       0.90140278316956435       0.96807568371618558       0.80008217668098358       0.86694333786766653       0.83683296025360876       0.90066274345280006       0.95684657042921206     
  0.65807225603805808       0.56676677563871170       0.53213209570903919       0.81930069190404853       0.53358094702194336       0.78221074014160918       0.36826059051188675       0.59427674577003231       0.53769541966004730       0.52489720324971267     
  0.95348344947708807       0.89050260550077398       0.84420803104384678        1.1998281324702755       0.90458672284039454       0.80596205000599286        1.0387847367108334       0.88598136099287961        1.0440545820473575       0.96527582242115550     
  0.66881771663905332       0.57976190051870991       0.54778161839081219       0.83092324385835770       0.54957304904071691       0.78804601776921068       0.37588964818925452       0.60939040387375165       0.55155471205433582       0.53829134249350741     
  0.85554825916737831       0.97038778371894685       0.95310991309396131       0.83862752309011945        1.0487092312844588       0.99699470450582983       0.84078682641693958       0.86431393962149894       0.87871851312688098       0.90439760360203014     
  0.67931043601833385       0.59250601666503067       0.56337445994704627       0.84251283007703170       0.56476187662893951       0.79456367594609589       0.38362564591807619       0.62445820244038064       0.56465047160513138       0.55183055720103280     
   1.0071438361467246       0.92171826172222826       0.84481645654891646       0.80058693282235016       0.82901075472547248       0.90445289136249041       0.93821704962908126       0.90654017066483539       0.81777172324253133        1.0895932423658208     
  0.68980614622549252       0.60588070156918039       0.57858518229938338       0.85334293088687818       0.57974420217364742       0.80112102962285781       0.39127414078037387       0.63966719970702857       0.57772517951106261       0.56548567898983138     
  0.87081871701600500        1.0029533228720253       0.87754676289344535       0.85937326185486529       0.83447334909506254       0.77131856638415863       0.88218363886285289       0.89587478517817898       0.84778766778997594        1.0856394238106761     
  0.70026801192541044       0.61934673906896398       0.59385107576271412       0.86402734010575533       0.59488161961155062       0.80709744692007002       0.39890491107780657       0.65508792513247471       0.59077214787036625       0.57943872115624373     
  0.89506373693313990       0.93608598454025005       0.98311271310545756       0.90860721948044998        1.0195734892342461        1.0078546686852135       0.86845190542736428        1.0602441439010724       0.83421742541926025        1.0215221333836741     
  0.71054008692742798       0.63258255613539427       0.60761805600116892       0.87317664319315991       0.60922657145970838       0.81297739239828226       0.40689282481038325       0.67100617703646781       0.60398958137832415       0.59351766222389790     
  0.76704034512240993       0.92719839428419970       0.92348918261118373       0.89471645111437093        1.0375675498855956       0.94087854991128217       0.92260926018497591       0.87069387352644434       0.76826656188131304        1.1047061681900845     
  0.72042469027221689       0.64582823737179340       0.62143935608427825       0.88254536946860263       0.62298711341090707       0.81893494554570712       0.41490556736873757       0.68688331690140392       0.61714976611167527       0.60749596226772584     
  0.85422805887788966       0.89683245336837725        1.0612683974114228       0.75411698982255171       0.93388023124187025       0.80404384147746466        1.0998368739654465       0.88878069522506464        1.0139268694526569       0.79062567285907082     
  0.73012948677524470       0.65916450054003228       0.63732838829357219       0.89139193974339848       0.63877061985248718       0.82477488898412421       0.42388304828688239       0.70271950694936214       0.63013039870687904       0.62178107075248468     
  0.95089566881953214        1.0376941376747164       0.97429534551977226       0.85409413133604206       0.86345358013968398       0.95485071493435958       0.97637780403326424       0.79406557035117575       0.81738348945944228       0.85534277885984145     
  0.74050185026366400       0.67245462915603227       0.65310738247133082       0.90019602357096640       0.65498322054220992       0.83086531704290922       0.43277553767184146       0.71851517641328233       0.64289488025518648       0.63627678864397774     
  0.88505851575811145       0.87282899339135489       0.89025601383757880       0.89197792441459434       0.97424591015098538       0.93507831026124733       0.85667059695906445        1.0037008411611879       0.81350427348856180        1.0516891743272969     
  0.75151094425594067       0.68583850112818767       0.66932789392496339       0.90814821476798768       0.66976471466185439       0.83700516030476668       0.44255119372731072       0.73392407649651803       0.65556173175234089       0.65112096261211760     
   1.0786180201382534        1.0284693613437239        1.0412726326854358       0.91683290495432868       0.89647753302659627       0.87764802905217165        1.0619310171367438       0.94583791370706660       0.84208822060656652       0.86593543898924075     
  0.76255005042063395       0.69918542055380228       0.68536950034578537       0.91568629662905354       0.68407327303029186       0.84368485111125957       0.45224276622946841       0.74910290949644920       0.66822162306702815       0.66608964539808080     
  0.88268077435250036        1.0990105225748221       0.87564012311650485       0.83242347889736434        1.1703369621583242       0.94317962155541080       0.92487860643263153        1.0790063476937755       0.89930801658661763       0.92562217128717206     
  0.77347112331756385       0.71320323750680337       0.69976707165784113       0.92243950474175129       0.70067142922910841       0.85032355416602134       0.46232604505226671       0.76537972580863245       0.68076408200299954       0.68136967242132984     
  0.94383286409121003       0.89701512712510378       0.86092060761876432       0.84497915280549452       0.98983018269937395        1.0613351341383914       0.91529880116947637       0.92826500811392143       0.91830112575760270       0.83520613374719721     
  0.78417301371337289       0.72781210313233879       0.71458418293053327       0.92903569996192870       0.71704256209141715       0.85711259420261210       0.47262637658495643       0.78174306146048400       0.69321215279286252       0.69680254320516044     
   1.0085293416266623       0.86320490027093000       0.94342411078568367        1.0612583886636147        1.0849105700308126       0.95683246943459033        1.0685110475255695       0.96909170664535760       0.89377337181780570       0.94609841345081025     
  0.79465551359298681       0.74310812308683760       0.72841325060638418       0.93554320732026530       0.73401527552795254       0.86400000488312612       0.48326896331583297       0.79767900726099084       0.70614907764719703       0.71346978202693523     
  0.98871424246294892       0.83629523403350203       0.87322658926014385       0.94906263755634634       0.96608908573826247       0.96448022210838036        1.0403458147105267       0.87649271261810546       0.88480130215161745       0.92863795463835441     
  0.80541080144172272       0.75871462613994389       0.74235029151469578       0.94190720608894207       0.75082512718251471       0.87039512075031289       0.49400213480394545       0.81335359239287763       0.72021024211967388       0.73063046733401338     
  0.94355285934434008        1.1723640529542219       0.90296140822894333       0.91621674054018343       0.90167454082702603        1.0742596191194835       0.97462674534438776       0.77959277350724854       0.78900501040337434       0.93959590212946065     
  0.81654616287444337       0.77370053423508001       0.75866799421878472       0.94787081781360083       0.76712430629633455       0.87666797335168523       0.50522640596968971       0.82707722839182007       0.73507473398427781       0.74815656875373293     
   1.0283059149803477       0.96654054688869884       0.90252570796176979       0.96129804284978848       0.90303757161046472       0.93263812188940898       0.92764559357422027       0.93656727194790268       0.91406838437750271       0.99731941522699064     
  0.82753412320952113       0.78862669568807353       0.77470820533156326       0.95381911706790345       0.78384579838556412       0.88282068541776859       0.51678771955876379       0.83993238922409053       0.75051399475513436       0.76543291374499955     
   1.0547849384967536       0.93050325402963685       0.96764802859688892        1.0081251637292206       0.97363878967443562        1.1902158232886308       0.92205138298058908       0.89952964814276581       0.90985888447769070        1.0241199367377249     
  0.83821651030886146       0.80321737626803302       0.79040471815495239       0.95879627217302277       0.79970973923579702       0.88888480097521194       0.52897904178399213       0.85232373651564497       0.76600696733971108       0.78272446955669095     
  0.83061532158341589       0.95260158210086321       0.99080006679359856       0.97786879477567024       0.83211365184481700       0.94578363630071016       0.92692591821440207       0.91386008252491568       0.82401440218800026       0.99128301105372540     
  0.84865999793728331       0.81732165830549242       0.80679479738412718       0.96377285771276477       0.81617956845574569       0.89476927227495628       0.54162308967042250       0.86440791628970781       0.78207723508812899       0.80014251270124237     
   1.0057645496316541        1.0482080059529106       0.82880994377953143        1.0240648522412337       0.89126637699968836       0.94681405043515321       0.92746586884921545       0.82735594701657778       0.76896888435412103       0.84174329421029725     
  0.85886706955482961       0.83239064038395827       0.82229548488822857       0.96770605064596749       0.83317373401859474       0.90056816395994654       0.55512315862885009       0.87713302770488843       0.79892182358270614       0.81764897729772856     
  0.89107766947745981       0.85005381848474160       0.92992870618524825        1.0299074716854439        1.0598066851519330       0.98584430796858924       0.85884041101819009        1.1532393259205784       0.84695006704166942        1.0812377222619856     
  0.86914463246260398       0.84763505102311210       0.83782584859781117       0.97128229538308164       0.85022579045672586       0.90653119454266118       0.56877818864116358       0.89007461882286254       0.81658113148834410       0.83417981788750484     
  0.89840426803576712       0.86917180733189825       0.88163993165126775       0.83202271160868857       0.94714130130017748       0.98326387068275412       0.87949972166456225        1.0133647211273538       0.76096418176361835       0.87696810550388515     
  0.87970103872503325       0.86243825284685027       0.85345072970642832       0.97479444939667703       0.86563325877135933       0.91270322804985748       0.58538131118025738       0.90326680498960610       0.83412888908621163       0.85042500806604027     
   1.0076279770993382       0.86933778612952639       0.84410709781204385        1.0086161186215019        1.0854802497632332        1.0142120567793387       0.96703830451529260       0.94622955866861413       0.83858830410378515       0.84448653524223061     
  0.89062068276944983       0.87700033894454754       0.86883423702548312       0.97819639051761031       0.88068018548240201       0.91927964614261570       0.60330853295712694       0.91667993671802872       0.85137279269233301       0.86690432622241920     
  0.99833394183068702       0.79721631752608568       0.98799334867361499        1.0183049899502012       0.99740502946572707        1.0017786728422284       0.78238174050056519        1.0675218698675304       0.80980416069331695       0.92305426679760527     
  0.90195202863632218       0.89283398265703795       0.88505122309732542       0.98142019290642801       0.89653541390416991       0.92622596818019554       0.62275602889785653       0.92836714815355503       0.86908468851941267       0.88308053724429991     
  0.90469485863989840       0.95060218059496071       0.95436743812199509        1.0979804368408397        1.0129465282137311        1.0596340408179754       0.98999926626810653       0.91664672248656898       0.89218417044216902       0.90524302856960359     
  0.91322517502452472       0.90901241332477400       0.90128630057713122       0.98445974560622351       0.91245596851866217       0.93340873085644149       0.64313112138771711       0.93930767906992696       0.88668642921379681       0.89942053239537834     
  0.95314596911794980        1.0902947388198914        1.0329854187653589        1.0257313513074875        1.0220614764814600        1.0493405042626289       0.82270312061223516        1.0692731463315512       0.77593047887495581       0.99565724404814693     
  0.92474126632825793       0.92360946564832724       0.91723720304219569       0.98742161057145728       0.92738543350533820       0.94117891418924393       0.66639535501336367       0.95007155676340038       0.90589622672226944       0.91556563625229537     
  0.98221309322164074       0.92916307565390965       0.94056084482403812        1.0774289925882639       0.89438633974381276        1.0634181215781173        1.0288444966466981        1.0140962157933711       0.91721402033048427       0.81146797291781536     
  0.93660647108835682       0.93789752547058869       0.93323627894562944       0.99026591269533848       0.94223044870803907       0.94902711314173460       0.68907884293574084       0.96098278897685485       0.92485136585622507       0.93116708720283381     
   1.0771323698508286       0.84037785797178566        1.1209158428638255        1.5321926371313732       0.91522171277071973        1.2846331559157282       0.84225887696697488       0.84870308453427967       0.77969918897418289       0.92624975091344919     
  0.95032523394501078       0.95381425641494699       0.94955603346701167       0.99296274438833410       0.95715353071013864       0.95953892548111819       0.72134108279531106       0.97022261400938947       0.94417557673168118       0.94909157293210766     
   1.1393764449832369        1.1218607173233821        1.0490173769842353        1.2071577184631452       0.87173489682444982        1.1957722700372400       0.90304987520387214        1.0228983888141181       0.99882750977892409       0.99497884076798915     
  0.96376822257327666       0.96960930383616517       0.96574544314344091       0.99544531431004113       0.97233097196655582       0.97026405051164788       0.76070476956863797       0.97885933911390910       0.96330417432167947       0.96678090935463068     
   1.3537779578381819       0.99008930662217087       0.94339067632107532        1.9218693577651731       0.93541160410328839        1.1289446584643617       0.87249094484032808       0.97996055888535427       0.79597424107842651       0.84054044868541800     
  0.98190834836878893       0.98497268572545038       0.98270041308807432       0.99777482283982732       0.98621548209994914       0.98376328877760111       0.85292577401629155       0.98924333720197488       0.98175392299820374       0.98358566409531845     
   1.8193547496899638       0.98937542795777966       0.91817337701901247        1.8410855448904344       0.95554806136221715        1.0404910875736013        1.0331653311838087        1.3184084508431715       0.97063780173588010       0.90958074043773562     
   1.0000000000000000        1.0000000000000000        1.0000000000000000        1.0000000000000000        1.0000000000000000        1.0000000000000000        1.0000000000000000        1.0000000000000000        1.0000000000000000        1.0000000000000000     
   1.0959773990789468        1.0226773006575416        1.0298843903460679        2.1208244430048087       0.89780574830956505        1.0238192683882044       0.77590991310427859       0.94162701872343402       0.89661763114051896       0.98835499572757335     
   8.1719088006615586        16.187940138445281        11.011243366462283        13.749644195215396        6.9063721760806036        7.5719682498049430        5.2070211786668414        9.6393482488521123        8.4115314536058143        6.8696968416934174     
   9.8855689598252621        11.640245320582808        9.4176603345800380        12.817688686395874        7.3272521822114474        7.6735051598057611        9.8087769142920003        9.1236614334537336        7.6521458584353024        9.5979279599270484     
   7.4182298264865851        9.5488380639191703        6.1906147100652058        13.258630950169124        9.2730416982777264        6.7312760240343872        9.2600601314825699        8.7967858922592868        9.1097700746179218        5.9336760197689618     
   6.8408842541762649        11.864862189314254        10.522772457961333        9.1816903520812332        8.4955050274089920        7.5477482282504802        6.7989798138526139        7.3259290831536212        9.9315388883611693        8.4307556730525448     
   10.050399586147618        6.0715135318837357        8.1521369477192458        11.590285174605526        7.4570477261009556        7.7079219667242818        9.4862101412906448        7.8515132539022447        9.0551657911861341        7.6293833512536233     
   9.3994621702157488        6.3029961698018262        13.605349866359404        9.2550256398126329        10.260362565182380        6.2282999410239972        7.8570686387984896        7.8022185428061039        9.1832578507383982        12.531032234637648     
   7.3101177684858305        5.9650882568808568        6.1636456239376471        8.5161238073234173        8.8718230080339406        9.9836438220973722        6.6445461239029795        8.4888922560428508        6.8156654884106436        10.760793908958547     
   8.1837099403307594        6.0635473269446125        7.8956114151506664        4.5106021510080039        9.2940020222777449        11.689331451084723        7.9884837788691447        9.1760275431263931        8.3523662652915895        10.202509480478781     
   2.7048234080897914E-002
           1           1           1           1           1           1           1           1           1           1
   4.0391384088722962E-002   1.8744090042594756E-002  -1.7337228865569476E-004   8.8381134809111224        8.1801883939562506E-004   1.6243383446970618E-006
   3.4792452922208938E-004   2.9564099168111771E-004   9.3294915285605626E-005  0.31741978710659136        9.3203774333168029E-005   1.4302417476970699E-007
   5.9804041038621454E-003   7.9779269913026951     
