  0.00010289613018732  0.00013323325689031  0.00016216233404436  0.00018755738240362
  0.00020836173515970  0.00022640488328824  0.00024341743038609  0.00026051723763946
  0.00027753758440428  0.00029325750709728  0.00030809040414697  0.00032368177495101
  0.00033999592163341  0.00035825406797104  0.00037620536939358  0.00039341812146336
  0.00041179249782152  0.00043126463443500  0.00045156792406831  0.00046925214455329
  0.00048513949829330  0.00050100628924816  0.00051748899815010  0.00053403730624297
  0.00054973787727255  0.00056470557734407  0.00057925451570710  0.00059585179981063
  0.00061125001254998  0.00062461774407026  0.00063802142011858  0.00065213200272704
  0.00066618387655186  0.00067973737607359  0.00069285095754636  0.00070567369749115
  0.00071961344560567  0.00073254522923882  0.00074558987222834  0.00075882200326144
  0.00077181635160532  0.00078437251099836  0.00079642328380508  0.00080801698854062
  0.00081908196225209  0.00083013860464542  0.00084108010675352  0.00085184926319707
  0.00086293991650701  0.00087407653619145  0.00088519962372083  0.00089676720774393
  0.00090874383922069  0.00092264121060443  0.00093798047500615  0.00095513419767609
  0.00097212611082741  0.00098854223009728  0.00100668865067123  0.00102815507199478
  0.00105278826402410  0.00107882321909903  0.00110323814692015  0.00112810856437920
  0.00115489296492960  0.00118074337911839  0.00120607615463734  0.00123233594995101
  0.00126185149716157  0.00129864531272432  0.00133899574693295  0.00137914432846997
  0.00141820044584247  0.00145995915281769  0.00150245945355823  0.00155993889734495
  0.00164152714070234  0.00172161468555315  0.00180527700705089  0.00189138663402240
  0.00199095835026046  0.00211213205403083  0.00228248562045269  0.00247351010393937
  0.00266230995636551  0.00286594068174844  0.00310619411506929  0.00343191490247242
  0.00389852417190338  0.00459433577063015  0.00556078790699234  0.00695494963149487
  0.00999812226076243  0.01846510461393717  0.07235675885935947  1.00000000000000000
 -0.00001671528393972  0.00047867253729132  0.00159975648778790  0.00367660522175747
  0.00629074856724372  0.00940186371790524  0.01277843447956580  0.01629883826490973
  0.02066465513892293  0.02597205495602633  0.03146384776487607  0.03795324556925041
  0.04434865637292451  0.05213840709150547  0.06067361116620894  0.06886955366914588
  0.07656070892140548  0.08386081947099161  0.09181291663493954  0.10120476117725316
  0.11003726742038383  0.11797472856014012  0.12603410686862790  0.13483524689918597
  0.14431152720104568  0.15304949656069955  0.16102720739192014  0.16897966386233579
  0.17751809965414087  0.18555399738490738  0.19306947926622917  0.20051408545677682
  0.21042001865082410  0.22136356452321707  0.23285554722479923  0.24472836620221114
  0.25609971564350198  0.26704652705585979  0.27718108468827191  0.28721561276185908
  0.29770937985084295  0.30888139028510236  0.32027032133958405  0.33193601987002969
  0.34272392778776661  0.35406288703176975  0.36553363182816484  0.37778618901191291
  0.38830359811387932  0.39906782976089639  0.40920011959119185  0.42082215671848217
  0.43297277136796175  0.44475099241881583  0.45528536798562946  0.46508155933639589
  0.47500052512483759  0.48546362667166709  0.49654386103552234  0.50850035743691135
  0.52150001415873748  0.53528888603870772  0.54899813881021897  0.56341064508496841
  0.57691628210448698  0.58995798831313451  0.60338162506132886  0.61542400546415599
  0.62821348692868095  0.64084507317310602  0.65411991792584723  0.66810007846407238
  0.68119124062116043  0.69376490759622422  0.70614930746907145  0.71861151376165455
  0.73147423522549049  0.74395869290553029  0.75666339973104457  0.76978447097372915
  0.78351530620698440  0.79907676490169322  0.81428251677668817  0.82989347856845108
  0.84644675293735538  0.86275298731163674  0.87807166980455875  0.89213827559133319
  0.90482352741206129  0.91849565554103085  0.93296463462560841  0.94757979795004721
  0.96110297959143109  0.97417280311674126  0.98709480705093910  1.00000000000000000
 -0.00228357203713902  0.00831790292002336  0.01738888099963600  0.02789509833527015
  0.03863257712339574  0.04995962995434982  0.05999825353884786  0.07004643673948739
  0.07999367323003896  0.09034906907925033  0.10139476517479751  0.11254062412228080
  0.12428053386072677  0.13498548525195941  0.14438767786410617  0.15296030727393820
  0.16106979726206128  0.16935790594466862  0.17854406243450724  0.18765493324831609
  0.19751022211363750  0.20742637239589168  0.21763265660240697  0.22740621842333428
  0.23723876489608967  0.24717742317623098  0.25876533143163205  0.27091333076559776
  0.28254029637320360  0.29379402508726987  0.30383128237568535  0.31331341003041480
  0.32408659928955935  0.33540481952468959  0.34672090608458006  0.35727298820572029
  0.36751134751745923  0.37872749237740916  0.39145600586744950  0.40348773890070511
  0.41579248447748601  0.42898382004035512  0.44237794793121932  0.45432382939276039
  0.46488729527859030  0.47387498251480847  0.48466082918625802  0.49639886052940924
  0.50862233072453356  0.52163605693994175  0.53646445050294289  0.55184800763308295
  0.56421794107312317  0.57297840560245872  0.58034094838273020  0.58758034331310915
  0.59520658320050879  0.60342418573738221  0.61387532321275018  0.62468836190906751
  0.63617447422104112  0.64681723145559167  0.65716563977720743  0.66733511110784682
  0.67716342061413626  0.68694853698146940  0.69639642770335908  0.70593425482289185
  0.71569807505760186  0.72582776653298575  0.73664032000261637  0.74940738640762106
  0.76128107403822531  0.77284744051630816  0.78406389805999188  0.79492032119847833
  0.80592223356252135  0.81725266590116052  0.82944880163022172  0.84079410374277852
  0.85220627612454958  0.86226610717621355  0.87357206602729354  0.88213046356190328
  0.89079347332248071  0.90014480853187429  0.90907159646008895  0.91869646010668338
  0.92966317030409806  0.94097449331229743  0.95145395192989479  0.96076918206922801
  0.96965454483566682  0.97905012515724898  0.98914352137539130  1.00000000000000000
  0.00399950475988819  0.00993782382640679  0.01565145258103718  0.01976436297875497
  0.02442197226335184  0.03008002582515699  0.03706379096355709  0.04332642180340564
  0.04965053969818418  0.05523906094880489  0.06103615180008803  0.06863007512562491
  0.07783366693239160  0.08732809363254405  0.09604178593280639  0.10637032796529355
  0.11648549524652073  0.12658918424167392  0.13551971075386962  0.14397419433013542
  0.15286894383947366  0.16319724008861322  0.17549951829447130  0.18778535166429589
  0.19999379404664400  0.21107897291569211  0.22116529538318169  0.23099465592266941
  0.24113369824291939  0.25179711233094992  0.26220201262990717  0.27356113741187843
  0.28547796402204623  0.29869735874779862  0.31233416004806508  0.32624274323155239
  0.34055653044067674  0.35471173023367353  0.36910664015701466  0.38353682560304497
  0.39877826642149994  0.41452062649920413  0.42980605663662114  0.44489655070320877
  0.46081094542543394  0.47779816160015082  0.49314725198147491  0.50713076378847244
  0.52091314051478144  0.53469604488603140  0.55142200314136369  0.56792690391220302
  0.58382825484400702  0.59995870296236298  0.61474543214011135  0.62796690256660614
  0.64067790625622467  0.65404933107762386  0.66886457377424147  0.68411435351717420
  0.69879026159855240  0.71334538689894722  0.72865625146614654  0.74131262860509983
  0.75252731098855075  0.76326559388010462  0.77476876938387340  0.78684630719229876
  0.79668895123627637  0.80524347789189643  0.81458092241152746  0.82406558956099307
  0.83343057246225372  0.84140098489132986  0.84845879990401551  0.85700588310934078
  0.86654179576628887  0.87571490679496888  0.88407392230153548  0.89201451308728930
  0.90117929976590128  0.90865088094273738  0.91613824244507924  0.92333478588399853
  0.93048706792817781  0.93803202487407700  0.94790451872043036  0.95601578830150091
  0.96242052968283265  0.96781292000618202  0.97481872853986440  0.98047964086954698
  0.98527960519819990  0.98974790198457052  0.99491935686526456  1.00000000000000000
 -0.00208134675061522  0.01314041655983161  0.02549627814308192  0.03857541919875812
  0.05128473947666102  0.06305509955192576  0.07074118795274230  0.07699537751923405
  0.08263212851304938  0.08812069470373653  0.09432426652525955  0.10167255170904307
  0.11106394700624361  0.12199151845286793  0.13406238243653051  0.14603731876753950
  0.15640459848228686  0.16548111606089794  0.17387650317314629  0.18217562171165444
  0.19005829208261199  0.19744085031646932  0.20568560376906442  0.21237549598052718
  0.22007098118679108  0.22815885350760165  0.23696924190947311  0.24743919385332555
  0.25798647647623618  0.27050367849857188  0.28380255978439978  0.29726588974210710
  0.30980191343427133  0.32228396374041152  0.33441722370453025  0.34540360455482544
  0.35510904114430647  0.36465534916025805  0.37435675745440233  0.38560148196531707
  0.39819939695484946  0.41118102831373460  0.42445971825133855  0.43663735307181223
  0.44722200749331470  0.45756379928433499  0.46924525709234766  0.48183453981654084
  0.49324468688498002  0.50443915856091326  0.51656064399237711  0.52735457488751125
  0.53702281494441240  0.54670858929513122  0.55660066982022161  0.56658801109276569
  0.57587895870197314  0.58625048697066096  0.59733176961168777  0.60774794960731537
  0.61883763609049325  0.63083669144193411  0.64310768131568641  0.65492222478615780
  0.66656555827356778  0.67850688166975026  0.68973424094539182  0.70043348752174062
  0.71023297981447442  0.72055996968661384  0.73023867996654701  0.74041089625636580
  0.74933571122366482  0.75842690341016816  0.76880314832051910  0.77960352181913573
  0.79221637651946297  0.80316010998356380  0.81364853293651584  0.82492864549417955
  0.83789804064943296  0.85026548425205473  0.86217264109054992  0.87441522191733489
  0.88685575196613164  0.89825559343138384  0.90903557460543050  0.91983424382250556
  0.93087225419192576  0.94274641533974746  0.95247940380202512  0.96284702303685654
  0.97207801355442547  0.98205640726194421  0.99105602634895273  1.00000000000000000
  0.71949907072173258  0.72811238263223166  0.73309849974155961  0.73718022013092499
  0.74279022600162314  0.74808713010427197  0.75036189918524554  0.75235459858103493
  0.75424791325605456  0.75699782259862047  0.76001446250853111  0.76299149337339311
  0.76680642519687647  0.77056467417212471  0.77450072191107056  0.77878316344049581
  0.78306000633313044  0.78712910686990256  0.79115790802981112  0.79509431867937175
  0.79878667004493420  0.80210543272772428  0.80533415551669740  0.80852674493635646
  0.81138726759394519  0.81428242377027527  0.81675764929552197  0.81922373551755956
  0.82163855797944962  0.82385488527829376  0.82633076264439453  0.82874035005331315
  0.83134344299040064  0.83451055196065038  0.83836432826940743  0.84247349468880117
  0.84520721715984470  0.84765625246014042  0.84999627063647032  0.85248764183540238
  0.85524841149741082  0.85816754934041473  0.86098285233897831  0.86366227904226023
  0.86623508591051812  0.86869397355146960  0.87098154415425244  0.87323281560411870
  0.87560381622232641  0.87795537381022770  0.88030977059136817  0.88281196994937650
  0.88532746351491842  0.88766717820219787  0.88992001571780366  0.89221388189874584
  0.89462833863847202  0.89678006381929365  0.89878031180764906  0.90071472403449437
  0.90265269155966732  0.90490542981361710  0.90728793118121254  0.90961976855443949
  0.91180013179549535  0.91397701735011727  0.91592646098634811  0.91779613329324672
  0.91962119698575628  0.92141709396041738  0.92336378582558376  0.92565046375382110
  0.92781277398536377  0.92996149092372316  0.93196496610808932  0.93397859509946601
  0.93600238710385841  0.93808335058870540  0.94032935198343048  0.94254085779933872
  0.94462459630102569  0.94672054170458830  0.94877878957326034  0.95081746688673374
  0.95313046925194300  0.95558138184915631  0.95810513539131448  0.96114732427116345
  0.96417879943920226  0.96718396281611529  0.97018795758688725  0.97327642358825528
  0.97670759877855795  0.98131631911556139  0.98862887245168507  1.00000000000000000
 -0.00708705554844472  0.11839029735239490  0.17471145118391523  0.20771560076429776
  0.23187122499328172  0.25532863628025709  0.27707903626247699  0.29677276665852398
  0.31332774210339021  0.32847378927625487  0.34267264486264620  0.35510899489513581
  0.36660212296831612  0.37678893437701921  0.38719588198138249  0.39681619546818009
  0.40493740663632716  0.41244818954687590  0.41948180300964477  0.42649732782640448
  0.43342912798484196  0.44078460484357246  0.44743864562841479  0.45439567765460342
  0.46162394606157475  0.46890005328693246  0.47618290195368701  0.48201770760582374
  0.48796127771632053  0.49357750974107301  0.49958214890429309  0.50597539136084246
  0.51282710949177956  0.51948109151767785  0.52576669083591010  0.53133540674901314
  0.53644674478083276  0.54178593639592354  0.54769866213923102  0.55445816547530569
  0.56263147582298922  0.56927793430648699  0.57524069394327282  0.58086344877065665
  0.58597481343304481  0.59082067653797710  0.59551232698308287  0.60043204704580533
  0.60517510320733559  0.60991966211002968  0.61466819103770742  0.61985229456084412
  0.62578999081776443  0.63303172445253297  0.64065425146358512  0.64784723796440069
  0.65539104506930268  0.66230080629684751  0.66859269191355097  0.67402332894947636
  0.67858882413354993  0.68302322046769703  0.68720295408106014  0.69161109699167300
  0.69624022366247729  0.70093679459004221  0.70549402857236199  0.71016709651533350
  0.71485742162445265  0.71996494058025184  0.72533610039665586  0.73094662588163239
  0.73596414100221907  0.74055485014603173  0.74532712542956081  0.75073385546469784
  0.75861917389129663  0.76615825192971609  0.77289097189916578  0.77885354228186965
  0.78388518219424064  0.78885420048393828  0.79382526190318436  0.79860026344915513
  0.80430075020497993  0.81018593714431075  0.81654708588721092  0.82401583148424584
  0.83280168115573405  0.84313837109264356  0.85390307928412601  0.86612353066163339
  0.88058056428400178  0.89832481379237250  0.92653532318535570  1.00000000000000000
   6.7980015729999997E-009   2.4655686956500002E-004
  <DiscreteSampler_grid>
  Helicity
  1 # 1 for a reference and 2 for a running grid.
  80 # Attribute 'min_bin_probing_points' of the grid.
  1 # Attribute 'grid_mode' of the grid. 1=='default',2=='initialization'
  0.0300000000000000 # Attribute 'small_contrib_threshold' of the grid.
  0.3330000000000000 # Attribute 'damping_power' of the grid.
 # binID   n_entries weight   weight_sqr   abs_weight
    1   1037   8.398428653400080E-008   4.556074971385308E-013   8.398428653400080E-008
    2   631   5.890017936196498E-008   1.099242863515948E-013   5.890017936196498E-008
    3   1096   7.681598147835244E-008   4.736343860744651E-013   7.681598147835244E-008
    4   411   3.716182510403316E-008   2.567343590321115E-014   3.716182510403316E-008
    13   802   5.270822048593813E-008   1.296600436784914E-013   5.270822048593813E-008
    14   832   6.959182941729138E-008   1.650021124727238E-013   6.959182941729138E-008
    15   1019   7.112135493430816E-008   3.429543435242821E-013   7.112135493430816E-008
    16   1204   9.097835075020992E-008   1.179213884196062E-012   9.097835075020992E-008
  </DiscreteSampler_grid>
  <DiscreteSampler_grid>
  grouped_processes
  1 # 1 for a reference and 2 for a running grid.
  10 # Attribute 'min_bin_probing_points' of the grid.
  1 # Attribute 'grid_mode' of the grid. 1=='default',2=='initialization'
  0.0300000000000000 # Attribute 'small_contrib_threshold' of the grid.
  0.3330000000000000 # Attribute 'damping_power' of the grid.
 # binID   n_entries weight   weight_sqr   abs_weight
    10   10   4.060383304860000E-001   3.511953426240000E-001   4.060383304860000E-001
    11   10   4.060383304820000E-001   3.511953426250000E-001   4.060383304820000E-001
    16   10   2.312453721010000E-001   1.100565070380000E-001   2.312453721010000E-001
    17   10   2.312453720960000E-001   1.100565070380000E-001   2.312453720960000E-001
  </DiscreteSampler_grid>
