  0.00000344141233622  0.00000359355660528  0.00000386901924017  0.00000419814830711
  0.00000459603584229  0.00000498066549271  0.00000531493112800  0.00000565218908547
  0.00000599565663594  0.00000644518475679  0.00000692819695930  0.00000748461981863
  0.00000810358298264  0.00000869347361126  0.00000927787509099  0.00000991523458849
  0.00001065331263682  0.00001145219409281  0.00001223276901288  0.00001304624913217
  0.00001387853799489  0.00001478451305189  0.00001559588374688  0.00001645786146234
  0.00001735994448664  0.00001835766353780  0.00001939722384200  0.00002038945635402
  0.00002137897263866  0.00002236016937024  0.00002361420384761  0.00002500932386623
  0.00002656467386249  0.00002825895357828  0.00003001341174100  0.00003191917048648
  0.00003399611426238  0.00003606670167904  0.00003813978367919  0.00004023037627093
  0.00004235072902711  0.00004452473821256  0.00004712440545041  0.00004985787008909
  0.00005283174911235  0.00005585218256838  0.00005884488939634  0.00006197828094902
  0.00006525325150465  0.00006902914089193  0.00007343556661293  0.00007808326272619
  0.00008305212299336  0.00008794247506786  0.00009340593969695  0.00009912502667005
  0.00010551382924593  0.00011260720271675  0.00011977441524031  0.00012720792727414
  0.00013488963426809  0.00014317253318363  0.00015236150624381  0.00016180312590279
  0.00017383995620797  0.00018598468190294  0.00020154360734309  0.00021843881969727
  0.00023665029448629  0.00025484095697908  0.00027298798529092  0.00029110647517448
  0.00031143150747436  0.00033306571764283  0.00035915275556853  0.00038741525720150
  0.00041711738799110  0.00044805968563153  0.00048008045068741  0.00051681228140384
  0.00055989375941480  0.00061663096023570  0.00069409490838881  0.00078350716166649
  0.00087715158244422  0.00097985210626122  0.00110748771743725  0.00128397018698864
  0.00150471739876280  0.00177557380761511  0.00211034733642963  0.00261082447988386
  0.00351383450342945  0.00559562463489706  0.01123076017036308  1.00000000000000000
  0.00024959906338337  0.00025166486161686  0.00025448410571451  0.00025995666821328
  0.00026584678204547  0.00027144074988686  0.00027766149354418  0.00028308623448214
  0.00028874445681785  0.00029427478102187  0.00030037096473981  0.00030710045559004
  0.00031387441864465  0.00032150547306140  0.00032884297285796  0.00033635579375260
  0.00034385774769749  0.00035173442042466  0.00036023675923312  0.00036917415150864
  0.00037975534902361  0.00039049022391990  0.00040109769833391  0.00041260177610011
  0.00042410438769591  0.00043609187623445  0.00044818401154120  0.00046030769610743
  0.00047321616750864  0.00048694209469084  0.00050141406506960  0.00051720812921527
  0.00053367794019390  0.00055156820460723  0.00056987378288857  0.00058841593632199
  0.00060708109680711  0.00062735279673190  0.00065092829893101  0.00067598880342807
  0.00070166108643150  0.00072718413364765  0.00075444939337325  0.00078321348290458
  0.00081407928270892  0.00084699479877519  0.00088066798176344  0.00091349694363939
  0.00094583462912051  0.00097860179768009  0.00101215491798533  0.00104730579505322
  0.00108399705955964  0.00112455826977708  0.00117038180648597  0.00121951993271349
  0.00126908386793132  0.00131890405378155  0.00137175512939200  0.00143205308774456
  0.00149437151141680  0.00155917542800309  0.00162831066058547  0.00169565097804615
  0.00176434077033680  0.00183448837326235  0.00190737914040192  0.00198196701222748
  0.00205699813674706  0.00213835909265068  0.00220216028676294  0.00226799594130429
  0.00233650146621141  0.00240563650538863  0.00248214366432925  0.00259887246571511
  0.00270701610864509  0.00283489105827904  0.00297475457731753  0.00312938877036937
  0.00332549362719984  0.00357845669579893  0.00388687979743646  0.00413153151694617
  0.00438970009729083  0.00467080070772205  0.00513130292184717  0.00558613212462185
  0.00604732063399421  0.00656933368256128  0.00792362309867903  0.00917214446783362
  0.01106019162537961  0.01368910636374738  0.02056273857030542  1.00000000000000000
 -0.00094465674437213  0.00860021039494558  0.01822268490387334  0.02922401440168013
  0.04058489765370188  0.05137185591778830  0.06279359169113767  0.07426952690808111
  0.08473870555666289  0.09510880633287583  0.10453097252321605  0.11398824306329586
  0.12395978294106837  0.13462617845373365  0.14573960502697691  0.15667510659736852
  0.16860659069483222  0.18061716180297074  0.19227129917358393  0.20312489973252659
  0.21322709029136822  0.22307412402763738  0.23263160367616870  0.24251802744783657
  0.25230804669551843  0.26091484461170711  0.26951374851137599  0.27791199563828289
  0.28660160800473111  0.29536698651082571  0.30429109564428686  0.31493828374048327
  0.32677136343098928  0.33874241362670032  0.35026704058984387  0.36184331610181342
  0.37397043646586714  0.38608149984500673  0.39749122316575031  0.40838014539699585
  0.41897477621522922  0.43026963308571187  0.44207654404391555  0.45415922659879016
  0.46562021421661204  0.47652440150918396  0.48699867296216820  0.49731141572170934
  0.50794486175887876  0.51858960313806390  0.52905182110158322  0.53891950587204807
  0.54870030355900401  0.55917020041353394  0.57068094189141161  0.58246344384773518
  0.59448672585522966  0.60728244135009679  0.62036047236457836  0.63046043643461880
  0.64007362318009797  0.64955043356686704  0.66003773244260244  0.67021854724944063
  0.67989543159566768  0.69054570307939067  0.70188450585742590  0.71381554453936458
  0.72526981037381333  0.73665974387176847  0.74743026722724248  0.75676997445290295
  0.76626738409685158  0.77542364187458024  0.78605107191668344  0.79657562835768847
  0.80728345588358541  0.81687187145186724  0.82600203635915104  0.83510731623407353
  0.84509415217776429  0.85534173817115999  0.86665072000126897  0.87832823771365820
  0.88954023803147064  0.89998924105057776  0.91044334406053917  0.92182166238403718
  0.93362923680358878  0.94436187631367174  0.95376076473408766  0.96303099550918192
  0.97158413782634045  0.98101496259475940  0.99000550431356471  1.00000000000000000
 -0.00011718868969408  0.00024050868162534  0.00050229946495364  0.00069515136185334
  0.00090887832688340  0.00112218390357957  0.00132804214515394  0.00152625144372010
  0.00177503234090530  0.00201999637941922  0.00225493349271000  0.00247947261618192
  0.00269896309532624  0.00291781532978056  0.00313423627353331  0.00334249156526039
  0.00355320607343475  0.00376704025592940  0.00398353883977437  0.00420172032767270
  0.00443657029097480  0.00467067719776001  0.00490389512244172  0.00512782208275311
  0.00535019925743284  0.00557350168135033  0.00578324851535655  0.00597859338821291
  0.00618061514176955  0.00638705935427390  0.00659605346945679  0.00680726763565724
  0.00703627608822541  0.00726769790462368  0.00750158106336843  0.00772862363920090
  0.00795097983066804  0.00815288659854172  0.00835448162470051  0.00854614069456970
  0.00873779976443889  0.00894657396863449  0.00916182593606679  0.00943029208141727
  0.00973923347119178  0.01021628473921926  0.01068115168767817  0.01114129399126104
  0.01150398186399594  0.01182190412402849  0.01210291527990017  0.01236819708581456
  0.01262346051900708  0.01290011670475322  0.01321105690424570  0.01357786113828175
  0.01395912265038427  0.01440109442342741  0.01486375000387006  0.01518997521738168
  0.01547322038661391  0.01572977245624975  0.01598406069036758  0.01624293258251862
  0.01655870201097016  0.01706336579798065  0.01767259809285735  0.01826614865917594
  0.01883067886418027  0.01939436715636829  0.01997405753457761  0.02107378410471427
  0.02248243667788530  0.02331659177414000  0.02383110569223361  0.02438087376628071
  0.02492951864587919  0.02561637715374621  0.02950054749195258  0.03080578982615246
  0.03169347946763974  0.03281321931525981  0.03396012613635731  0.03525730835303771
  0.03598394549319743  0.03679891810926545  0.03800432019612029  0.03982560238316330
  0.04230027058622614  0.04416087856320138  0.04569732088096283  0.04716058232214474
  0.04856058542388324  0.05573706052393498  0.47737453180443101  1.00000000000000000
 -0.00168717407870389  0.00702086314629921  0.01514945893437619  0.02258818793689151
  0.03038177999488060  0.03861630077721266  0.04744955812867648  0.05768926962247337
  0.06951798977784131  0.08097531584749362  0.09133989250091810  0.10108813626326205
  0.11016172670815048  0.11913887656065890  0.12799908288945469  0.13664969320744283
  0.14626825082382777  0.15728670906760434  0.16872967781732717  0.17948952416194919
  0.18935104507855616  0.19971868319120692  0.20947690201739641  0.21996045816532750
  0.23175563055725121  0.24372470652283415  0.25439300042170526  0.26460925143662900
  0.27554119487056705  0.28667358658685677  0.29759426823481339  0.30809851285793471
  0.31886347781104618  0.33049004635658424  0.34218034755395904  0.35424277750287148
  0.36598813133992647  0.37709535032429514  0.38704995883461735  0.39620025222336314
  0.40521869346673228  0.41437645543506008  0.42368942433514245  0.43296904256603563
  0.44275362910059196  0.45331891110463873  0.46468906771509494  0.47624022268328431
  0.48810095347878080  0.49988558929516869  0.51091582124239820  0.52131298290727635
  0.53167682231970392  0.54238698351579728  0.55401256343555116  0.56650035125358633
  0.57992566868494833  0.59216460425507866  0.60270706850274780  0.61272227156707260
  0.62213403877874762  0.63114668147466502  0.63967484011272746  0.64819323715886934
  0.65756980916726115  0.66728891822446468  0.67729117454551868  0.68760547484648349
  0.69810998234354471  0.70847940787758845  0.71915055386771576  0.73038469044763144
  0.74177271498693254  0.75189057911181190  0.76157835816835240  0.77116191734187356
  0.78157466253266750  0.79338853294160139  0.80530826626429031  0.81653626399037571
  0.82677767484845954  0.83725340225197098  0.84960592219633779  0.86297814095341219
  0.87745543972761664  0.89032442313281979  0.90241653362427743  0.91348090661748715
  0.92358971833214742  0.93347864068807052  0.94414615364765608  0.95600628171338964
  0.96833139539378654  0.97880774548437188  0.98971429100481878  1.00000000000000000
  0.72691915370677762  0.73441326681741026  0.73957995987702008  0.74453396504918667
  0.74950642858710037  0.75392220272244270  0.75678269297425926  0.75913912334490941
  0.76126941841268603  0.76340127252038681  0.76574885809362125  0.76837858029505013
  0.77153898198265281  0.77456090564999325  0.77776188102492705  0.78106406195508127
  0.78388222470960778  0.78688317049503353  0.79025943603658444  0.79544944574096421
  0.79903681863914666  0.80219036770692309  0.80511608503289067  0.80806076164273344
  0.81084735388990647  0.81386844564848160  0.81667960767061321  0.81924408635620616
  0.82176546190427735  0.82438776065507147  0.82728293600516656  0.83018632728232289
  0.83308463285926437  0.83580566615747853  0.83840015804760837  0.84090553515943389
  0.84321941249340171  0.84560211119340112  0.84780948051180394  0.85036355050043744
  0.85269495095879588  0.85528730202967851  0.85778962166737094  0.86036375167482904
  0.86291693274297965  0.86546622444203025  0.86808127164468230  0.87081509870006446
  0.87362673874625008  0.87626970529324699  0.87843840320491384  0.88063632711174611
  0.88281795843195487  0.88526695234760822  0.88767963561202934  0.89008219639745934
  0.89250217336476501  0.89485904557391471  0.89724512001620138  0.89955807644579322
  0.90190687462493868  0.90432427328654374  0.90677358003141995  0.90905106444792672
  0.91138533153969892  0.91360562891456254  0.91590011256702719  0.91817956221313135
  0.92042660675053756  0.92265145264878023  0.92476928560776384  0.92682402476584136
  0.92890757461056783  0.93108135992385765  0.93343563426901466  0.93602212334821366
  0.93861915819337027  0.94109176471405631  0.94350797376296724  0.94588781846871961
  0.94830082578084229  0.95075575612561558  0.95327560124304100  0.95590653719294394
  0.95859751887057743  0.96122652393857266  0.96381499782638569  0.96648137829591596
  0.96926981414183355  0.97228495335497556  0.97559450168589823  0.97902404265752663
  0.98264927072118902  0.98668263909795595  0.99197062036815553  1.00000000000000000
 -0.01133802567242004  0.10909709116058747  0.14870480737883943  0.17333855088209749
  0.19225179610694534  0.20909755807268310  0.22277826387578564  0.23412445639404461
  0.24307587444396511  0.25150323707764932  0.25947583859849460  0.26794138222821362
  0.27669704327813632  0.28584318787000823  0.29475731964526142  0.30306465405323801
  0.31050577085188275  0.31747090391976474  0.32445925741198151  0.33185525057549803
  0.33959305454870953  0.34702865113454540  0.35412954704821403  0.36100955601533330
  0.36744747751042378  0.37373753003032051  0.37957779412017550  0.38573663769111521
  0.39214717647421071  0.39820844704411529  0.40384219025044454  0.40922086502931931
  0.41460617103577024  0.42044047060462153  0.42623942508750262  0.43212501552798077
  0.43805243105134545  0.44398925926677396  0.44947394031055105  0.45471128548563838
  0.45989101093317442  0.46537286677710143  0.47121961488906849  0.47684794083871257
  0.48213841059952040  0.48728931879181220  0.49228471595034795  0.49725742863644590
  0.50249591791250348  0.50774444733144519  0.51321527657631127  0.51888932792434228
  0.52506621887959382  0.53080323393056028  0.53627511207902678  0.54167465882290089
  0.54678155319472965  0.55245140572240981  0.55793176215813889  0.56325607829957969
  0.56865682905312431  0.57413484207776100  0.58002047704958026  0.58597447571915451
  0.59165794559302110  0.59731467561509111  0.60260797121474552  0.60833042795145631
  0.61384243395594806  0.61968168989419115  0.62516454694275847  0.63093740984965951
  0.63699646377612140  0.64316940613511520  0.64974757548755013  0.65674559727886972
  0.66371481434206259  0.67128134364157577  0.67913093948816394  0.68785372071064144
  0.69589711520342645  0.70309437959496346  0.71010321557046563  0.71721114868257407
  0.72539383164182769  0.73344310837940718  0.74226109097018422  0.75148515829861340
  0.76279324437510165  0.77581530336632842  0.79144355218139739  0.80802701107545194
  0.82574108962898995  0.84745037237354270  0.88521713040253114  1.00000000000000000
   9.6965290859899992E-006  0.18141469729699999     
  <DiscreteSampler_grid>
  Helicity
  1 # 1 for a reference and 2 for a running grid.
  80 # Attribute 'min_bin_probing_points' of the grid.
  1 # Attribute 'grid_mode' of the grid. 1=='default',2=='initialization'
  0.0300000000000000 # Attribute 'small_contrib_threshold' of the grid.
  0.3330000000000000 # Attribute 'damping_power' of the grid.
 # binID   n_entries weight   weight_sqr   abs_weight
    1   1915   3.127760971107867E-004   1.275370819674239E-006   3.127760971107867E-004
    2   214   4.034030628167369E-005   1.890530682462695E-008   4.034030628167369E-005
    3   351   5.813720364622344E-005   1.804114387262345E-007   5.813720364622344E-005
    4   83   2.288639516985670E-008   2.907817394267005E-015   2.288639516985670E-008
    5   545   1.085080730134850E-004   1.623644431957430E-007   1.085080730134850E-004
    6   253   5.150678861401468E-005   7.940540735283251E-008   5.150678861401468E-005
    7   211   4.365568339856784E-005   2.495124937373213E-008   4.365568339856784E-005
    8   87   4.333927874449118E-007   1.275464195379507E-012   4.333927874449118E-007
    9   84   4.859535488967411E-007   1.757401566229974E-012   4.859535488967411E-007
    10   274   4.713219862437827E-005   9.555870433999695E-008   4.713219862437827E-005
    11   173   3.798137382915016E-005   2.608725277666527E-008   3.798137382915016E-005
    12   627   1.220616601813767E-004   3.083523701693318E-007   1.220616601813767E-004
    13   83   2.288865742888642E-008   2.878846250585061E-015   2.288865742888642E-008
    14   199   3.945993157626569E-005   2.364836274926073E-008   3.945993157626569E-005
    15   251   5.468271598552434E-005   6.325214639710434E-008   5.468271598552434E-005
    16   1960   3.004646065266039E-004   1.256020926597148E-006   3.004646065266039E-004
  </DiscreteSampler_grid>
  <DiscreteSampler_grid>
  grouped_processes
  1 # 1 for a reference and 2 for a running grid.
  10 # Attribute 'min_bin_probing_points' of the grid.
  1 # Attribute 'grid_mode' of the grid. 1=='default',2=='initialization'
  0.0300000000000000 # Attribute 'small_contrib_threshold' of the grid.
  0.3330000000000000 # Attribute 'damping_power' of the grid.
 # binID   n_entries weight   weight_sqr   abs_weight
    10   10   1.524508347090000E+005   2.315539210550000E+011   1.524508347090000E+005
    16   10   1.524508347080000E+005   2.315539210550000E+011   1.524508347080000E+005
  </DiscreteSampler_grid>
