     
 Collinear #          51
 
 part:           1
 comp:           0
   1.0000000166189034        276.25000459097208        276.25000000000000     
   1.0000000015924193        276.25000043990582        276.25000000000000     
   1.0000000001585789        276.25000004380740        276.25000000000000     
   1.0000000000158513        276.25000000437893        276.25000000000000     
   1.0000000000015850        276.25000000043786        276.25000000000000     
   1.0000000000001585        276.25000000004383        276.25000000000000     
   1.0000000000000158        276.25000000000438        276.25000000000000     
   1.0000000000000016        276.25000000000045        276.25000000000000     
   1.0000000000000002        276.25000000000006        276.25000000000000     
   1.0000000000000000        276.25000000000000        276.25000000000000     
 comp:           1
   0.0000000000000000        0.0000000000000000     
   0.0000000000000000        0.0000000000000000     
   0.0000000000000000        0.0000000000000000     
   0.0000000000000000        0.0000000000000000     
   0.0000000000000000        0.0000000000000000     
   0.0000000000000000        0.0000000000000000     
   0.0000000000000000        0.0000000000000000     
   0.0000000000000000        0.0000000000000000     
   0.0000000000000000        0.0000000000000000     
   0.0000000000000000        0.0000000000000000     
 comp:           2
   0.0000000000000000        0.0000000000000000     
   0.0000000000000000        0.0000000000000000     
   0.0000000000000000        0.0000000000000000     
   0.0000000000000000        0.0000000000000000     
   0.0000000000000000        0.0000000000000000     
   0.0000000000000000        0.0000000000000000     
   0.0000000000000000        0.0000000000000000     
   0.0000000000000000        0.0000000000000000     
   0.0000000000000000        0.0000000000000000     
   0.0000000000000000        0.0000000000000000     
 comp:           3
   1.0000000166189034        276.25000459097208        276.25000000000000     
   1.0000000015924193        276.25000043990582        276.25000000000000     
   1.0000000001585789        276.25000004380740        276.25000000000000     
   1.0000000000158513        276.25000000437893        276.25000000000000     
   1.0000000000015850        276.25000000043786        276.25000000000000     
   1.0000000000001585        276.25000000004383        276.25000000000000     
   1.0000000000000158        276.25000000000438        276.25000000000000     
   1.0000000000000016        276.25000000000045        276.25000000000000     
   1.0000000000000002        276.25000000000006        276.25000000000000     
   1.0000000000000000        276.25000000000000        276.25000000000000     
 
 part:           2
 comp:           0
  0.99999999874823053        276.25008722848270        276.25008757428412     
  0.99999999988051980        276.25008754127771        276.25008757428412     
  0.99999999998810618        276.25008757099846        276.25008757428412     
  0.99999999999881128        276.25008757395574        276.25008757428412     
  0.99999999999988132        276.25008757425132        276.25008757428412     
  0.99999999999998823        276.25008757428088        276.25008757428412     
  0.99999999999999900        276.25008757428384        276.25008757428412     
   1.0000000000000000        276.25008757428412        276.25008757428412     
   1.0000000000000002        276.25008757428418        276.25008757428412     
   1.0000000000000000        276.25008757428412        276.25008757428412     
 comp:           1
   0.0000000000000000        0.0000000000000000     
   0.0000000000000000        0.0000000000000000     
   0.0000000000000000        0.0000000000000000     
   0.0000000000000000        0.0000000000000000     
   0.0000000000000000        0.0000000000000000     
   0.0000000000000000        0.0000000000000000     
   0.0000000000000000        0.0000000000000000     
   0.0000000000000000        0.0000000000000000     
   0.0000000000000000        0.0000000000000000     
   0.0000000000000000        0.0000000000000000     
 comp:           2
   0.0000000000000000        0.0000000000000000     
   0.0000000000000000        0.0000000000000000     
   0.0000000000000000        0.0000000000000000     
   0.0000000000000000        0.0000000000000000     
   0.0000000000000000        0.0000000000000000     
   0.0000000000000000        0.0000000000000000     
   0.0000000000000000        0.0000000000000000     
   0.0000000000000000        0.0000000000000000     
   0.0000000000000000        0.0000000000000000     
   0.0000000000000000        0.0000000000000000     
 comp:           3
  0.99999999874823053       -276.25008722848270       -276.25008757428412     
  0.99999999988051980       -276.25008754127771       -276.25008757428412     
  0.99999999998810618       -276.25008757099846       -276.25008757428412     
  0.99999999999881128       -276.25008757395574       -276.25008757428412     
  0.99999999999988132       -276.25008757425132       -276.25008757428412     
  0.99999999999998823       -276.25008757428088       -276.25008757428412     
  0.99999999999999900       -276.25008757428384       -276.25008757428412     
   1.0000000000000000       -276.25008757428412       -276.25008757428412     
   1.0000000000000002       -276.25008757428418       -276.25008757428412     
   1.0000000000000000       -276.25008757428412       -276.25008757428412     
 
 part:           3
 comp:           0
   1.0000000031574781        289.82172595495803        289.82172503985231     
   1.0000000009791403        289.82172532362847        289.82172503985231     
   1.0000000003090384        289.82172512941833        289.82172503985231     
   1.0000000000977078        289.82172506817017        289.82172503985231     
   1.0000000000308973        289.82172504880702        289.82172503985231     
   1.0000000000097706        289.82172504268402        289.82172503985231     
   1.0000000000030898        289.82172504074776        289.82172503985231     
   1.0000000000009772        289.82172504013550        289.82172503985231     
   1.0000000000003089        289.82172503994184        289.82172503985231     
   1.0000000000000977        289.82172503988062        289.82172503985231     
 comp:           1
  0.99999999858523003       -185.80663559572125       -185.80663585859489     
  0.99999999956127672       -185.80663577707719       -185.80663585859489     
  0.99999999986152932       -185.80663583286611       -185.80663585859489     
  0.99999999995622002       -185.80663585046028       -185.80663585859489     
  0.99999999998615585       -185.80663585602255       -185.80663585859489     
  0.99999999999562217       -185.80663585778146       -185.80663585859489     
  0.99999999999861555       -185.80663585833764       -185.80663585859489     
  0.99999999999956224       -185.80663585851354       -185.80663585859489     
  0.99999999999986156       -185.80663585856917       -185.80663585859489     
  0.99999999999995626       -185.80663585858676       -185.80663585859489     
 comp:           2
   1.0000014032600517       -14.960237984010206       -14.960216990935338     
   1.0000004351540064       -14.960223500933697       -14.960216990935338     
   1.0000001373442706       -14.960219045635430       -14.960216990935338     
   1.0000000434237646       -14.960217640564277       -14.960216990935338     
   1.0000000137315375       -14.960217196362118       -14.960216990935338     
   1.0000000043422852       -14.960217055896866       -14.960216990935338     
   1.0000000013731509       -14.960217011477972       -14.960216990935338     
   1.0000000004342284       -14.960216997431489       -14.960216990935338     
   1.0000000001373150       -14.960216992989601       -14.960216990935338     
   1.0000000000434228       -14.960216991584954       -14.960216990935338     
 comp:           3
   1.0000000000000000        183.36771330736335        183.36771330736335     
   1.0000000000000000        183.36771330736335        183.36771330736335     
   1.0000000000000000        183.36771330736335        183.36771330736335     
   1.0000000000000000        183.36771330736335        183.36771330736335     
   1.0000000000000000        183.36771330736335        183.36771330736335     
   1.0000000000000000        183.36771330736335        183.36771330736335     
   1.0000000000000000        183.36771330736335        183.36771330736335     
   1.0000000000000000        183.36771330736335        183.36771330736335     
   1.0000000000000000        183.36771330736335        183.36771330736335     
   1.0000000000000000        183.36771330736335        183.36771330736335     
 
 part:           4
 comp:           0
  0.99999999777050341        26.961240316239969        26.961240376349963     
  0.99999999930862782        26.961240357709713        26.961240376349963     
  0.99999999978178755        26.961240370466683        26.961240376349963     
  0.99999999993100830        26.961240374489861        26.961240376349963     
  0.99999999997818334        26.961240375761758        26.961240376349963     
  0.99999999999310096        26.961240376163957        26.961240376349963     
  0.99999999999781841        26.961240376291144        26.961240376349963     
  0.99999999999931000        26.961240376331361        26.961240376349963     
  0.99999999999978184        26.961240376344080        26.961240376349963     
  0.99999999999993094        26.961240376348101        26.961240376349963     
 comp:           1
   1.0000000018635147        13.122698795129550        13.122698770675207     
   1.0000000005778800        13.122698778258552        13.122698770675207     
   1.0000000001823917        13.122698773068679        13.122698770675207     
   1.0000000000576663        13.122698771431944        13.122698770675207     
   1.0000000000182354        13.122698770914504        13.122698770675207     
   1.0000000000057665        13.122698770750880        13.122698770675207     
   1.0000000000018234        13.122698770699136        13.122698770675207     
   1.0000000000005766        13.122698770682774        13.122698770675207     
   1.0000000000001823        13.122698770677600        13.122698770675207     
   1.0000000000000577        13.122698770675964        13.122698770675207     
 comp:           2
  0.99999803563744849       0.99417419316804945       0.99417614609044047     
  0.99999939084688239       0.99417554048494161       0.99417614609044047     
  0.99999980773774444       0.99417595494789224       0.99417614609044047     
  0.99999993921296570       0.99417608565742099       0.99417614609044047     
  0.99999998077781960       0.99417612698020719       0.99417614609044047     
  0.99999999392142447       0.99417614004726562       0.99417614609044047     
  0.99999999807778595       0.99417614417942113       0.99417614609044047     
  0.99999999939214257       0.99417614548612310       0.99417614609044047     
  0.99999999980777865       0.99417614589933856       0.99417614609044047     
  0.99999999993921418       0.99417614603000870       0.99417614609044047     
 comp:           3
   1.0000000000000000       -23.531146878042041       -23.531146878042041     
   1.0000000000000000       -23.531146878042041       -23.531146878042041     
   1.0000000000000000       -23.531146878042041       -23.531146878042041     
   1.0000000000000000       -23.531146878042041       -23.531146878042041     
   1.0000000000000000       -23.531146878042041       -23.531146878042041     
   1.0000000000000000       -23.531146878042041       -23.531146878042041     
   1.0000000000000000       -23.531146878042041       -23.531146878042041     
   1.0000000000000000       -23.531146878042041       -23.531146878042041     
   1.0000000000000000       -23.531146878042041       -23.531146878042041     
   1.0000000000000000       -23.531146878042041       -23.531146878042041     
 
 part:           5
 comp:           0
  0.99999999637279402        235.71703372880350        235.71703458379773     
  0.99999999887519508        235.71703431866206        235.71703458379773     
  0.99999999964498643        235.71703450011498        235.71703458379773     
  0.99999999988775634        235.71703455733999        235.71703458379773     
  0.99999999996450606        235.71703457543120        235.71703458379773     
  0.99999999998877587        235.71703458115201        235.71703458379773     
  0.99999999999645062        235.71703458296108        235.71703458379773     
  0.99999999999887756        235.71703458353315        235.71703458379773     
  0.99999999999964506        235.71703458371405        235.71703458379773     
  0.99999999999988776        235.71703458377127        235.71703458379773     
 comp:           1
   1.0000000012380983        172.68393730171937        172.68393708791967     
   1.0000000003839369        172.68393715421942        172.68393708791967     
   1.0000000001211791        172.68393710884536        172.68393708791967     
   1.0000000000383129        172.68393709453568        172.68393708791967     
   1.0000000000121154        172.68393709001180        172.68393708791967     
   1.0000000000038314        172.68393708858127        172.68393708791967     
   1.0000000000012115        172.68393708812889        172.68393708791967     
   1.0000000000003832        172.68393708798584        172.68393708791967     
   1.0000000000001212        172.68393708794059        172.68393708791967     
   1.0000000000000384        172.68393708792630        172.68393708791967     
 comp:           2
  0.99999877746084609        13.966023770813139        13.966040844844898     
  0.99999962088793803        13.966035550150355        13.966040844844898     
  0.99999988034381171        13.966039173721684        13.966040844844898     
  0.99999996216862841        13.966040316490417        13.966040844844898     
  0.99999998803689871        13.966040677767737        13.966040844844898     
  0.99999999621694247        13.966040792010562        13.966040844844898     
  0.99999999880369239        13.966040828137217        13.966040844844898     
  0.99999999962169439        13.966040839561465        13.966040844844898     
  0.99999999988036925        13.966040843174129        13.966040844844898     
  0.99999999996216937        13.966040844316554        13.966040844844898     
 comp:           3
   1.0000000000000000       -159.83656642932132       -159.83656642932132     
   1.0000000000000000       -159.83656642932132       -159.83656642932132     
   1.0000000000000000       -159.83656642932132       -159.83656642932132     
   1.0000000000000000       -159.83656642932132       -159.83656642932132     
   1.0000000000000000       -159.83656642932132       -159.83656642932132     
   1.0000000000000000       -159.83656642932132       -159.83656642932132     
   1.0000000000000000       -159.83656642932132       -159.83656642932132     
   1.0000000000000000       -159.83656642932132       -159.83656642932132     
   1.0000000000000000       -159.83656642932132       -159.83656642932132     
   1.0000000000000000       -159.83656642932132       -159.83656642932132     
 
 part:           6
 comp:           0
   1.0484750663006062        9.1819453359036492E-005   8.7574284129624815E-005
   1.0046463330778219        8.7981183422742866E-005   8.7574284129624815E-005
   1.0004627123023218        8.7614805828258605E-005   8.7574284129624815E-005
   1.0000462521068170        8.7578334624768792E-005   8.7574284129624815E-005
   1.0000046250195347        8.7574689162399659E-005   8.7574284129624815E-005
   1.0000004625000418        8.7574324632734891E-005   8.7574284129624815E-005
   1.0000000462499854        8.7574288179934179E-005   8.7574284129624815E-005
   1.0000000046249988        8.7574284534655777E-005   8.7574284129624815E-005
   1.0000000004624996        8.7574284170127884E-005   8.7574284129624815E-005
   1.0000000000462497        8.7574284133675096E-005   8.7574284129624815E-005
 comp:           1
  -5.0112769763296321E-007  -0.0000000000000000     
  -1.5540079346830656E-007  -0.0000000000000000     
  -4.9047942429013769E-008  -0.0000000000000000     
  -1.5507354536592644E-008  -0.0000000000000000     
  -4.9037622944595525E-009  -0.0000000000000000     
  -1.5507028297596571E-009  -0.0000000000000000     
  -4.9037519769754694E-010  -0.0000000000000000     
  -1.5507025069681789E-010  -0.0000000000000000     
  -4.9037518068874697E-011  -0.0000000000000000     
  -1.5507025644288567E-011  -0.0000000000000000     
 comp:           2
   4.0020029018585833E-005   0.0000000000000000     
   1.2410298399965764E-005   0.0000000000000000     
   3.9169658523818587E-006   0.0000000000000000     
   1.2384164385391458E-006   0.0000000000000000     
   3.9161417389516379E-007   0.0000000000000000     
   1.2383903851117428E-007   0.0000000000000000     
   3.9161334994148015E-008   0.0000000000000000     
   1.2383901273306546E-008   0.0000000000000000     
   3.9161333635826237E-009   0.0000000000000000     
   1.2383901732187188E-009   0.0000000000000000     
 comp:           3
  0.94362758946644654       -8.2637510632487549E-005  -8.7574284129624815E-005
  0.99459987289884522       -8.7101371864532201E-005  -8.7574284129624815E-005
  0.99946224990684784       -8.7527191050176375E-005  -8.7574284129624815E-005
  0.99994624751330552       -8.7569576794082360E-005  -8.7574284129624815E-005
  0.99999462497645464       -8.7573813415785652E-005  -8.7574284129624815E-005
  0.99999946249989635       -8.7574237058438023E-005  -8.7574284129624815E-005
  0.99999994625001243       -8.7574279422508134E-005  -8.7574284129624815E-005
  0.99999999462500200       -8.7574283658913211E-005  -8.7574284129624815E-005
  0.99999999946249996       -8.7574284082553636E-005  -8.7574284129624815E-005
  0.99999999994624966       -8.7574284124917670E-005  -8.7574284129624815E-005
 
 part: i_fks+j_fks
 comp:           0
   1.0000000141153496        276.25017904793606        276.25017514856825     
   1.0000000013534576        276.25017552246112        276.25017514856825     
   1.0000000001347908        276.25017518580427        276.25017514856825     
   1.0000000000134737        276.25017515229035        276.25017514856825     
   1.0000000000013476        276.25017514894051        276.25017514856825     
   1.0000000000001350        276.25017514860554        276.25017514856825     
   1.0000000000000135        276.25017514857200        276.25017514856825     
   1.0000000000000013        276.25017514856864        276.25017514856825     
   1.0000000000000004        276.25017514856836        276.25017514856825     
   1.0000000000000000        276.25017514856825        276.25017514856825     
 comp:           1
  -5.0112769763296321E-007   0.0000000000000000     
  -1.5540079346830656E-007   0.0000000000000000     
  -4.9047942429013769E-008   0.0000000000000000     
  -1.5507354536592644E-008   0.0000000000000000     
  -4.9037622944595525E-009   0.0000000000000000     
  -1.5507028297596571E-009   0.0000000000000000     
  -4.9037519769754694E-010   0.0000000000000000     
  -1.5507025069681789E-010   0.0000000000000000     
  -4.9037518068874697E-011   0.0000000000000000     
  -1.5507025644288567E-011   0.0000000000000000     
 comp:           2
   4.0020029018585833E-005   0.0000000000000000     
   1.2410298399965764E-005   0.0000000000000000     
   3.9169658523818587E-006   0.0000000000000000     
   1.2384164385391458E-006   0.0000000000000000     
   3.9161417389516379E-007   0.0000000000000000     
   1.2383903851117428E-007   0.0000000000000000     
   3.9161334994148015E-008   0.0000000000000000     
   1.2383901273306546E-008   0.0000000000000000     
   3.9161333635826237E-009   0.0000000000000000     
   1.2383901732187188E-009   0.0000000000000000     
 comp:           3
  0.99999998087756892       -276.25016986599331       -276.25017514856825     
  0.99999999816862140       -276.25017464264960       -276.25017514856825     
  0.99999999981763366       -276.25017509818952       -276.25017514856825     
  0.99999999998177125       -276.25017514353254       -276.25017514856825     
  0.99999999999817735       -276.25017514806473       -276.25017514856825     
  0.99999999999981792       -276.25017514851794       -276.25017514856825     
  0.99999999999998190       -276.25017514856324       -276.25017514856825     
  0.99999999999999833       -276.25017514856779       -276.25017514856825     
   1.0000000000000000       -276.25017514856825       -276.25017514856825     
   1.0000000000000000       -276.25017514856825       -276.25017514856825     
