  0.00009600367754595  0.00012837936736913  0.00014934577798920  0.00016633634253893
  0.00018148349502708  0.00019641017981482  0.00020916639936189  0.00022199557475002
  0.00023517797994865  0.00024899600416394  0.00026320162012336  0.00027725678719203
  0.00029077488987986  0.00030358508198061  0.00031542771337108  0.00032630903883040
  0.00033850117115600  0.00035061647203805  0.00036369239230352  0.00037665102760832
  0.00038997795177827  0.00040268401805475  0.00041404674718819  0.00042525475280885
  0.00043754245357487  0.00045179937373366  0.00046748126775053  0.00048193771798830
  0.00049518756616151  0.00050842508439377  0.00052231708289422  0.00053717308627485
  0.00055179128950883  0.00056684109912147  0.00058075187009686  0.00059609926283231
  0.00060998171537332  0.00062338092011909  0.00063620235069052  0.00064959819558203
  0.00066212058109359  0.00067411030341676  0.00068526613178395  0.00069537455490012
  0.00070418040912467  0.00071320439902481  0.00072269965320112  0.00073317483453559
  0.00074658899194543  0.00076044613937171  0.00077348569552676  0.00078489059553865
  0.00079663404466325  0.00080900818526243  0.00082191443408003  0.00083584844178710
  0.00084932354000668  0.00086225943737532  0.00087563279281957  0.00089013464040191
  0.00090600833733721  0.00092783690537429  0.00094923796520477  0.00097043938043899
  0.00099282829797336  0.00101653289525119  0.00104082905100317  0.00106648728021788
  0.00109253495651253  0.00112116205286834  0.00115057229129077  0.00118403449426929
  0.00121649539739133  0.00125378563145540  0.00129135067132157  0.00133318819056198
  0.00138154961139024  0.00143923222105001  0.00149886815757122  0.00156359169251350
  0.00164482630549129  0.00172312120113658  0.00181492532037652  0.00190926157332286
  0.00202441035001459  0.00216452132097651  0.00234798540911275  0.00257744703422050
  0.00285344418464847  0.00319237781130212  0.00366588347958285  0.00450031293923009
  0.00604599959556301  0.00855645993461646  0.01568437249913145  1.00000000000000000
  0.00000414505226829  0.00029902067635443  0.00093764635873284  0.00214540384591931
  0.00361750909718730  0.00540512322751141  0.00763592444774717  0.01070710461425328
  0.01430325166790630  0.01852963836953384  0.02328102066007353  0.02794327164613624
  0.03291641757889958  0.03839773239218753  0.04387539712589253  0.04969962533331677
  0.05553043311408127  0.06191980742142607  0.06835511560816829  0.07479793844102461
  0.08129808437533809  0.08894367275179940  0.09766411187698430  0.10694522002841726
  0.11618980382214147  0.12450424520698199  0.13228268390117415  0.14055383397190202
  0.14956903666369953  0.15935502865732479  0.16918866887290354  0.17906311482161189
  0.18899282268396447  0.19890419321814509  0.20936634957567565  0.21900985279457155
  0.22874026131605363  0.23805421795126053  0.24761794280910074  0.25704412819055511
  0.26621359986668186  0.27520606538703718  0.28326259604471504  0.29257534985699230
  0.30223246565714479  0.31229110927605463  0.32294941932195342  0.33336534121357247
  0.34409327582168986  0.35551473953654761  0.36746701661186781  0.37908461802974380
  0.39038421265408607  0.40111103007151139  0.41200179180949303  0.42334422649779779
  0.43641792185909817  0.45059027139942048  0.46460952512979936  0.47888552596496076
  0.49316854950692224  0.50730268574607718  0.52153623445356445  0.53483561159537985
  0.54814597098430606  0.56019795709878406  0.57274881769700636  0.58551215636530629
  0.59856115296489454  0.61255904666827898  0.62609887919534291  0.63834748002876762
  0.65002866175533103  0.66170736580355582  0.67355882259018540  0.68566708750542138
  0.69763999308685742  0.70972310631160140  0.72255303638867030  0.73701278066031317
  0.75271534568792797  0.76991799310348941  0.78743135045986279  0.80394800171775349
  0.81939920726514670  0.83410215833650059  0.84818231950963652  0.86311713232273257
  0.87840041500911303  0.89377958551221515  0.90992106041002785  0.92572119855112867
  0.94232293046785265  0.96008399988436932  0.97741572116150732  1.00000000000000000
 -0.00192465945081432  0.00829970738376476  0.01749718850529086  0.02752704012046330
  0.03848617344360918  0.04963246517911368  0.06034949986429029  0.07045501424040239
  0.08105201396762972  0.09209280654739756  0.10325120537744054  0.11379437455264073
  0.12311089175725938  0.13223677828716757  0.14165744094377933  0.15267134632203253
  0.16479357653635587  0.17605148826695513  0.18715605354302059  0.19879036898200825
  0.21165086912879424  0.22536655191809082  0.23692662557518554  0.24655637333973923
  0.25608795491520919  0.26494262638463062  0.27345840735895827  0.28128962772065297
  0.28901903458341349  0.29760181802088381  0.30687257929971162  0.31604739794235043
  0.32521078053596730  0.33460409290803689  0.34456602995910629  0.35509116659430723
  0.36623811678648266  0.37773192257371607  0.38947125189260373  0.40027581398048501
  0.40985539330126020  0.41906055913401696  0.42949100662669415  0.44076590818009459
  0.45191254551819893  0.46299496474430440  0.47508811986012450  0.48771572652192446
  0.50019606274755424  0.51217291685096933  0.52452103924399873  0.53717109823297793
  0.54945017673206542  0.56025039520341180  0.56964529337953052  0.57880416475492868
  0.58912043748997756  0.60016373535128986  0.61104080731086341  0.62177133247348204
  0.63189795335834487  0.64194796782726160  0.65205434059434142  0.66294284892097155
  0.67390627392963975  0.68526583005145358  0.69694514460079371  0.70761487106482623
  0.71873916502623203  0.72958498395266547  0.74096506034756671  0.75217335267723429
  0.76313215578056537  0.77324685841482010  0.78315102375292800  0.79439840867952027
  0.80746116334284035  0.81907734014136724  0.82971693926438572  0.83959084014484597
  0.84959045035622593  0.85998758615273507  0.87013956649596091  0.88019909601712987
  0.88984829411835509  0.89969068228031657  0.91020722474574578  0.91956911864769275
  0.92911486925901010  0.93888610901561609  0.94874146847466345  0.95936354088900377
  0.96937791391232431  0.97924987069278968  0.98932687167204392  1.00000000000000000
  0.00256564223249398  0.01499995125904473  0.02554250303102736  0.03549963274690511
  0.04872382580354672  0.06641392358415019  0.08159712257654947  0.09527839436163991
  0.10645140891503302  0.11705978412281870  0.12905425882466950  0.14202120053249354
  0.15300192868648707  0.16401434424930678  0.17632081894097901  0.18813660651269729
  0.19999959140271723  0.21217790392735691  0.22463061105011045  0.23638393692475301
  0.24699394667259572  0.25694006388931351  0.26686269116763595  0.27715098330660926
  0.28834697574769758  0.29773246492317829  0.30692498065735840  0.31523715517747841
  0.32360008724138251  0.33257951760340920  0.34230823271362976  0.35389096820320942
  0.36512639057209306  0.37624464608087965  0.38580802230247518  0.39502637703774318
  0.40381425867857379  0.41277556052523295  0.42181007039848134  0.43080123490771211
  0.43989350569818964  0.44947830508396741  0.45923665244429107  0.46919872599849483
  0.47914541563834889  0.48800266051048818  0.49624540170195364  0.50429053359127318
  0.51278932737583183  0.52151358729528963  0.53035172504831929  0.53910627361132157
  0.54795070271605217  0.55728444360182394  0.56645577994216745  0.57604711758533311
  0.58567848947582668  0.59528217033592246  0.60523054694281908  0.61504758601237519
  0.62541212231526599  0.63506343801045240  0.64487924219372494  0.65426144890048865
  0.66386704008010222  0.67340564372456535  0.68286928065211805  0.69330648919059723
  0.70214021331485810  0.71175376681612690  0.72015892167974649  0.72870238321731140
  0.73776346478401134  0.74691865067681318  0.75726525340188022  0.76669999790258270
  0.77504188612948066  0.78281531910206426  0.79109074374133848  0.80010716678797722
  0.81000864324268218  0.82102973874128327  0.83143555533116520  0.84154156820801873
  0.85188897461448287  0.86292296911416211  0.87343174035899207  0.88352353914753523
  0.89421061811576374  0.90557515727363214  0.91774249531705165  0.93188218906599385
  0.94768831217053695  0.96478938268754932  0.98171335444293095  1.00000000000000000
 -0.00210752121434681  0.01447887135027404  0.02791309866074600  0.04097244159200143
  0.05170074762020241  0.06207872089780831  0.07168349078504116  0.08058930266257752
  0.08907647089802768  0.09732644615686523  0.10500748257038778  0.11335352757480099
  0.12122976648897349  0.13034338060886516  0.14030718423940705  0.15144108033299969
  0.16264590651491112  0.17324369872853296  0.18220127063538338  0.19099283690169111
  0.19931579612906505  0.20708324998639022  0.21441988983533883  0.22210741239765722
  0.23043006623288512  0.24022484865412630  0.25168965412814848  0.26388789462742662
  0.27537904807288044  0.28615459308320207  0.29495064436894364  0.30367786911991934
  0.31320616758963754  0.32369214313440459  0.33447079783467309  0.34504057739861599
  0.35635454450814263  0.36913934191709807  0.38141190799840269  0.39303429026005554
  0.40404769158928394  0.41539838493344639  0.42623593785266867  0.43794749930762594
  0.44878100281027877  0.46002252417682848  0.47156914486468637  0.48502812791903183
  0.49837042792970482  0.50992015825749082  0.51949695840355992  0.52965258067708509
  0.53884954969145671  0.54868114130109269  0.55859055865962715  0.56810765972592858
  0.57778187387447277  0.58818477791285850  0.59942929605069306  0.61209530410943203
  0.62381649777267911  0.63530047662028055  0.64740375723999244  0.65939499505323484
  0.67282141882606805  0.68594068293113108  0.69817719145109913  0.70934215758819552
  0.71930202956806477  0.72972433250519320  0.74032385762907471  0.75099392156400979
  0.75983986450130880  0.76765238074164799  0.77507852412204514  0.78240369286666767
  0.78990715511073273  0.79844250421684793  0.80910890116783163  0.81979752350121116
  0.83034221776895312  0.84121487104515380  0.85405160873394714  0.86735650517864649
  0.88111060971913313  0.89336680093609688  0.90419064970438967  0.91460109594601813
  0.92461915073431367  0.93556881100176037  0.94651984581141613  0.95751802199934721
  0.96896184892949455  0.97946382720809400  0.98983459098081916  1.00000000000000000
  0.72670290797857451  0.73114534734593917  0.73587702958002099  0.74035551317520809
  0.74461383719503649  0.74969816416310309  0.75410212434323698  0.75858937626264145
  0.76199717141873746  0.76519458572300014  0.76861579804940916  0.77192972869352672
  0.77473236086008590  0.77734811728388020  0.77992116479311235  0.78250031291601718
  0.78505451282937067  0.78813375323750001  0.79191358348506680  0.79500059466079953
  0.79767644245077796  0.80019725734512193  0.80251752718858305  0.80476638577392701
  0.80703032323908563  0.80927926773190551  0.81212497636888048  0.81483777396093471
  0.81740293813973974  0.81984352858848852  0.82207277467241224  0.82414560680622784
  0.82623886200046159  0.82848387174887761  0.83085232969702871  0.83333455335013018
  0.83541888884680804  0.83772032956195008  0.84008299512503859  0.84239407904834573
  0.84477171624381797  0.84714974184949321  0.84954155191247549  0.85181276010265727
  0.85408574716673669  0.85637538223561138  0.85863010385835326  0.86082913321950127
  0.86292073069184794  0.86511330658660557  0.86736673497206795  0.86956162460317143
  0.87169752093113073  0.87387025116089490  0.87598358383437747  0.87830511034899450
  0.88074946290247658  0.88315961751890015  0.88558365961292629  0.88809673557147517
  0.89043589944650658  0.89273232132932268  0.89501918441098072  0.89744753078571560
  0.89999204158710788  0.90250018403794097  0.90484368216394651  0.90705420829842309
  0.90937242533361085  0.91173972235283818  0.91407367057208677  0.91646298842261686
  0.91886657724978038  0.92124641968009269  0.92358820047164536  0.92587637767300379
  0.92812297422452361  0.93050445889020639  0.93310123361561359  0.93590352803430732
  0.93869107355279935  0.94132320457961349  0.94388881588226248  0.94657107719997124
  0.94926429489119146  0.95196791694412430  0.95468674666508802  0.95755810665585372
  0.96082845318895627  0.96471063481514507  0.96863095157225898  0.97267423834370870
  0.97707820643647592  0.98235461409802927  0.98945553498690630  1.00000000000000000
 -0.01685435292822138  0.11131005110159503  0.14461861296425826  0.16629933452273532
  0.18480247240157341  0.20230707758439656  0.21831364773914147  0.23108307746489667
  0.24420479996235017  0.25646400416813048  0.26890562883594710  0.27982746230614608
  0.28910590802328973  0.29648933356933937  0.30272330609626502  0.30868046613599542
  0.31477364348407827  0.32048738357928752  0.32667123650883301  0.33340774275216084
  0.34068614177815737  0.34812561004197590  0.35514942081109191  0.36207421394962275
  0.36844410078729189  0.37460540591005942  0.38068520195369904  0.38683307829920960
  0.39237362565766531  0.39727423682527541  0.40203069830347438  0.40685110524672563
  0.41265334766542416  0.41928040831922908  0.42594774129272750  0.43238412245067365
  0.43788269343420655  0.44336698981935435  0.44907753891335411  0.45535481025947688
  0.46265396133959324  0.47011052646063978  0.47728719690217741  0.48404295431622113
  0.49035262546784097  0.49660384874399710  0.50264470654051885  0.50856717297913245
  0.51477450032775196  0.52054333114052831  0.52600574827113411  0.53159895822812775
  0.53702342333982922  0.54279551299928297  0.54808305686619996  0.55377003054692409
  0.55910946316340948  0.56449580662353893  0.56985096721873330  0.57437804668739201
  0.57916999272221481  0.58414150373233509  0.58952601565041851  0.59521944122794535
  0.60097713721587664  0.60705141747763391  0.61334794147141347  0.61968983758717333
  0.62592710319490685  0.63235794018525548  0.63893385454280482  0.64546120388981376
  0.65190819434277691  0.65838155517386232  0.66503777683109044  0.67126457861350664
  0.67694292556085844  0.68287856362455213  0.68901337952036901  0.69660858187210439
  0.70371113171764688  0.71067761726170420  0.71834686422536298  0.72555310085201719
  0.73335271615819142  0.74147571532129541  0.75041595558301466  0.76037962498572065
  0.77115540642933655  0.78382212056425427  0.79744549364485784  0.81316986445599082
  0.83047551229918681  0.85121005671166372  0.88411794450387571  1.00000000000000000
   1.7668898419099999E-008   3.1203985714299998E-004
  <DiscreteSampler_grid>
  Helicity
  1 # 1 for a reference and 2 for a running grid.
  80 # Attribute 'min_bin_probing_points' of the grid.
  1 # Attribute 'grid_mode' of the grid. 1=='default',2=='initialization'
  0.0300000000000000 # Attribute 'small_contrib_threshold' of the grid.
  0.3330000000000000 # Attribute 'damping_power' of the grid.
 # binID   n_entries weight   weight_sqr   abs_weight
    1   1748   4.032805956088871E-007   6.842528499493277E-012   4.032805956088871E-007
    2   406   1.099512239369059E-007   1.644359222115645E-013   1.099512239369059E-007
    3   897   1.516759446776178E-007   1.012815516289061E-012   1.516759446776178E-007
    4   82   5.545739878490000E-010   1.723143333680000E-018   5.545739878490000E-010
    5   88   4.679063669945228E-009   1.415571703749773E-016   4.679063669945228E-009
    6   139   2.407367411582733E-008   4.524937279928057E-013   2.407367411582733E-008
    7   122   1.828546831743688E-008   3.436974218081311E-013   1.828546831743688E-008
    8   117   2.462486748820000E-068   6.974850428710000E-134   2.462486748820000E-068
    9   110   4.102805337180000E-069   9.951229304210001E-136   4.102805337180000E-069
    10   156   2.576419263354807E-008   4.846083400505769E-013   2.576419263354807E-008
    11   118   2.081513868138136E-008   3.915197323572542E-013   2.081513868138136E-008
    12   85   5.238605013680000E-009   1.468952591280000E-016   5.238605013680000E-009
    13   86   5.563371375737553E-010   1.413260949628172E-018   5.563371375737553E-010
    14   439   1.116842103724637E-007   6.037948241078633E-013   1.116842103724637E-007
    15   790   1.554845562232473E-007   1.711753038410599E-012   1.554845562232473E-007
    16   2013   4.316976996365148E-007   6.524865998677672E-012   4.316976996365148E-007
  </DiscreteSampler_grid>
  <DiscreteSampler_grid>
  grouped_processes
  1 # 1 for a reference and 2 for a running grid.
  10 # Attribute 'min_bin_probing_points' of the grid.
  1 # Attribute 'grid_mode' of the grid. 1=='default',2=='initialization'
  0.0300000000000000 # Attribute 'small_contrib_threshold' of the grid.
  0.3330000000000000 # Attribute 'damping_power' of the grid.
 # binID   n_entries weight   weight_sqr   abs_weight
    16   10   8.346383955120000E-001   1.634938810980000E+000   8.346383955120000E-001
    10   10   8.346383955110002E-001   1.634938810980000E+000   8.346383955110002E-001
  </DiscreteSampler_grid>
