     
 Collinear #          11
 ME*wgt:
   0.0000000000000000        0.0000000000000000        7.4728130012495791E-021
   0.0000000000000000        0.0000000000000000        7.4728130012495791E-021
   0.0000000000000000        0.0000000000000000        7.4728130012495791E-021
   0.0000000000000000        0.0000000000000000        7.4728130012495791E-021
   0.0000000000000000        0.0000000000000000        7.4728130012495791E-021
   0.0000000000000000        0.0000000000000000        7.4728130012495791E-021
   0.0000000000000000        0.0000000000000000        7.4728130012495791E-021
   0.0000000000000000        0.0000000000000000        7.4728130012495791E-021
   0.0000000000000000        0.0000000000000000        7.4728130012495791E-021
   0.0000000000000000        0.0000000000000000        7.4728130012495791E-021
 wgt:
   1.0000000456334508        2.6192938391531739E-004   2.6192937196257629E-004
   1.0000000043739641        2.6192937310824595E-004   2.6192937196257629E-004
   1.0000000004355878        2.6192937207666954E-004   2.6192937196257629E-004
   1.0000000000435405        2.6192937197398085E-004   2.6192937196257629E-004
   1.0000000000043536        2.6192937196371666E-004   2.6192937196257629E-004
   1.0000000000004352        2.6192937196269030E-004   2.6192937196257629E-004
   1.0000000000000435        2.6192937196258768E-004   2.6192937196257629E-004
   1.0000000000000044        2.6192937196257743E-004   2.6192937196257629E-004
   1.0000000000000002        2.6192937196257635E-004   2.6192937196257629E-004
   1.0000000000000000        2.6192937196257629E-004   2.6192937196257629E-004
