  0.00008487051981443  0.00025514864550866  0.00037222213045119  0.00046234569721540
  0.00053672041448110  0.00059670779536552  0.00064657188147010  0.00068641777639170
  0.00072159858901114  0.00075403284885943  0.00078354550344353  0.00081289699404423
  0.00084365680644763  0.00087661729165023  0.00090706471461950  0.00093811555559838
  0.00096781836230138  0.00099700000437919  0.00102574900605609  0.00105478784678423
  0.00108543012948051  0.00111610022046722  0.00114754801397471  0.00117901966084382
  0.00120959518107945  0.00124129191486977  0.00127653819762580  0.00131392737391233
  0.00135222136319426  0.00139144170682904  0.00143168760353532  0.00147203679133375
  0.00151337557239451  0.00155476143923573  0.00159720539531074  0.00163944623935245
  0.00168324088110263  0.00172826075001951  0.00177527909522530  0.00182428706199327
  0.00187504205895092  0.00192671747826534  0.00197943039295169  0.00203329002286229
  0.00208949825527881  0.00214896331111835  0.00221258778093979  0.00227817080353575
  0.00234575674124742  0.00241780789756142  0.00249230208584262  0.00257031613082985
  0.00265113404165407  0.00273325099526150  0.00281808773170274  0.00290714098509747
  0.00300251986497172  0.00311080707900056  0.00321420129273029  0.00332633361956474
  0.00343789952312941  0.00355229482521102  0.00368192548259536  0.00382525654327921
  0.00397943622479616  0.00412711642766724  0.00426671736306727  0.00441073504989942
  0.00457932488757884  0.00474881928997520  0.00492014684093194  0.00510338332572427
  0.00528644311591559  0.00548901793497802  0.00569116987311020  0.00589813283949837
  0.00612955456754684  0.00631609957991819  0.00652191608571349  0.00676612565227423
  0.00704275426497974  0.00735698555347708  0.00789024434711828  0.00862463480827670
  0.00972886272460745  0.01089446787056667  0.01209271373297831  0.01424310010288692
  0.01628174670847846  0.01788089037429847  0.01944055726065744  0.02147049993230804
  0.02537602146129588  0.03152730299058188  0.12988025261990921  1.00000000000000000
  0.00000285533338697  0.00000327327709795  0.00000374595335288  0.00000421034723462
  0.00000463544805090  0.00000511590631581  0.00000562374333760  0.00000612654842717
  0.00000659727086592  0.00000712622923117  0.00000765789034494  0.00000826151529067
  0.00000885751078592  0.00000949821462850  0.00001018736108149  0.00001088876313127
  0.00001161225189811  0.00001228956589693  0.00001296810173005  0.00001368971548255
  0.00001451812216857  0.00001545199034402  0.00001636810207710  0.00001725279973002
  0.00001813441375321  0.00001907354637433  0.00002010371514741  0.00002121866686165
  0.00002236043748189  0.00002350484659691  0.00002464756536310  0.00002581249345887
  0.00002708997833374  0.00002854409962792  0.00003003814396632  0.00003161813969356
  0.00003329333384530  0.00003481310053770  0.00003660731843398  0.00003842490095987
  0.00004029408197387  0.00004216720552399  0.00004401951311418  0.00004605054199249
  0.00004819796808541  0.00005073537218050  0.00005330838468648  0.00005601031427014
  0.00005890416716035  0.00006203451659309  0.00006517008101368  0.00006836084448147
  0.00007151184267487  0.00007501914137448  0.00007915951002033  0.00008344851449826
  0.00008793783716969  0.00009272298255740  0.00009816226845194  0.00010442405539269
  0.00011133396115794  0.00011917014583252  0.00012806587786373  0.00013759894656526
  0.00014769252054430  0.00015879733121094  0.00017100286593937  0.00018422095415631
  0.00019844754008514  0.00021373379153983  0.00023256749429295  0.00025549754665312
  0.00028238994141431  0.00031398301915024  0.00035081356309823  0.00039589949427080
  0.00045368123607952  0.00052780411544424  0.00061149265662978  0.00070364866320730
  0.00081205565149887  0.00093499567064554  0.00109453030338588  0.00128856539903205
  0.00157060106692159  0.00196747957661636  0.00250730227054375  0.00319586507392145
  0.00403123170346138  0.00521912486394282  0.00644941572768145  0.00791075707599952
  0.00962581704310272  0.01127162620543453  0.01363309983819810  1.00000000000000000
  0.01647422496663858  0.01899168732801568  0.02150914968939278  0.02645544172211059
  0.03225089972940914  0.04143734298053776  0.04959028768575996  0.06211050793689096
  0.07516626109870496  0.08652319976953940  0.09601249736279553  0.10460035078497650
  0.11290306543494080  0.12172359826882528  0.13365063897628335  0.14435020477888300
  0.15281229216295969  0.16051444931074596  0.16750451747839581  0.17613859773918117
  0.18542187192870335  0.19476398825528740  0.20431433024368834  0.21471615792629958
  0.22568053695014156  0.23450408699771919  0.24278778103192680  0.25121129592883912
  0.25973687683458380  0.26823362283170366  0.27670018105920202  0.28529859140423985
  0.29395149269118248  0.30326797579573400  0.31332353314905376  0.32328022962739417
  0.33307108649984746  0.34331401260620331  0.35385579202249184  0.36409565773023678
  0.37428414912374253  0.38457307295793547  0.39527214909352637  0.40604886131104700
  0.41703741999321681  0.42778460572843247  0.43851955099304363  0.44918343876250150
  0.46030590189350207  0.47177122469135485  0.48290213765238826  0.49388213544032439
  0.50490710840253750  0.51598576398591545  0.52674285637376872  0.53738304659173686
  0.54822291426087488  0.55878168551473906  0.56898466286058658  0.57913550401693203
  0.58987087895075618  0.60074529762737283  0.61189708821745803  0.62348681332870837
  0.63554104383300813  0.64760037595861142  0.65870909400815469  0.66951968618075963
  0.68052238004512944  0.69223261058905772  0.70331954238493755  0.71427104365184146
  0.72510791743526148  0.73628840663431894  0.74771983229587646  0.75920093189073479
  0.77084687853739275  0.78228471665272781  0.79333591205583631  0.80434023617459560
  0.81549736729891142  0.82637321902918603  0.83707194702172971  0.84814973239317915
  0.86003742834867636  0.87161488307009460  0.88350816000935017  0.89522427206429012
  0.90744452031629874  0.92004294445225110  0.93102231515086298  0.94239724996106633
  0.95301922877900769  0.96454005774466722  0.97988349222854709  1.00000000000000000
 -0.00210251224982110  0.00984227602541464  0.02007520301285893  0.03094513247868785
  0.04121909111429855  0.05108997976382168  0.06056425308134430  0.07003004400901672
  0.08002799812236298  0.09072667621057398  0.10155935628745089  0.11264834555293156
  0.12354218690287685  0.13466931764061874  0.14542949956511339  0.15624835807028950
  0.16729247186586155  0.17870642193366768  0.19089105030337000  0.20329069411643697
  0.21516441928938723  0.22649915405587184  0.23751626065298895  0.24845340383442405
  0.25959189580292275  0.27088468927834741  0.28211616183038923  0.29305913515097265
  0.30302774657398490  0.31234223824960466  0.32097616096278669  0.33020792286969053
  0.33960529347450275  0.34863504518851540  0.35714303535865016  0.36611435557751931
  0.37570717035132428  0.38602992848930362  0.39629250441709707  0.40609634647788467
  0.41597278386434788  0.42594883934017475  0.43600309255506858  0.44604189623335094
  0.45618342478839996  0.46717120916779398  0.47819791556912045  0.48905621685794343
  0.49930617083312140  0.51013135768082751  0.52054024162960011  0.53063064652408809
  0.54064397379250284  0.55167392450848440  0.56308927758749605  0.57439727490523584
  0.58533791745842412  0.59626122737602882  0.60746496418090135  0.61867904824010111
  0.62986311464623201  0.64101647060970635  0.65202290603083879  0.66305132104378339
  0.67441367055351509  0.68636892342510925  0.69846151131777034  0.70990760408996478
  0.72094466157405102  0.73235589274986901  0.74350626386874918  0.75428127282809709
  0.76450139590904553  0.77456819591891191  0.78511142872591788  0.79608632585063133
  0.80698393397253509  0.81787944144024560  0.82830816075170055  0.83891633061135573
  0.84982235092218728  0.86082949334027792  0.87165529137843778  0.88211313084119980
  0.89227452966172738  0.90193709928536880  0.91124498539925713  0.92099968530802434
  0.93075133123129250  0.93982921382153106  0.94858517188570357  0.95699521378525210
  0.96670553824160643  0.97737007043745927  0.98863670365262668  1.00000000000000000
 -0.00266994542990292  0.01143093743780856  0.02228892363741298  0.03313771259431256
  0.04385693250670442  0.05445084938866487  0.06538308381299031  0.07648843694198636
  0.08804017764216272  0.09910147494493302  0.11030347257197107  0.12102038076112552
  0.13192382393502733  0.14280875908224344  0.15451585774513021  0.16636200208247992
  0.17718880338783016  0.18773360079365914  0.19796417149446022  0.20891992108806143
  0.22037673413273345  0.23204610306526680  0.24352436533110053  0.25422578799036782
  0.26483967228638694  0.27534581101455574  0.28589431342717408  0.29605167714721314
  0.30613664711285427  0.31585165597838588  0.32584676020635950  0.33596901744315893
  0.34601801902024509  0.35617273904493429  0.36695299065504744  0.37889712671759301
  0.39031873899343272  0.40081807256712282  0.41126210806964042  0.42207949313981186
  0.43267900607468462  0.44259890948633807  0.45267831113151324  0.46206984385521965
  0.47089288682723951  0.48013146005905760  0.49088792738012810  0.50184863882780628
  0.51008970453432911  0.51913909718780005  0.52853459081020926  0.53939758780935954
  0.54979924712669659  0.56021378459718585  0.57036606553699754  0.58078630108420370
  0.59119854864374888  0.60203615269162314  0.61277897695406769  0.62357068869130128
  0.63472533657663455  0.64535634458502578  0.65566800220189803  0.66528603961733412
  0.67511457314533951  0.68573346018926606  0.69658682241502434  0.70748698152363709
  0.71830597821508813  0.72901424835432360  0.73923808311001948  0.74892004725515926
  0.75800852876814706  0.76718373862333900  0.77687296617717050  0.78681718837833703
  0.79684320658567120  0.80673979088847381  0.81736477464482216  0.82860210977396209
  0.83973257248665700  0.85041602750418110  0.86115691415756879  0.87238037030585525
  0.88377654349902091  0.89446532060498174  0.90463540527105502  0.91409793733600087
  0.92392833304207611  0.93451841199498631  0.94614446210273773  0.95651430221762912
  0.96642390935040101  0.97656657098489441  0.98685147634779113  1.00000000000000000
  0.72421187677175047  0.72567157538406957  0.72651275043968877  0.72771366068345733
  0.72877428703981018  0.73007623833928570  0.73214670846564789  0.73404390953153753
  0.73579701215041438  0.73742426808254447  0.73905836029492045  0.74087346453713232
  0.74261749636006924  0.74428606090906491  0.74601889578897718  0.74780811157133265
  0.74957791794322814  0.75138453643383796  0.75321248069255298  0.75502323787562708
  0.75677338436006103  0.75862157127315522  0.76057978840449658  0.76276647563464406
  0.76503031304605729  0.76728333687717776  0.76949062435894344  0.77169757508760195
  0.77393538579206078  0.77620755108849293  0.77849021604178137  0.78069788041216148
  0.78284000346086324  0.78484779017362571  0.78694028918622771  0.78901827914211331
  0.79129296842664221  0.79335967242844030  0.79545658064298830  0.79757407908087596
  0.79970719591404116  0.80177716951152778  0.80381910861127670  0.80595626224655026
  0.80822682121748746  0.81081746159322388  0.81323796042356067  0.81563760686710418
  0.81796576024429390  0.82014970663652176  0.82223923869618187  0.82433635123472915
  0.82652131211153779  0.82878177372237738  0.83097918177658681  0.83322067650039344
  0.83555595987328657  0.83801339260826857  0.84052549547080802  0.84303434247111797
  0.84547641145189401  0.84788916912310452  0.85030754594099700  0.85279775535297664
  0.85542939864487888  0.85813581981659903  0.86088383512713518  0.86354877629673843
  0.86620588922900765  0.86890199053092054  0.87173619939852431  0.87475340488001851
  0.87807228003689330  0.88133340069703547  0.88443725628591263  0.88760394987897917
  0.89095129804889195  0.89447369247811193  0.89814538721066606  0.90190878641883998
  0.90572907071684483  0.90956949415961152  0.91350128275100484  0.91758650044889334
  0.92179827477119658  0.92604219723699410  0.93030662698888833  0.93471396291710296
  0.93950042021708291  0.94485535816870314  0.95060204299311346  0.95662969467991821
  0.96341497189317116  0.97144263913278650  0.98219040204200492  1.00000000000000000
 -0.01757475461407944  0.17130591277781657  0.22246784527569211  0.25283131332429121
  0.27669331153703086  0.29668473369949483  0.31476421938299770  0.33077517093675485
  0.34484894888819506  0.35708131549706440  0.36743136523336850  0.37733708384280629
  0.38732759627285174  0.39767361977019078  0.40727831234105893  0.41698603175355992
  0.42657229032440941  0.43604943502316684  0.44489524104250699  0.45296904103675323
  0.46081874149144347  0.46821607037844187  0.47555651733691234  0.48267494378524978
  0.48995554732598195  0.49703747198285020  0.50304974806072988  0.50877061047649419
  0.51457301397401090  0.52109143163679805  0.52814370127920740  0.53500334670542748
  0.54148708494752373  0.54799994544893638  0.55428415032259470  0.56043435145944709
  0.56643022528413167  0.57221510406549869  0.57794417171696655  0.58363252044322389
  0.58919123401162343  0.59466465273997116  0.60011980939638032  0.60566767708507074
  0.61108954311357533  0.61645143223063092  0.62160505416349265  0.62659837355000980
  0.63105952212808081  0.63565544556678621  0.64040513002307120  0.64545866433522547
  0.65041470867530371  0.65519367145290242  0.65983143069087602  0.66458341536935406
  0.66964206600155074  0.67458293347471177  0.67952272828510074  0.68456365223297788
  0.68952693727464565  0.69389789947542979  0.69806588155545446  0.70228053444932304
  0.70673296549807740  0.71138030151353981  0.71613035297861305  0.72074813148042949
  0.72523796883562897  0.72970593476284529  0.73417050170987153  0.73888672885979179
  0.74361180115330860  0.74819626408718298  0.75324702457494708  0.75840387831733869
  0.76383517339516083  0.76943924543589393  0.77492328427167545  0.78034164272624607
  0.78558451528681461  0.79110378070820730  0.79725719454252497  0.80384751448518210
  0.81039976533115443  0.81697456578597616  0.82357011129030533  0.83059928500101188
  0.83899152725927550  0.84864607601705844  0.85944305879041705  0.87120954675704687
  0.88486984357484022  0.90237632613499774  0.92963972724685806  1.00000000000000000
   5.0487661076300003E-008   2.7547803749999999E-003
  <DiscreteSampler_grid>
  Helicity
  1 # 1 for a reference and 2 for a running grid.
  80 # Attribute 'min_bin_probing_points' of the grid.
  1 # Attribute 'grid_mode' of the grid. 1=='default',2=='initialization'
  0.0300000000000000 # Attribute 'small_contrib_threshold' of the grid.
  0.3330000000000000 # Attribute 'damping_power' of the grid.
 # binID   n_entries weight   weight_sqr   abs_weight
    1   1516   5.864924184600646E-007   1.463988699784537E-011   5.864924184600646E-007
    2   1583   6.512348197649882E-007   1.227469968316769E-011   6.512348197649882E-007
    3   1751   6.663598177233282E-007   1.726989391784502E-011   6.663598177233282E-007
    4   3116   1.211028572408564E-006   4.272862058735331E-011   1.211028572408564E-006
    13   2868   1.135556746982739E-006   3.519275166060216E-011   1.135556746982739E-006
    14   1940   7.441632417157081E-007   1.965955694379228E-011   7.441632417157081E-007
    15   1672   6.672573571349989E-007   1.112531171234672E-011   6.672573571349989E-007
    16   1586   6.468492053937932E-007   2.352209384950991E-011   6.468492053937932E-007
  </DiscreteSampler_grid>
  <DiscreteSampler_grid>
  grouped_processes
  1 # 1 for a reference and 2 for a running grid.
  10 # Attribute 'min_bin_probing_points' of the grid.
  1 # Attribute 'grid_mode' of the grid. 1=='default',2=='initialization'
  0.0300000000000000 # Attribute 'small_contrib_threshold' of the grid.
  0.3330000000000000 # Attribute 'damping_power' of the grid.
 # binID   n_entries weight   weight_sqr   abs_weight
    10   10   3.619739520700000E+001   5.982048498270000E+003   3.619739520700000E+001
    11   10   3.619739520700000E+001   5.982048498270000E+003   3.619739520700000E+001
    16   10   3.342485012360000E+001   5.904211202490000E+003   3.342485012360000E+001
    17   10   3.342485012360000E+001   5.904211202490000E+003   3.342485012360000E+001
  </DiscreteSampler_grid>
