+0.0000044317304129 +0.0000045128202150 +0.0000045532867246 +0.0000046318928057 
+0.0000048173190497 +0.0000049207784046 +0.0000050575021877 +0.0000051932208705 
+0.0000053255104465 +0.0000054539449806 +0.0000055866149541 +0.0000057459508370 
+0.0000059369865277 +0.0000061345913482 +0.0000063184994585 +0.0000064854159956 
+0.0000066512227452 +0.0000068110093742 +0.0000069882096134 +0.0000072275706742 
+0.0000074858683869 +0.0000077490944187 +0.0000079957495395 +0.0000082442150787 
+0.0000085142513861 +0.0000088033262392 +0.0000091033471595 +0.0000094311020043 
+0.0000098266578396 +0.0000102903207041 +0.0000108024211453 +0.0000113349803649 
+0.0000118545146614 +0.0000124066203201 +0.0000129964727028 +0.0000136289415459 
+0.0000143054158695 +0.0000150016550311 +0.0000156977396816 +0.0000164009966842 
+0.0000171572429034 +0.0000179978046163 +0.0000188859742900 +0.0000198257991427 
+0.0000208659507568 +0.0000219606786517 +0.0000230713569352 +0.0000242910135317 
+0.0000257154603127 +0.0000272840941875 +0.0000290461117162 +0.0000309432080435 
+0.0000327891408901 +0.0000347587309629 +0.0000368776739463 +0.0000389818961525 
+0.0000411888040454 +0.0000435464529501 +0.0000460306934445 +0.0000487480240304 
+0.0000517205745045 +0.0000549435407057 +0.0000585273770692 +0.0000625909789569 
+0.0000669449429049 +0.0000719019407166 +0.0000772025300159 +0.0000829553874864 
+0.0000893103605056 +0.0000964321856045 +0.0001044893212672 +0.0001131591406468 
+0.0001227205177037 +0.0001335691866997 +0.0001462193215435 +0.0001609006081554 
+0.0001770433613571 +0.0001948316863936 +0.0002142362815947 +0.0002362957139657 
+0.0002619892918813 +0.0002920011965688 +0.0003250607738748 +0.0003643979552843 
+0.0004118268657292 +0.0004695663819756 +0.0005334423957684 +0.0006067889427274 
+0.0006981776487781 +0.0008336321947746 +0.0010220179562097 +0.0013464752846032 
+0.0020738122109132 +0.0063659622852757 +0.0063659622852857 +0.0724651196526727 
-0.0000233744737110 +0.0003609858836380 +0.0011429425228651 +0.0024600127223186 
+0.0043800102235563 +0.0066950030820995 +0.0096928654016088 +0.0129935572560519 
+0.0165952424197404 +0.0205048395172866 +0.0251111896861708 +0.0299083260730009 
+0.0349663452478370 +0.0401421588031003 +0.0454144260720808 +0.0508529244449308 
+0.0565811508966716 +0.0628129884756522 +0.0694930720089789 +0.0765455780698108 
+0.0838490283585486 +0.0913123492993452 +0.0987448736698756 +0.1063035793977738 
+0.1139843748553977 +0.1219318055112783 +0.1296238033786073 +0.1375088927859862 
+0.1453830025230467 +0.1537066193434413 +0.1615120712963977 +0.1707110771605307 
+0.1796212467915265 +0.1890649604789976 +0.1982863109771959 +0.2077584481745736 
+0.2177667643745514 +0.2277506250441039 +0.2378412035638401 +0.2483238181413290 
+0.2586655995843454 +0.2689114572039281 +0.2792643087981124 +0.2899214435480426 
+0.3010092681925688 +0.3126183264163426 +0.3247190288454530 +0.3371096428267719 
+0.3496552019781721 +0.3621661467500771 +0.3744944742064431 +0.3870221479035323 
+0.3999025916936831 +0.4130509518271101 +0.4266002189429068 +0.4402013022688996 
+0.4535253977448783 +0.4669541702746151 +0.4797679173465969 +0.4924345876387863 
+0.5049498272327736 +0.5183135343122789 +0.5319230734710431 +0.5457589802790636 
+0.5596147156688527 +0.5731672902124888 +0.5865611217233957 +0.6005693131233860 
+0.6132200739953244 +0.6256816641412061 +0.6378305884494276 +0.6504095112703985 
+0.6633872734338345 +0.6771415308170379 +0.6918230695573357 +0.7061864791633404 
+0.7203455573533977 +0.7348342811981524 +0.7494353575713080 +0.7636608342185941 
+0.7765041519002513 +0.7893056266455527 +0.8021554648790067 +0.8151645658011738 
+0.8296626513123432 +0.8445433383086988 +0.8596131993899763 +0.8747585931118431 
+0.8900074075004636 +0.9053448735039731 +0.9207621439120119 +0.9362604376386534 
+0.9516894203890978 +0.9674983957428334 +0.9836960895805732 +1.0000000000000000 
-0.0015439301065061 +0.0078104023983811 +0.0160834398681600 +0.0259942141288114 
+0.0368020784026297 +0.0478730474331254 +0.0594032231987994 +0.0720699066149581 
+0.0845828287264976 +0.0961609268696962 +0.1071254980841590 +0.1179344967066024 
+0.1292277489626907 +0.1406711301295882 +0.1521487817686545 +0.1632875181888266 
+0.1737156750986212 +0.1839128582896215 +0.1946309892504039 +0.2063660596068700 
+0.2184366504772644 +0.2301674595831427 +0.2417109458708664 +0.2533227134546956 
+0.2642350709007024 +0.2744670828178181 +0.2840618558487140 +0.2933640193889780 
+0.3024950848443160 +0.3121861017310000 +0.3218001813166073 +0.3307241417054879 
+0.3400842967789279 +0.3497593174586840 +0.3602506497371764 +0.3707672345270377 
+0.3819569882297682 +0.3927554887371748 +0.4029627194825900 +0.4129889131030200 
+0.4247481858076578 +0.4371049052802318 +0.4476545706922622 +0.4572126786835334 
+0.4666430539181377 +0.4756392352627694 +0.4860638594048827 +0.4971575004135214 
+0.5083710052381494 +0.5190396771768533 +0.5293343957116466 +0.5403571941741131 
+0.5519662327010282 +0.5642957805365315 +0.5776509709387154 +0.5907920168798799 
+0.6030188100779736 +0.6136004357815246 +0.6241880709371050 +0.6350243094324706 
+0.6458576851054578 +0.6550968327118036 +0.6636243654799237 +0.6721581864255063 
+0.6805475533235135 +0.6890841878107486 +0.6984016492696209 +0.7081204025304237 
+0.7182323135294483 +0.7284889016972480 +0.7393926524068095 +0.7506229521508473 
+0.7620567038394322 +0.7735881435903207 +0.7857403101079256 +0.7970759879467129 
+0.8076269297917199 +0.8181088638844862 +0.8292800786532585 +0.8406741028123090 
+0.8522597067188515 +0.8642836347030454 +0.8756071122167063 +0.8860842876020285 
+0.8965351386556598 +0.9076329580140960 +0.9185459450580254 +0.9286708979972300 
+0.9384433683424349 +0.9482429627258485 +0.9576241829802806 +0.9658243493462522 
+0.9737166985926700 +0.9816831898942830 +0.9908916204311268 +1.0000000000000000 
+0.0165452847580449 +0.0289703062432449 +0.0491227991009795 +0.0660033527427536 
+0.0816729129373761 +0.0958598159951789 +0.1100679401496272 +0.1234046868034003 
+0.1340507067773805 +0.1435739029780301 +0.1532997191856894 +0.1631048919115200 
+0.1725564860186227 +0.1814905540398844 +0.1906369099152425 +0.2003131774362951 
+0.2097528048041702 +0.2187496942417994 +0.2280853987009469 +0.2373440022763808 
+0.2463854144221349 +0.2554177294609189 +0.2642020701915337 +0.2740669977396746 
+0.2847377794917149 +0.2948654874389626 +0.3043501824265923 +0.3135887948788976 
+0.3232397851645488 +0.3330784585577332 +0.3424843993811641 +0.3515331146881519 
+0.3605652822327657 +0.3695495089879723 +0.3783325832718100 +0.3871368808387942 
+0.3962069218534809 +0.4053247185544855 +0.4140067705065525 +0.4225014690598912 
+0.4309612374577798 +0.4399291174951985 +0.4493013474146321 +0.4589385689682141 
+0.4691292001204901 +0.4792056665538664 +0.4886522171195481 +0.4978674746609224 
+0.5068215487293244 +0.5156613933518425 +0.5242578323360703 +0.5325476379151234 
+0.5408330948317845 +0.5492508031666899 +0.5579675049461091 +0.5670324180842573 
+0.5763438580162161 +0.5856734302165763 +0.5947291449509826 +0.6032366433517480 
+0.6112852083401994 +0.6195787189073206 +0.6286376730843755 +0.6382769513835278 
+0.6474846562432310 +0.6557459945603865 +0.6632446574249515 +0.6719662848284692 
+0.6815008497083416 +0.6910312859047064 +0.6994626880382854 +0.7078738041881394 
+0.7176645945764230 +0.7277569161132436 +0.7377177646205253 +0.7470320980752818 
+0.7569009557964647 +0.7677943040344527 +0.7786034851909981 +0.7905531797026455 
+0.8026089690545930 +0.8151693262107547 +0.8246423635385535 +0.8340271302360228 
+0.8429653001348477 +0.8527245085073221 +0.8637231579909680 +0.8743925929497705 
+0.8853935021100656 +0.8973186970941913 +0.9100158729804230 +0.9235890705634195 
+0.9391378100424455 +0.9447010657205027 +0.9447010657205127 +0.9670048815225636 
-0.0020971596394258 +0.0088959569117741 +0.0176402217023959 +0.0272353246707853 
+0.0370693646860376 +0.0476606074929550 +0.0589424388840556 +0.0700217728213401 
+0.0806759785698536 +0.0910390939739273 +0.1017590581189582 +0.1126990858208220 
+0.1233293330173654 +0.1335693333340051 +0.1439644451546896 +0.1547389283090090 
+0.1656243984184768 +0.1757319292068407 +0.1861036027891854 +0.1954695751306038 
+0.2052245398477689 +0.2146432375979442 +0.2238646608821182 +0.2329477897716564 
+0.2422907666616771 +0.2521901906772889 +0.2631299884338378 +0.2735800930983087 
+0.2831457450775155 +0.2926127836186812 +0.3025797839962030 +0.3129233400782973 
+0.3231565561454761 +0.3328556908552812 +0.3426974693148329 +0.3526372579441686 
+0.3629939733545436 +0.3731527920135688 +0.3828308171823639 +0.3926199824499394 
+0.4027987384799902 +0.4132736868278052 +0.4239754918288867 +0.4348357700756890 
+0.4461104822571060 +0.4576861038806501 +0.4689917318302723 +0.4801246827099480 
+0.4910993280479867 +0.5020428858381872 +0.5128936841438055 +0.5238396561887024 
+0.5349332047256480 +0.5458193518556694 +0.5568966209726348 +0.5690883050537117 
+0.5823197651490134 +0.5955064993046532 +0.6084009068916109 +0.6210129782757422 
+0.6320642335260054 +0.6420914069074878 +0.6520292157069361 +0.6622405764430477 
+0.6724755555078616 +0.6825570122674143 +0.6926554575987310 +0.7027874112032372 
+0.7130997473731769 +0.7233636324962366 +0.7339772424472980 +0.7447343508248083 
+0.7559927164999447 +0.7670970738352746 +0.7778280006158714 +0.7880266117362192 
+0.7983547522195892 +0.8088275014389685 +0.8188479543998167 +0.8285294715904521 
+0.8388649372431491 +0.8499269978566660 +0.8598476473741774 +0.8680747920840864 
+0.8767991992523233 +0.8863299080244165 +0.8965772926083796 +0.9073048288606710 
+0.9182390521350628 +0.9298651205224262 +0.9416769175546528 +0.9537422517217521 
+0.9662827009793697 +0.9779593727128929 +0.9892342855531536 +1.0000000000000000 
+0.7076897552877017 +0.7099120684106139 +0.7113121264606503 +0.7129770009228689 
+0.7149122900167997 +0.7167680564494979 +0.7185953614731372 +0.7203991288673395 
+0.7220324417699067 +0.7236367056646932 +0.7252804971986286 +0.7268421174829812 
+0.7286121117961919 +0.7306759721580617 +0.7329100987057672 +0.7352283835219817 
+0.7374552912399041 +0.7394791264756237 +0.7413878963041842 +0.7432873505775244 
+0.7452424669088891 +0.7472978950477231 +0.7493895019091523 +0.7514459370810076 
+0.7535806113161161 +0.7556982763470198 +0.7578784835916698 +0.7601192290993363 
+0.7624920681858925 +0.7648751687647064 +0.7671156300058938 +0.7691761504000736 
+0.7711353782211539 +0.7730915896735340 +0.7750816225306870 +0.7771922275064531 
+0.7793828931755387 +0.7815567974490588 +0.7837548308152318 +0.7859210681246086 
+0.7881222579284861 +0.7903751711972831 +0.7927392178529401 +0.7951384904884087 
+0.7974892608364149 +0.7998364684873128 +0.8021878395196925 +0.8046361736731361 
+0.8070208276334413 +0.8094155014057816 +0.8117578359505554 +0.8142628343824835 
+0.8168922240131395 +0.8196336284312336 +0.8223436435264919 +0.8250732894923347 
+0.8278058736537386 +0.8305781616148564 +0.8332141254972250 +0.8358880507434908 
+0.8385507208353653 +0.8412422169434671 +0.8439777044557326 +0.8468193590243270 
+0.8497762530661027 +0.8527335287875183 +0.8556821105778086 +0.8587440702410555 
+0.8618704273870037 +0.8649645126488820 +0.8679501297527169 +0.8709560206301900 
+0.8737855675580019 +0.8767716587261933 +0.8798864087795203 +0.8829974628028213 
+0.8860560476980095 +0.8892623438558497 +0.8927380361108364 +0.8962820902537380 
+0.8999890388381003 +0.9039306109999072 +0.9079658628967631 +0.9120379020655410 
+0.9164862811894429 +0.9214483885475311 +0.9264083184130019 +0.9313169345245622 
+0.9363919659200621 +0.9422984267477896 +0.9487454780618586 +0.9553853316597719 
+0.9624834194158034 +0.9711807848595472 +0.9825272483995680 +1.0000000000000000 
-0.0192697335618912 +0.1394596250542093 +0.1889006044692545 +0.2210944320961138 
+0.2450000367551857 +0.2642924641130319 +0.2818185649604029 +0.2985493714079762 
+0.3137459131381332 +0.3278309971523787 +0.3411577716278426 +0.3540280880451628 
+0.3660681745223107 +0.3778428363681566 +0.3886753495709621 +0.3990860125415169 
+0.4078103996501479 +0.4164682083971255 +0.4250291789172036 +0.4335904132839693 
+0.4424528165140672 +0.4514428293207081 +0.4595031851214698 +0.4665834810129638 
+0.4732079724538675 +0.4797645751038163 +0.4863408703980441 +0.4927874511914181 
+0.4990700642162801 +0.5051609342024077 +0.5114605372231718 +0.5177501271856064 
+0.5248757031503765 +0.5322354645543880 +0.5393574360848440 +0.5463357963601282 
+0.5533019476016864 +0.5602411573006496 +0.5668441737885752 +0.5730121081055904 
+0.5792294267876475 +0.5854014206640562 +0.5911265526296291 +0.5966056630425124 
+0.6021127855497019 +0.6076698056843851 +0.6132852491615375 +0.6189483650020935 
+0.6245258988424807 +0.6300316688896532 +0.6354183892550034 +0.6406272288954029 
+0.6455433057655299 +0.6498899045692551 +0.6541596655857604 +0.6584101707632382 
+0.6628862905242241 +0.6679109538425990 +0.6735022051392119 +0.6788721243681390 
+0.6843305226468651 +0.6897810363196714 +0.6952084704851426 +0.7005574516222806 
+0.7058200280421367 +0.7110674313345878 +0.7163284474719800 +0.7214263613061302 
+0.7266715536013765 +0.7318616921552481 +0.7373828323311858 +0.7427397992148010 
+0.7480415426516729 +0.7537047134295745 +0.7593902407446851 +0.7647390401336268 
+0.7697970620183255 +0.7746844474376049 +0.7798866210732669 +0.7853078506907326 
+0.7913718372236110 +0.7979950787154091 +0.8046653551080303 +0.8113935256393766 
+0.8181875368292344 +0.8250269152359537 +0.8321753346282894 +0.8402831320845953 
+0.8493752349315806 +0.8595236119462829 +0.8701862067495685 +0.8816752198063826 
+0.8949266163619851 +0.9115828769067510 +0.9372481140980399 +1.0000000000000000 
1.14623930436e-07 0.00248507265993 
  <DiscreteSampler_grid>
  Helicity
  1 # grid_type. 1=='ref', 2=='run'
  80 # Attribute 'min_bin_probing_points' of the grid.
  1 # Attribute 'grid_mode' of the grid. 1=='default',2=='initialization'
  0.030 # Attribute 'small_contrib_threshold' of the grid.
  0.333 # Attribute 'damping_power' of the grid.
#  binID   n_entries weight   weight_sqr   abs_weight
    16   3280 2.13862470972e-06 2.54760912853e-10 2.13862470972e-06
    13   2713 1.88131523246e-06 3.65246904876e-10 1.88131523246e-06
    1   2737 1.80783061651e-06 1.65424775405e-10 1.80783061651e-06
    4   2346 1.66098484172e-06 1.51830798387e-10 1.66098484172e-06
    14   1026 6.9181913856e-07 3.1362306197e-11 6.9181913856e-07
    3   903 6.34927024334e-07 1.78336711085e-11 6.34927024334e-07
    2   581 4.20350663681e-07 8.32020584567e-12 4.20350663681e-07
    15   465 3.89511575722e-07 7.12837909076e-12 3.89511575722e-07
  </DiscreteSampler_grid>
  <DiscreteSampler_grid>
  grouped_processes
  1 # grid_type. 1=='ref', 2=='run'
  10 # Attribute 'min_bin_probing_points' of the grid.
  1 # Attribute 'grid_mode' of the grid. 1=='default',2=='initialization'
  0.030 # Attribute 'small_contrib_threshold' of the grid.
  0.333 # Attribute 'damping_power' of the grid.
#  binID   n_entries weight   weight_sqr   abs_weight
    10   10 44.7757535641 4769.71247863 44.7757535641
    11   10 44.7757535641 4769.71247863 44.7757535641
  </DiscreteSampler_grid>
