     
 Collinear #          74
 
 part:           1
 comp:           0
  0.99999999770450376        276.25015995999581        276.25016059412701     
  0.99999999978089749        276.25016053359991        276.25016059412701     
  0.99999999997818900        276.25016058810172        276.25016059412701     
  0.99999999999782008        276.25016059352481        276.25016059412701     
  0.99999999999978251        276.25016059406693        276.25016059412701     
  0.99999999999997857        276.25016059412110        276.25016059412701     
  0.99999999999999789        276.25016059412644        276.25016059412701     
  0.99999999999999978        276.25016059412695        276.25016059412701     
   1.0000000000000002        276.25016059412707        276.25016059412701     
   1.0000000000000000        276.25016059412701        276.25016059412701     
 comp:           1
   0.0000000000000000        0.0000000000000000     
   0.0000000000000000        0.0000000000000000     
   0.0000000000000000        0.0000000000000000     
   0.0000000000000000        0.0000000000000000     
   0.0000000000000000        0.0000000000000000     
   0.0000000000000000        0.0000000000000000     
   0.0000000000000000        0.0000000000000000     
   0.0000000000000000        0.0000000000000000     
   0.0000000000000000        0.0000000000000000     
   0.0000000000000000        0.0000000000000000     
 comp:           2
   0.0000000000000000        0.0000000000000000     
   0.0000000000000000        0.0000000000000000     
   0.0000000000000000        0.0000000000000000     
   0.0000000000000000        0.0000000000000000     
   0.0000000000000000        0.0000000000000000     
   0.0000000000000000        0.0000000000000000     
   0.0000000000000000        0.0000000000000000     
   0.0000000000000000        0.0000000000000000     
   0.0000000000000000        0.0000000000000000     
   0.0000000000000000        0.0000000000000000     
 comp:           3
  0.99999999770450376        276.25015995999581        276.25016059412701     
  0.99999999978089749        276.25016053359991        276.25016059412701     
  0.99999999997818900        276.25016058810172        276.25016059412701     
  0.99999999999782008        276.25016059352481        276.25016059412701     
  0.99999999999978251        276.25016059406693        276.25016059412701     
  0.99999999999997857        276.25016059412110        276.25016059412701     
  0.99999999999999789        276.25016059412644        276.25016059412701     
  0.99999999999999978        276.25016059412695        276.25016059412701     
   1.0000000000000002        276.25016059412707        276.25016059412701     
   1.0000000000000000        276.25016059412701        276.25016059412701     
 
 part:           2
 comp:           0
   1.0000000304758188        276.25000841894484        276.24999999999994     
   1.0000000029201861        276.25000080670134        276.24999999999994     
   1.0000000002908027        276.25000008033419        276.24999999999994     
   1.0000000000290685        276.25000000803010        276.24999999999994     
   1.0000000000029070        276.25000000080303        276.24999999999994     
   1.0000000000002909        276.25000000008032        276.24999999999994     
   1.0000000000000291        276.25000000000796        276.24999999999994     
   1.0000000000000029        276.25000000000074        276.24999999999994     
   1.0000000000000004        276.25000000000006        276.24999999999994     
   1.0000000000000002        276.25000000000000        276.24999999999994     
 comp:           1
   0.0000000000000000        0.0000000000000000     
   0.0000000000000000        0.0000000000000000     
   0.0000000000000000        0.0000000000000000     
   0.0000000000000000        0.0000000000000000     
   0.0000000000000000        0.0000000000000000     
   0.0000000000000000        0.0000000000000000     
   0.0000000000000000        0.0000000000000000     
   0.0000000000000000        0.0000000000000000     
   0.0000000000000000        0.0000000000000000     
   0.0000000000000000        0.0000000000000000     
 comp:           2
   0.0000000000000000        0.0000000000000000     
   0.0000000000000000        0.0000000000000000     
   0.0000000000000000        0.0000000000000000     
   0.0000000000000000        0.0000000000000000     
   0.0000000000000000        0.0000000000000000     
   0.0000000000000000        0.0000000000000000     
   0.0000000000000000        0.0000000000000000     
   0.0000000000000000        0.0000000000000000     
   0.0000000000000000        0.0000000000000000     
   0.0000000000000000        0.0000000000000000     
 comp:           3
   1.0000000304758188       -276.25000841894484       -276.24999999999994     
   1.0000000029201861       -276.25000080670134       -276.24999999999994     
   1.0000000002908027       -276.25000008033419       -276.24999999999994     
   1.0000000000290685       -276.25000000803010       -276.24999999999994     
   1.0000000000029070       -276.25000000080303       -276.24999999999994     
   1.0000000000002909       -276.25000000008032       -276.24999999999994     
   1.0000000000000291       -276.25000000000796       -276.24999999999994     
   1.0000000000000029       -276.25000000000074       -276.24999999999994     
   1.0000000000000004       -276.25000000000006       -276.24999999999994     
   1.0000000000000002       -276.25000000000000       -276.24999999999994     
 
 part:           3
 comp:           0
  0.99999999337808865        283.30091987038378        283.30092174637736     
  0.99999999794652905        283.30092116462714        283.30092174637736     
  0.99999999935187878        283.30092156276402        283.30092174637736     
  0.99999999979508525        283.30092168832482        283.30092174637736     
  0.99999999993520150        283.30092172801989        283.30092174637736     
  0.99999999997950895        283.30092174057222        283.30092174637736     
  0.99999999999352007        283.30092174454160        283.30092174637736     
  0.99999999999795097        283.30092174579687        283.30092174637736     
  0.99999999999935207        283.30092174619381        283.30092174637736     
  0.99999999999979516        283.30092174631932        283.30092174637736     
 comp:           1
  0.99999989065183981       -172.27607742535506       -172.27609626342922     
  0.99999996609089681       -172.27609042170130       -172.27609626342922     
  0.99999998929753375       -172.27609441965012       -172.27609626342922     
  0.99999999661623040       -172.27609568048661       -172.27609626342922     
  0.99999999892997860       -172.27609607909011       -172.27609626342922     
  0.99999999966163011       -172.27609620513618       -172.27609626342922     
  0.99999999989299815       -172.27609624499536       -172.27609626342922     
  0.99999999996616307       -172.27609625759993       -172.27609626342922     
  0.99999999998929989       -172.27609626158585       -172.27609626342922     
  0.99999999999661626       -172.27609626284629       -172.27609626342922     
 comp:           2
   1.0000003911167996        83.299449676665773        83.299417096864346     
   1.0000001212861733        83.299427199931884        83.299417096864346     
   1.0000000382806105        83.299420285616890        83.299417096864346     
   1.0000000121030763        83.299418105043557        83.299417096864346     
   1.0000000038272556        83.299417415672508        83.299417096864346     
   1.0000000012102821        83.299417197680143        83.299417096864346     
   1.0000000003827247        83.299417128745091        83.299417096864346     
   1.0000000001210283        83.299417106945924        83.299417096864346     
   1.0000000000382725        83.299417100052423        83.299417096864346     
   1.0000000000121028        83.299417097872507        83.299417096864346     
 comp:           3
   1.0000000000000000        167.38149846952422        167.38149846952422     
   1.0000000000000000        167.38149846952422        167.38149846952422     
   1.0000000000000000        167.38149846952422        167.38149846952422     
   1.0000000000000000        167.38149846952422        167.38149846952422     
   1.0000000000000000        167.38149846952422        167.38149846952422     
   1.0000000000000000        167.38149846952422        167.38149846952422     
   1.0000000000000000        167.38149846952422        167.38149846952422     
   1.0000000000000000        167.38149846952422        167.38149846952422     
   1.0000000000000000        167.38149846952422        167.38149846952422     
   1.0000000000000000        167.38149846952422        167.38149846952422     
 
 part:           4
 comp:           0
   1.0000000356214791        178.72339578047203        178.72338941408054     
   1.0000000110462965        178.72339138831211        178.72338941408054     
   1.0000000034864565        178.72339003719185        178.72338941408054     
   1.0000000011023034        178.72338961108795        178.72338941408054     
   1.0000000003485723        178.72338947637857        178.72338941408054     
   1.0000000001102280        178.72338943378088        178.72338941408054     
   1.0000000000348572        178.72338942031033        178.72338941408054     
   1.0000000000110227        178.72338941605057        178.72338941408054     
   1.0000000000034857        178.72338941470352        178.72338941408054     
   1.0000000000011022        178.72338941427753        178.72338941408054     
 comp:           1
   1.0000000939610409        126.48008175867108        126.48006987447206     
   1.0000000291375235        126.48007355978807        126.48006987447206     
   1.0000000091964496        126.48007103763966        126.48006987447206     
   1.0000000029076164        126.48007024222760        126.48006987447206     
   1.0000000009194514        126.48006999076435        126.48006987447206     
   1.0000000002907554        126.48006991124684        126.48006987447206     
   1.0000000000919449        126.48006988610126        126.48006987447206     
   1.0000000000290754        126.48006987814954        126.48006987447206     
   1.0000000000091944        126.48006987563498        126.48006987447206     
   1.0000000000029075        126.48006987483981        126.48006987447206     
 comp:           2
  0.99999884355734947       -17.772856901275084       -17.772877454588595     
  0.99999964138461483       -17.772871080961302       -17.772877454588595     
  0.99999988681301843       -17.772875442930243       -17.772877454588595     
  0.99999996421398019       -17.772876818568051       -17.772877454588595     
  0.99999998868368334       -17.772877253465087       -17.772877454588595     
  0.99999999642147330       -17.772877390987880       -17.772877454588595     
  0.99999999886837065       -17.772877434476285       -17.772877454588595     
  0.99999999964214736       -17.772877448228524       -17.772877454588595     
  0.99999999988683708       -17.772877452577365       -17.772877454588595     
  0.99999999996421474       -17.772877453952589       -17.772877454588595     
 comp:           3
   1.0000000000000000       -125.01586569387871       -125.01586569387871     
   1.0000000000000000       -125.01586569387871       -125.01586569387871     
   1.0000000000000000       -125.01586569387871       -125.01586569387871     
   1.0000000000000000       -125.01586569387871       -125.01586569387871     
   1.0000000000000000       -125.01586569387871       -125.01586569387871     
   1.0000000000000000       -125.01586569387871       -125.01586569387871     
   1.0000000000000000       -125.01586569387871       -125.01586569387871     
   1.0000000000000000       -125.01586569387871       -125.01586569387871     
   1.0000000000000000       -125.01586569387871       -125.01586569387871     
   1.0000000000000000       -125.01586569387871       -125.01586569387871     
 
 part:           5
 comp:           0
   1.0484750521305235        1.6837893576253756E-004   1.6059412708045652E-004
   1.0046463316571417        1.6134030065706147E-004   1.6059412708045652E-004
   1.0004627121602474        1.6066843593592097E-004   1.6059412708045652E-004
   1.0000462520926097        1.6060155489489481E-004   1.6059412708045652E-004
   1.0000046250181145        1.6059486983120334E-004   1.6059412708045652E-004
   1.0000004624999002        1.6059420135522426E-004   1.6059412708045652E-004
   1.0000000462499712        1.6059413450793028E-004   1.6059412708045652E-004
   1.0000000046249973        1.6059412782320391E-004   1.6059412708045652E-004
   1.0000000004624996        1.6059412715473126E-004   1.6059412708045652E-004
   1.0000000000462497        1.6059412708788396E-004   1.6059412708045652E-004
 comp:           1
  -3.6738447379061388E-005  -0.0000000000000000     
  -1.1392672700782796E-005  -0.0000000000000000     
  -3.5957805746055604E-006  -0.0000000000000000     
  -1.1368681628966212E-006  -0.0000000000000000     
  -3.5950240370129790E-007  -0.0000000000000000     
  -1.1368442458039959E-007  -0.0000000000000000     
  -3.5950164731035299E-008  -0.0000000000000000     
  -1.1368440091604986E-008  -0.0000000000000000     
  -3.5950163484093647E-009  -0.0000000000000000     
  -1.1368440512858105E-009  -0.0000000000000000     
 comp:           2
  -6.3537881348839489E-005  -0.0000000000000000     
  -1.9703235655000990E-005  -0.0000000000000000     
  -6.2187788489930191E-006  -0.0000000000000000     
  -1.9661743921319772E-006  -0.0000000000000000     
  -6.2174704432431133E-007  -0.0000000000000000     
  -1.9661330283427629E-007  -0.0000000000000000     
  -6.2174573617218362E-008  -0.0000000000000000     
  -1.9661326190759725E-008  -0.0000000000000000     
  -6.2174571460675648E-009  -0.0000000000000000     
  -1.9661326919302507E-009  -0.0000000000000000     
 comp:           3
  0.94362760155731817        1.5154105096112236E-004   1.6059412708045652E-004
  0.99459987412035655        1.5972689857869060E-004   1.6059412708045652E-004
  0.99946225002908862        1.6050776759329047E-004   1.6059412708045652E-004
  0.99994624752553063        1.6058549474874071E-004   1.6059412708045652E-004
  0.99999462497767755        1.6059326388343862E-004   1.6059412708045652E-004
  0.99999946250001881        1.6059404076111623E-004   1.6059412708045652E-004
  0.99999994625002464        1.6059411844852615E-004   1.6059412708045652E-004
  0.99999999462500311        1.6059412621726360E-004   1.6059412708045652E-004
  0.99999999946250029        1.6059412699413723E-004   1.6059412708045652E-004
  0.99999999994624966        1.6059412707182454E-004   1.6059412708045652E-004
 
 part:           6
 comp:           0
  0.99999995036906508        90.475684349149091        90.475688839542116     
  0.99999998460933692        90.475687447061276        90.475688839542116     
  0.99999999514236471        90.475688400044220        90.475688839542116     
  0.99999999846417464        90.475688700587256        90.475688839542116     
  0.99999999951433860        90.475688795601570        90.475688839542116     
  0.99999999984642074        90.475688825646927        90.475688839542116     
  0.99999999995143407        90.475688835148077        90.475688839542116     
  0.99999999998464206        90.475688838152593        90.475688839542116     
  0.99999999999514344        90.475688839102716        90.475688839542116     
  0.99999999999846423        90.475688839403162        90.475688839542116     
 comp:           1
   1.0000001313689131        45.796032405131378        45.796026388957166     
   1.0000000407377874        45.796028254585949        45.796026388957166     
   1.0000000128577506        45.796026977791051        45.796026388957166     
   1.0000000040652002        45.796026575127179        45.796026388957166     
   1.0000000012855046        45.796026447828169        45.796026388957166     
   1.0000000004065115        45.796026407573777        45.796026388957166     
   1.0000000001285503        45.796026394844255        45.796026388957166     
   1.0000000000406510        45.796026390818824        45.796026388957166     
   1.0000000000128551        45.796026389545872        45.796026388957166     
   1.0000000000040652        45.796026389143336        45.796026388957166     
 comp:           2
  0.99999984121294283       -65.526529237509337       -65.526539642275736     
  0.99999995075978609       -65.526536415734910       -65.526539642275736     
  0.99999998445869476       -65.526538623907783       -65.526539642275736     
  0.99999999508634785       -65.526539320301112       -65.526539642275736     
  0.99999999844619636       -65.526539540460362       -65.526539642275736     
  0.99999999950864515       -65.526539610078956       -65.526539642275736     
  0.99999999984462007       -65.526539632094227       -65.526539642275736     
  0.99999999995086442       -65.526539639056054       -65.526539642275736     
  0.99999999998446198       -65.526539641257585       -65.526539642275736     
  0.99999999999508660       -65.526539641953775       -65.526539642275736     
 comp:           3
   1.0000000000000000       -42.365632775645508       -42.365632775645508     
   1.0000000000000000       -42.365632775645508       -42.365632775645508     
   1.0000000000000000       -42.365632775645508       -42.365632775645508     
   1.0000000000000000       -42.365632775645508       -42.365632775645508     
   1.0000000000000000       -42.365632775645508       -42.365632775645508     
   1.0000000000000000       -42.365632775645508       -42.365632775645508     
   1.0000000000000000       -42.365632775645508       -42.365632775645508     
   1.0000000000000000       -42.365632775645508       -42.365632775645508     
   1.0000000000000000       -42.365632775645508       -42.365632775645508     
   1.0000000000000000       -42.365632775645508       -42.365632775645508     
 
 part: i_fks+j_fks
 comp:           0
   1.0000000258847754        276.25032833893158        276.25032118825408     
   1.0000000024819755        276.25032187390059        276.25032118825408     
   1.0000000002471801        276.25032125653763        276.25032118825408     
   1.0000000000247082        276.25032119507972        276.25032118825408     
   1.0000000000024714        276.25032118893677        276.25032118825408     
   1.0000000000002476        276.25032118832246        276.25032118825408     
   1.0000000000000249        276.25032118826095        276.25032118825408     
   1.0000000000000024        276.25032118825476        276.25032118825408     
   1.0000000000000007        276.25032118825425        276.25032118825408     
   1.0000000000000000        276.25032118825408        276.25032118825408     
 comp:           1
  -3.6738447379061388E-005   0.0000000000000000     
  -1.1392672700782796E-005   0.0000000000000000     
  -3.5957805746055604E-006   0.0000000000000000     
  -1.1368681628966212E-006   0.0000000000000000     
  -3.5950240370129790E-007   0.0000000000000000     
  -1.1368442458039959E-007   0.0000000000000000     
  -3.5950164731035299E-008   0.0000000000000000     
  -1.1368440091604986E-008   0.0000000000000000     
  -3.5950163484093647E-009   0.0000000000000000     
  -1.1368440512858105E-009   0.0000000000000000     
 comp:           2
  -6.3537881348839489E-005   0.0000000000000000     
  -1.9703235655000990E-005   0.0000000000000000     
  -6.2187788489930191E-006   0.0000000000000000     
  -1.9661743921319772E-006   0.0000000000000000     
  -6.2174704432431133E-007   0.0000000000000000     
  -1.9661330283427629E-007   0.0000000000000000     
  -6.2174573617218362E-008   0.0000000000000000     
  -1.9661326190759725E-008   0.0000000000000000     
  -6.2174571460675648E-009   0.0000000000000000     
  -1.9661326919302507E-009   0.0000000000000000     
 comp:           3
  0.99999996493322707        276.25031150104678        276.25032118825408     
  0.99999999664161265        276.25032026049848        276.25032118825408     
  0.99999999966557584        276.25032109586931        276.25032118825408     
  0.99999999996657196        276.25032117901958        276.25032118825408     
  0.99999999999665790        276.25032118733083        276.25032118825408     
  0.99999999999966627        276.25032118816188        276.25032118825408     
  0.99999999999996669        276.25032118824487        276.25032118825408     
  0.99999999999999667        276.25032118825317        276.25032118825408     
   1.0000000000000000        276.25032118825408        276.25032118825408     
   1.0000000000000000        276.25032118825408        276.25032118825408     
     
 Collinear #          14
 
 part:           1
 comp:           0
   1.0000000081783982        276.25000225928250        276.25000000000000     
   1.0000000007836520        276.25000021648390        276.25000000000000     
   1.0000000000780389        276.25000002155826        276.25000000000000     
   1.0000000000078006        276.25000000215493        276.25000000000000     
   1.0000000000007800        276.25000000021549        276.25000000000000     
   1.0000000000000779        276.25000000002154        276.25000000000000     
   1.0000000000000075        276.25000000000210        276.25000000000000     
   1.0000000000000009        276.25000000000023        276.25000000000000     
   1.0000000000000000        276.25000000000000        276.25000000000000     
   1.0000000000000000        276.25000000000000        276.25000000000000     
 comp:           1
   0.0000000000000000        0.0000000000000000     
   0.0000000000000000        0.0000000000000000     
   0.0000000000000000        0.0000000000000000     
   0.0000000000000000        0.0000000000000000     
   0.0000000000000000        0.0000000000000000     
   0.0000000000000000        0.0000000000000000     
   0.0000000000000000        0.0000000000000000     
   0.0000000000000000        0.0000000000000000     
   0.0000000000000000        0.0000000000000000     
   0.0000000000000000        0.0000000000000000     
 comp:           2
   0.0000000000000000        0.0000000000000000     
   0.0000000000000000        0.0000000000000000     
   0.0000000000000000        0.0000000000000000     
   0.0000000000000000        0.0000000000000000     
   0.0000000000000000        0.0000000000000000     
   0.0000000000000000        0.0000000000000000     
   0.0000000000000000        0.0000000000000000     
   0.0000000000000000        0.0000000000000000     
   0.0000000000000000        0.0000000000000000     
   0.0000000000000000        0.0000000000000000     
 comp:           3
   1.0000000081783982        276.25000225928250        276.25000000000000     
   1.0000000007836520        276.25000021648390        276.25000000000000     
   1.0000000000780389        276.25000002155826        276.25000000000000     
   1.0000000000078006        276.25000000215493        276.25000000000000     
   1.0000000000007800        276.25000000021549        276.25000000000000     
   1.0000000000000779        276.25000000002154        276.25000000000000     
   1.0000000000000075        276.25000000000210        276.25000000000000     
   1.0000000000000009        276.25000000000023        276.25000000000000     
   1.0000000000000000        276.25000000000000        276.25000000000000     
   1.0000000000000000        276.25000000000000        276.25000000000000     
 
 part:           2
 comp:           0
  0.99999999938398598        276.25004292636959        276.25004309654349     
  0.99999999994120203        276.25004308030054        276.25004309654349     
  0.99999999999414690        276.25004309492658        276.25004309654349     
  0.99999999999941502        276.25004309638189        276.25004309654349     
  0.99999999999994138        276.25004309652729        276.25004309654349     
  0.99999999999999400        276.25004309654184        276.25004309654349     
  0.99999999999999922        276.25004309654327        276.25004309654349     
  0.99999999999999978        276.25004309654344        276.25004309654349     
   1.0000000000000000        276.25004309654349        276.25004309654349     
   1.0000000000000000        276.25004309654349        276.25004309654349     
 comp:           1
   0.0000000000000000        0.0000000000000000     
   0.0000000000000000        0.0000000000000000     
   0.0000000000000000        0.0000000000000000     
   0.0000000000000000        0.0000000000000000     
   0.0000000000000000        0.0000000000000000     
   0.0000000000000000        0.0000000000000000     
   0.0000000000000000        0.0000000000000000     
   0.0000000000000000        0.0000000000000000     
   0.0000000000000000        0.0000000000000000     
   0.0000000000000000        0.0000000000000000     
 comp:           2
   0.0000000000000000        0.0000000000000000     
   0.0000000000000000        0.0000000000000000     
   0.0000000000000000        0.0000000000000000     
   0.0000000000000000        0.0000000000000000     
   0.0000000000000000        0.0000000000000000     
   0.0000000000000000        0.0000000000000000     
   0.0000000000000000        0.0000000000000000     
   0.0000000000000000        0.0000000000000000     
   0.0000000000000000        0.0000000000000000     
   0.0000000000000000        0.0000000000000000     
 comp:           3
  0.99999999938398598       -276.25004292636959       -276.25004309654349     
  0.99999999994120203       -276.25004308030054       -276.25004309654349     
  0.99999999999414690       -276.25004309492658       -276.25004309654349     
  0.99999999999941502       -276.25004309638189       -276.25004309654349     
  0.99999999999994138       -276.25004309652729       -276.25004309654349     
  0.99999999999999400       -276.25004309654184       -276.25004309654349     
  0.99999999999999922       -276.25004309654327       -276.25004309654349     
  0.99999999999999978       -276.25004309654344       -276.25004309654349     
   1.0000000000000000       -276.25004309654349       -276.25004309654349     
   1.0000000000000000       -276.25004309654349       -276.25004309654349     
 
 part:           3
 comp:           0
  0.99999998528981349        289.26330986815299        289.26331412327028     
  0.99999999543833906        289.26331280374910        289.26331412327028     
  0.99999999856023825        289.26331370680003        289.26331412327028     
  0.99999999954479446        289.26331399159602        289.26331412327028     
  0.99999999985605414        289.26331408163202        289.26331412327028     
  0.99999999995448041        289.26331411010312        289.26331412327028     
  0.99999999998560540        289.26331411910644        289.26331412327028     
  0.99999999999544797        289.26331412195356        289.26331412327028     
  0.99999999999856060        289.26331412285390        289.26331412327028     
  0.99999999999954492        289.26331412313863        289.26331412327028     
 comp:           1
   1.0000001075432228        63.305812467401637        63.305805659291273     
   1.0000000333493884        63.305807770501168        63.305805659291273     
   1.0000000105258080        63.305806325636027        63.305805659291273     
   1.0000000033279159        63.305805869967678        63.305805659291273     
   1.0000000010523593        63.305805725911732        63.305805659291273     
   1.0000000003327845        63.305805680358468        63.305805659291273     
   1.0000000001052358        63.305805665953308        63.305805659291273     
   1.0000000000332785        63.305805661397990        63.305805659291273     
   1.0000000000105236        63.305805659957478        63.305805659291273     
   1.0000000000033278        63.305805659501942        63.305805659291273     
 comp:           2
  0.99999996390465629       -214.57014584146359       -214.57015358644702     
  0.99999998880675511       -214.57015118471074       -214.57015358644702     
  0.99999999646716309       -214.57015282840567       -214.57015358644702     
  0.99999999888303270       -214.57015334677916       -214.57015358644702     
  0.99999999964679065       -214.57015351065883       -214.57015358644702     
  0.99999999988830557       -214.57015356248073       -214.57015358644702     
  0.99999999996467914       -214.57015357886823       -214.57015358644702     
  0.99999999998883049       -214.57015358405039       -214.57015358644702     
  0.99999999999646783       -214.57015358568913       -214.57015358644702     
  0.99999999999888312       -214.57015358620737       -214.57015358644702     
 comp:           3
   1.0000000000000000        134.16515589859509        134.16515589859509     
   1.0000000000000000        134.16515589859509        134.16515589859509     
   1.0000000000000000        134.16515589859509        134.16515589859509     
   1.0000000000000000        134.16515589859509        134.16515589859509     
   1.0000000000000000        134.16515589859509        134.16515589859509     
   1.0000000000000000        134.16515589859509        134.16515589859509     
   1.0000000000000000        134.16515589859509        134.16515589859509     
   1.0000000000000000        134.16515589859509        134.16515589859509     
   1.0000000000000000        134.16515589859509        134.16515589859509     
   1.0000000000000000        134.16515589859509        134.16515589859509     
 
 part:           4
 comp:           0
   1.0000000299702672        15.853661930916026        15.853661455777557     
   1.0000000092938452        15.853661603119034        15.853661455777557     
   1.0000000029333438        15.853661502281797        15.853661455777557     
   1.0000000009274275        15.853661470480677        15.853661455777557     
   1.0000000002932727        15.853661460427002        15.853661455777557     
   1.0000000000927409        15.853661457247838        15.853661455777557     
   1.0000000000293272        15.853661456242500        15.853661455777557     
   1.0000000000092741        15.853661455924584        15.853661455777557     
   1.0000000000029328        15.853661455824051        15.853661455777557     
   1.0000000000009275        15.853661455792260        15.853661455777557     
 comp:           1
   1.0000001259408942        2.9627574715852676        2.9627570984529896     
   1.0000000390545465        2.9627572141621243        2.9627570984529896     
   1.0000000123264818        2.9627571349733612        2.9627570984529896     
   1.0000000038972303        2.9627571099995365        2.9627570984529896     
   1.0000000012323889        2.9627571021042587        2.9627570984529896     
   1.0000000003897149        2.9627570996076202        2.9627570984529896     
   1.0000000001232385        2.9627570988181158        2.9627570984529896     
   1.0000000000389715        2.9627570985684528        2.9627570984529896     
   1.0000000000123239        2.9627570984895022        2.9627570984529896     
   1.0000000000038971        2.9627570984645359        2.9627570984529896     
 comp:           2
   1.0000000280344934        15.141329993759621        15.141329569280117     
   1.0000000086935577        15.141329700912140        15.141329569280117     
   1.0000000027438798        15.141329610826105        15.141329569280117     
   1.0000000008675249        15.141329582415599        15.141329569280117     
   1.0000000002743303        15.141329573433842        15.141329569280117     
   1.0000000000867506        15.141329570593637        15.141329569280117     
   1.0000000000274329        15.141329569695488        15.141329569280117     
   1.0000000000086751        15.141329569411470        15.141329569280117     
   1.0000000000027434        15.141329569321654        15.141329569280117     
   1.0000000000008675        15.141329569293251        15.141329569280117     
 comp:           3
   1.0000000000000000       -3.6470249251161793       -3.6470249251161793     
   1.0000000000000000       -3.6470249251161793       -3.6470249251161793     
   1.0000000000000000       -3.6470249251161793       -3.6470249251161793     
   1.0000000000000000       -3.6470249251161793       -3.6470249251161793     
   1.0000000000000000       -3.6470249251161793       -3.6470249251161793     
   1.0000000000000000       -3.6470249251161793       -3.6470249251161793     
   1.0000000000000000       -3.6470249251161793       -3.6470249251161793     
   1.0000000000000000       -3.6470249251161793       -3.6470249251161793     
   1.0000000000000000       -3.6470249251161793       -3.6470249251161793     
   1.0000000000000000       -3.6470249251161793       -3.6470249251161793     
 
 part:           5
 comp:           0
   1.0000000152798649        247.38302820093136        247.38302442095218     
   1.0000000047383195        247.38302559313200        247.38302442095218     
   1.0000000014955186        247.38302479091811        247.38302442095218     
   1.0000000004728342        247.38302453792332        247.38302442095218     
   1.0000000001495204        247.38302445794099        247.38302442095218     
   1.0000000000472824        247.38302443264905        247.38302442095218     
   1.0000000000149520        247.38302442465107        247.38302442095218     
   1.0000000000047282        247.38302442212188        247.38302442095218     
   1.0000000000014952        247.38302442132206        247.38302442095218     
   1.0000000000004727        247.38302442106914        247.38302442095218     
 comp:           1
  0.99999991213911377       -66.268556935329613       -66.268562757744263     
  0.99999997275414720       -66.268560952200758       -66.268562757744263     
  0.99999999140060380       -66.268562187874636       -66.268562757744263     
  0.99999999728115230       -66.268562577570137       -66.268562757744263     
  0.99999999914024140       -66.268562700769294       -66.268562757744263     
  0.99999999972812093       -66.268562739727230       -66.268562757744263     
  0.99999999991402433       -66.268562752046776       -66.268562757744263     
  0.99999999997281197       -66.268562755942554       -66.268562757744263     
  0.99999999999140254       -66.268562757174521       -66.268562757744263     
  0.99999999999728129       -66.268562757564098       -66.268562757744263     
 comp:           2
   1.0000000332130767        199.42883064081173        199.42882401716690     
   1.0000000102994475        199.42882607117363        199.42882401716690     
   1.0000000032507343        199.42882466545703        199.42882401716690     
   1.0000000010277759        199.42882422213503        199.42882401716690     
   1.0000000003250049        199.42882408198227        199.42882401716690     
   1.0000000001027753        199.42882403766328        199.42882401716690     
   1.0000000000325004        199.42882402364842        199.42882401716690     
   1.0000000000102776        199.42882401921653        199.42882401716690     
   1.0000000000032501        199.42882401781506        199.42882401716690     
   1.0000000000010278        199.42882401737188        199.42882401716690     
 comp:           3
   1.0000000000000000       -130.51813097347892       -130.51813097347892     
   1.0000000000000000       -130.51813097347892       -130.51813097347892     
   1.0000000000000000       -130.51813097347892       -130.51813097347892     
   1.0000000000000000       -130.51813097347892       -130.51813097347892     
   1.0000000000000000       -130.51813097347892       -130.51813097347892     
   1.0000000000000000       -130.51813097347892       -130.51813097347892     
   1.0000000000000000       -130.51813097347892       -130.51813097347892     
   1.0000000000000000       -130.51813097347892       -130.51813097347892     
   1.0000000000000000       -130.51813097347892       -130.51813097347892     
   1.0000000000000000       -130.51813097347892       -130.51813097347892     
 
 part:           6
 comp:           0
   1.0484750749318716        4.5185651630306465E-005   4.3096543456927255E-005
   1.0046463339431859        4.3296784389625159E-005   4.3096543456927255E-005
   1.0004627123888616        4.3116484761501894E-005   4.3096543456927255E-005
   1.0000462521154707        4.3098536763231613E-005   4.3096543456927255E-005
   1.0000046250204000        4.3096742779319912E-005   4.3096543456927255E-005
   1.0000004625001282        4.3096563389084132E-005   4.3096543456927255E-005
   1.0000000462499938        4.3096545450142127E-005   4.3096543456927255E-005
   1.0000000046249995        4.3096543656248745E-005   4.3096543456927255E-005
   1.0000000004624994        4.3096543476859384E-005   4.3096543456927255E-005
   1.0000000000462497        4.3096543458920453E-005   4.3096543456927255E-005
 comp:           1
  -1.3003657293395841E-005  -0.0000000000000000     
  -4.0324625401042714E-006  -0.0000000000000000     
  -1.2727347535785814E-006  -0.0000000000000000     
  -4.0239708493403743E-007  -0.0000000000000000     
  -1.2724669754923640E-007  -0.0000000000000000     
  -4.0238861942835093E-008  -0.0000000000000000     
  -1.2724642982305641E-008  -0.0000000000000000     
  -4.0238853566788333E-009  -0.0000000000000000     
  -1.2724642540947914E-009  -0.0000000000000000     
  -4.0238855057823409E-010  -0.0000000000000000     
 comp:           2
  -1.4793107757243697E-005  -0.0000000000000000     
  -4.5873750389520699E-006  -0.0000000000000000     
  -1.4478774648758983E-006  -0.0000000000000000     
  -4.5777147954007956E-007  -0.0000000000000000     
  -1.4475728374933807E-007  -0.0000000000000000     
  -4.5776184908496866E-008  -0.0000000000000000     
  -1.4475697918100467E-008  -0.0000000000000000     
  -4.5776175379811255E-009  -0.0000000000000000     
  -1.4475697416006922E-009  -0.0000000000000000     
  -4.5776177076029634E-010  -0.0000000000000000     
 comp:           3
  0.94362758210167086       -4.0667087099199850E-005  -4.3096543456927255E-005
  0.99459987215480017       -4.2863816612573636E-005  -4.3096543456927255E-005
  0.99946224983238874       -4.3073368283459826E-005  -4.3096543456927255E-005
  0.99994624750585903       -4.3094226910227591E-005  -4.3096543456927255E-005
  0.99999462497570979       -4.3096311811959352E-005  -4.3096543456927255E-005
  0.99999946249982163       -4.3096520292527461E-005  -4.3096543456927255E-005
  0.99999994625000488       -4.3096541140488256E-005  -4.3096543456927255E-005
  0.99999999462500100       -4.3096543225283375E-005  -4.3096543456927255E-005
  0.99999999946249962       -4.3096543433762849E-005  -4.3096543456927255E-005
  0.99999999994624955       -4.3096543454610796E-005  -4.3096543456927255E-005
 
 part: i_fks+j_fks
 comp:           0
   1.0000000069463664        276.25008811202122        276.25008619308693     
   1.0000000006660559        276.25008637708493        276.25008619308693     
   1.0000000000663327        276.25008621141137        276.25008619308693     
   1.0000000000066307        276.25008619491865        276.25008619308693     
   1.0000000000006630        276.25008619327008        276.25008619308693     
   1.0000000000000662        276.25008619310523        276.25008619308693     
   1.0000000000000064        276.25008619308869        276.25008619308693     
   1.0000000000000007        276.25008619308710        276.25008619308693     
   1.0000000000000002        276.25008619308699        276.25008619308693     
   1.0000000000000000        276.25008619308693        276.25008619308693     
 comp:           1
  -1.3003657293395841E-005   0.0000000000000000     
  -4.0324625401042714E-006   0.0000000000000000     
  -1.2727347535785814E-006   0.0000000000000000     
  -4.0239708493403743E-007   0.0000000000000000     
  -1.2724669754923640E-007   0.0000000000000000     
  -4.0238861942835093E-008   0.0000000000000000     
  -1.2724642982305641E-008   0.0000000000000000     
  -4.0238853566788333E-009   0.0000000000000000     
  -1.2724642540947914E-009   0.0000000000000000     
  -4.0238855057823409E-010   0.0000000000000000     
 comp:           2
  -1.4793107757243697E-005   0.0000000000000000     
  -4.5873750389520699E-006   0.0000000000000000     
  -1.4478774648758983E-006   0.0000000000000000     
  -4.5777147954007956E-007   0.0000000000000000     
  -1.4475728374933807E-007   0.0000000000000000     
  -4.5776184908496866E-008   0.0000000000000000     
  -1.4475697918100467E-008   0.0000000000000000     
  -4.5776175379811255E-009   0.0000000000000000     
  -1.4475697416006922E-009   0.0000000000000000     
  -4.5776177076029634E-010   0.0000000000000000     
 comp:           3
  0.99999999058957667       -276.25008359345668       -276.25008619308693     
  0.99999999909875215       -276.25008594411713       -276.25008619308693     
  0.99999999991025490       -276.25008616829484       -276.25008619308693     
  0.99999999999102929       -276.25008619060878       -276.25008619308693     
  0.99999999999910283       -276.25008619283909       -276.25008619308693     
  0.99999999999991029       -276.25008619306215       -276.25008619308693     
  0.99999999999999090       -276.25008619308443       -276.25008619308693     
  0.99999999999999900       -276.25008619308664       -276.25008619308693     
   1.0000000000000000       -276.25008619308693       -276.25008619308693     
   1.0000000000000000       -276.25008619308693       -276.25008619308693     
