     
 Collinear #          97
 ME*wgt:
   0.0000000000000000        0.0000000000000000        1.1357832942914329E-022
   0.0000000000000000        0.0000000000000000        1.1357832942914329E-022
   0.0000000000000000        0.0000000000000000        1.1357832942914329E-022
   0.0000000000000000        0.0000000000000000        1.1357832942914329E-022
   0.0000000000000000        0.0000000000000000        1.1357832942914329E-022
   0.0000000000000000        0.0000000000000000        1.1357832942914329E-022
   0.0000000000000000        0.0000000000000000        1.1357832942914329E-022
   0.0000000000000000        0.0000000000000000        1.1357832942914329E-022
   0.0000000000000000        0.0000000000000000        1.1357832942914329E-022
   0.0000000000000000        0.0000000000000000        1.1357832942914329E-022
 wgt:
   1.0000000328907528        6.7410631123598552E-005   6.7410628906412225E-005
   1.0000000031525773        6.7410629118929444E-005   6.7410628906412225E-005
   1.0000000003139546        6.7410628927576109E-005   6.7410628906412225E-005
   1.0000000000313827        6.7410628908527747E-005   6.7410628906412225E-005
   1.0000000000031382        6.7410628906623766E-005   6.7410628906412225E-005
   1.0000000000003140        6.7410628906433394E-005   6.7410628906412225E-005
   1.0000000000000315        6.7410628906414353E-005   6.7410628906412225E-005
   1.0000000000000031        6.7410628906412442E-005   6.7410628906412225E-005
   1.0000000000000004        6.7410628906412252E-005   6.7410628906412225E-005
   1.0000000000000000        6.7410628906412225E-005   6.7410628906412225E-005
