     
 Collinear #          97
 
 part:           1
 comp:           0
  0.99999999732080558        276.25018669781832        276.25018743794629     
  0.99999999974427356        276.25018736730181        276.25018743794629     
  0.99999999997454347        276.25018743091391        276.25018743794629     
  0.99999999999745592        276.25018743724348        276.25018743794629     
  0.99999999999974587        276.25018743787609        276.25018743794629     
  0.99999999999997446        276.25018743793925        276.25018743794629     
  0.99999999999999756        276.25018743794561        276.25018743794629     
  0.99999999999999978        276.25018743794624        276.25018743794629     
   1.0000000000000000        276.25018743794629        276.25018743794629     
   1.0000000000000000        276.25018743794629        276.25018743794629     
 comp:           1
   0.0000000000000000        0.0000000000000000     
   0.0000000000000000        0.0000000000000000     
   0.0000000000000000        0.0000000000000000     
   0.0000000000000000        0.0000000000000000     
   0.0000000000000000        0.0000000000000000     
   0.0000000000000000        0.0000000000000000     
   0.0000000000000000        0.0000000000000000     
   0.0000000000000000        0.0000000000000000     
   0.0000000000000000        0.0000000000000000     
   0.0000000000000000        0.0000000000000000     
 comp:           2
   0.0000000000000000        0.0000000000000000     
   0.0000000000000000        0.0000000000000000     
   0.0000000000000000        0.0000000000000000     
   0.0000000000000000        0.0000000000000000     
   0.0000000000000000        0.0000000000000000     
   0.0000000000000000        0.0000000000000000     
   0.0000000000000000        0.0000000000000000     
   0.0000000000000000        0.0000000000000000     
   0.0000000000000000        0.0000000000000000     
   0.0000000000000000        0.0000000000000000     
 comp:           3
  0.99999999732080558        276.25018669781832        276.25018743794629     
  0.99999999974427356        276.25018736730181        276.25018743794629     
  0.99999999997454347        276.25018743091391        276.25018743794629     
  0.99999999999745592        276.25018743724348        276.25018743794629     
  0.99999999999974587        276.25018743787609        276.25018743794629     
  0.99999999999997446        276.25018743793925        276.25018743794629     
  0.99999999999999756        276.25018743794561        276.25018743794629     
  0.99999999999999978        276.25018743794624        276.25018743794629     
   1.0000000000000000        276.25018743794629        276.25018743794629     
   1.0000000000000000        276.25018743794629        276.25018743794629     
 
 part:           2
 comp:           0
   1.0000000355699468        276.25000982619781        276.25000000000000     
   1.0000000034083039        276.25000094154393        276.25000000000000     
   1.0000000003394109        276.25000009376225        276.25000000000000     
   1.0000000000339273        276.25000000937240        276.25000000000000     
   1.0000000000033924        276.25000000093718        276.25000000000000     
   1.0000000000003391        276.25000000009368        276.25000000000000     
   1.0000000000000338        276.25000000000932        276.25000000000000     
   1.0000000000000031        276.25000000000085        276.25000000000000     
   1.0000000000000002        276.25000000000006        276.25000000000000     
   1.0000000000000000        276.25000000000000        276.25000000000000     
 comp:           1
   0.0000000000000000        0.0000000000000000     
   0.0000000000000000        0.0000000000000000     
   0.0000000000000000        0.0000000000000000     
   0.0000000000000000        0.0000000000000000     
   0.0000000000000000        0.0000000000000000     
   0.0000000000000000        0.0000000000000000     
   0.0000000000000000        0.0000000000000000     
   0.0000000000000000        0.0000000000000000     
   0.0000000000000000        0.0000000000000000     
   0.0000000000000000        0.0000000000000000     
 comp:           2
   0.0000000000000000        0.0000000000000000     
   0.0000000000000000        0.0000000000000000     
   0.0000000000000000        0.0000000000000000     
   0.0000000000000000        0.0000000000000000     
   0.0000000000000000        0.0000000000000000     
   0.0000000000000000        0.0000000000000000     
   0.0000000000000000        0.0000000000000000     
   0.0000000000000000        0.0000000000000000     
   0.0000000000000000        0.0000000000000000     
   0.0000000000000000        0.0000000000000000     
 comp:           3
   1.0000000355699468       -276.25000982619781       -276.25000000000000     
   1.0000000034083039       -276.25000094154393       -276.25000000000000     
   1.0000000003394109       -276.25000009376225       -276.25000000000000     
   1.0000000000339273       -276.25000000937240       -276.25000000000000     
   1.0000000000033924       -276.25000000093718       -276.25000000000000     
   1.0000000000003391       -276.25000000009368       -276.25000000000000     
   1.0000000000000338       -276.25000000000932       -276.25000000000000     
   1.0000000000000031       -276.25000000000085       -276.25000000000000     
   1.0000000000000002       -276.25000000000006       -276.25000000000000     
   1.0000000000000000       -276.25000000000000       -276.25000000000000     
 
 part:           3
 comp:           0
   1.0000000555541535        219.63084593658402        219.63083373517898     
   1.0000000172274617        219.63083751886077        219.63083373517898     
   1.0000000054373694        219.63083492939296        219.63083373517898     
   1.0000000017191182        219.63083411275036        219.63083373517898     
   1.0000000005436229        219.63083385457531        219.63083373517898     
   1.0000000001719083        219.63083377293532        219.63083373517898     
   1.0000000000543621        219.63083374711857        219.63083373517898     
   1.0000000000171907        219.63083373895461        219.63083373517898     
   1.0000000000054363        219.63083373637295        219.63083373517898     
   1.0000000000017191        219.63083373555654        219.63083373517898     
 comp:           1
   1.0000006543317093       -50.812698537390155       -50.812665289052028     
   1.0000002029096868       -50.812675599434030       -50.812665289052028     
   1.0000000640428042       -50.812668543237599       -50.812665289052028     
   1.0000000202482391       -50.812666317919025       -50.812665289052028     
   1.0000000064029333       -50.812665614402135       -50.812665289052028     
   1.0000000020247812       -50.812665391936562       -50.812665289052028     
   1.0000000006402920       -50.812665321586969       -50.812665289052028     
   1.0000000002024780       -50.812665299340480       -50.812665289052028     
   1.0000000000640292       -50.812665292305525       -50.812665289052028     
   1.0000000000202478       -50.812665290080872       -50.812665289052028     
 comp:           2
   1.0000000546704990       -134.59276378176403       -134.59275642351088     
   1.0000000169534407       -134.59275870532119       -134.59275642351088     
   1.0000000053508826       -134.59275714370091       -134.59275642351088     
   1.0000000016917741       -134.59275665121140       -134.59275642351088     
   1.0000000005349756       -134.59275649551472       -134.59275642351088     
   1.0000000001691738       -134.59275644628045       -134.59275642351088     
   1.0000000000534974       -134.59275643071123       -134.59275642351088     
   1.0000000000169174       -134.59275642578783       -134.59275642351088     
   1.0000000000053497       -134.59275642423091       -134.59275642351088     
   1.0000000000016918       -134.59275642373856       -134.59275642351088     
 comp:           3
   1.0000000000000000        109.15844489435554        109.15844489435554     
   1.0000000000000000        109.15844489435554        109.15844489435554     
   1.0000000000000000        109.15844489435554        109.15844489435554     
   1.0000000000000000        109.15844489435554        109.15844489435554     
   1.0000000000000000        109.15844489435554        109.15844489435554     
   1.0000000000000000        109.15844489435554        109.15844489435554     
   1.0000000000000000        109.15844489435554        109.15844489435554     
   1.0000000000000000        109.15844489435554        109.15844489435554     
   1.0000000000000000        109.15844489435554        109.15844489435554     
   1.0000000000000000        109.15844489435554        109.15844489435554     
 
 part:           4
 comp:           0
   1.0000001084115746        126.27566996734900        126.27565627760627     
   1.0000000336186634        126.27566052282506        126.27565627760627     
   1.0000000106107969        126.27565761749160        126.27565627760627     
   1.0000000033547867        126.27565670123417        126.27565627760627     
   1.0000000010608567        126.27565641156664        126.27565627760627     
   1.0000000003354717        126.27565631996818        126.27565627760627     
   1.0000000001060854        126.27565629100228        126.27565627760627     
   1.0000000000335472        126.27565628184246        126.27565627760627     
   1.0000000000106086        126.27565627894587        126.27565627760627     
   1.0000000000033549        126.27565627802990        126.27565627760627     
 comp:           1
   1.0000002052396690       -93.139748602389858       -93.139729486422596     
   1.0000000636452671       -93.139735414325543       -93.139729486422596     
   1.0000000200878598       -93.139731357400422       -93.139729486422596     
   1.0000000063511238       -93.139730077964558       -93.139729486422596     
   1.0000000020083635       -93.139729673481028       -93.139729486422596     
   1.0000000006350991       -93.139729545575548       -93.139729486422596     
   1.0000000002008360       -93.139729505128400       -93.139729486422596     
   1.0000000000635099       -93.139729492337892       -93.139729486422596     
   1.0000000000200835       -93.139729488293170       -93.139729486422596     
   1.0000000000063509       -93.139729487014122       -93.139729486422596     
 comp:           2
  0.99999965431296145        12.238207578974343        12.238211809565541     
  0.99999989280169888        12.238210497650027        12.238211809565541     
  0.99999996616583531        12.238211395495867        12.238211809565541     
  0.99999998930274436        12.238211678650261        12.238211809565541     
  0.99999999661729511        12.238211768167282        12.238211809565541     
  0.99999999893029690        12.238211796474289        12.238211809565541     
  0.99999999966173025        12.238211805425724        12.238211809565541     
  0.99999999989302968        12.238211808256416        12.238211809565541     
  0.99999999996617306        12.238211809151560        12.238211809565541     
  0.99999999998930300        12.238211809434629        12.238211809565541     
 comp:           3
   1.0000000000000000       -25.564474899161681       -25.564474899161681     
   1.0000000000000000       -25.564474899161681       -25.564474899161681     
   1.0000000000000000       -25.564474899161681       -25.564474899161681     
   1.0000000000000000       -25.564474899161681       -25.564474899161681     
   1.0000000000000000       -25.564474899161681       -25.564474899161681     
   1.0000000000000000       -25.564474899161681       -25.564474899161681     
   1.0000000000000000       -25.564474899161681       -25.564474899161681     
   1.0000000000000000       -25.564474899161681       -25.564474899161681     
   1.0000000000000000       -25.564474899161681       -25.564474899161681     
   1.0000000000000000       -25.564474899161681       -25.564474899161681     
 
 part:           5
 comp:           0
  0.99999987467592222        206.59348409607364        206.59350998721476     
  0.99999996113672773        206.59350195831493        206.59350998721476     
  0.99999998773388787        206.59350745311559        206.59350998721476     
  0.99999999612185653        206.59350918601550        206.59350998721476     
  0.99999999877364709        206.59350973385821        206.59350998721476     
  0.99999999961219377        206.59350990709652        206.59350998721476     
  0.99999999987736499        206.59350996187916        206.59350998721476     
  0.99999999996121935        206.59350997920293        206.59350998721476     
  0.99999999998773648        206.59350998468119        206.59350998721476     
  0.99999999999612199        206.59350998641358        206.59350998721476     
 comp:           1
  0.99999978274270240        143.95236350076635        143.95239477547463     
  0.99999993262803533        143.95238507711898        143.95239477547463     
  0.99999997873591118        143.95239171445812        143.95239477547463     
  0.99999999327699074        143.95239380768135        143.95239477547463     
  0.99999999787403882        143.95239446943742        143.95239477547463     
  0.99999999932771322        143.95239467869735        143.95239477547463     
  0.99999999978740417        143.95239474487096        143.95239477547463     
  0.99999999993277133        143.95239476579690        143.95239477547463     
  0.99999999997874045        143.95239477241427        143.95239477547463     
  0.99999999999327727        143.95239477450687        143.95239477547463     
 comp:           2
  0.99999994343107235        122.35453769247997        122.35454461394535     
  0.99999998245785149        122.35454246758376        122.35454461394535     
  0.99999999446330823        122.35454393650595        122.35454461394535     
  0.99999999824947916        122.35454439976117        122.35454461394535     
  0.99999999944644735        122.35454454621566        122.35454461394535     
  0.99999999982495169        122.35454459252739        122.35454461394535     
  0.99999999994464484        122.35454460717240        122.35454461394535     
  0.99999999998249511        122.35454461180355        122.35454461394535     
  0.99999999999446454        122.35454461326806        122.35454461394535     
  0.99999999999824951        122.35454461373116        122.35454461394535     
 comp:           3
   1.0000000000000000       -83.593969995193874       -83.593969995193874     
   1.0000000000000000       -83.593969995193874       -83.593969995193874     
   1.0000000000000000       -83.593969995193874       -83.593969995193874     
   1.0000000000000000       -83.593969995193874       -83.593969995193874     
   1.0000000000000000       -83.593969995193874       -83.593969995193874     
   1.0000000000000000       -83.593969995193874       -83.593969995193874     
   1.0000000000000000       -83.593969995193874       -83.593969995193874     
   1.0000000000000000       -83.593969995193874       -83.593969995193874     
   1.0000000000000000       -83.593969995193874       -83.593969995193874     
   1.0000000000000000       -83.593969995193874       -83.593969995193874     
 
 part:           6
 comp:           0
   1.0484750469212685        1.9652400956759685E-004   1.8743794632468169E-004
   1.0046463311348652        1.8830884509054525E-004   1.8743794632468169E-004
   1.0004627121080174        1.8752467613194804E-004   1.8743794632468169E-004
   1.0000462520873865        1.8744661572095466E-004   1.8743794632468169E-004
   1.0000046250175916        1.8743881322848079E-004   1.8743794632468169E-004
   1.0000004624998473        1.8743803301470325E-004   1.8743794632468169E-004
   1.0000000462499659        1.8743795499368029E-004   1.8743794632468169E-004
   1.0000000046249964        1.8743794719158153E-004   1.8743794632468169E-004
   1.0000000004624996        1.8743794641137165E-004   1.8743794632468169E-004
   1.0000000000462497        1.8743794633335062E-004   1.8743794632468169E-004
 comp:           1
   8.3639013675791216E-005   0.0000000000000000     
   2.5936640597897238E-005   0.0000000000000000     
   8.1861799125572787E-006   0.0000000000000000     
   2.5882022345489747E-006   0.0000000000000000     
   8.1844575734517655E-007   0.0000000000000000     
   2.5881477847181646E-007   0.0000000000000000     
   8.1844403533993043E-008   0.0000000000000000     
   2.5881472459738187E-008   0.0000000000000000     
   8.1844400695196504E-009   0.0000000000000000     
   2.5881473418766066E-009   0.0000000000000000     
 comp:           2
   1.8510309743857042E-005   0.0000000000000000     
   5.7400874314845716E-006   0.0000000000000000     
   1.8116990999887267E-006   0.0000000000000000     
   5.7279997618038907E-007   0.0000000000000000     
   1.8113179258341559E-007   0.0000000000000000     
   5.7278792578441353E-008   0.0000000000000000     
   1.8113141148314807E-008   0.0000000000000000     
   5.7278780655387417E-009   0.0000000000000000     
   1.8113140520055330E-009   0.0000000000000000     
   5.7278782777830319E-010   0.0000000000000000     
 comp:           3
  0.94362760600220708        1.7687162056432957E-004   1.8743794632468169E-004
  0.99459987456941212        1.8642575790407662E-004   1.8743794632468169E-004
  0.99946225007402700        1.8733715158292106E-004   1.8743794632468169E-004
  0.99994624753002470        1.8742787107209964E-004   1.8743794632468169E-004
  0.99999462497812663        1.8743693884162030E-004   1.8743794632468169E-004
  0.99999946250006344        1.8743784557679743E-004   1.8743794632468169E-004
  0.99999994625002897        1.8743793624989750E-004   1.8743794632468169E-004
  0.99999999462500311        1.8743794531720330E-004   1.8743794632468169E-004
  0.99999999946250018        1.8743794622393383E-004   1.8743794632468169E-004
  0.99999999994624955        1.8743794631460682E-004   1.8743794632468169E-004
 
 part: i_fks+j_fks
 comp:           0
   1.0000000302114893        276.25038322182792        276.25037487589265     
   1.0000000028968441        276.25037567614692        276.25037487589265     
   1.0000000002884968        276.25037495559002        276.25037487589265     
   1.0000000000288380        276.25037488385919        276.25037487589265     
   1.0000000000028839        276.25037487668931        276.25037487589265     
   1.0000000000002882        276.25037487597228        276.25037487589265     
   1.0000000000000289        276.25037487590060        276.25037487589265     
   1.0000000000000029        276.25037487589344        276.25037487589265     
   1.0000000000000002        276.25037487589270        276.25037487589265     
   1.0000000000000000        276.25037487589265        276.25037487589265     
 comp:           1
   8.3639013675791216E-005   0.0000000000000000     
   2.5936640597897238E-005   0.0000000000000000     
   8.1861799125572787E-006   0.0000000000000000     
   2.5882022345489747E-006   0.0000000000000000     
   8.1844575734517655E-007   0.0000000000000000     
   2.5881477847181646E-007   0.0000000000000000     
   8.1844403533993043E-008   0.0000000000000000     
   2.5881472459738187E-008   0.0000000000000000     
   8.1844400695196504E-009   0.0000000000000000     
   2.5881473418766066E-009   0.0000000000000000     
 comp:           2
   1.8510309743857042E-005   0.0000000000000000     
   5.7400874314845716E-006   0.0000000000000000     
   1.8116990999887267E-006   0.0000000000000000     
   5.7279997618038907E-007   0.0000000000000000     
   1.8113179258341559E-007   0.0000000000000000     
   5.7278792578441353E-008   0.0000000000000000     
   1.8113141148314807E-008   0.0000000000000000     
   5.7278780655387417E-009   0.0000000000000000     
   1.8113140520055330E-009   0.0000000000000000     
   5.7278782777830319E-010   0.0000000000000000     
 comp:           3
  0.99999995907171613        276.25036356943889        276.25037487589265     
  0.99999999608024814        276.25037379305974        276.25037487589265     
  0.99999999960967612        276.25037476806551        276.25037487589265     
  0.99999999996098443        276.25037486511457        276.25037487589265     
  0.99999999999609890        276.25037487481495        276.25037487589265     
  0.99999999999960965        276.25037487578481        276.25037487589265     
  0.99999999999996092        276.25037487588185        276.25037487589265     
  0.99999999999999611        276.25037487589157        276.25037487589265     
  0.99999999999999956        276.25037487589253        276.25037487589265     
  0.99999999999999978        276.25037487589259        276.25037487589265     
