   0.0000000000000000        0.0000000000000000        0.0000000000000000        0.0000000000000000        0.0000000000000000        0.0000000000000000        0.0000000000000000        0.0000000000000000        0.0000000000000000        0.0000000000000000     
  0.10923493313493202        1.5566020994909134E-002   1.4228392614479972E-002   7.6181944062396381E-002   1.4878430092769989E-002  0.46901194221564635        5.9950460673589709E-002   6.3444254888160842E-002   9.6719782305149105E-003   1.4319208638498358E-002
  0.38834753618435003       0.58122192489568592       0.61349856978460171       0.40710327225277620       0.54049309549632019       0.38834753618435003       0.41622058352373920       0.40200489209888679       0.46661888744522029       0.51525422714895563     
  0.18522869141259202        2.9146200664529307E-002   2.8202933790736847E-002  0.12202910370164988        3.0394312644146201E-002  0.69706249591894953        9.2019792261170241E-002  0.10719182117415306        1.7114811304250594E-002   2.8805650666110110E-002
  0.38834753618435003       0.52605339105221716       0.51694641860482748       0.48962304178929422       0.58623777697408774       0.41830957233548116       0.44132675029759999       0.41352904268019264       0.63281286279803961       0.47234820192111238     
  0.25021438498190379        4.1244185599740600E-002   4.2544128962180697E-002  0.15906707140373599        4.5885188178864576E-002  0.77081334960171610       0.11547746436268044       0.13393247072807374        2.3355307889148247E-002   4.2519502285664125E-002
  0.41622058352373920       0.47312603492142064       0.55609149418848269       0.45344186160048838       0.54275509372613462       0.44609417598211437       0.46288794699619917       0.49439225610704735       0.64562208879690497       0.48181436225924834     
  0.29123195817362124        5.3086823869832676E-002   5.6342520908545156E-002  0.18313044639932879        6.0754957790441308E-002  0.81949893298903598       0.13512779276331527       0.15499022904754500        2.9233436419874172E-002   5.6049557872441293E-002
  0.44164222218223198       0.50740925518997182       0.48348279103990760       0.59928475215399379       0.64791973594918906       0.38834753618435003       0.55487702551881701       0.55018837766826301       0.62443259228033499       0.48982845308068773     
  0.31094463002832184        6.5287889140516114E-002   7.0087910721326918E-002  0.20368704800676524        7.5473201421648761E-002  0.86620538300455718       0.15240814338620595       0.17244369872269397        3.5114850013635505E-002   6.8850028716551950E-002
  0.68538149513685465       0.47370042212753882       0.57433051152144543       0.62402465255986750       0.47488154668348387       0.38834753618435003       0.57403885484393935       0.60120700349095291       0.78629348507651409       0.60366390400685466     
  0.32247156191865417        7.9748960603337457E-002   8.4205450029204126E-002  0.22347865586595717        9.0527421606601793E-002  0.88786111122187406       0.17017118136550213       0.18897617784941140        4.1122466838224958E-002   8.2028689291209045E-002
  0.64179228650214815       0.46969665472767391       0.62207803773932124       0.68009371412530017       0.52742562758697786       0.39901121274285017       0.61088351346019298       0.65846069144199459       0.65081584120081348       0.57002078632144859     
  0.33278833588374546        9.4579524648972874E-002   9.8610464852661880E-002  0.23731298150092128       0.10662674310172393       0.89739874278884468       0.18017401019411294       0.20805275441793708        4.7232966023318536E-002   9.5034965876600166E-002
  0.85534029085320773       0.57032230802167327       0.51940027715369286       0.55450929972726182       0.54396453323771277       0.41622058352373920       0.52767878452497652       0.63663278707643156       0.56904036548249481       0.63080071463949172     
  0.34430645382757569       0.10996034483825318       0.11314354370428008       0.25181392401260894       0.12277019660233701       0.90133629412084093       0.18752358636176381       0.22080191085778111        5.3408952240507158E-002  0.10807915424230730     
  0.76625434080550991       0.49834916126309470       0.62354272215203044       0.45756447759572216       0.57973176843984497       0.38834753618435003       0.50943507130548160       0.76806845465108509       0.54471464808555059       0.61704724122350529     
  0.35606394729473512       0.12590062625333118       0.12656411857943303       0.26570410170662406       0.13886394203810928       0.90477438437245861       0.19478986757411670       0.23117489223948212        5.9613892924381795E-002  0.12133739956585361     
  0.69480978148429873       0.47753809136301489       0.47414941085277351       0.53019961430491791       0.65609550193871014       0.40130864851007203       0.55132583468701846       0.59896417542642555       0.56109850982467468       0.52850444747247360     
  0.36791059070194504       0.14263707794505229       0.13996503245065417       0.27906469775101961       0.15249679546770872       0.90862804255110519       0.20202762775522592       0.24158192917171140        6.5841309273119930E-002  0.13588289552625829     
  0.51003939484497030       0.58098098349801330       0.47573831725902893       0.64366295344848190       0.44267317664092570       0.38834753618435003       0.60047716089265324       0.46888596922302783       0.46830852878424351       0.55995333704118988     
  0.37992945621370167       0.15953358861462502       0.15334113818044401       0.29168274836762587       0.16687683735438599       0.91270990931280971       0.20920826916539800       0.25201136648730721        7.2100661908552716E-002  0.15098072763727688     
  0.49893589183436837       0.51973053113428314       0.54291658444842383       0.50807189114094498       0.59589636773816534       0.38834753618435003       0.56271717188458126       0.64922016810004257       0.65726656722454957       0.72041945425100251     
  0.39217224334569389       0.17655105065466414       0.16724904328655651       0.30395800343815704       0.18070095979763826       0.91730028984965239       0.21806720952793504       0.26224847788633621        7.8443025241310596E-002  0.16634679207659739     
  0.51044195236308221       0.49671362166233457       0.62432338896595330       0.56898946060842059       0.52729643607387200       0.38834753618435003       0.69599132226183247       0.62267392988191406       0.55382923407273532       0.58048432282604667     
  0.40464700581815782       0.19335128766049514       0.18090241814706809       0.31605530632777634       0.19470856960304736       0.92583832264101362       0.22661502575011558       0.27189982083422848        8.4914577341573941E-002  0.18090469804697823     
  0.52840154985349908       0.58205454996418082       0.57835751414681580       0.57899231124820905       0.48855209234057789       0.38834753618435003       0.66699810350046340       0.46725517380212733       0.51242764612441261       0.61365064465776897     
  0.41714557462033425       0.21003627300942124       0.19385127558051035       0.32708841024387186       0.20903525446706545       0.93580213910682331       0.23507059299842106       0.28124713526469258        9.1564279220699624E-002  0.19387149411056645     
  0.56671382017702021       0.54088330007405538       0.56458469664740951       0.55485510596669418       0.53100126878840359       0.41622058352373920       0.44936878810758840       0.52600851858990227       0.48988409879499506       0.63087243376955615     
  0.42875339506704563       0.22680664724120528       0.20696245353955006       0.33627712830460654       0.22413220310104690       0.94394725931128498       0.24333727418454215       0.29046392935251703        9.8345533973343002E-002  0.20695691545797704     
  0.53606608412655887       0.47310481448597019       0.43638760759569023       0.49128967587194722       0.54514248289205569       0.41622058352373920       0.57650577150250060       0.64225471067685636       0.62292036024783026       0.47939350165324363     
  0.44028033240440989       0.24417300102703632       0.22070760124870711       0.34398883402086011       0.23930255488997362       0.95014465925921687       0.25176104088056828       0.29999222310567414       0.10527254319147938       0.22014089103183326     
  0.48745025367675687       0.57899444335033756       0.43966785427203170       0.57615985781155954       0.55498348199892078       0.43703474163714812       0.65967541023467280       0.51241979816946359       0.58504897890714924       0.48527990195738480     
  0.45207670904691988       0.26320227240202326       0.23681208577726481       0.35096653938702899       0.25244922004465775       0.95446843725667818       0.25985062926469127       0.30951378534707730       0.11242631740783143       0.23573596368673738     
  0.62847154742486089       0.56285456123567090       0.52045050975483731       0.45439144895691408       0.59889454565041700       0.45776720791032061       0.56276500270509200       0.64028198455555463       0.56004123537978057       0.57343459115415041     
  0.46391713815387325       0.28288345407231580       0.25448791620042754       0.35778910910586481       0.26282774432778022       0.95690703857159243       0.26680055808454178       0.31974774299188818       0.11940115740221749       0.25119730472697105     
  0.47856468970413124       0.56640682262900166       0.62722393842804935       0.48896971885391255       0.50379564264746379       0.49207018651613221       0.56884319835727792       0.61297319345553392       0.66742684205902925       0.63866123526651342     
  0.47546892762197607       0.30231931542767532       0.27168748739576881       0.36510405469251112       0.27250400487902904       0.95853284404074390       0.27289662548957716       0.32992232673630600       0.12777218990457623       0.26791927946926042     
  0.58058812076633837       0.43138880108248578       0.59968286440877250       0.50386656468749058       0.50566415596092873       0.51568048752136564       0.60628917454226516       0.57263183568079623       0.56590779916375922       0.56417647312425490     
  0.48693869698711800       0.32180701490399111       0.28708097684634304       0.37333119399374110       0.28267598470163974       0.95981886128984584       0.27893761429679848       0.34043198079532544       0.13832175557121382       0.28451262363541108     
  0.57644972154107732       0.49026347426589423       0.51474322787907900       0.74656797328956537       0.47969347798222478       0.54673195060250401       0.56140120865258947       0.60278282115841875       0.61865387180183340       0.57621189280706475     
  0.49851970109193788       0.34161211313734768       0.30091861573598117       0.38149290892487275       0.29602941512858028       0.96086600895870378       0.28512930363802086       0.35140038125405715       0.14888832044803446       0.30136671500595369     
  0.55888550841419182       0.58545990894568556       0.52209745864059542       0.56553923247703364       0.53968263262189298       0.56060193895552191       0.52894397274142235       0.61797594494934149       0.60459214929030392       0.53155968907271400     
  0.51132082069815410       0.36180284335724655       0.31433319747690158       0.38976277113489549       0.30967206060021857       0.96177214867735816       0.29154980120859453       0.36208708150109087       0.15978865489460006       0.31791906198377418     
  0.51680383071248259       0.60639927988271036       0.55275056584841209       0.60719894147461906       0.50378028069980096       0.60905942453350725       0.53246837461038643       0.60069541831688911       0.57819697833467876       0.52105983783854204     
  0.52573730662766938       0.38209179421171457       0.32814023240620643       0.39790740416082770       0.32289331455383979       0.96259032466800298       0.29818746276482377       0.37131050437890356       0.17134256074550208       0.33533125072440922     
  0.56130141741624484       0.58260087424538509       0.66627326565071554       0.58565630788822842       0.50767602921555854       0.82757234533524715       0.61794551243972751       0.59990449311285221       0.54422871533828288       0.59510520418801538     
  0.54008009216355879       0.39946099421565490       0.34289812586203694       0.40614868713667607       0.33565602634095143       0.96337957735494095       0.30489948411747042       0.37951123849225671       0.18243421619221159       0.35322048464032907     
  0.60803354765779583       0.51828918164190962       0.52147021784232306       0.58905398325959191       0.45949982776846060       0.74408061785288127       0.53796207317722444       0.47413870183201029       0.68447869633603386       0.59936085203096778     
  0.55426751084497561       0.41404028043363983       0.36101280499089328       0.41469357328900275       0.34859008353675752       0.96412763076712005       0.31162965152330102       0.38754253481971856       0.19236437538166917       0.37222201898992058     
  0.53816665875426550       0.45718341309793320       0.63249324176183375       0.47288407905594909       0.52896791630770246       0.71135075534935188       0.58639263339754089       0.63732766266956509       0.56488557925487093       0.62872986289519783     
  0.56836147832194950       0.42726034140263214       0.37832744478832364       0.42259922223985780       0.36320458767429648       0.96484873844747321       0.31842463531108062       0.39585601960839872       0.20257421279439328       0.38679725098341311     
  0.58614838815570214       0.45690866802705343       0.58819650132455104       0.58905082701050815       0.56211288041817731       0.88534705767461297       0.51605336291717840       0.50338194457671837       0.49864812532999858       0.56118198858170054     
  0.58232895817009178       0.44132155090016978       0.39484059146615047       0.43016681728233624       0.37844401108877479       0.96554788191473506       0.32512661750641630       0.40593017941702830       0.21185765139445620       0.40010454278096208     
  0.66200425287258302       0.48366630486150258       0.62149421677532335       0.48510962804837482       0.52758149554229594       0.75284415752509160       0.67224520386243569       0.49283886996668153       0.48828184461786656       0.52141300627374076     
  0.59559864822066888       0.45787630914201510       0.41286154771839417       0.43759283975586671       0.39327052291857734       0.96623767961334284       0.33171954784940133       0.41722458598655426       0.22055171558346701       0.41347889470399962     
  0.57467407799044379       0.53485032509054498       0.73084946021838837       0.51507631873609916       0.65598229904688610       0.65822819881971262       0.67710177155014573       0.64622743557056983       0.50742979421477818       0.49839418559663567     
  0.60671659352247564       0.47434640589805810       0.43144786969992016       0.44510051035983816       0.40832383754489643       0.96692097547389777       0.33825528261164861       0.42843078498153442       0.22929859251761947       0.42765949693737582     
  0.46346243326595882       0.62409282138648203       0.56830591339688874       0.54066783927151274       0.57227563387090852       0.82617330601323224       0.63012020591759832       0.58649971863585371       0.51734059958520684       0.58304285278523327     
  0.61738890455674011       0.49078714574362486       0.45009810643044174       0.45227527724033650       0.42392816090314051       0.96757106888358824       0.34462540123558344       0.43943402773057366       0.23815619537115057       0.44486139230376026     
  0.47544662840774965       0.59187511363517120       0.62764827401945023       0.82204446600276726       0.52549347908714039       0.70463146247970154       0.62316929408832367       0.57513637352728630       0.41073703697090491       0.69342382613492615     
  0.62831177906345559       0.50775183324944650       0.46640190237701851       0.45940446615648461       0.44024467881432500       0.96819858370496092       0.35076617523326764       0.44994436569958340       0.24698262059851986       0.46318260219659879     
  0.49229339166284553       0.52071583171609259       0.51269333568053754       0.65693604474951584       0.63522764453113867       0.65466500504481939       0.64418622694833405       0.62845865084258434       0.43619249281429173       0.53794221887417382     
  0.63828833381773120       0.52526309966776930       0.48214353833729290       0.46688291844288149       0.45715938050674010       0.96883041175536788       0.35744277163548022       0.45996948187655134       0.26089116854915756       0.48117756588665850     
  0.47166640440461416       0.68458991075839992       0.56841431686665511       0.56208759546872988       0.55090278931015180       0.65111801657084045       0.50474869503247344       0.48088294265703313       0.49340788807391467       0.67077540577454609     
  0.65257952175467981       0.54383374487618596       0.49776842664065063       0.47485852475984680       0.47474671017356768       0.96946595419519188       0.36414737023150917       0.46992102124322122       0.27500492074697258       0.49948891301630260     
  0.58289236193623228       0.55881090571309466       0.53103462274458035       0.52310322722330072       0.51483153229868028       0.72059442460260104       0.61230887685836133       0.46678072721780572       0.53711164402661471       0.59892845947401763     
  0.66787917487012827       0.56267166456811313       0.51460857081133504       0.48426495950607101       0.49265032350145316       0.97010405475420869       0.37049027729139106       0.48020428267673887       0.28936513684779935       0.51762490765061409     
  0.66595523392040190       0.52519082050184351       0.44719459222289215       0.54013172492006156       0.61544349659803854       0.69523790276350128       0.66545620695118979       0.57330117131261193       0.66367865895213496       0.58775095803173683     
  0.68272126148857337       0.58060672255062873       0.53236769002015405       0.49457120814776878       0.51024700586356264       0.97074450680799163       0.37602230968500860       0.49101112431094168       0.30474078675182431       0.53566176719503666     
  0.48313110496181338       0.64103853095365237       0.57858086662557473       0.53545379830017303       0.56885783094376097       0.56747139463309837       0.50284230572390609       0.55290256357943224       0.55574100159871798       0.62593862883577289     
  0.69767456406006301       0.59811409363029511       0.54948320669445239       0.50379584266426047       0.52741368709946446       0.97140251927503984       0.38157508000626944       0.50231958187069192       0.32036188873363758       0.55255200161598239     
  0.59375476378817826       0.56831731609642511       0.55332746883538286       0.57577235609143718       0.55095574510719980       0.74735477668595707       0.57869322309177695       0.53928335880554457       0.58139904414216836       0.65433047382970821     
  0.71268024353631443       0.61483983446536827       0.56697206905225117       0.51279714912516572       0.54483331692207004       0.97208037980302264       0.38740099080452639       0.51386381303734785       0.33629151516936534       0.56880088394915573     
  0.73799081738355543       0.60775718756123032       0.60299313288818079       0.62422611269979023       0.61713625963076824       0.69216889009887772       0.50079275275610680       0.58930161717777618       0.46770952361089918       0.57629548508232831     
  0.72767838062416790       0.63277195715333767       0.58508492695426362       0.52182557435275834       0.56363298264247341       0.97274200136191358       0.39323114971793849       0.52532390246654925       0.35266872658308951       0.58561276109476645     
  0.46904740350758117       0.76469909168203787       0.79436460649047302       0.65572661532634180       0.75349404607364701       0.59016840558041195       0.53728775918574734       0.60352454444302872       0.47811189960962519       0.49721205699070758     
  0.74211491717085876       0.65119297744658788       0.60321756205411547       0.53078198134979659       0.58205469378098829       0.97338906664774327       0.40081689492011940       0.53738068674274275       0.36943390455344222       0.60312062803026267     
  0.47809436875130890       0.64782273918132183       0.53553403028187252       0.53354911590403686       0.66572682817667594       0.57096237243379488       0.55628011821182322       0.58321033565909719       0.49182162170443522       0.54481909667755546     
  0.75659158996178488       0.66930619387858270       0.61980874527514918       0.53940870535179120       0.60150442657644043       0.97404731812433676       0.40940792805917570       0.54922457264414404       0.38727092584465078       0.61999951300916345     
  0.50030252550700094       0.61519391709003024       0.54751931200027937       0.60277787456184795       0.50855055887583300       0.60760112596982074       0.75544260856613654       0.64869823576838825       0.62649373044511192       0.53851904111398263     
  0.77105419667446096       0.68711309447635038       0.63625873547960665       0.54795883373944632       0.61960218680931234       0.97471508395110196       0.41781961000047668       0.56014699877919227       0.40634536989324560       0.63586076536146185     
  0.48820566320175268       0.70651022661994634       0.62351540266313865       0.55655750942116655       0.59290510599201618       0.75851679891530355       0.67655723239827104       0.54449542025829878       0.60462140746293647       0.58223751138829527     
  0.78574786584165124       0.70364302935978251       0.65147481258013951       0.55668175693890032       0.63677525366534671       0.97540950445538666       0.42595202783029656       0.57054940104535823       0.42611003509952278       0.65137584700853812     
  0.70150848133167609       0.55167051817366419       0.55169216721483672       0.61959045647308342       0.52467720617471292       0.66428510621184833       0.54427004408096191       0.50245481125276192       0.63993140207075039       0.51072538703120274     
  0.79981707914341316       0.71928940468030700       0.66661322479083562       0.56652330747681301       0.65404993663285438       0.97612134882773571       0.43436955053666809       0.58116814932795902       0.44348937002218103       0.66714845420354563     
  0.56344180787069398       0.67308343224241618       0.69128502018388727       0.52285286190323343       0.54401624865198939       0.66921931037478211       0.61135321046066904       0.43407736620679660       0.69717294550952080       0.57431535276895329     
  0.81311821119289640       0.73393747860532155       0.68090266702592894       0.57791679573375521       0.67305747237560343       0.97685379770322678       0.44318908676993596       0.59289952228657194       0.46350633514592965       0.68340044068450334     
  0.52320039621605852       0.65786788443429289       0.60254936365272205       0.76429192724785200       0.72387203761682062       0.64065651586711581       0.61044677592191332       0.50245524397009944       0.56157937830913873       0.57666495704993659     
  0.82610370307018566       0.74793079493284331       0.69515389076602097       0.58892513032861316       0.69348777562323660       0.97759805303997138       0.45269440194545640       0.60580796629645384       0.48475979326815799       0.69976195916115280     
  0.55787408096220825       0.54451877873996468       0.56241971307060667       0.60908253607787799       0.71107758763161166       0.75777779305851301       0.62010300085567505       0.52431083145379331       0.60674769448560550       0.44873720166578840     
  0.83854925817289550       0.76202268659466843       0.70984926714735641       0.59978985339045676       0.71131250722677186       0.97834830127832662       0.46311432111079875       0.61870385236775571       0.50674581988531642       0.71740784089841647     
  0.52384274639954143       0.56503008237955188       0.53186755028988586       0.68839674823560681       0.55180459675968530       0.81194048668864138       0.57548933836218141       0.58581383103214535       0.67215965256230359       0.51840059352425849     
  0.84909053903374365       0.77678340392305212       0.72519062051303207       0.61057281024085386       0.72772057088032027       0.97910059478953959       0.47336615902148788       0.63164419094703650       0.52873920981893663       0.73619871354456379     
  0.51646452184680525       0.69109629206007750       0.59533414356480119       0.56951041421398918       0.54076376626943257       0.90805170987902439       0.60503307265436379       0.60529276531365583       0.65576852489143134       0.58148891606620223     
  0.85912925889621194       0.79197181520092563       0.74157272653465267       0.62133614471643894       0.74252985159439067       0.97987456416953445       0.48584089216550941       0.64409737848038140       0.55212611246387167       0.75492092043722758     
  0.53269093354101071       0.56893610912326154       0.55132570202594544       0.59319452463045874       0.64850802915782157       0.84104353576533020       0.62888140877664189       0.55625159827893011       0.58811576773812269       0.73825589083727372     
  0.86899658966797488       0.80565964216042429       0.75762703702386280       0.63235428803003213       0.75878495486828046       0.98065215399862760       0.49801927336116664       0.65570158983183457       0.57784287120941791       0.77297533871360191     
  0.45921585446324248       0.57253186443791526       0.55920681495936853       0.49273691255376340       0.53585749396099358       0.59224319288272675       0.67979437537794551       0.52874888761503047       0.62753507450412460       0.46227194312942937     
  0.88095168932959378       0.81938349376679487       0.77424873822236628       0.64382783398120313       0.77454968876478913       0.98146921550019528       0.50987253993818671       0.66746824537454197       0.60121796644025627       0.78981925907435313     
  0.55771634603274745       0.57486504192648702       0.58366698993044375       0.60072793513801848       0.54898465096876070       0.54419795986045705       0.52790990804028115       0.65819145045773420       0.72668726074609102       0.61488264887862421     
  0.89443283257876793       0.83378232482980741       0.79136484690036479       0.65630248036925176       0.79140261591872496       0.98228974140367098       0.52148483826825842       0.68046381871333717       0.62355856535745735       0.80585942862000315     
  0.58716504051284524       0.70249859536940096       0.52528808251057957       0.55879787222239996       0.59624225308017409       0.77275880544836262       0.60034524882415186       0.48800455883542754       0.53901199149645385       0.64960587714804263     
  0.90797827760711669       0.84942237955905242       0.80791099541353917       0.67033974389578943       0.80952574402193267       0.98312576580783673       0.53317143926618427       0.69581883683380474       0.64603841502228987       0.81893423652406205     
  0.58723736951962280       0.52335372265920632       0.59980834005892558       0.72104544352448663       0.58252915719102605       0.54200952366160027       0.62932342249806794       0.53899002636132010       0.47789258929981421       0.44524428060343352     
  0.92079331753898286       0.86401902273994746       0.82399754438204054       0.68517803952101808       0.82817775237310898       0.98398210134597941       0.54636803772238229       0.71244137460183388       0.66829997346878378       0.83020435873428244     
  0.70735078591917122       0.58123113316817920       0.52954727847436478       0.69484802680116831       0.49316639770206011       0.51919793250680590       0.52099418170247180       0.61062763461954861       0.60463606939323233       0.52586634778064478     
  0.93291192742782070       0.87676575733304574       0.84052029321162325       0.69997906326309145       0.84541693950092167       0.98486761098742093       0.56068529382887033       0.72983652438747970       0.69284024133322097       0.84171980113752021     
  0.55322419835665870       0.56096373087154983       0.59313401837350421       0.62067752044586399       0.61781590709089751       0.58464165867778461       0.57790874620989097       0.46741154069270496       0.51183366410304709       0.50206283470479529     
  0.94431477859178559       0.88918574950485341       0.85575333762424688       0.71536168502781439       0.86123586577784772       0.98579556501710042       0.57574268306469867       0.74780087868857315       0.71573635320916740       0.85466049599716531     
  0.53900657119970974       0.61218466978866071       0.54925376595396502       0.61667088743527521       0.57087493727757244       0.55646166277705478       0.51823067965974312       0.59030725349317537       0.53190261141655326       0.55013914167680789     
  0.95463227930167849       0.90207072042583114       0.87095397797557705       0.73102244950047424       0.87733874085991526       0.98674151924814002       0.59197687069918037       0.76545647693955821       0.73749659357064368       0.87076651195574561     
  0.63813982473059061       0.54937655888153203       0.61419900300282881       0.76531124137541040       0.59466307669295360       0.60216101775144715       0.53825551505325608       0.46787873398312491       0.54668783291181589       0.61706147516559606     
  0.96414611360872848       0.91580030762772802       0.88570512023296644       0.74497022107151500       0.89457448742621382       0.98772152945325875       0.61027862221879625       0.78374855289811252       0.76068010634860028       0.88770465656056619     
  0.64775634472167276       0.69388634551771045       0.52397545137611645       0.61210268148947655       0.56343959435432822       0.50174790360813748       0.50820136866579768       0.53422234073712027       0.47339500227530940       0.62158018319772468     
  0.97320625522064153       0.92914037310261177       0.90221650644866846       0.75820588124181310       0.91188768471362402       0.98868598787775863       0.63057895188020086       0.80122075677627846       0.78958789934569484       0.90467018067675053     
  0.79152507666084082       0.59327382306017129       0.61718184696925971       0.52147199334731920       0.66968022927440540       0.53668172731217745       0.51242764612441261       0.52109425255354136       0.46355465264349238       0.45736255513705848     
  0.98077650541809691       0.94134225550629058       0.91945786849083144       0.77086684116584747       0.92619483712495265       0.98963842619884956       0.65147830604014434       0.82815702087998566       0.82786105738243165       0.92162202004941918     
  0.62148130150166658       0.62352883417594662       0.54525663803204016       0.52545356318774727       0.55651131430598766       0.68959142598237011       0.56116273845901532       0.56869215003827700       0.54113473815198854       0.59655728991028290     
  0.98569643954483188       0.95176252192720989       0.93639414443829472       0.79200349224891509       0.93884138491935443       0.99088167733390853       0.67291996958367162       0.85836165332468717       0.86374773955364503       0.93852592288578629     
  0.64986454216248601       0.55356490896540034       0.58427154699971462       0.47115152699881924       0.55130401743052293       0.65715672203089348       0.47435436114475743       0.68560513908861820       0.51423467872701645       0.63374688248036792     
  0.98971412241627044       0.96207633231210177       0.95208336031619678       0.82103240795390209       0.95141753230581194       0.99225429669056731       0.70136987798251837       0.89222895550751435       0.89659324877165247       0.95436233698812856     
  0.74784088502425439       0.54551213249814634       0.47806481098412645       0.43707530582717763       0.49195796497078514       0.49930387633488554       0.50806758880519698       0.78203055897110829       0.64663282817761059       0.64465814883227857     
  0.99352164825373257       0.97361212086720028       0.96779480733702850       0.85853623630117137       0.96639131615385154       0.99378924296565385       0.75424073977514805       0.92616055311119871       0.92935256653477905       0.97058256773022689     
  0.51764395025726873       0.57402206809813294       0.56747484050468222       0.62600982187345144       0.54430045338482869       0.55006522257888113       0.57797257228004162       0.71893241225815507       0.56430479278010004       0.59129849016340674     
  0.99676082412686628       0.98492293244023221       0.98331360574415017       0.91090771318145736       0.98330961022086805       0.99636130391310651       0.83740360774209310       0.96301080919596538       0.96216697675068397       0.98528527784703790     
  0.55202870954362171       0.53356342170474469       0.56384973073081823       0.46932378512571576       0.70887565077474790       0.43472738797448546       0.48270146502367600       0.58153920128057424       0.55523318231122376       0.54978055646675539     
   1.0000000000000000        1.0000000000000000        1.0000000000000000        1.0000000000000000        1.0000000000000000        1.0000000000000000        1.0000000000000000        1.0000000000000000        1.0000000000000000        1.0000000000000000     
  0.94700044411424633       0.66748482906822193       0.59250123379308728       0.39288084348567043       0.66100437675861856       0.41622058352373920       0.38834753618435003       0.63090970745541286       0.57683138627953245       0.48029891830269039     
   0.0000000000000000       -4.8865567994970132       -3.3413357637650951       -22.127331468305076       -25.561235216402977        0.0000000000000000       -26.442229919313956       -16.159904641510760       -9.0889543423611752       -17.495797910766573     
   0.0000000000000000       -17.678678459309765       -21.306208781712108       -10.919982221186732       -23.067099494060724        0.0000000000000000       -26.072277049722135        2.3965493618326765       -22.808244501003859       -22.743143363475994     
  -5.3172824030888988       -25.877316942812964       -15.401157610921187       -8.3028088391002441       -28.006435679787366        0.0000000000000000       -5.7808681653867211       -43.331282988875500       -34.610842429724741       -27.255794942470242     
  -14.273670694494806       -30.698126175887872       -22.351613385999588       -27.624756042466384       -22.323453547295703        0.0000000000000000       -18.676301613393214       -27.633951665784490       -8.0162017763817381       -38.706742228868947     
  -9.2543555229728849       -38.717441013922823       -40.311437873447701       -24.559062254075563       -5.0456737781548799        0.0000000000000000       -8.4608105682984203       -11.526205051539568       -7.7150666078037515       -30.448284893991531     
  -25.203736654891440       -20.933243967704488       -7.6333462606028286       -30.267336916683789       0.26599307375467174        0.0000000000000000       -31.368132670416944       -17.701973261375333       -19.444867245783978       -9.7977705812641087     
  -33.457076813402324       -13.090346777232071       -33.927822477271363       -28.494410983170241       -3.5540395546016033        0.0000000000000000      -0.58464794862306613       -14.604058226804796       -27.012256829940856       -15.325000528437814     
  -33.545702870088100       -7.4897974802343796       -30.348031514718215       -5.5475085884215982       -35.715315717177063       -41.118365021775929        5.3334969867182433       -26.280683249232808       -4.8435413913201666       -10.619081884593813     
   5.4361338474158574E-007
           1           1           1           1           1           1           1           1           1           1
   7.7601903901583998E-005   6.7269773773852049E-005   2.4051593155602734E-011  -18.511616213147153        1.1746414075917909E-010   8.7773143996831058E-012
   3.0748324359099199E-006   3.0901080960185102E-006   0.0000000000000000        0.0000000000000000        0.0000000000000000        0.0000000000000000     
   5.0000000000000001E-003  -26.348556676144277     
