     
 Soft #          42
 ME*wgt:
   1.0050513131137069        8.2918614506034639E-015   8.2501871719512512E-015
   1.0000013285718850        8.2501981329179730E-015   8.2501871719512512E-015
  0.99999559871248833        8.2501508605054824E-015   8.2501871719512512E-015
   1.0000000515578307        8.2501875973130046E-015   8.2501871719512512E-015
   1.0000014062352622        8.2501987736553717E-015   8.2501871719512512E-015
  0.99988536764016678        8.2492414335266647E-015   8.2501871719512512E-015
   1.0006870543783395        8.2558554991698604E-015   8.2501871719512512E-015
   1.0114933108132858        8.3450091373862700E-015   8.2501871719512512E-015
   1.0000000005000125        8.2501871760764478E-015   8.2501871719512512E-015
   1.0000000000500038        8.2501871723637923E-015   8.2501871719512512E-015
 wgt:
   1.1111111111111112        3.0988917899307969E-005   2.7890026109377171E-005
   1.0101010101010102        2.8171743544825426E-005   2.7890026109377171E-005
   1.0010010010010006        2.7917944053430594E-005   2.7890026109377171E-005
   1.0001000100010002        2.7892815390916265E-005   2.7890026109377171E-005
   1.0000100001000012        2.7890305012427298E-005   2.7890026109377171E-005
   1.0000010000010000        2.7890053999431170E-005   2.7890026109377171E-005
   1.0000001000000103        2.7890028898380066E-005   2.7890026109377171E-005
   1.0000000100000002        2.7890026388277440E-005   2.7890026109377171E-005
   1.0000000010000001        2.7890026137267198E-005   2.7890026109377171E-005
   1.0000000001000000        2.7890026112166176E-005   2.7890026109377171E-005
