  0.00027380094026533  0.00027587755702412  0.00027794011157332  0.00027999587320491
  0.00028208624223158  0.00028489145384149  0.00028741846340229  0.00028949644415401
  0.00029164444269127  0.00029390544827585  0.00029638875818771  0.00029976384269852
  0.00030229674161278  0.00030461663708144  0.00030735297667438  0.00031027873242782
  0.00031328268436707  0.00031635330221346  0.00031946907121445  0.00032336248241202
  0.00032725327539378  0.00033194527945189  0.00033645948307177  0.00034057593394838
  0.00034494419170767  0.00034941685976582  0.00035444009536776  0.00035967248680316
  0.00036540629821898  0.00037096106399962  0.00037625870593487  0.00038078405662013
  0.00038522793724776  0.00039008853835806  0.00039681438232082  0.00040418328637497
  0.00041190001114170  0.00041954744781265  0.00042754644254979  0.00043582636006920
  0.00044430374874168  0.00045272387537320  0.00046143329181450  0.00047126680233316
  0.00048113545673268  0.00049103967271521  0.00050091553682198  0.00051040370754643
  0.00052055809609803  0.00053195938699662  0.00054495927843164  0.00055943475088258
  0.00057511482983235  0.00059157632446870  0.00060798566282718  0.00062563667272521
  0.00064243700145846  0.00066080786174152  0.00067989992761004  0.00070049892742236
  0.00072415772574480  0.00075083611894840  0.00077956716907201  0.00080934397740456
  0.00083958196294382  0.00086885765369269  0.00089861427461617  0.00092717804464995
  0.00095903437769559  0.00099696239030458  0.00104120007284204  0.00109115869140782
  0.00114568753537378  0.00120380615723272  0.00125961258372781  0.00131917455801018
  0.00139645128968831  0.00148822238525123  0.00158717303303592  0.00169693519208586
  0.00180891203645670  0.00192638327774286  0.00205187166433026  0.00221991413140784
  0.00242907941998578  0.00264121093447941  0.00290413844312603  0.00323700914094592
  0.00363244211947712  0.00412927148295515  0.00475599570208924  0.00562126789836991
  0.00704175238325703  0.01022100566662311  0.04384278372028310  1.00000000000000000
  0.00000336072637564  0.00000365595649643  0.00000394580769702  0.00000424204742008
  0.00000451466119648  0.00000480460711950  0.00000512252011344  0.00000548001867817
  0.00000588065463359  0.00000631085845750  0.00000672180143891  0.00000715191398060
  0.00000759318668188  0.00000804544412078  0.00000851909839347  0.00000901059967900
  0.00000954650141218  0.00001010462359803  0.00001062578490063  0.00001116882534367
  0.00001172910782980  0.00001229945563819  0.00001291765237923  0.00001355311695929
  0.00001423942424696  0.00001504224258009  0.00001592565883554  0.00001683114131782
  0.00001779972493446  0.00001884681706405  0.00002003890652316  0.00002127209495014
  0.00002257687735243  0.00002392986736548  0.00002539458569262  0.00002687889101412
  0.00002843260435045  0.00003000057515232  0.00003164452252743  0.00003336551524864
  0.00003514066102366  0.00003704090732417  0.00003908186117666  0.00004106079860293
  0.00004361104389728  0.00004641468516598  0.00004960023898186  0.00005296767255171
  0.00005663556523435  0.00006064162859372  0.00006493224722563  0.00006913493664517
  0.00007335534913371  0.00007840021705551  0.00008439532531348  0.00009078615642549
  0.00009776194841113  0.00010561357372012  0.00011434774649001  0.00012407704076523
  0.00013457209387844  0.00014522292351848  0.00015553693023022  0.00016614166074019
  0.00017815474967657  0.00019248032405636  0.00021134614436816  0.00023107200908450
  0.00025143253591671  0.00027400821096577  0.00030226219148834  0.00033638614199508
  0.00037461736421171  0.00041830150007538  0.00046744473959017  0.00051745419708269
  0.00056925772983878  0.00062575692463903  0.00068290073190212  0.00074679316574730
  0.00082209071064887  0.00091670848168935  0.00104213980505451  0.00121065226618961
  0.00143356866030323  0.00169372386774709  0.00195916690701614  0.00227249357535457
  0.00251589692544585  0.00279141819766014  0.00319981277426771  0.00364038099176793
  0.00411557891116431  0.00510031352461308  0.00676379943538174  1.00000000000000000
 -0.00243370730239624  0.01114666455725973  0.02193181778976513  0.03386088578533983
  0.04481035366430147  0.05532256908578378  0.06595631604179707  0.07729344136697711
  0.08782018221920553  0.09756602102105257  0.10762034431671878  0.11705471265366524
  0.12611974284723557  0.13551322226363938  0.14560205136682353  0.15638903334146789
  0.16638776583632239  0.17662961075118880  0.18761505071806245  0.19951134199662474
  0.21133115668090041  0.22302354192238646  0.23514942889134263  0.24768124239420602
  0.25971537165319836  0.27050786604626431  0.28008297130857152  0.28965948209608727
  0.29953259737008903  0.30954050610038364  0.31967939673919182  0.32981413284983652
  0.34027258432966700  0.35080678475869553  0.36207398245131639  0.37271817841692989
  0.38312189559895882  0.39332119860094616  0.40416388206487874  0.41505538758584387
  0.42527668869326213  0.43501075423375268  0.44460616308024881  0.45421551468122617
  0.46386530871261045  0.47372956827970308  0.48405449775377096  0.49439702879176928
  0.50405558504571035  0.51368465388689721  0.52371148693128045  0.53537433458687633
  0.54631045506484377  0.55656367137509233  0.56672144127711943  0.57754771946103256
  0.58855833246077116  0.59998186578609791  0.61125678692355634  0.62181423719684348
  0.63185629772365925  0.64131318538781901  0.65088487916205839  0.66144206171943076
  0.67280571269582967  0.68437502981691656  0.69513140493127989  0.70390650170823854
  0.71274731203722141  0.72156827688860470  0.73107383307347851  0.74143409801156113
  0.75166343930511970  0.76258107619920468  0.77452476973157613  0.78748404152116414
  0.80028895520922116  0.81218151101318337  0.82364383790981721  0.83443685158738345
  0.84459952736872224  0.85410868026706765  0.86329643428861635  0.87291172832470476
  0.88329706094586002  0.89432805091997536  0.90444871637463231  0.91409976609728660
  0.92378922321017931  0.93290457738035237  0.94274257274523354  0.95299191689374152
  0.96413250320265087  0.97577933373083114  0.98759143146664274  1.00000000000000000
 -0.00003785078991660  0.00000405882107417  0.00002699142038718  0.00003787652111202
  0.00004928006172209  0.00006031222977511  0.00007212882803590  0.00008478986542784
  0.00009838822034532  0.00011219617932496  0.00012590765249816  0.00014411649095284
  0.00017214073211636  0.00019999135926004  0.00022825402773246  0.00025707844425690
  0.00028660932243654  0.00031665484584045  0.00034735016266124  0.00037847480707323
  0.00041062271837857  0.00044421999873874  0.00047735491212275  0.00051248435704987
  0.00055019713020592  0.00059262036622310  0.00063732935846567  0.00068296762612543
  0.00072868049629405  0.00077541348169393  0.00082298008517273  0.00087107370193859
  0.00091951317939927  0.00096802812445182  0.00102758438666626  0.00110114499927807
  0.00118119690937099  0.00126160341908196  0.00134120646551564  0.00142105789296895
  0.00150655241148289  0.00159768438606095  0.00169363766172405  0.00179156567641499
  0.00189399289457354  0.00200113419518477  0.00211677271004288  0.00224314431907903
  0.00235463672953006  0.00244839174924487  0.00254496922479548  0.00264291491071740
  0.00274592381452003  0.00285364874894819  0.00301531922140278  0.00318926394358254
  0.00334905943981429  0.00350860701566706  0.00367361310237840  0.00384533124082932
  0.00402142224269841  0.00418438527476761  0.00435945575526059  0.00455486462400244
  0.00478795586921463  0.00504245639591632  0.00528080197079670  0.00554362595191472
  0.00578431078971403  0.00606073779600953  0.00634475472636047  0.00679601030850500
  0.00730989673182543  0.00772999118583838  0.00816318240500801  0.00865493694472124
  0.00913144551749832  0.00950219304309670  0.00987518970281736  0.01028462737142664
  0.01085388805784195  0.01158052394331036  0.01278799877496948  0.01379220402282666
  0.01468841905615092  0.01512757766213864  0.01545444455502440  0.01576469354179933
  0.01603730619098993  0.01639164038003535  0.01765412249406766  0.02263572122687531
  0.02810538697435501  0.03609547018716571  0.03615921187886470  1.00000000000000000
 -0.00267929707880059  0.01322524992238141  0.02674827714676659  0.03865374697295355
  0.04953612437285468  0.05875940370072077  0.06826731260478124  0.07701729913174468
  0.08613203577715726  0.09546695388057176  0.10631541547080153  0.11770548213326271
  0.12942916858709405  0.14083874116188955  0.15154154928491462  0.16201263571001384
  0.17163002995124818  0.18139953998154290  0.19120156514163122  0.20058876960075769
  0.21104410889480504  0.22243440072002388  0.23462801992743260  0.24685042737034987
  0.25830930113298167  0.26901914259091786  0.27973325431718343  0.29089503166594943
  0.30280490590084497  0.31540717405000662  0.32731723623906384  0.33839866746182778
  0.34827057039477538  0.35869314999969426  0.36941776172212898  0.38081378253273213
  0.39222201118609212  0.40423290195271766  0.41634368148856676  0.42872430407796691
  0.44047451128399723  0.45293480191217245  0.46501591168644474  0.47730880789719893
  0.48884258395844904  0.50000795005031318  0.50981901649625339  0.51989432389001866
  0.52933990478416282  0.53872222081221754  0.54774044597777372  0.55787170998568136
  0.56831321065366869  0.57873628603025662  0.58930472173360648  0.60006560336281911
  0.61163031558555359  0.62290054915614557  0.63431087356879290  0.64532074661691630
  0.65620363652929237  0.66687015762526947  0.67789986129180380  0.68842325800929749
  0.69831344332576462  0.70848655470571942  0.71941267865246461  0.73042541806652561
  0.74031555370208113  0.74965694967733620  0.75846113148247940  0.76646279984000765
  0.77457643402971166  0.78337321675067539  0.79322435391389856  0.80313911603487365
  0.81268640568871686  0.82243088997409119  0.83271623055331934  0.84343142244211633
  0.85431040454811003  0.86444776612217211  0.87375474091219907  0.88309158927665232
  0.89187308563341361  0.90004400346802782  0.90835433626933126  0.91625204518565795
  0.92514091125458553  0.93505563826014959  0.94609304133783312  0.95700898104496934
  0.96687312340106224  0.97690764306952438  0.98753634115527267  1.00000000000000000
  0.73970519733723317  0.74309717000820041  0.74666800399807776  0.75030241185560098
  0.75191550360412895  0.75481047813968594  0.75835749946240905  0.76123618891745726
  0.76347794965969484  0.76535025548669344  0.76719400847466945  0.76886187254431881
  0.77133249257314451  0.77335534448022614  0.77600539114635625  0.77854381570463538
  0.78090502544933682  0.78309514270409886  0.78507217147401054  0.78698769432953974
  0.78884345373753306  0.79096123524496120  0.79303528278342772  0.79544325954214734
  0.79778427419261011  0.80001291572064614  0.80238741156939686  0.80504497704172018
  0.80810696419956174  0.81079604004994299  0.81299384271667963  0.81498972047187890
  0.81708445769401017  0.81940938536432983  0.82177030744314716  0.82391796789769878
  0.82595854085997400  0.82807284512255674  0.83038582370309355  0.83292207382563688
  0.83539436691511215  0.83764540630999862  0.83991888471877563  0.84226093738216024
  0.84455224090995928  0.84674551371752083  0.84881423462434247  0.85093707093941451
  0.85317782109762508  0.85550582172333434  0.85779916450105509  0.86008271329566066
  0.86241322494407946  0.86492154577936964  0.86744944901112664  0.86990572365729446
  0.87232719403713921  0.87475928006030268  0.87716776387271933  0.87971872942330853
  0.88244253232725478  0.88519533677653062  0.88811064936953044  0.89134286730640067
  0.89460728330335748  0.89765049511464190  0.90056777113430531  0.90348153155271982
  0.90648395920405589  0.90955795567411701  0.91262372033177064  0.91563320583312324
  0.91853861569754336  0.92140603345709593  0.92431381806605328  0.92729595847899526
  0.93043244238584133  0.93357962202762246  0.93670861247661341  0.93989775409909437
  0.94298822232929158  0.94576345982830612  0.94838415588534897  0.95084020192782048
  0.95355120017663797  0.95633164926526748  0.95922004875842459  0.96231107521714299
  0.96554567676032588  0.96887409291582061  0.97238776771694724  0.97598698931032124
  0.97990749834194080  0.98449320589971256  0.99015543407911000  1.00000000000000000
 -0.02543356093520006  0.13314507453908273  0.16975840864011876  0.19233431168209769
  0.21003552851418347  0.22535939542007166  0.23790142196382191  0.24894990964907837
  0.25987346687305501  0.27035230135616140  0.27943194404322019  0.28787192255475252
  0.29553942563440183  0.30260402354382243  0.30912601815601498  0.31582668143532727
  0.32248321664596485  0.32881700867431823  0.33566826509979336  0.34264051320534311
  0.34991210841206383  0.35692948213134462  0.36231371063142537  0.36739978753329433
  0.37216767190300359  0.37738850645284649  0.38337986778824140  0.38993789781993871
  0.39627425761070911  0.40192635518693698  0.40685686460994919  0.41151238656320360
  0.41655811080473903  0.42199407922537918  0.42789080336977825  0.43355114651146909
  0.43896684416801807  0.44428052845305399  0.44993251759573760  0.45565082041266897
  0.46107160787523455  0.46589843754540339  0.47085695233725033  0.47620558357014842
  0.48165976428153989  0.48644659939699736  0.49065176819161260  0.49463682023261563
  0.49872131250885038  0.50308852641386359  0.50743022539961447  0.51216365242856798
  0.51722611558485787  0.52263764223402431  0.52822030171329226  0.53338732314515069
  0.53840988792427713  0.54355107284085369  0.54886051962551308  0.55482333264859340
  0.56093173423767673  0.56714454817060511  0.57354905018137858  0.58012409484310845
  0.58611675733308910  0.59179680181619343  0.59695918587157437  0.60282376514172509
  0.60909429802861748  0.61571328057410346  0.62216517069577848  0.62828940618029172
  0.63422576611630277  0.64047392289530114  0.64744916706729538  0.65441968746425572
  0.66134662776758368  0.66806079486799019  0.67424964900261497  0.68072403710451890
  0.68744443155594215  0.69487650638657594  0.70355170888762053  0.71249430263444480
  0.72180353290977528  0.73110841833722762  0.74081093549674526  0.75107972491882191
  0.76238852744888541  0.77434465072280156  0.78634386176647597  0.79850422158270407
  0.81299836918056290  0.83322698503433146  0.87048558530553588  1.00000000000000000
   1.5013438782599999E-007   1.7025076000000000E-002
  <DiscreteSampler_grid>
  Helicity
  1 # 1 for a reference and 2 for a running grid.
  80 # Attribute 'min_bin_probing_points' of the grid.
  1 # Attribute 'grid_mode' of the grid. 1=='default',2=='initialization'
  0.0300000000000000 # Attribute 'small_contrib_threshold' of the grid.
  0.3330000000000000 # Attribute 'damping_power' of the grid.
 # binID   n_entries weight   weight_sqr   abs_weight
    1   1589   2.488712693518461E-006   2.294369620576117E-010   2.488712693518461E-006
    4   2313   3.367654306202682E-006   9.953749163779987E-010   3.367654306202682E-006
    5   2207   3.299012794660018E-006   2.162517048747695E-009   3.299012794660018E-006
    8   1723   2.512172277663115E-006   3.423867767278749E-010   2.512172277663115E-006
    9   2334   3.430741106230821E-006   1.310644164584981E-009   3.430741106230821E-006
    12   1957   2.875382071283110E-006   4.988016026872853E-010   2.875382071283110E-006
    13   1927   2.913840372551590E-006   4.445178145048700E-010   2.913840372551590E-006
    16   1942   2.826598901604809E-006   4.892165857520887E-010   2.826598901604809E-006
  </DiscreteSampler_grid>
  <DiscreteSampler_grid>
  grouped_processes
  1 # 1 for a reference and 2 for a running grid.
  10 # Attribute 'min_bin_probing_points' of the grid.
  1 # Attribute 'grid_mode' of the grid. 1=='default',2=='initialization'
  0.0300000000000000 # Attribute 'small_contrib_threshold' of the grid.
  0.3330000000000000 # Attribute 'damping_power' of the grid.
 # binID   n_entries weight   weight_sqr   abs_weight
    10   10   6.439118408450000E+000   1.989689521200000E+002   6.439118408450000E+000
    16   10   6.438890967290000E+000   1.989234801840000E+002   6.438890967290000E+000
  </DiscreteSampler_grid>
