     
 Collinear #          12
 
 part:           1
 comp:           0
  0.99999999707388487        276.25020390444030        276.25020471278020     
  0.99999999972070530        276.25020463562498        276.25020471278020     
  0.99999999997219724        276.25020470509969        276.25020471278020     
  0.99999999999722111        276.25020471201253        276.25020471278020     
  0.99999999999972244        276.25020471270352        276.25020471278020     
  0.99999999999997224        276.25020471277253        276.25020471278020     
  0.99999999999999756        276.25020471277952        276.25020471278020     
  0.99999999999999956        276.25020471278009        276.25020471278020     
   1.0000000000000002        276.25020471278026        276.25020471278020     
   1.0000000000000000        276.25020471278020        276.25020471278020     
 comp:           1
   0.0000000000000000        0.0000000000000000     
   0.0000000000000000        0.0000000000000000     
   0.0000000000000000        0.0000000000000000     
   0.0000000000000000        0.0000000000000000     
   0.0000000000000000        0.0000000000000000     
   0.0000000000000000        0.0000000000000000     
   0.0000000000000000        0.0000000000000000     
   0.0000000000000000        0.0000000000000000     
   0.0000000000000000        0.0000000000000000     
   0.0000000000000000        0.0000000000000000     
 comp:           2
   0.0000000000000000        0.0000000000000000     
   0.0000000000000000        0.0000000000000000     
   0.0000000000000000        0.0000000000000000     
   0.0000000000000000        0.0000000000000000     
   0.0000000000000000        0.0000000000000000     
   0.0000000000000000        0.0000000000000000     
   0.0000000000000000        0.0000000000000000     
   0.0000000000000000        0.0000000000000000     
   0.0000000000000000        0.0000000000000000     
   0.0000000000000000        0.0000000000000000     
 comp:           3
  0.99999999707388487        276.25020390444030        276.25020471278020     
  0.99999999972070530        276.25020463562498        276.25020471278020     
  0.99999999997219724        276.25020470509969        276.25020471278020     
  0.99999999999722111        276.25020471201253        276.25020471278020     
  0.99999999999972244        276.25020471270352        276.25020471278020     
  0.99999999999997224        276.25020471277253        276.25020471278020     
  0.99999999999999756        276.25020471277952        276.25020471278020     
  0.99999999999999956        276.25020471278009        276.25020471278020     
   1.0000000000000002        276.25020471278026        276.25020471278020     
   1.0000000000000000        276.25020471278020        276.25020471278020     
 
 part:           2
 comp:           0
   1.0000000388481773        276.25001073180897        276.25000000000000     
   1.0000000037224228        276.25000102831933        276.25000000000000     
   1.0000000003706921        276.25000010240370        276.25000000000000     
   1.0000000000370537        276.25000001023608        276.25000000000000     
   1.0000000000037053        276.25000000102358        276.25000000000000     
   1.0000000000003704        276.25000000010232        276.25000000000000     
   1.0000000000000373        276.25000000001029        276.25000000000000     
   1.0000000000000036        276.25000000000097        276.25000000000000     
   1.0000000000000004        276.25000000000011        276.25000000000000     
   1.0000000000000000        276.25000000000000        276.25000000000000     
 comp:           1
   0.0000000000000000        0.0000000000000000     
   0.0000000000000000        0.0000000000000000     
   0.0000000000000000        0.0000000000000000     
   0.0000000000000000        0.0000000000000000     
   0.0000000000000000        0.0000000000000000     
   0.0000000000000000        0.0000000000000000     
   0.0000000000000000        0.0000000000000000     
   0.0000000000000000        0.0000000000000000     
   0.0000000000000000        0.0000000000000000     
   0.0000000000000000        0.0000000000000000     
 comp:           2
   0.0000000000000000        0.0000000000000000     
   0.0000000000000000        0.0000000000000000     
   0.0000000000000000        0.0000000000000000     
   0.0000000000000000        0.0000000000000000     
   0.0000000000000000        0.0000000000000000     
   0.0000000000000000        0.0000000000000000     
   0.0000000000000000        0.0000000000000000     
   0.0000000000000000        0.0000000000000000     
   0.0000000000000000        0.0000000000000000     
   0.0000000000000000        0.0000000000000000     
 comp:           3
   1.0000000388481773       -276.25001073180897       -276.25000000000000     
   1.0000000037224228       -276.25000102831933       -276.25000000000000     
   1.0000000003706921       -276.25000010240370       -276.25000000000000     
   1.0000000000370537       -276.25000001023608       -276.25000000000000     
   1.0000000000037053       -276.25000000102358       -276.25000000000000     
   1.0000000000003704       -276.25000000010232       -276.25000000000000     
   1.0000000000000373       -276.25000000001029       -276.25000000000000     
   1.0000000000000036       -276.25000000000097       -276.25000000000000     
   1.0000000000000004       -276.25000000000011       -276.25000000000000     
   1.0000000000000000       -276.25000000000000       -276.25000000000000     
 
 part:           3
 comp:           0
   1.0000001116374435        173.20607894649922        173.20605961021752     
   1.0000000346190117        173.20606560644012        173.20605961021752     
   1.0000000109265288        173.20606150275853        173.20605961021752     
   1.0000000034546108        173.20606020857704        173.20605961021752     
   1.0000000010924228        173.20605979943178        173.20605961021752     
   1.0000000003454539        173.20605967005224        173.20605961021752     
   1.0000000001092419        173.20605962913888        173.20605961021752     
   1.0000000000345457        173.20605961620103        173.20605961021752     
   1.0000000000109242        173.20605961210967        173.20605961021752     
   1.0000000000034546        173.20605961081586        173.20605961021752     
 comp:           1
   1.0000002522802223       -115.19448243176979       -115.19445337048749     
   1.0000000782326444       -115.19446238245419       -115.19445337048749     
   1.0000000246919600       -115.19445621486433       -115.19445337048749     
   1.0000000078067899       -115.19445426978638       -115.19445337048749     
   1.0000000024686764       -115.19445365486531       -115.19445337048749     
   1.0000000007806629       -115.19445346041552       -115.19445337048749     
   1.0000000002468670       -115.19445339892521       -115.19445337048749     
   1.0000000000780664       -115.19445337948032       -115.19445337048749     
   1.0000000000246867       -115.19445337333127       -115.19445337048749     
   1.0000000000078066       -115.19445337138677       -115.19445337048749     
 comp:           2
   1.0000107254512023      -0.36925622057329438      -0.36925226017619650     
   1.0000033259856886      -0.36925348830392934      -0.36925226017619650     
   1.0000010497549534      -0.36925264780058564      -0.36925226017619650     
   1.0000003318981652      -0.36925238273034411      -0.36925226017619650     
   1.0000001049534033      -0.36925229893047790      -0.36925226017619650     
   1.0000000331891274      -0.36925227243135683      -0.36925226017619650     
   1.0000000104953140      -0.36925226405161493      -0.36925226017619650     
   1.0000000033189205      -0.36925226140171535      -0.36925226017619650     
   1.0000000010495318      -0.36925226056373850      -0.36925226017619650     
   1.0000000003318910      -0.36925226029874803      -0.36925226017619650     
 comp:           3
   1.0000000000000000        33.248167635843764        33.248167635843764     
   1.0000000000000000        33.248167635843764        33.248167635843764     
   1.0000000000000000        33.248167635843764        33.248167635843764     
   1.0000000000000000        33.248167635843764        33.248167635843764     
   1.0000000000000000        33.248167635843764        33.248167635843764     
   1.0000000000000000        33.248167635843764        33.248167635843764     
   1.0000000000000000        33.248167635843764        33.248167635843764     
   1.0000000000000000        33.248167635843764        33.248167635843764     
   1.0000000000000000        33.248167635843764        33.248167635843764     
   1.0000000000000000        33.248167635843764        33.248167635843764     
 
 part:           4
 comp:           0
  0.99999995016278609        210.26037432163560        210.26038480042737     
  0.99999998454536831        210.26038155093056        210.26038480042737     
  0.99999999512217475        210.26038377481396        210.26038480042737     
  0.99999999845779119        210.26038447616196        210.26038480042737     
  0.99999999951231999        210.26038469788759        210.26038480042737     
  0.99999999984578258        210.26038476800156        210.26038480042737     
  0.99999999995123201        210.26038479017339        210.26038480042737     
  0.99999999998457856        210.26038479718486        210.26038480042737     
  0.99999999999512323        210.26038479940198        210.26038480042737     
  0.99999999999845779        210.26038480010311        210.26038480042737     
 comp:           1
  0.99999958530270006        85.070252737228955        85.070288015647705     
  0.99999987140146074        85.070277075732932        85.070288015647705     
  0.99999995941144415        85.070284562767569        85.070288015647705     
  0.99999998716722671        85.070286923959983        85.070288015647705     
  0.99999999594199840        85.070287670432336        85.070288015647705     
  0.99999999871674983        85.070287906481241        85.070288015647705     
  0.99999999959420049        85.070287981126228        85.070288015647705     
  0.99999999987167509        85.070288004731069        85.070288015647705     
  0.99999999995942013        85.070288012195562        85.070288015647705     
  0.99999999998716749        85.070288014556041        85.070288015647705     
 comp:           2
   1.0000000289690383       -165.95831105893026       -165.95830625127775     
   1.0000000089833621       -165.95830774214130       -165.95830625127775     
   1.0000000028353486       -165.95830672182740       -165.95830625127775     
   1.0000000008964445       -165.95830640005016       -165.95830625127775     
   1.0000000002834752       -165.95830629832281       -165.95830625127775     
   1.0000000000896425       -165.95830626615466       -165.95830625127775     
   1.0000000000283475       -165.95830625598225       -165.95830625127775     
   1.0000000000089642       -165.95830625276542       -165.95830625127775     
   1.0000000000028346       -165.95830625174818       -165.95830625127775     
   1.0000000000008964       -165.95830625142651       -165.95830625127775     
 comp:           3
   1.0000000000000000       -33.392585338150148       -33.392585338150148     
   1.0000000000000000       -33.392585338150148       -33.392585338150148     
   1.0000000000000000       -33.392585338150148       -33.392585338150148     
   1.0000000000000000       -33.392585338150148       -33.392585338150148     
   1.0000000000000000       -33.392585338150148       -33.392585338150148     
   1.0000000000000000       -33.392585338150148       -33.392585338150148     
   1.0000000000000000       -33.392585338150148       -33.392585338150148     
   1.0000000000000000       -33.392585338150148       -33.392585338150148     
   1.0000000000000000       -33.392585338150148       -33.392585338150148     
   1.0000000000000000       -33.392585338150148       -33.392585338150148     
 
 part:           5
 comp:           0
   1.0484750435689520        2.1463624117928911E-004   2.0471278023812472E-004
   1.0046463307987648        2.0566394353384586E-004   2.0471278023812472E-004
   1.0004627120744061        2.0480750331332615E-004   2.0471278023812472E-004
   1.0000462520840252        2.0472224863083734E-004   2.0471278023812472E-004
   1.0000046250172556        2.0471372703826578E-004   2.0471278023812472E-004
   1.0000004624998142        2.0471287491774753E-004   2.0471278023812472E-004
   1.0000000462499627        2.0471278970608320E-004   2.0471278023812472E-004
   1.0000000046249966        2.0471278118492061E-004   2.0471278023812472E-004
   1.0000000004624998        2.0471278033280433E-004   2.0471278023812472E-004
   1.0000000000462499        2.0471278024759265E-004   2.0471278023812472E-004
 comp:           1
   9.2700899718397282E-005   0.0000000000000000     
   2.8746751188660136E-005   0.0000000000000000     
   9.0731132358054024E-006   0.0000000000000000     
   2.8686215306482029E-006   0.0000000000000000     
   9.0712042893901856E-007   0.0000000000000000     
   2.8685611814353229E-007   0.0000000000000000     
   9.0711852036263497E-008   0.0000000000000000     
   2.8685605843205708E-008   0.0000000000000000     
   9.0711848889896851E-009   0.0000000000000000     
   2.8685606906139655E-009   0.0000000000000000     
 comp:           2
   1.2633041121913399E-005   0.0000000000000000     
   3.9175336052934165E-006   0.0000000000000000     
   1.2364606272419907E-006   0.0000000000000000     
   3.9092839303578933E-007   0.0000000000000000     
   1.2362004809150810E-007   0.0000000000000000     
   3.9092016879966755E-008   0.0000000000000000     
   1.2361978799560817E-008   0.0000000000000000     
   3.9092008742639891E-009   0.0000000000000000     
   1.2361978370782029E-009   0.0000000000000000     
   3.9092010191179034E-010   0.0000000000000000     
 comp:           3
  0.94362760886263186        1.9317263131972306E-004   2.0471278023812472E-004
  0.99459987485839385        2.0360730560675273E-004   2.0471278023812472E-004
  0.99946225010294665        2.0460269596162616E-004   2.0471278023812472E-004
  0.99994624753291661        2.0470177642114342E-004   2.0471278023812472E-004
  0.99999462497841596        2.0471167990251241E-004   2.0471278023812472E-004
  0.99999946250009264        2.0471267020502431E-004   2.0471278023812472E-004
  0.99999994625003230        2.0471276923481938E-004   2.0471278023812472E-004
  0.99999999462500377        2.0471277913779431E-004   2.0471278023812472E-004
  0.99999999946250051        2.0471278012809170E-004   2.0471278023812472E-004
  0.99999999994625000        2.0471278022712140E-004   2.0471278023812472E-004
 
 part:           6
 comp:           0
  0.99999994759926869        169.03354673187317        169.03355558935510     
  0.99999998375041599        169.03355284263014        169.03355558935510     
  0.99999999487126989        169.03355472242762        169.03355558935510     
  0.99999999837846332        169.03355531526100        169.03355558935510     
  0.99999999948723473        169.03355550268057        169.03355558935510     
  0.99999999983784982        169.03355556194629        169.03355558935510     
  0.99999999994872346        169.03355558068765        169.03355558935510     
  0.99999999998378519        169.03355558661426        169.03355558935510     
  0.99999999999487232        169.03355558848835        169.03355558935510     
  0.99999999999837841        169.03355558908100        169.03355558935510     
 comp:           1
  0.99999905852333670        30.124136993641105        30.124165354839789     
  0.99999970804602822        30.124156559970068        30.124165354839789     
  0.99999990785284087        30.124162578983530        30.124165354839789     
  0.99999997086608317        30.124164477204861        30.124165354839789     
  0.99999999078722257        30.124165077312558        30.124165354839789     
  0.99999999708666998        30.124165267078155        30.124165354839789     
  0.99999999907872406        30.124165327087120        30.124165354839789     
  0.99999999970866738        30.124165346063638        30.124165354839789     
  0.99999999990787247        30.124165352064523        30.124165354839789     
  0.99999999997086675        30.124165353962173        30.124165354839789     
 comp:           2
  0.99999997676277141        166.32755464646243        166.32755851145393     
  0.99999999279408458        166.32755731291161        166.32755851145393     
  0.99999999772565296        166.32755813316734        166.32755851145393     
  0.99999999928092587        166.32755839185208        166.32755851145393     
  0.99999999977261311        166.32755847363322        166.32755851145393     
  0.99999999992809407        166.32755849949399        166.32755851145393     
  0.99999999997726130        166.32755850767185        166.32755851145393     
  0.99999999999280942        166.32755851025794        166.32755851145393     
  0.99999999999772615        166.32755851107572        166.32755851145393     
  0.99999999999928091        166.32755851133433        166.32755851145393     
 comp:           3
   1.0000000000000000       0.14441770230637488       0.14441770230637488     
   1.0000000000000000       0.14441770230637488       0.14441770230637488     
   1.0000000000000000       0.14441770230637488       0.14441770230637488     
   1.0000000000000000       0.14441770230637488       0.14441770230637488     
   1.0000000000000000       0.14441770230637488       0.14441770230637488     
   1.0000000000000000       0.14441770230637488       0.14441770230637488     
   1.0000000000000000       0.14441770230637488       0.14441770230637488     
   1.0000000000000000       0.14441770230637488       0.14441770230637488     
   1.0000000000000000       0.14441770230637488       0.14441770230637488     
   1.0000000000000000       0.14441770230637488       0.14441770230637488     
 
 part: i_fks+j_fks
 comp:           0
   1.0000000329958643        276.25041854068149        276.25040942556046     
   1.0000000031638252        276.25041029956850        276.25040942556046     
   1.0000000003150857        276.25040951260303        276.25040942556046     
   1.0000000000314957        276.25040943426114        276.25040942556046     
   1.0000000000031497        276.25040942643056        276.25040942556046     
   1.0000000000003149        276.25040942564743        276.25040942556046     
   1.0000000000000318        276.25040942556922        276.25040942556046     
   1.0000000000000029        276.25040942556126        276.25040942556046     
   1.0000000000000004        276.25040942556058        276.25040942556046     
   1.0000000000000000        276.25040942556046        276.25040942556046     
 comp:           1
   9.2700899718397282E-005   0.0000000000000000     
   2.8746751188660136E-005   0.0000000000000000     
   9.0731132358054024E-006   0.0000000000000000     
   2.8686215306482029E-006   0.0000000000000000     
   9.0712042893901856E-007   0.0000000000000000     
   2.8685611814353229E-007   0.0000000000000000     
   9.0711852036263497E-008   0.0000000000000000     
   2.8685605843205708E-008   0.0000000000000000     
   9.0711848889896851E-009   0.0000000000000000     
   2.8685606906139655E-009   0.0000000000000000     
 comp:           2
   1.2633041121913399E-005   0.0000000000000000     
   3.9175336052934165E-006   0.0000000000000000     
   1.2364606272419907E-006   0.0000000000000000     
   3.9092839303578933E-007   0.0000000000000000     
   1.2362004809150810E-007   0.0000000000000000     
   3.9092016879966755E-008   0.0000000000000000     
   1.2361978799560817E-008   0.0000000000000000     
   3.9092008742639891E-009   0.0000000000000000     
   1.2361978370782029E-009   0.0000000000000000     
   3.9092010191179034E-010   0.0000000000000000     
 comp:           3
  0.99999995529965413        276.25039707707163        276.25040942556046     
  0.99999999571899323        276.25040824293058        276.25040942556046     
  0.99999999957370278        276.25040930779568        276.25040942556046     
  0.99999999995738820        276.25040941378893        276.25040942556046     
  0.99999999999573919        276.25040942438341        276.25040942556046     
  0.99999999999957390        276.25040942544274        276.25040942556046     
  0.99999999999995759        276.25040942554875        276.25040942556046     
  0.99999999999999545        276.25040942555921        276.25040942556046     
  0.99999999999999978        276.25040942556041        276.25040942556046     
  0.99999999999999978        276.25040942556041        276.25040942556046     
