+0.0000057746909555 +0.0000064383526819 +0.0000069558535504 +0.0000075164915283 
+0.0000081815089539 +0.0000090185970051 +0.0000098951113159 +0.0000108872261044 
+0.0000119537719311 +0.0000130473500882 +0.0000141246192061 +0.0000151026543317 
+0.0000161381587509 +0.0000172667838733 +0.0000184974466015 +0.0000197362594389 
+0.0000209462266974 +0.0000221033631409 +0.0000233393609387 +0.0000247363393207 
+0.0000262930722295 +0.0000278559442205 +0.0000295137255625 +0.0000312093641627 
+0.0000329275550726 +0.0000347207707028 +0.0000367064669466 +0.0000387329436821 
+0.0000409077171798 +0.0000432699708502 +0.0000455744973614 +0.0000479864771699 
+0.0000506146102277 +0.0000532513787123 +0.0000559622481101 +0.0000591752201277 
+0.0000627392537987 +0.0000663794900366 +0.0000701363223847 +0.0000739690876827 
+0.0000779383886587 +0.0000817792596395 +0.0000857363270970 +0.0000897041251459 
+0.0000937516032285 +0.0000980517237973 +0.0001027448754038 +0.0001076247056144 
+0.0001128333784941 +0.0001186682042239 +0.0001251355411420 +0.0001317985021932 
+0.0001388488243978 +0.0001466676920450 +0.0001542027026239 +0.0001624026786348 
+0.0001709646458157 +0.0001797744583582 +0.0001889597043019 +0.0001988579824839 
+0.0002095853972971 +0.0002208326533366 +0.0002327619932115 +0.0002451930358833 
+0.0002575672578915 +0.0002704372694972 +0.0002847981120438 +0.0003007374602401 
+0.0003172492548671 +0.0003339995334400 +0.0003515022596417 +0.0003692287580204 
+0.0003870167407469 +0.0004081865021194 +0.0004303590329317 +0.0004519292127511 
+0.0004761482953708 +0.0005027228955056 +0.0005321602368362 +0.0005631519989497 
+0.0005971607961596 +0.0006305576506376 +0.0006694562856255 +0.0007138052936571 
+0.0007630292345196 +0.0008274717779372 +0.0009057256229494 +0.0010068966783866 
+0.0011402551803096 +0.0013087175251270 +0.0015396797747745 +0.0018669304029915 
+0.0025421621493750 +0.0040891039313452 +0.0040891039313552 +0.0678115472553967 
-0.0000389511029525 +0.0015574468126062 +0.0059966699663183 +0.0127062987387741 
+0.0199179062871346 +0.0280147962946000 +0.0365388061530914 +0.0453050313886747 
+0.0540127422647834 +0.0624786354971738 +0.0711463231204279 +0.0799017189377916 
+0.0880601842483855 +0.0961805201019421 +0.1049313215562678 +0.1138366918513036 
+0.1226933148780614 +0.1314571241736426 +0.1402405117857693 +0.1492508436536865 
+0.1584616034813167 +0.1677312267001573 +0.1771057862438092 +0.1865671574452471 
+0.1959089762856940 +0.2048494904607396 +0.2134350522633812 +0.2220944457208104 
+0.2310938283934628 +0.2402261422412159 +0.2492159742333787 +0.2580009090614249 
+0.2667099397771293 +0.2756533765822484 +0.2848994206072383 +0.2947553385689656 
+0.3045688990860615 +0.3154553649994565 +0.3265093069653903 +0.3374038652324379 
+0.3480022484211313 +0.3583292798169869 +0.3688743945470461 +0.3798568921713229 
+0.3908082309389657 +0.4017586602667992 +0.4129655286359528 +0.4238836240525018 
+0.4330392367788922 +0.4421841188929914 +0.4513815294079673 +0.4607855598758741 
+0.4699386119017395 +0.4787201041457153 +0.4874959070700022 +0.4964533603831808 
+0.5055099852312964 +0.5144768838898971 +0.5234827605656778 +0.5327910901172297 
+0.5421846267834687 +0.5515400227150845 +0.5607717411908110 +0.5698896885991542 
+0.5788944574994981 +0.5888288849437096 +0.5991949276196915 +0.6097370107293699 
+0.6203945219195042 +0.6311928637288881 +0.6424743903532110 +0.6537427520183248 
+0.6666029340613946 +0.6798275071204407 +0.6926733679884999 +0.7054053961658960 
+0.7181327707182839 +0.7305228247293952 +0.7426510956941531 +0.7546338303126721 
+0.7665273208124046 +0.7792625439919764 +0.7920796308033524 +0.8048936583923467 
+0.8178968472950555 +0.8310561044223242 +0.8445520088005434 +0.8582415750616967 
+0.8720324831614372 +0.8860264680299700 +0.9004217759611749 +0.9154833139623380 
+0.9315624607900957 +0.9495013840131356 +0.9718135539248909 +1.0000000000000000 
-0.0035813079157448 +0.0111398728852809 +0.0213857903700136 +0.0316647061625938 
+0.0423935796183538 +0.0528583140154256 +0.0630241711159212 +0.0728308568474249 
+0.0824344442572852 +0.0928077713611378 +0.1037367410926102 +0.1143772976278911 
+0.1250710658260018 +0.1364129045323924 +0.1475993495821658 +0.1579005814462362 
+0.1679294883882854 +0.1778886745528631 +0.1880100671668606 +0.1979266489756589 
+0.2079793276159658 +0.2189784776437892 +0.2305656926658612 +0.2423381960511193 
+0.2534538978249788 +0.2639712135342306 +0.2743549284574341 +0.2848101107773556 
+0.2952051592034444 +0.3055406400169792 +0.3157539896706296 +0.3258909530100408 
+0.3363412090550886 +0.3474454831574734 +0.3588016185911330 +0.3698906872933506 
+0.3808488752273425 +0.3916506814919873 +0.4022048765516953 +0.4131429798769707 
+0.4248336921625661 +0.4367092008205679 +0.4473829933198026 +0.4571694913819653 
+0.4668182751095015 +0.4764704696832850 +0.4868256739663322 +0.4976475987380811 
+0.5082540932930081 +0.5184060136668552 +0.5284251006943103 +0.5386001522294516 
+0.5480863231205637 +0.5568610788352057 +0.5656014392151687 +0.5742761870084557 
+0.5824739229744403 +0.5911048696804490 +0.6006806000295435 +0.6103796228424165 
+0.6203761750039605 +0.6304710673635251 +0.6413248586005569 +0.6516552306602069 
+0.6616316123443624 +0.6719034751435825 +0.6840074356449685 +0.6972398218986547 
+0.7104707990517556 +0.7222862931246660 +0.7329069932157988 +0.7432218215079234 
+0.7535328054064095 +0.7644237550611391 +0.7743410393332479 +0.7832690704907856 
+0.7922494066942891 +0.8016515865503095 +0.8111535994741748 +0.8209916644461168 
+0.8311248320511434 +0.8426086386979296 +0.8549296018247013 +0.8655778322678636 
+0.8761889817083239 +0.8868791133574924 +0.8980583292077826 +0.9096131562115923 
+0.9209883541957934 +0.9317622358876529 +0.9424055529605759 +0.9533737424528499 
+0.9650513866695365 +0.9761124273053069 +0.9875800200152133 +1.0000000000000000 
+0.0206700256349528 +0.0657593158028268 +0.1005214418074631 +0.1252991620565203 
+0.1466120773147312 +0.1650449271720523 +0.1813401021869555 +0.1952664527766863 
+0.2075760763812342 +0.2187550644771328 +0.2287384290115692 +0.2370701062081582 
+0.2447872612567338 +0.2526251745563897 +0.2600770874028841 +0.2669187970971367 
+0.2735160454187318 +0.2803811372659781 +0.2879615764373291 +0.2965862740034084 
+0.3054505375347327 +0.3136541439900628 +0.3218728770412835 +0.3302171642179399 
+0.3380738111560390 +0.3453614258937599 +0.3524068608258210 +0.3593012046211773 
+0.3661203527025789 +0.3730843602276648 +0.3803408771104466 +0.3879178993172368 
+0.3958489753040138 +0.4041891998789725 +0.4128398332931462 +0.4202756903577641 
+0.4281027578167313 +0.4357334639079124 +0.4427141146952865 +0.4494557205167126 
+0.4561088488594495 +0.4623309684981790 +0.4684370362246472 +0.4746527474906361 
+0.4809233834296603 +0.4871361243422088 +0.4930619936195487 +0.4989007185522944 
+0.5054141781517635 +0.5125709614513945 +0.5199524497569101 +0.5273571843829878 
+0.5347042174566714 +0.5421190506004727 +0.5482979399929868 +0.5547463445459627 
+0.5610501837567061 +0.5674114574010408 +0.5741121809078935 +0.5806799771172920 
+0.5870218863538695 +0.5934389820412076 +0.5999161141344893 +0.6066638459619916 
+0.6136549406703964 +0.6205757026282470 +0.6276463903905154 +0.6357130002993879 
+0.6435823528408979 +0.6520749318851541 +0.6607804903867284 +0.6691618180006491 
+0.6772451417240055 +0.6854203819166634 +0.6932247944484851 +0.7009229163987747 
+0.7085257755314442 +0.7155690784317591 +0.7222841677163573 +0.7290878366406031 
+0.7365317901723769 +0.7444916883667904 +0.7535050711433642 +0.7641201309243426 
+0.7751873942583239 +0.7864037162430041 +0.7968834098689259 +0.8072072044107839 
+0.8179647503053734 +0.8288630168946853 +0.8403939517572846 +0.8534491517567619 
+0.8732180282791224 +0.8963427689237632 +0.9278418749572143 +1.0000000000000000 
-0.0021841921759967 +0.0086151519680483 +0.0171958251346027 +0.0266761368162643 
+0.0362801678413835 +0.0460328515965784 +0.0565131552344835 +0.0674076119349696 
+0.0788726416430807 +0.0904568162476832 +0.1022479231729902 +0.1141467330664687 
+0.1260205459165256 +0.1376472716755503 +0.1486283429643478 +0.1590610500130862 
+0.1695273716002571 +0.1804191350173399 +0.1916747213643399 +0.2031875324952515 
+0.2149853004098453 +0.2276360232169324 +0.2397756081391659 +0.2521516556765431 
+0.2630392927844412 +0.2735018917535538 +0.2822049560599297 +0.2913298233384795 
+0.3004445895296896 +0.3094717648697332 +0.3189139844335543 +0.3286438460175178 
+0.3390491927246494 +0.3503778491735089 +0.3619603834311417 +0.3733037725961909 
+0.3841378607549253 +0.3949796927370439 +0.4061950804610590 +0.4175304560311581 
+0.4287321193754349 +0.4395703728645515 +0.4514485589458316 +0.4632775987314762 
+0.4747240106254278 +0.4862307009356178 +0.4970685943894811 +0.5080673179414558 
+0.5191085568349739 +0.5306651354514795 +0.5420921377054203 +0.5529402158216504 
+0.5635150195519774 +0.5740447653058753 +0.5841208215475110 +0.5938704412911416 
+0.6036506023547367 +0.6139365375700884 +0.6241428187595282 +0.6337689720277387 
+0.6427531510408508 +0.6515373011423401 +0.6604348011599449 +0.6698468583542259 
+0.6791647650274574 +0.6887878645019335 +0.6992728040762749 +0.7100214402305923 
+0.7209093382569507 +0.7314834288375833 +0.7412524869786745 +0.7510694195812851 
+0.7609177906978495 +0.7704826580779829 +0.7799035832466266 +0.7892772977723673 
+0.7987694274863951 +0.8084770315760759 +0.8188681737664555 +0.8299420918598949 
+0.8409527220391153 +0.8517196809278512 +0.8622390016596521 +0.8726849180865650 
+0.8826138949343694 +0.8918729780892934 +0.9014284815063667 +0.9108792656905366 
+0.9207046973031880 +0.9304235996781632 +0.9405469669914542 +0.9517160163316961 
+0.9630734848358710 +0.9743376619673215 +0.9864852289668323 +1.0000000000000000 
+0.7113913062088824 +0.7137150068482340 +0.7151864706950224 +0.7166551139299928 
+0.7182780107687633 +0.7198364537731804 +0.7212137520045543 +0.7225191736004860 
+0.7238668737031515 +0.7252141273504640 +0.7266602836188422 +0.7278789392967326 
+0.7290540358731380 +0.7303022842914767 +0.7317264450661328 +0.7332375579100975 
+0.7347449474702930 +0.7362206006456786 +0.7376469322054768 +0.7391198657853817 
+0.7407541128349305 +0.7423847472586231 +0.7440238952944369 +0.7457575802823189 
+0.7475560637206645 +0.7493657977768179 +0.7512937407965821 +0.7532894453623286 
+0.7552527058733032 +0.7571658406690664 +0.7590686204883021 +0.7610258173082503 
+0.7630157308136987 +0.7649434397732108 +0.7668577738910983 +0.7687450806224536 
+0.7705997141284515 +0.7724496574056748 +0.7743094077932058 +0.7762832397423822 
+0.7781428773126523 +0.7799547519061070 +0.7817992311041555 +0.7837085381508372 
+0.7857731731802210 +0.7877792580453972 +0.7897316928937880 +0.7916524036439410 
+0.7936388284355202 +0.7957532819770823 +0.7979770310544546 +0.8002653614855363 
+0.8025732136433956 +0.8048676955284431 +0.8071334543661850 +0.8093882350110384 
+0.8115603548485995 +0.8137460204864893 +0.8160177493301011 +0.8183375743683026 
+0.8207938663306409 +0.8231087810434043 +0.8255176617924128 +0.8278899351915033 
+0.8305575162331679 +0.8332269004446862 +0.8362064049348881 +0.8390982880574527 
+0.8418307324035831 +0.8446888977103796 +0.8476239204423012 +0.8507844595589396 
+0.8539436380665010 +0.8570116265659038 +0.8600333357416240 +0.8630639096491109 
+0.8661655142376825 +0.8692706803581528 +0.8724597958966713 +0.8758419955638126 
+0.8798251387497920 +0.8839334277035999 +0.8881271462811864 +0.8921193386814746 
+0.8961618146077255 +0.9003864318001407 +0.9048166610137358 +0.9094737391221601 
+0.9144339103316121 +0.9199189044911685 +0.9259854119676961 +0.9324683977377938 
+0.9404554734081795 +0.9510348568392154 +0.9673557759069566 +1.0000000000000000 
-0.0170784207613827 +0.1108081848417776 +0.1540164889445597 +0.1763168303234848 
+0.1937074506159152 +0.2073833177913183 +0.2199241215265433 +0.2316649262069921 
+0.2428973808473592 +0.2541573928116593 +0.2647099989420377 +0.2742649449909839 
+0.2834407435968099 +0.2922629329938657 +0.3008624096246773 +0.3092039780695027 
+0.3169703517350620 +0.3241184511557065 +0.3308488834564016 +0.3372182462342494 
+0.3432530166273986 +0.3490063816928552 +0.3545939790861576 +0.3602647691714947 
+0.3661720245293235 +0.3722517154686788 +0.3783010755226458 +0.3841574978398852 
+0.3899527478517897 +0.3956377305826350 +0.4009471096609470 +0.4060392663327584 
+0.4109449763841669 +0.4156784244432965 +0.4203925441483020 +0.4251809997672802 
+0.4301047053622245 +0.4346902070885955 +0.4392795762979416 +0.4442070609459682 
+0.4489809183608661 +0.4536856001066769 +0.4585609573832777 +0.4636793897052661 
+0.4689377529286489 +0.4740313340494527 +0.4791305418841628 +0.4843253225146735 
+0.4898061266182045 +0.4955569098704859 +0.5015300327183676 +0.5077853797723694 
+0.5140734067204030 +0.5200771014089425 +0.5259667136383679 +0.5317668158551384 
+0.5376411512432294 +0.5431620545568059 +0.5482026325342788 +0.5530132975639307 
+0.5578905234819471 +0.5630581955771145 +0.5683852341924790 +0.5737446636719108 
+0.5790714519151514 +0.5845580268219920 +0.5902118340502066 +0.5958318433403657 
+0.6014708372961266 +0.6078257019508858 +0.6143848316432623 +0.6206988824632345 
+0.6270758191095949 +0.6337704628508911 +0.6409796675908803 +0.6486505592806392 
+0.6565832483341869 +0.6647035562634711 +0.6729905065318185 +0.6813145878951827 
+0.6892114669119014 +0.6969025074120340 +0.7051163085409659 +0.7140492333546588 
+0.7234762307916437 +0.7329843306539130 +0.7422153661198613 +0.7517175423822525 
+0.7626021472529632 +0.7739356617141974 +0.7872832372876312 +0.8034504297455085 
+0.8237014977021890 +0.8480989842034289 +0.8857643395103381 +1.0000000000000000 
2.21495006106e-08 0.000165057522034 
  <DiscreteSampler_grid>
  Helicity
  1 # grid_type. 1=='ref', 2=='run'
  80 # Attribute 'min_bin_probing_points' of the grid.
  1 # Attribute 'grid_mode' of the grid. 1=='default',2=='initialization'
  0.030 # Attribute 'small_contrib_threshold' of the grid.
  0.333 # Attribute 'damping_power' of the grid.
#  binID   n_entries weight   weight_sqr   abs_weight
    4   3566 4.33054995113e-07 2.92258940453e-11 4.33054995113e-07
    1   3303 4.19185500929e-07 2.23547087007e-11 4.19185500929e-07
    16   3328 4.03109638852e-07 2.36855240292e-11 4.03109638852e-07
    13   3263 3.97178761614e-07 3.04667264255e-11 3.97178761614e-07
    9   237 2.61423476894e-08 3.35858085633e-12 2.61423476894e-08
    8   110 4.74930794325e-09 6.28591289208e-13 4.74930794325e-09
    5   175 2.23231547478e-67 5.40228840045e-132 2.23231547478e-67
    12   141 1.27551141152e-68 1.0317492916e-134 1.27551141152e-68
  </DiscreteSampler_grid>
  <DiscreteSampler_grid>
  grouped_processes
  1 # grid_type. 1=='ref', 2=='run'
  10 # Attribute 'min_bin_probing_points' of the grid.
  1 # Attribute 'grid_mode' of the grid. 1=='default',2=='initialization'
  0.030 # Attribute 'small_contrib_threshold' of the grid.
  0.333 # Attribute 'damping_power' of the grid.
#  binID   n_entries weight   weight_sqr   abs_weight
    10   10 0.0726717175138 0.019070674793 0.0726717175138
  </DiscreteSampler_grid>
