   0.0000000000000000        0.0000000000000000        0.0000000000000000        0.0000000000000000        0.0000000000000000        0.0000000000000000        0.0000000000000000        0.0000000000000000        0.0000000000000000        0.0000000000000000     
   3.1421524528183149E-002   2.2993959696302260E-003   1.9963453508823073E-002   1.3572224521015010E-002   1.6332442602031209E-002  0.13112923479617389       0.14195869517344401        6.5364517721984414E-002   1.6121122796204704E-002   1.4004886456410752E-002
  0.77889248253996479        2.2253652162704416       0.99152698100966097       0.93946641309889689        1.1107077647525732       0.77294272620502247       0.76968337593389424       0.76968337593389424        1.0733674480097311        1.0544124597808142     
   6.0077304936123038E-002   4.5689314839752835E-003   4.0218154139761965E-002   2.7730698526815437E-002   3.3015109031961226E-002  0.24307855785122379       0.23395711638843114       0.11729396249207918        3.3134452306451678E-002   2.8300437877045535E-002
  0.85958160203879797        2.0066387010234985        1.0686107756370529        1.0196100152908167        1.1553867835280816        1.3642906443059890       0.97083904710750379        1.0035300989786802        1.7718832681733212        1.0092305908008219     
   8.3103337831475568E-002   6.7130139556409191E-003   5.6647707952796396E-002   4.3063147476211525E-002   4.8313399287711070E-002  0.29762464314125731       0.28088161275601492       0.15355138046840694        4.5440866439181084E-002   4.0521552240995740E-002
  0.89301996961497454        1.9050533342154932       0.91429750392000542       0.98083625170040822        1.1422248763533489        1.2705777708358699       0.97745691982378469        1.0945619867615444        1.5373950092960538       0.97277206494037571     
  0.10549828916421269        8.7740443983633041E-003   7.3123212536066282E-002   5.8151970257282512E-002   6.3521347684560026E-002  0.34205990857725743       0.31372804934637177       0.18295446665137372        5.6513513352570918E-002   5.2091987232110892E-002
  0.96305328668702495        1.3197092919985431       0.76968337593389424        1.1262561675901792       0.95994418356965583        1.1560920187705568        1.0219229671987260        1.0757675915138218        1.3569628301638301       0.88490134057202730     
  0.12613398045417204        1.0841227260338628E-002   8.9944749010104547E-002   7.5289468716167818E-002   7.8972826067275556E-002  0.37780488027083908       0.33656371713198441       0.20656516057044605        6.7691224394480137E-002   6.6021715819270937E-002
   1.0232601926436664        1.2913386207904063        1.0978954517959647        1.0121660378290118        1.0075625753175355        1.1962197605779865       0.94057731018184065        1.0991917017117037        1.1439519080896303        1.1006233838332629     
  0.14612847187437647        1.2863372686006253E-002  0.10761412916495837        9.2350975962000953E-002   9.4947925488819293E-002  0.40245746380707864       0.35783074199127141       0.22710431520975222        7.8799550204800020E-002   7.9585876783772047E-002
   1.1098700419894527        1.3780279439604943        1.0305265261508476        1.0812280703283104       0.88654569417499063       0.99618895309891953       0.95678380892207426        1.0403502741676771        1.0897245640032545        1.1484439143783383     
  0.16485173979909851        1.4917953362199103E-002  0.12700171600834795       0.11031725286483662       0.11131038200526221       0.42188304316988995       0.37804189625648121       0.24447963842712339        9.0699750787679834E-002   9.4598580297010140E-002
  0.98192986609969568        1.2311088673768393       0.88122679646024960        1.0847539036450049        1.2971763833901786        1.1772846146796756        1.1101584848602359        1.1218570508530936        1.3761266019582807        1.2436406588284366     
  0.18317168114602028        1.7357733217752937E-002  0.14581524242919786       0.12813462666169517       0.12801377088008289       0.43982248450583772       0.39539549906957194       0.26004881842801486       0.10266991004590845       0.11015804358750619     
  0.98639382947222887        1.0009165725784956        1.0061919996931641       0.98434100284693482        1.0510895595962759       0.89094090313437435       0.88961981873338214        1.2190586860230987        1.2470600862677856        1.0442919769838839     
  0.20092637502469649        2.0093245402731379E-002  0.16356929661069031       0.14377442810557275       0.14438917133043608       0.45686005199316987       0.41220974954565842       0.27396212200721642       0.11389285709957168       0.12597024950841043     
  0.94314925497816271        1.3263051487819837        1.1946328673478652        1.1473449976359256        1.0877194895833890        1.1010989395849375       0.91741484990547351        1.3488708904381759       0.93010844323754538        1.0202365256883237     
  0.21894618050387493        2.3004188855149155E-002  0.18107553400625792       0.15899453411450637       0.16089397941747974       0.47138881783932157       0.42675082029152511       0.28749243396578633       0.12523680888942557       0.14216878465850991     
  0.90242281463106044        1.0776858263358904        1.1459244755449218        1.2293770225448180        1.0693072716891381       0.95104896942336192        1.0360345975903547        1.3244972945272033        1.0168050285347072        1.0352040173549941     
  0.23623181205099703        2.6370587993680812E-002  0.19773351191529234       0.17429064157336310       0.17590811267676404       0.48516234909772393       0.44145887453784094       0.30065090632539432       0.13717234424612931       0.15863004430778888     
   1.2271914881645913        1.1503353176876734        1.0577488360897302        1.0630051643245026       0.96793230211924097       0.81938829622628351        1.1601256734217065        1.1240469231230816        1.3240460762953263       0.87049388726492749     
  0.25379569575977157        2.9887599281692621E-002  0.21388099260364377       0.18912266120692570       0.19072493568939164       0.49775799965036355       0.45549307596119953       0.31351545721341978       0.14907336895386195       0.17485300431692677     
   1.0129912423803213       0.94066286501503449       0.90758449431951460       0.99716117684688654        1.0547972854904681        1.1448373316617804        1.0674199216869980        1.0518924688087510       0.97222147772990242        1.0517591465571678     
  0.27067845891212533        3.4157331212836199E-002  0.22992970202318472       0.20514158557537251       0.20715179648688672       0.50992926481054501       0.46956475341065723       0.32574583206673907       0.16228405715218186       0.19204274610745573     
  0.96065952530269239        1.1044531758028571        1.0672880295618048        1.0787535770979577        1.0074835134613498       0.94476179000743365        1.0154604053931156       0.98972567968505898       0.99954479267187835        1.0796814709049813     
  0.28761617889607533        3.8468333693455911E-002  0.24578813056022120       0.22133931677904958       0.22379215160001178       0.52116056780517783       0.48248983181291177       0.33786233380382769       0.17501213518818684       0.20988982331271766     
   1.1400157780695135        1.0289784154250714        1.0071463187721525        1.1786879820989398        1.1191122054022347       0.85282155874558341       0.86994199271682260        1.3085913932825906       0.99657559688167996       0.90530849090110277     
  0.30356675406823574        4.3339474950817997E-002  0.26160788816242392       0.23672607133369253       0.23740649445725406       0.53239680638268128       0.49508772789457811       0.34997411770181813       0.18873523247763749       0.22762531168475508     
   1.1980158572785000        1.1093412089027863       0.86129035404934973        1.0611707342698888       0.99677365777288451        1.2622378967630226        1.2129092471159175        1.0598703570120691        1.0424074007937896       0.93997335178315822     
  0.31940396734135806        4.8196081041356323E-002  0.27718279827151937       0.25220938541409693       0.25035115037462430       0.54398137973669847       0.50624361365020132       0.36217780725844378       0.20183209616741432       0.24552438224166756     
   1.0227573275242623        1.0223616003384519       0.99053215488704915        1.2150511403567525       0.81564178705686896        1.0311643661335625        1.0928173452664611       0.98196203989011743       0.91565673633326161        1.0897107380096609     
  0.33361485896960791        5.3452464913802490E-002  0.29161400484198802       0.26553922403431357       0.26556318915763094       0.55573052333394868       0.51762996786044835       0.37476470400377249       0.21646846273075129       0.26260344149324838     
   1.2271958510604017       0.94361700996524056        1.1287900654123189       0.82492621688129320       0.94893922050647983       0.94388157184864130        1.0620997127699572       0.91186885212772406        1.0156231770916941       0.84608097330913745     
  0.34767554050774552        5.8627060726945492E-002  0.30560514559308405       0.27875928221480156       0.28157735115532295       0.56671653074244888       0.52745195841082448       0.38766929576094528       0.23118371542349145       0.27912762319786516     
   1.0500592001038478       0.86657522783459418        1.0228898872171568       0.94467787325356034        1.0504658775019224        1.0684888528542065       0.96063465520938240       0.92471470844977222       0.95196922070420464        1.0320400135405488     
  0.36147394159945007        6.5292616280388946E-002  0.31967214303201952       0.29370551886824936       0.29835499334936383       0.57758090192818479       0.53739130484766628       0.40084387907778618       0.24656456095055085       0.29602859704492984     
  0.87886303067905103        1.0242070018181515        1.0611073486170133       0.93410959669497684        1.0663267853819682       0.97671798364649698        1.0994751546294896        1.0797182838140578        1.0856092243088020        1.0484432282179279     
  0.37646629009380156        7.2097402410421715E-002  0.33410873753018594       0.30826382891736770       0.31543515916450710       0.58784234477891617       0.54631929158264847       0.41395464944380211       0.26204648505696015       0.31323013480229300     
  0.92751858265578191       0.97966851544462874       0.94759138832546874       0.89112571319006117        1.1430774150832148        1.1348625677363560       0.89000641487505860       0.83688165046811847        1.0243586165793288       0.97964687888093227     
  0.39257987603320604        7.8626997691702519E-002  0.34922085813807380       0.32606044916229326       0.33175653224032381       0.59803480031874046       0.55548113327398196       0.42746779556735559       0.27844001640666888       0.33093977264769853     
   1.0897728676911684       0.95143008936312345        1.1175293493234397        1.0487591844200908        1.0290698326862280       0.91160675326633456        1.1875526693256908        1.0561710210797157       0.98994090690619907        1.1885813376190371     
  0.40820687470103334        8.5152763213031959E-002  0.36423269929220548       0.34351666065483766       0.34766179711298573       0.60774426770733658       0.56482552933467001       0.44120117418479954       0.29526660973735119       0.34879147369087854     
   1.0571892016863258       0.84807801416581952        1.0225553534937111        1.0781733253792507        1.0311207214538465       0.97877613526948515        1.0382175139420224        1.1426609399225383        1.0947309387407158        1.1110795351193699     
  0.42360217821337820        9.2868271040643102E-002  0.37901998580182206       0.36085765718668478       0.36431509559482300       0.61734252902950204       0.57435897823047133       0.45500597893097339       0.31171788940505635       0.36678625888489064     
  0.98162769649147508       0.91621958873548714        1.0190359822941419        1.0732070035325574       0.92140124342815566       0.96450229377259611        1.1188586852255549       0.91764650746751308       0.90456032795121044        1.2395205812016352     
  0.43899916460719229       0.10076893595247209       0.39362233183278983       0.37872060258730433       0.38096818847016484       0.62684579958863840       0.58226984737216414       0.46860913254799919       0.32831488876801423       0.38472099530112824     
   1.0671989543724962       0.90004209605188801       0.94847361455214463       0.98946578890889991        1.0092468936801511        1.0491589942851245       0.91505842402477666        1.0219666299584631        1.0008078200000907        1.0296039813030478     
  0.45421887759566199       0.10935091275210579       0.40807678658651536       0.39505976707564366       0.39747541196569786       0.63631058305804844       0.58997252016875368       0.48075329599249689       0.34426217044163088       0.40163474453732351     
   1.0252326488524570        1.0797608313067397        1.1911450341445919       0.95867179769543887        1.0695266663030261        1.1843971493672976        1.0172093661680237       0.86683149415501348       0.97730857417845118        1.0163713556185412     
  0.46860006408982247       0.11791078052121494       0.42246892598549263       0.41133422261065922       0.41413369065096584       0.64547144100441112       0.59717851726239179       0.49358843784977036       0.36013099178598962       0.41795569752866313     
   1.3654365955467056        1.0359820059370719        1.0059224845327777       0.90006247942723450        1.2406600162711683       0.97017835664333774        1.0515266333120166        1.0388170577331768       0.93766686390752252       0.94452883183108360     
  0.48249370852456069       0.12734545785009149       0.43742479381800814       0.42797081433647083       0.43041694738598268       0.65458242653773147       0.60475146085406817       0.50714153064243073       0.37685501726845355       0.43396828424778872     
  0.98594912596357809       0.94949923361768429        1.0789707185126944        1.0704406884349562        1.0014033138005576        1.0297921260475835        1.0047880663396069       0.92657327129220313       0.97973375628625370        1.0475714504326494     
  0.49539835591408760       0.13697759077840513       0.45296418557415885       0.44490654539919472       0.44603904586578058       0.66317068070459051       0.61313475869526068       0.52114578798849553       0.39388638038576801       0.45003090546724500     
   1.1090249754483688        1.0649986956863966       0.96172053123910806       0.88644430292437359        1.1425264844658551        1.1264645700342510       0.94254985135935543       0.88508465860185348        1.0087956956123363       0.99499617296078646     
  0.50719509796300044       0.14697547653943532       0.46838060829370681       0.46108509378699797       0.46178112565056800       0.67152557465425833       0.62160159277715810       0.53592288315424175       0.40978177245552472       0.46570139244329367     
  0.86188287234449068       0.81945369517710465       0.98560323168974329        1.1127238506340542       0.99850744535276181       0.95890316170482959        1.3067270189753601        1.0988792821097486       0.96537041061264794       0.92519767196973823     
  0.52000112788718256       0.15726276994450902       0.48355264423265626       0.47783348056653069       0.47793345413378863       0.67945015339773462       0.63010301644788191       0.55094747786906839       0.42505659921608119       0.48105978649632708     
  0.87091293155598848        1.0435730483611378       0.95084581859076900       0.95327678022202633       0.87897580865804736        1.0150158421851134       0.93297695739398079       0.98965128965710414        1.0372078159060125       0.96286401158812618     
  0.53354813561048364       0.16980178241942093       0.49765179642364438       0.49127258925100825       0.49379513741805364       0.68740606476595434       0.63854085752467249       0.56612050518067136       0.44029924771153189       0.49832671914922477     
  0.95154118390275266        1.0278780625458310       0.98798592301032828       0.97595620785492898        1.0996856465867619       0.99348365342123435        1.1285395925989867        1.0722524030501186       0.90801928773403684        1.0820314497899270     
  0.54737549976082855       0.18254205447254687       0.51214113655012694       0.50461664684324870       0.50910551944924787       0.69630856277080855       0.64621028332437347       0.58096450869357019       0.45530556043944231       0.51570793025527228     
  0.99402937147130899       0.98474758288289754       0.82657757821677813       0.97557090970731786        1.0177532001668892       0.90571365521765379        1.1470993250273884        1.0892186780363731       0.89780686150257782        1.1301555438286504     
  0.56138158450573517       0.19663110521675084       0.52757513545873524       0.51890279376662107       0.52544512329456472       0.70490937402891429       0.65407513092976566       0.59563029281732249       0.47089094345985133       0.53278102702586194     
  0.95363618473550760        1.0946364755015221        1.2289178281492936        1.0796566204534712        1.0437322557618305       0.91462991354374279        1.0806878589909936       0.91803978602186831        1.0098275477664382       0.87539944378874157     
  0.57500758500489069       0.21097713159841083       0.54279333050424450       0.53365134448961105       0.54296304319461686       0.71300000002266517       0.66166407415477879       0.61022191951259053       0.48644428069899831       0.54960685454885227     
  0.99933994452434927        1.0131134008911109        1.1545350392345717        1.0705751536017647        1.2157192177427683       0.97778734338025231        1.0742450209804859       0.88930460217704244       0.92531701161785296        1.3117125249914987     
  0.58859072949971147       0.22660155206997742       0.55789234288736378       0.54967992473656346       0.56014196097405644       0.72089295115337149       0.66940699934382153       0.62456034650719650       0.50320712061777773       0.56561930656271242     
   1.0417174166892540        1.0766042203025066        1.1551601828886895       0.96048083910472404        1.0199995353644180        1.0468032952310704       0.94970196908724458       0.88120715883430178        1.0586534272671546        1.0419702349482503     
  0.60222290609966800       0.24232068882004365       0.57183989982383598       0.56555499740909942       0.57734879348302581       0.72876498549242186       0.67641720909774905       0.63858469511716687       0.52036016979080169       0.58198726436169979     
   1.1150067737170131        1.1617402877537122       0.89842335712546206        1.1527757185059633        1.0859164416085512       0.89305273120324902        1.1501087365680562       0.87493044175075108        1.1576526488823118        1.1580021254185009     
  0.61527904327865390       0.25819661600286786       0.58381713379099631       0.58143755516087670       0.59481828041548390       0.73694795347902087       0.68340221342626695       0.65285010174407709       0.53564311072385773       0.59975674140033963     
   1.0243237258907205       0.78864587483892068       0.84406691964550251       0.98268133121000678        1.1398558474893004        1.0113248901072946       0.96706099492739273       0.81471409308664122       0.88413402780382866       0.98425592103973858     
  0.62842246302332738       0.27442315495078717       0.59573934840707732       0.59730779300462122       0.61193195741272632       0.74565799778039377       0.69022305987389621       0.66765394779264198       0.55029164646044582       0.61737380647069884     
   1.0111621397162600       0.98723471919033301       0.96507229900847002        1.0363834075514633        1.0137548054676198        1.0216112137865572        1.0625156248241832       0.95864997418072029       0.97988352425449365        1.1411275502507889     
  0.64128212478355318       0.29346057491064093       0.60739025400536806       0.61303087152131530       0.62888572074041715       0.75444232618298990       0.69697847168952520       0.68410108443646922       0.56458977585318193       0.63357964450174276     
  0.97321047145432460        1.0083098619253554       0.97951682062640588        1.1673786753285540        1.0289143866992136       0.83002302363285252       0.99049667235829975       0.86575848263019117        1.2009242163927523        1.0677239880833487     
  0.65438451868675629       0.31217242619379293       0.62066314600812100       0.62811186646478545       0.64555684198351493       0.76277509160450829       0.70378056608416539       0.70014017016730457       0.57894540602074906       0.64951428648336840     
  0.99746508956020796       0.83256121375672343        1.2027597328560822        1.0596695020765112        1.0499932361111786       0.99489749336883915       0.91261006163582770        1.0203534976463922       0.93594709552923894       0.95115986394342322     
  0.66779891624963583       0.32898669732463914       0.63618042403646113       0.64254146528418332       0.66085546848811483       0.77123807246319576       0.71071670272030107       0.71496945847316451       0.59294713241910213       0.66589236271684571     
  0.92814765699747470       0.83010668853316161        1.0181818118078743       0.97956826857061430        1.1651572795720455       0.97202856281232619       0.95844687767311321       0.89050115496519833       0.95753527777533942        1.0813862052745866     
  0.68144663419528262       0.34707746991634369       0.65252108482294646       0.65686832838546105       0.67492296775301552       0.77985998996645478       0.71789462952803695       0.72983844791879360       0.60675378139533731       0.68216959546869949     
   1.1430505933231936       0.95366042453077016        1.1676230285824478        1.2138201089508118       0.85276972785667060        1.0021802190252864        1.1014144086092086        1.0458900158093898       0.88967529080004260       0.93747025110469373     
  0.69514190568771417       0.36892307759957538       0.66927308553777598       0.67002447697889933       0.68931197083908136       0.78826247165854890       0.72516326730496394       0.74408587865107445       0.62111065144651023       0.69568308636784226     
  0.97605077812410168        1.0573325115364376        1.0999038716081486       0.90082433499042280        1.0776705351351439        1.0424902742707567        1.1532922381158757       0.93743876181061303        1.1035361694552044        1.1015937081603824     
  0.70820048112612233       0.39082065973924951       0.68564088537483081       0.68414508130598739       0.70363970033983469       0.79629933685229182       0.73234683178254389       0.75847898809218828       0.63578446189820770       0.70993583816645711     
   1.1220591520888552       0.93301545677097752       0.97977868968148407       0.96708381599315296        1.0025430213658464       0.94006236508322161        1.1950780766334028       0.96735556172475679       0.99312537203964135        1.0093242577858834     
  0.72089498361032789       0.41367561195472435       0.69983598595150709       0.69998404791903890       0.71828775678863732       0.80382700682632069       0.73951326942440287       0.77316259891600780       0.64977204993523185       0.72553375330741032     
  0.92111569367496582        1.0385631425299418        1.1529584680211511       0.98855593283195931       0.98025252361606663       0.87077390515429565        1.0182443621838426       0.89293252618925767       0.90174032344170418        1.0856756585401648     
  0.73315091149058098       0.43678607553557502       0.71483091459652337       0.71569868574816731       0.73364112003283266       0.81133094772843195       0.74662621639034676       0.78744979727384223       0.66318994140780951       0.74093422752145455     
  0.99345771992847809       0.82732877220038870       0.99131016310488251        1.0671578680710998       0.92423803850310027        1.2096629797151530        1.0063570997611937        1.0761357137042575       0.97054125988275786       0.99181563216909807     
  0.74449865185372144       0.46064945735629514       0.72999476172626654       0.73100756483876894       0.74876575970555559       0.81873869355137208       0.75355232524845617       0.80090481851539530       0.67609246848202909       0.75555567663780743     
  0.88413549697862759       0.89119221277435190        1.1009990608867364        1.0135049297228600       0.95129145671609461       0.95961675083880227        1.0431547027965566        1.1596292559441246        1.1750498108646827       0.88670902283711073     
  0.75584765298796286       0.48573614256363590       0.74550921173746387       0.74630578483882326       0.76336002191237684       0.82632947094931497       0.76041026563068137       0.81342989521088838       0.68889645066847627       0.77051629578552083     
  0.96956859020779762       0.98704770441524170        1.0893309837900393       0.95200098454663207        1.0469543361850744       0.92189983921766461        1.0113800801776380       0.89654000749076290       0.96596546010082762       0.95377596351869776     
  0.76762998510693381       0.51075154974567538       0.76164846707468892       0.76210174353139926       0.77877526590228796       0.83400909354563080       0.76712421886943605       0.82446284213202292       0.70386543652769507       0.78585201919838310     
  0.92620974085359575       0.79233942831396065       0.95220438541212060        1.0035942574825072       0.96516659989494014       0.90984133233705211        1.2302346706493401       0.92516541899202798        1.0413409339271504       0.98453132469460747     
  0.77983399748211957       0.53695031263949766       0.77756630185079978       0.77845429079546657       0.79523977180594307       0.84134615015321867       0.77396909410630921       0.83594389892270171       0.71971271063055453       0.80103841141558374     
  0.83668823044858642        1.0029505680903836        1.0091635605153235        1.0774743902759063       0.98331428900079887        1.0098307660051544       0.88325141020130804       0.87906472902179378       0.83021271881774283       0.88830610078225891     
  0.79260276662449436       0.56287702627639036       0.79409532767272950       0.79545439077186375       0.80955458535916847       0.84875917733403539       0.78118020617636141       0.84815799357281085       0.73783158906871738       0.81684400510192257     
   1.1603434905375698       0.79498445329511469       0.98630546180580936        1.0467987826847833        1.0515273746544687       0.82939863042813111       0.99095392580514463        1.0785885598179570       0.90633534317716180        1.0432312177935699     
  0.80568215764532014       0.59178659077561024       0.80998595788832106       0.81265048087851899       0.82191235429801457       0.85682117007024294       0.78839666268224251       0.86058133730914210       0.75565603195841358       0.83351076409259828     
   1.2709106926588172        1.0049085681457357        1.0608433100882095       0.93789434994491216       0.93187688139708491        1.0133024234657968       0.94061631231958764        1.0881522619780377       0.83725575902704474        1.1459070775271816     
  0.82007299275249002       0.62125747070688797       0.82406911324849341       0.82988441956881553       0.83596398172407183       0.86524320440714475       0.79620045558035091       0.87341206397336724       0.77573224488865022       0.85010425064409689     
   1.0206250378594570       0.91007649576696614        1.0835288883120600        1.1982332608369597       0.91351856925501596       0.97865450678148191        1.0423550588649666        1.1064294382085327        1.0292092821926311        1.0238053135356289     
  0.83431533505338185       0.65099386101313994       0.83834593696836879       0.84591088264143610       0.85130947414535196       0.87450452333940931       0.80428621345407592       0.88626900056880309       0.79623684750528712       0.86634343509745337     
   1.0429723984548416       0.86855016993044187       0.95384490897524665       0.94232306183077241       0.95463417287875563        1.1957548676951508        1.2207284337052233        1.1543109830518703       0.97884527789210984        1.0921478049655113     
  0.84752551092847761       0.68098824634748056       0.85269378640042659       0.86045263243985937       0.86713134662284530       0.88426682053832328       0.81261417630601385       0.89917931866060652       0.81749013353432998       0.88120640407026596     
   1.0027287150063038       0.89732660276946452       0.94472794118970493        1.0710529963815958       0.97102286056518472        1.1594851195452003        1.0423099135291536       0.83243539128264066       0.93022890440457107       0.88457918860578821     
  0.86104807908909708       0.71357704166602687       0.86749366869532918       0.87539432669046413       0.88316365253547036       0.89399628309183721       0.82058696722161273       0.91154221730303331       0.83843885485634295       0.89585453663555470     
  0.97227032507111755       0.97285982617886024       0.98925311676202643       0.98578670289782677       0.97626483633060013        1.2361937599732364       0.94665387825156133       0.99946143260046016        1.1302539872515542        1.1126685634582716     
  0.87539050971769417       0.74633513155763787       0.88319565876241379       0.89151821610873616       0.89842880326783481       0.90369291993007772       0.82947398249941451       0.92333797634070680       0.85984519017245287       0.90904474620665243     
   1.1683475892727411        1.0364713354109523        1.2153611651488820       0.97512044826133426       0.96536714706276205        1.1780116706356158       0.83796404446703177       0.92376689538299606       0.95200233166552695        1.0903258425480660     
  0.88963287703808736       0.77920492026733512       0.89845415349678925       0.90804489986145054       0.91367345588797444       0.91327491856513621       0.83788071302615663       0.93494315816952644       0.88121981584076947       0.92217707277977956     
   1.1220106574510167       0.97370255229562752        1.1081061518902946        1.0240003093585681       0.84157609490610608        1.0080399557683772       0.98176883080576904        1.2418507006244792       0.80215885758837047       0.93561270836563637     
  0.90527889506299097       0.81159015688099434       0.91407451190051436       0.92336955842248303       0.92711988012849389       0.92273272625284042       0.84930831074210633       0.94597707173203949       0.90266237552017892       0.93409718203684211     
   1.1849974216868737       0.94688081642073618       0.94809383783322221        1.0199887790521558       0.93278182795952147        1.0159947504955680        1.1306963141628523        1.2179222580648361        1.1583788003481432        1.1190863092722698     
  0.92113033884022466       0.84411072449127678       0.92990269855147056       0.93892995719516359       0.93997773057191392       0.93252292382674895       0.86009023854949973       0.95679830104013985       0.92378432964132773       0.94684772940358708     
   1.0338796534164427       0.92681454082179271       0.89058700535345070        1.0012413647363942       0.95760488991714365        1.1504012850435223       0.99394644016374289        1.2544536930764436        1.1117251386280138       0.91719013116559422     
  0.93895262770875842       0.87916303846222188       0.94921964456796648       0.95345748884121329       0.95495223667422569       0.94496591895408011       0.87859667988052492       0.96760677032306575       0.94332835231111756       0.96037819498053856     
   1.0309656200818429       0.96725107654250886        1.2643675718220935        1.1081971926362533        1.0720663535001027       0.99205066491385552        1.2996149271782795        1.1575513423658157       0.90707971712260971        1.0989048481893016     
  0.95720402195190823       0.91692978786769086       0.96766402526668005       0.96888696271732677       0.96914057805960363       0.95728491314620634       0.89915807422830840       0.97852622522831501       0.96279463298516033       0.97335401248769515     
   1.1810784363633637        1.0685553922052859       0.93523238314969792        1.0563358055413916        1.0340326232813477        1.2497880707674816        1.0397831465713465        1.1724855059568220       0.92021836820213310       0.96330520285170562     
  0.97885112348983838       0.95768310161996473       0.98394313652080423       0.98437360268577512       0.98486346914254963       0.97730693996776108       0.94176400552658324       0.98921116543654020       0.98161823626804745       0.98695637230469724     
   1.3081124591752309       0.86494223049781416        1.1547920478967137       0.96824902369959809        1.0976037138209431        1.1080727403717563       0.99988026900441151        1.2653058815728018       0.91337726427774846       0.93054627381835819     
   1.0000000000000000        1.0000000000000000        1.0000000000000000        1.0000000000000000        1.0000000000000000        1.0000000000000000        1.0000000000000000        1.0000000000000000        1.0000000000000000        1.0000000000000000     
   1.1028421302874190       0.86372298669508185        1.0215955794003155       0.86627191037085582        1.0929043137988872        1.1418217702550142       0.77570859107048895        1.1476277216752944        1.0186153776702598       0.91069939215355156     
   10.486584073400595        3.4053328152524109        5.6131179617661893        7.3901635257583518        11.330917993432212        7.7662463455598045        9.1903241423408470        10.342283241806769        5.5911114309580823        8.5998162827865769     
   10.048450371437180        8.5410582007066456        8.0383631877439026        8.5920070537241369        10.061975664084885        6.7249949852998343        9.9244519785485075        8.3524476001756636        7.1224540404601466        9.1758692644614808     
   7.4485125101864034        8.6591911799144015        6.1480327981671303        9.0396793499048957        8.9635760964209670        7.0443201322481110        13.383051868178580        8.0173812746000959        7.4752331807952164        12.631813792190966     
   6.3822331652159914        12.075799602831056        7.0882424752309179        8.2737903241259616        6.8290548238433884        7.7785335623774259        10.129629431904510        8.7396192637580565        7.8494351195179757        10.386906925215984     
   6.9047603371242587        10.016995471227618        4.6222914022896111        4.8053226538182789        8.2549568010057097        8.2604362030803031        6.8157696913734860        7.4973208531689464        9.8869953417917120        4.3392868141409684     
   7.8802894211506747        11.984705675301074        6.1790651698621692        7.8272836147638456        10.304071802956644        6.9758859324909004        6.9796049782252583        6.6132669216174333        6.9917752013507259        8.4978626067860592     
   12.122098497641637        12.702627114221468        13.797803874121620        9.1583185362235948        7.7349769646881139        6.1384038353702026        8.6441906854079722        7.8194058277225453        10.220652435368992        7.3985989235972243     
   2.7587762559820499        7.6172675852248499        13.515177990765498        9.8720367833949929        5.0666993078024900        12.993653459739210        5.1627329733545420        8.6251813591978834        7.0410809552214086        7.5040932125038715     
   5.9423766494447375E-002
           1           1           1           1           1           1           1           1           1           1
   7.5186850470416705E-002   3.4306281910134795E-002   9.7077831821216676E-005   9.0353742261295658        4.5820039805161600E-004   1.6184461968179186E-006
   1.0872374437400220E-003   9.3851261873493835E-004   4.4608640077077946E-005  0.30880029248873669        4.4590229564042300E-005   1.6845558284327151E-007
   5.0000000000000001E-003   6.5956089777651901     
