+0.0000047061698927 +0.0000047682986274 +0.0000048170618030 +0.0000048796231149 
+0.0000049602940386 +0.0000050955976149 +0.0000052450448708 +0.0000053830949701 
+0.0000055221101399 +0.0000056623434722 +0.0000057775361386 +0.0000059313746310 
+0.0000061255749882 +0.0000063207810695 +0.0000065011106845 +0.0000066776843194 
+0.0000068569979737 +0.0000070803204202 +0.0000073397342788 +0.0000076121599481 
+0.0000079005053502 +0.0000082009720621 +0.0000085279329212 +0.0000088709411857 
+0.0000092134210764 +0.0000095610565529 +0.0000099457879301 +0.0000103702760265 
+0.0000108274604820 +0.0000113295979184 +0.0000118874479253 +0.0000125200124090 
+0.0000131926558778 +0.0000138859504143 +0.0000146138991463 +0.0000153813120953 
+0.0000161841721472 +0.0000170561641870 +0.0000180203242708 +0.0000190425756131 
+0.0000201069576694 +0.0000212029923667 +0.0000223363212005 +0.0000234820036937 
+0.0000247935406404 +0.0000262106400678 +0.0000276542067773 +0.0000292428448909 
+0.0000308935218381 +0.0000326554904317 +0.0000345670988093 +0.0000366654339606 
+0.0000388609145152 +0.0000412039441762 +0.0000437387042392 +0.0000464210869691 
+0.0000493369331769 +0.0000524827040167 +0.0000558551000070 +0.0000594337129075 
+0.0000631751225746 +0.0000671507716984 +0.0000715051271683 +0.0000763348569551 
+0.0000815453472035 +0.0000872057181807 +0.0000933918251737 +0.0001000291488704 
+0.0001071439450151 +0.0001146320481448 +0.0001227588623415 +0.0001316637639406 
+0.0001415641699892 +0.0001523581273382 +0.0001643230779829 +0.0001779406646576 
+0.0001934342448073 +0.0002110682513148 +0.0002310162166190 +0.0002540450566117 
+0.0002805001126606 +0.0003122427904522 +0.0003515264870961 +0.0003987855767637 
+0.0004538822870959 +0.0005207175726915 +0.0006063151720333 +0.0007184736208122 
+0.0008747107502788 +0.0011217149290168 +0.0015493813656944 +0.0023263882631955 
+0.0040435717347881 +0.0085873524455801 +0.0085873524455901 +0.1039573819528287 
+0.0002437754122625 +0.0002521277720881 +0.0002574438454904 +0.0002623239428578 
+0.0002670886401907 +0.0002723269139014 +0.0002778517953015 +0.0002838205344131 
+0.0002898334480893 +0.0002958008932126 +0.0003017472429430 +0.0003076543709593 
+0.0003137993909182 +0.0003202577385220 +0.0003269411112206 +0.0003336667401306 
+0.0003405250848293 +0.0003475208357472 +0.0003547593514452 +0.0003623869689211 
+0.0003705527742409 +0.0003789759224010 +0.0003876046789306 +0.0003963531905551 
+0.0004051222310215 +0.0004146884443859 +0.0004249351675951 +0.0004353366842695 
+0.0004459374118516 +0.0004567633348483 +0.0004682228588803 +0.0004805201217331 
+0.0004935888595211 +0.0005071053197942 +0.0005210441146054 +0.0005355658793674 
+0.0005509788892123 +0.0005666587710835 +0.0005823109324557 +0.0005989663353831 
+0.0006161164163733 +0.0006339537460166 +0.0006523144227515 +0.0006712295083031 
+0.0006910713486830 +0.0007118752216681 +0.0007334899412849 +0.0007556778893545 
+0.0007787827259782 +0.0008027550028073 +0.0008288333343534 +0.0008561566691251 
+0.0008843383196612 +0.0009135237357471 +0.0009454056525556 +0.0009798024876436 
+0.0010158758790085 +0.0010542167305892 +0.0010947461321028 +0.0011358443779689 
+0.0011778612151196 +0.0012236399420462 +0.0012741055516532 +0.0013269995890972 
+0.0013794131607544 +0.0014330581533135 +0.0014881143986431 +0.0015441770505809 
+0.0016037561650452 +0.0016665220774544 +0.0017349081506874 +0.0018072546928711 
+0.0018870112709361 +0.0019715403719932 +0.0020659001543119 +0.0021665350315547 
+0.0022683836169681 +0.0023750329908070 +0.0024985004097308 +0.0026494284935681 
+0.0028263267445061 +0.0030201220922585 +0.0032173529559352 +0.0034339434579552 
+0.0036777138877381 +0.0039727456499151 +0.0043831263943584 +0.0049782142335979 
+0.0057467905792379 +0.0065588947542118 +0.0075601610396266 +0.0091979193993709 
+0.0122110194230670 +0.0172895120158052 +0.0172895120158152 +0.0325133922390973 
-0.0018148370069750 +0.0076727118281557 +0.0153072467590935 +0.0238143208899842 
+0.0327872048950562 +0.0418392964421179 +0.0511778173435455 +0.0605038581997231 
+0.0697091572996182 +0.0788118517228327 +0.0877795220675879 +0.0969385395399290 
+0.1067165710118910 +0.1175573814495052 +0.1284517016073645 +0.1387818124898065 
+0.1488962627953599 +0.1591945060359575 +0.1698638910784269 +0.1801864948244919 
+0.1904618602630083 +0.2007332534057304 +0.2116050794564305 +0.2232458855718234 
+0.2351775610058094 +0.2471219099593930 +0.2583345738012147 +0.2687964137197243 
+0.2791567572873014 +0.2898538363921295 +0.3013760639971568 +0.3127495560465672 
+0.3239240632210854 +0.3350456205716441 +0.3465235979750168 +0.3578136658577168 
+0.3690644395886041 +0.3805817311484072 +0.3929952523316939 +0.4055116995116353 
+0.4177410967426669 +0.4294096470195747 +0.4408145473183444 +0.4525821965324566 
+0.4646784846290008 +0.4766866740192731 +0.4886048311709434 +0.5007138322208882 
+0.5132270284598148 +0.5251731622307707 +0.5366042347028493 +0.5484194209787674 
+0.5608013245049902 +0.5733829658782603 +0.5857789628573413 +0.5980786055200411 
+0.6098410710397049 +0.6212410814657352 +0.6321866207601533 +0.6428105457328642 
+0.6531748990428069 +0.6638388256455694 +0.6746014160878945 +0.6849153581424169 
+0.6951938171865492 +0.7056365558686618 +0.7170173051252330 +0.7284201789313466 
+0.7397224135693922 +0.7508697772718659 +0.7620046458689417 +0.7731071871291780 
+0.7832509187409382 +0.7930419222214263 +0.8027244430179707 +0.8125607811530928 
+0.8226375787054475 +0.8328844330611338 +0.8433182109772093 +0.8541421726929526 
+0.8647120124081691 +0.8749294800784242 +0.8849105679717526 +0.8949518589818288 
+0.9049329170261174 +0.9144396373849962 +0.9236181097022226 +0.9324630342229537 
+0.9412226943690556 +0.9498077682662861 +0.9584931087572667 +0.9673224115282167 
+0.9762344328433258 +0.9847790187078601 +0.9926550421941617 +1.0000000000000000 
-0.0021341437354876 +0.0094717292935109 +0.0178096618485063 +0.0274860886052201 
+0.0374562752819950 +0.0477051354997108 +0.0582808566495320 +0.0691651940279201 
+0.0806051310516234 +0.0918411011232068 +0.1030458399856076 +0.1139339618523438 
+0.1245329993245113 +0.1349635470176193 +0.1454297911624154 +0.1560237213204529 
+0.1664922740965897 +0.1765815989072187 +0.1868064648198704 +0.1974550964955337 
+0.2087488436356484 +0.2197720515530545 +0.2307863247979353 +0.2420847146248018 
+0.2537692260142404 +0.2650129963741019 +0.2758072068276476 +0.2856520569157275 
+0.2956602175047577 +0.3055933227068255 +0.3159512195872529 +0.3265069711721623 
+0.3368968915962864 +0.3466796295898338 +0.3566210513586277 +0.3671033387405754 
+0.3776837104457557 +0.3879342446403279 +0.3979601156108778 +0.4080513067266564 
+0.4181216613099599 +0.4281246870139818 +0.4382603430112508 +0.4487751715953615 
+0.4595017560948930 +0.4699481303310887 +0.4801303970552929 +0.4901598205043537 
+0.5002598750974248 +0.5105070781028379 +0.5209753306921648 +0.5316291665470263 
+0.5422371737533911 +0.5526748007013089 +0.5633240410948920 +0.5740554067582896 
+0.5846058801310492 +0.5949783210050025 +0.6054465868884471 +0.6161083781267001 
+0.6267005670526240 +0.6371246615131064 +0.6475283170278392 +0.6581205453177298 
+0.6690508473816573 +0.6803604041679526 +0.6916548106901429 +0.7025495047796101 
+0.7131896229512188 +0.7237669460899164 +0.7344640586101229 +0.7453247698465780 
+0.7561491436198090 +0.7667158976105010 +0.7772550956436916 +0.7880237651156531 
+0.7992434487594771 +0.8104740891943922 +0.8214441659495092 +0.8323199820885758 
+0.8428819560223291 +0.8534618257049664 +0.8636382506048550 +0.8739231245378293 
+0.8840080389440030 +0.8942251767949747 +0.9043193022374089 +0.9145086755708943 
+0.9247664750666742 +0.9352066906979267 +0.9460075990931037 +0.9565208706106313 
+0.9669843471369405 +0.9773646591097408 +0.9886496950173598 +1.0000000000000000 
-0.0020615762411870 +0.0087424699291518 +0.0177192251629498 +0.0276942294385866 
+0.0376598095510990 +0.0475113678569626 +0.0570672389346513 +0.0668024176857835 
+0.0766272937232231 +0.0864393024841113 +0.0967044997763974 +0.1071561185049644 
+0.1181547830463256 +0.1289967818475274 +0.1397064168131334 +0.1503505862432111 
+0.1608284298468785 +0.1717349009231872 +0.1825394037174106 +0.1934185851479625 
+0.2042827764764437 +0.2151870630729313 +0.2262413042699546 +0.2367922130467474 
+0.2475714526671251 +0.2584973045122942 +0.2691757322224397 +0.2799056951646158 
+0.2906698079450595 +0.3018598549726049 +0.3129788168036893 +0.3238898966855182 
+0.3347105521426615 +0.3455223988268447 +0.3566877051776057 +0.3676889213799064 
+0.3781109432498352 +0.3884906412695848 +0.3992752733009453 +0.4107225846574237 
+0.4220280109687140 +0.4333939000672204 +0.4449165300688139 +0.4564004329926711 
+0.4681346662385117 +0.4792829322526173 +0.4904432020811609 +0.5010380846100554 
+0.5114100339437283 +0.5214324302578381 +0.5311075270838751 +0.5407776588552632 
+0.5510257779364400 +0.5612367334747063 +0.5718153905360635 +0.5826908361386619 
+0.5938719567875995 +0.6051104208209193 +0.6154639279902396 +0.6257331172934720 
+0.6358687256328089 +0.6461174525483832 +0.6566738133364233 +0.6671811460963863 
+0.6776935785454699 +0.6879790363664456 +0.6985255565737845 +0.7094087011834881 
+0.7205253735155348 +0.7315588190009268 +0.7423472543131339 +0.7527102790147012 
+0.7629240612897111 +0.7730154073377998 +0.7831681158213689 +0.7932399970929637 
+0.8035022646530263 +0.8138667173729826 +0.8244050794777469 +0.8348871712324540 
+0.8454438729148610 +0.8562132034492925 +0.8668932729103453 +0.8775173290692985 
+0.8878041484341379 +0.8978735920125945 +0.9077006473918644 +0.9176751304784545 
+0.9280220500839451 +0.9384224098314448 +0.9490920545747494 +0.9598015486923840 
+0.9704989739741214 +0.9808345060546079 +0.9904593195269616 +1.0000000000000000 
+0.7056789820642184 +0.7074216198274504 +0.7096335910689240 +0.7128802937598661 
+0.7160247689307732 +0.7192219786663976 +0.7219216740953502 +0.7245698937667651 
+0.7273131482002391 +0.7302940087901906 +0.7335803618857724 +0.7367383905891850 
+0.7399029204823384 +0.7430705490374819 +0.7462102420961505 +0.7492988543737706 
+0.7524004954091629 +0.7554041474006242 +0.7583852510979716 +0.7614295620922130 
+0.7645486557910416 +0.7676761547605341 +0.7707514922015333 +0.7738946236075182 
+0.7771216589690998 +0.7803222834251422 +0.7834374931291997 +0.7864766750148759 
+0.7894791647433562 +0.7924813377527714 +0.7954657994114110 +0.7984166406540276 
+0.8013010287832284 +0.8041606863176327 +0.8070722505713291 +0.8100082780410506 
+0.8128781370894351 +0.8156340862346730 +0.8183267667126634 +0.8210270632878734 
+0.8237787604063198 +0.8265827317924378 +0.8293844397696100 +0.8321510584365299 
+0.8348358601912278 +0.8374945693715405 +0.8402240472444078 +0.8429116725011515 
+0.8455236075888412 +0.8481251267194803 +0.8508500757706224 +0.8536819323989556 
+0.8565648256750503 +0.8594142475555023 +0.8622270669657084 +0.8650027965969387 
+0.8677318017342783 +0.8703898433227426 +0.8730554932095431 +0.8758013721177477 
+0.8787496528019014 +0.8816372190311705 +0.8843477972801574 +0.8870037622776767 
+0.8896326040677979 +0.8923617343197936 +0.8951715349615188 +0.8980988061211094 
+0.9010413184807320 +0.9039002031412202 +0.9067508245635962 +0.9096028302286551 
+0.9124753471282465 +0.9153590866728778 +0.9181983184499795 +0.9210348061847841 
+0.9239184526606121 +0.9268305047474676 +0.9298092853217416 +0.9328159708741650 
+0.9358574755337360 +0.9388924951398921 +0.9421120938662190 +0.9452485721972416 
+0.9484486376122385 +0.9516074431043157 +0.9548494280827835 +0.9582252931174705 
+0.9618556997831763 +0.9655670796928210 +0.9694097005563541 +0.9735383615331631 
+0.9780515372808307 +0.9832644963045426 +0.9900341990965604 +1.0000000000000000 
-0.0246965292900624 +0.1281001470742792 +0.1637288198774198 +0.1855186267516565 
+0.2028646165069943 +0.2174375063080561 +0.2297839301335793 +0.2405599584859950 
+0.2507976017259849 +0.2610817802701594 +0.2709123818472375 +0.2798589537177947 
+0.2882302152137045 +0.2963470364179280 +0.3043118127094391 +0.3119456758593172 
+0.3191245793877166 +0.3260296081872145 +0.3327850796901856 +0.3394600534526770 
+0.3461149809301936 +0.3527908081923949 +0.3594701119161881 +0.3659468667922876 
+0.3722141135524553 +0.3783511296266321 +0.3844103986917126 +0.3904819430417530 
+0.3963679223050328 +0.4021007588583996 +0.4078187000437506 +0.4135140816130950 
+0.4193580807887871 +0.4252902033316188 +0.4310867101069421 +0.4366182379613708 
+0.4418135415719894 +0.4466861618052527 +0.4516297696321307 +0.4566943724093555 
+0.4620593051140432 +0.4673299094549488 +0.4724763960513567 +0.4775429870728735 
+0.4825725989034973 +0.4875767644916392 +0.4925500662873280 +0.4975687528667355 
+0.5028221265813908 +0.5081921812239611 +0.5133488107721912 +0.5183933332700398 
+0.5232823584081389 +0.5282063809559859 +0.5330621491163796 +0.5382024501895899 
+0.5433721596812997 +0.5485617960587382 +0.5536156583712863 +0.5587463468804175 
+0.5640235887889701 +0.5695341548904869 +0.5751206007506697 +0.5806173414423381 
+0.5859200876042974 +0.5910732468306590 +0.5962389302316911 +0.6015760477956057 
+0.6071457239544045 +0.6128085232267543 +0.6183813391149612 +0.6239892564985390 
+0.6297881525911944 +0.6359250679833721 +0.6421965121531178 +0.6487711690244061 
+0.6556247802945564 +0.6626014219884707 +0.6699573650358155 +0.6776210672209569 
+0.6852422064703486 +0.6932628816549651 +0.7014208319623277 +0.7095268439282175 
+0.7178997581338618 +0.7267583703347291 +0.7361223806809049 +0.7467337327102719 
+0.7579750723233406 +0.7699266154654888 +0.7826780878225871 +0.7969943509091467 
+0.8139725792868854 +0.8352778177771647 +0.8693469638108509 +1.0000000000000000 
3.19716445936e-07 0.0732898482036 
  <DiscreteSampler_grid>
  Helicity
  1 # grid_type. 1=='ref', 2=='run'
  80 # Attribute 'min_bin_probing_points' of the grid.
  1 # Attribute 'grid_mode' of the grid. 1=='default',2=='initialization'
  0.003 # Attribute 'small_contrib_threshold' of the grid.
  0.500 # Attribute 'damping_power' of the grid.
#  binID   n_entries weight   weight_sqr   abs_weight
    1   6564 0.000141203505403 4.79469103178e-07 0.000141203505403
    16   6136 0.000133484213769 4.66620553759e-07 0.000133484213769
    9   2031 4.39931296494e-05 8.11232007444e-08 4.39931296494e-05
    8   1922 4.1062896175e-05 7.08544237723e-08 4.1062896175e-05
    15   1310 2.67844576146e-05 6.16540445945e-08 2.67844576146e-05
    2   1202 2.6406246926e-05 2.00827112109e-07 2.6406246926e-05
    3   911 2.04974445976e-05 4.79256156401e-08 2.04974445976e-05
    14   903 1.99745734389e-05 1.47030210096e-08 1.99745734389e-05
    6   822 1.85202942584e-05 3.60917728986e-08 1.85202942584e-05
    7   658 1.47217687789e-05 2.66228664677e-08 1.47217687789e-05
    11   574 1.17168500477e-05 1.77078404663e-08 1.17168500477e-05
    10   534 1.13488315879e-05 5.67398029864e-09 1.13488315879e-05
    5   168 3.08371191811e-06 3.95593545046e-11 3.08371191811e-06
    12   167 2.89705836655e-06 3.70362134848e-11 2.89705836655e-06
    4   100 3.65602599431e-07 9.26693738998e-14 3.65602599431e-07
    13   101 3.59743502812e-07 9.19964032488e-14 3.59743502812e-07
  </DiscreteSampler_grid>
  <DiscreteSampler_grid>
  grouped_processes
  1 # grid_type. 1=='ref', 2=='run'
  10 # Attribute 'min_bin_probing_points' of the grid.
  1 # Attribute 'grid_mode' of the grid. 1=='default',2=='initialization'
  0.003 # Attribute 'small_contrib_threshold' of the grid.
  0.500 # Attribute 'damping_power' of the grid.
#  binID   n_entries weight   weight_sqr   abs_weight
    10   10 258.678525811 226871.726426 258.678525811
  </DiscreteSampler_grid>
