   0.0000000000000000        0.0000000000000000        0.0000000000000000        0.0000000000000000        0.0000000000000000        0.0000000000000000        0.0000000000000000        0.0000000000000000        0.0000000000000000        0.0000000000000000     
   5.4722393516034529E-002   3.8413202839051724E-003   2.0637254141663130E-002   1.4407662186968446E-002   1.5795532152622135E-002  0.12474889330852762        5.6679343407149640E-002   6.6434253692765871E-002   1.7815017104999602E-002   1.3971452786355407E-002
  0.79594562081051090        1.4763472763173269       0.97712863549035578        1.1694060118547498        1.1062573946977852        1.0283392210146378       0.79431578766456901       0.75252952130489847       0.94175769107267193        1.0392968624393775     
  0.10453540863693159        7.6863474504176924E-003   4.1498876974984326E-002   2.9046583032769257E-002   3.1503348121809542E-002  0.21586138643510067        8.9934546395385478E-002  0.12410522004614587        3.5434419273027970E-002   2.8291823620336932E-002
   1.1536870691210201        1.3940026340294220       0.95160988037736360        1.0288637945679886        1.0390514191992188        1.5657029928361905        1.1331500395792691       0.88697080477502044        1.5271882072259781       0.99219818221660572     
  0.14200542397657825        1.1584936582798121E-002   5.9589021408719640E-002   4.4581095775508506E-002   4.7379106895088452E-002  0.26909120759898164       0.10767714649416357       0.16112621437483096        4.8246109760772551E-002   4.1741365143177389E-002
   1.1535359692565532        1.3293191348549545        1.0714019440038742        1.0340663284499625       0.87113917373430971        1.4100621197061960       0.94209876084636746       0.97078809378292241        1.1485705560085537       0.99835443045949956     
  0.17723429015895495        1.5567181674540916E-002   7.8819767166992460E-002   5.9928126106708203E-002   6.3942534135256801E-002  0.30748605984684330       0.12150200296064408       0.19561834027588218        6.1059439984502584E-002   5.5225939323545796E-002
  0.97410379334253094        1.0855795073908001        1.1521567681325358        1.1720141269004036        1.0174261245931207        1.6115210613783519        1.0822039110647677        1.2255020192933281        1.2112276634855088       0.92066973232678018     
  0.20973758890776209        1.9715038053892651E-002   9.8373995383309570E-002   7.6326804449149549E-002   7.8120301018392291E-002  0.33560084532683632       0.13289126040518850       0.21907001531360948        7.5117583994690429E-002   6.9092057670570486E-002
  0.93550054683075856        1.1802681565462181       0.96499177229330435        1.1338314517565593       0.93643802154699973        1.0712963190348643       0.88788423900954749        1.3089324496946733        1.2259445105904272       0.94106581013691137     
  0.23915670699347186        2.4116205465576534E-002  0.11806910602235623        9.2327719885191076E-002   9.2318965349228205E-002  0.36025864437500998       0.14338037463467138       0.24270085486236884        8.9478583061937095E-002   8.2977775751925623E-002
   1.0056798357975969       0.93075925952847205        1.0208315394386676       0.85094463433091339        1.0173191963613188       0.99707415743898076        1.0849788815231638        1.2077956855220786        1.3538340189397948       0.81431119877126157     
  0.26541918154715560        2.8466756499945581E-002  0.13699993945171657       0.10737505929320956       0.10713707804973160       0.38265220258754323       0.15258121995863980       0.26432681299112309       0.10409144441232991        9.6870992670210376E-002
   1.0575787596908077        1.2060923040735507       0.97517709755453386        1.0794943117997819       0.96667220370111828        1.2132915151224939        1.0786193967014635        1.0453155767373949        1.3084371711028384        1.0295209527059610     
  0.28942401355320951        3.3095698697578703E-002  0.15552449706436572       0.12313076362962949       0.12160960725774375       0.40296461015354590       0.16123736060952468       0.28567131906010557       0.11914411826763086       0.11169958621104331     
  0.93536028668120774       0.99775433322291984        1.0726401736515900       0.89763709954393744       0.88929660229947749        1.1189765600049697        1.0880768840769708        1.0703825272939356        1.2042621687697157       0.89491725194270821     
  0.31208440656521791        3.7788074195697616E-002  0.17201785501977540       0.13932140407375404       0.13685755121905616       0.42103492124090880       0.16888358777530460       0.30521730581257450       0.13523832883225576       0.12958457430397508     
   1.0396335410497271        1.0733273274988209       0.88700162608194499       0.86387733699783409        1.0515552495557898       0.96439679761465769        1.0779405850552530        1.3070560722811297        1.2680352405657960        1.1579878418153362     
  0.33445961246548361        4.3293906187974913E-002  0.18897420922137859       0.15607304269112679       0.15208488490419267       0.43864674156251299       0.17657858795918482       0.32358445013066128       0.15223757407131702       0.14746974987818989     
  0.88850730640452003       0.92123829219962072       0.95042224527975183       0.85814017433570955       0.99392568128255376        1.1558775265357637       0.98615308776603916       0.97450855291443206        1.2689507044715174        1.2654811204885585     
  0.35669029485937881        4.8833803764799844E-002  0.20615783562060955       0.17336685478509131       0.16731139585334318       0.45403145291669128       0.18414106298612676       0.33915744034567052       0.16994686491243574       0.16370891255996270     
  0.91801982248820591        1.0392907624868104       0.98958538830007348       0.99956189166695109        1.0497825694373302        1.1620417583605391        1.0849460052785751        1.1236367904478253        1.1102801555323314        1.0380255976730035     
  0.37739246371621354        5.5339326660825174E-002  0.22229594056015564       0.18993141903740021       0.18295305767166881       0.46905406584978387       0.19142681675398046       0.35481172021020568       0.18876692135336892       0.17985387725132090     
   1.0127626013720086        1.2526705004993255        1.0734786902756597        1.1879535290101157        1.1339658565314654        1.0013925792548664        1.1540760449495526       0.98777652024651952        1.0954134032121552       0.87733340982020303     
  0.39672078746686140        6.2178679687207215E-002  0.23665678039280991       0.20594544674546850       0.19955173707384166       0.48197006081736599       0.19830293743835936       0.37098572636479094       0.20704329659663709       0.19479261331021552     
   1.0203547065573102        1.1016894252724325       0.99176000341196635        1.1852332072666794        1.0672090691836664        1.0461575175404365        1.0319848697417660        1.2607837804847983       0.91082256801966144       0.92976293056266623     
  0.41520203213247620        6.9414621414474367E-002  0.25190346296587618       0.22233852091927270       0.21607412945154350       0.49486345736348897       0.20498429154201925       0.38685372650589944       0.22398656322056448       0.21079190680652601     
  0.88376529431914019       0.90991995227117695       0.90478942907141746        1.0407367747445859       0.91453936798046809        1.0741220692001154        1.1166026418234583       0.93652311791765652        1.1466961004306246       0.95880407410072632     
  0.43399657014442050        7.6987695142574086E-002  0.26778907447226880       0.23923599068463283       0.23330547504535004       0.50707754549496031       0.21180957998671451       0.40157902050664357       0.24103994754685382       0.22793369979330066     
  0.93760871331126250       0.97216119418577451        1.0258368792868726        1.2328855754037877        1.2085337638647653        1.0712934608170679        1.0728493294364889       0.92519871741833015       0.90589958767983125       0.99571068366027971     
  0.45324721942144003        8.5174416529687033E-002  0.28272349960099047       0.25546342559960450       0.25107271067502124       0.51884052770766309       0.21866157026211536       0.41630515445808852       0.25694488703565338       0.24529807731141545     
  0.87536278716540450       0.90014768445062376        1.1508042543116188        1.1075872072282442       0.91535060544415392       0.82450729896822617        1.0284349230636605       0.97951700152606824        1.0627841861494505        1.0774885693775562     
  0.47254040983772699        9.3686408984234387E-002  0.29709592001028873       0.27104850622003090       0.26814792517117714       0.53046746936653388       0.22628676308088699       0.43093555754426888       0.27371385061110848       0.26089316012631675     
  0.88045930763818137        1.1619575739476096       0.94501580474868296        1.0009746262617316        1.0323367957101754        1.0851975109563099        1.1469232152482700        1.0788070150962754        1.1177870820791662        1.0005828111586283     
  0.49100644443244407       0.10276632480863859       0.31047916558402366       0.28577737996500779       0.28540896589906539       0.54141111220214122       0.23402771537427008       0.44467929040779836       0.29085593536069415       0.27660130336899552     
  0.95428716460464180        1.2102080175673922       0.95081691417038461       0.95036579352341755        1.0905903679444546        1.0723847575896241        1.0779914964216071       0.87914356240977320       0.97944571820959581       0.94409187162352959     
  0.50818212836016619       0.11188441155711135       0.32357953019643154       0.29994765117788919       0.30126106228738936       0.55158148741316737       0.24114701561521504       0.45742767002568552       0.30883353416208975       0.29185876093615737     
   1.0770658886372304        1.0312813689316755       0.98473608417762060       0.99255955300579457        1.0246278944908407       0.94593946156504660       0.97323917854634734        1.0127274892623284        1.1310900233589558       0.95245401664652607     
  0.52511818358692552       0.12146339208770025       0.33680029772837633       0.31514924715079906       0.31750366095224358       0.56157536386611118       0.24807104491514695       0.47013370396004350       0.32543869254559393       0.30673444236507524     
  0.93275162568545755       0.93115232866197173       0.90774662633155256        1.0174303352891561       0.98987084940019088       0.87744642376027093        1.0077772341488158       0.90800655921136897        1.1265651548306808       0.93529158973481097     
  0.54200275463018743       0.13134616915823683       0.35006852628118101       0.33049034721850945       0.33345377232937951       0.57084624347483426       0.25490498030784237       0.48272194477058405       0.34215300637002982       0.32402693247330350     
   1.0206786409895257        1.0266676022171795        1.0796461006141891       0.99399675125327192        1.1125718785366769       0.78375167724471007       0.99086990210385040       0.98294074415473309       0.84692253747229596        1.3039373804189314     
  0.55869287009930091       0.14183085996354786       0.36350561617958937       0.34634330038221922       0.34893244517519584       0.58053614758019156       0.26187928304156843       0.49565897995275365       0.35992688290262881       0.34128413571500438     
  0.96522308189052519        1.1754288135844280       0.88566093862108941        1.0666751758837563        1.0189794289471144       0.77063197182190712       0.92965153597043604        1.1084196573683203        1.0952692712240022       0.99383256473646742     
  0.57391667612024266       0.15237851939753072       0.37612108430945501       0.36215295645274037       0.36279102772398997       0.59060566411664472       0.26915444621323203       0.50852943636690073       0.37740470547801291       0.35887302849643765     
   1.1191730467262027       0.89119648859411649       0.88017519211624906       0.94111699411257577       0.85550710775319005       0.92970277993747608        1.0617365522248348        1.1181769553073362        1.0205369530925184       0.98082848481783003     
  0.58862689084262843       0.16387557679207346       0.39075694387063331       0.37865191105389612       0.37589675971629777       0.60086133630766159       0.27592259378079853       0.52111140129201738       0.39531222065076904       0.37637753798980600     
  0.95358189772926072        1.1723427563130286       0.95748128804319410        1.0196137757999424        1.0205139387045237       0.92961421936574129        1.0746711472497539        1.2407494034188977       0.99200935016373604        1.1417188304854446     
  0.60233960530475472       0.17621203655912843       0.40534114151437894       0.39467659283214146       0.39087948564037672       0.61120525961358618       0.28266277708680898       0.53350910672669349       0.41313865141627476       0.39312662934555859     
   1.0167284860417807       0.91949431144910421       0.84911915102646673        1.0671274762834346       0.92995955937988195       0.99472625641858747       0.99155780141358119       0.98383810893331991        1.0306485496131292        1.0635416060804197     
  0.61602164323383102       0.18857356300428163       0.42017481480431013       0.41034369364901385       0.40576242563229092       0.62132557057737670       0.28957090262693225       0.54671094653200736       0.42789774301691796       0.40990518051425556     
  0.86538867085764581       0.97110767456302549        1.2063717399395373       0.92534940954334766        1.1297511494819272       0.94431316395657061       0.89504050887738540       0.95529656028891630       0.96006959565800309        1.1193675640761513     
  0.62982611651522891       0.20110166417695946       0.43522513226499504       0.42599752407684394       0.42202099489214723       0.63113335188414177       0.29661098698832017       0.56017035256673342       0.44277497960361173       0.42645502696869197     
  0.92637711816431678       0.96998409782387884       0.97610993006288993       0.99723076892021267       0.99956012624985491        1.0379921251285276       0.99360456396940089       0.91991911469407905        1.0428442877339366        1.1079150596647933     
  0.64369976381164684       0.21475853007781293       0.45115242855865140       0.44072270727785107       0.43840463714652878       0.64045501952269879       0.30377873182364989       0.57259302542478840       0.45876985006585752       0.44289080807295578     
  0.79846202396535615       0.89405951221147106        1.1942154936586540       0.93993526109756820        1.2194423326169392        1.0822670580132163        1.0065204474129865        1.0843621769297060        1.1146653561996434        1.0068601314305772     
  0.65711929237316780       0.22886183680302979       0.46675692196919877       0.45513063198927345       0.45431113562522502       0.64928895677829912       0.31091488758599706       0.58444871800417753       0.47540396519321720       0.45919634203449738     
  0.98305508468254987       0.97413358579296527        1.1434841010441865       0.81606064371609832        1.3642582842257784       0.96095657985785499       0.93790374645113816       0.98770630232334877        1.1452601083665017        1.1100670860218240     
  0.67033903391879379       0.24376734134688965       0.48109993427384146       0.47022824957254528       0.47004890398025684       0.65823548421569111       0.31778859881987220       0.59598191521111099       0.49213774464820020       0.47534660241660009     
  0.86747431902942262       0.93837073309507224        1.0466798873109202       0.96056248631116181       0.94023727208443075        1.0217347870498532        1.1708897153364008       0.96406297398723562       0.84713445872206594        1.0134727319701760     
  0.68303944605884137       0.25885271458451442       0.49495730006194544       0.48563760199566430       0.48553313632353523       0.66691453383550214       0.32506446762205676       0.60678326841271002       0.50963304840436652       0.49155860721001710     
   1.1175564249552146       0.96013170171403239        1.2472420566608220       0.90094201262886897       0.88918603804596552       0.92798351512639188       0.99994862147946750        1.0439645829766251        1.0734753155428849        1.2566291146368869     
  0.69548503393937922       0.27396501059404127       0.50851058836687468       0.50136325607403931       0.50110944273294211       0.67558855419264863       0.33276360541898359       0.61806383333234660       0.52653235214354721       0.50791756225006524     
   1.1433764884179156       0.91067684845187535       0.96924511502123400        1.2252433494713419       0.96895735146219242       0.92183192041488071        1.1649486431859635       0.95282086990932291       0.97995234341342119        1.0800623720421960     
  0.70778016595046866       0.28948466374110515       0.52211559421816589       0.51746133761984381       0.51654233040527042       0.68418030491828052       0.34055269171882957       0.62974200954661275       0.54363631566112713       0.52428662261341408     
  0.89101702373056113       0.96614278547530674       0.99084264833180324        1.1168666786756483       0.97797553155415762        1.0142874345567234       0.96633388212929339       0.91413489842199025        1.0231401044339097        1.1550433458018701     
  0.72003362684812133       0.30537009885514077       0.53622780750135912       0.53279526214328332       0.53164743767171463       0.69270000848095270       0.34852027459352353       0.64124229553303513       0.55797591453329554       0.53979060934036460     
  0.90976046813849354        1.0888564482396581        1.0537050337060552        1.0231760281407254        1.2002379333960747       0.91795573969502420        1.2952910105591080       0.90662098944086666       0.99150361433007039        1.0771239652356850     
  0.73240723354232040       0.32167263756196635       0.55069828476385352       0.54789615230529376       0.54656183114861923       0.70118181588839168       0.35625021228598475       0.65262592575080258       0.57254924654288730       0.55455205245242911     
   1.1347231096373172        1.0433908779521173        1.3264350187357399       0.91935872449897060       0.92417390566103297       0.87619728635716676        1.3815946878210816        1.3379671554023482       0.84934570892916339       0.99392438026763030     
  0.74466389909498731       0.33858853730146926       0.56561656760366130       0.56278407010065579       0.56140109018396578       0.70948159728642013       0.36366370372493451       0.66439445211970849       0.58697104008906287       0.56796933105332748     
  0.84031726494090853       0.98431166855654373        1.0306494305909069        1.0403517115599688       0.96124904956208079       0.87760234501444578       0.99667167776741417        1.1605502624385646        1.0407689086849912       0.99309942817930219     
  0.75632997077563557       0.35638781722196300       0.58083026384641401       0.57666512858828023       0.57780309229284332       0.71763854473221234       0.37081345645647734       0.67616736716956571       0.60118667411266069       0.58194761567660858     
  0.88919463344097682        1.2179041709671250       0.96068383600749552       0.80939341999289427       0.94190318543992757        1.0381862659471244        1.0264312152170598       0.94169941859271467       0.96924066045097801       0.88512189806182406     
  0.76797468745062936       0.37569087258789846       0.59598954136466009       0.59075063654150051       0.59349233566698734       0.72569292914629013       0.37820095852386576       0.68745821664849827       0.61623673982956362       0.59678558053189545     
   1.0428274415204231       0.96399388524427632        1.0347258312572150        1.0630811657776991        1.0563119587255561       0.89656063017117660        1.1221053439115389       0.83828118144554464       0.99563867408147821       0.95920084295117569     
  0.77922271994816394       0.39529473964022910       0.61132789806357180       0.60525342453277131       0.60793986577928760       0.73370193717418009       0.38582536544904805       0.69817917451890910       0.63155386912800970       0.61172166787268178     
  0.92833752168765604        1.2629358706226752        1.1087699821736037       0.86418795976347784       0.92905672542387752       0.79412304455961491        1.0088313882083049       0.92290592950797490       0.95871453816964292        1.0419973010331538     
  0.78943100024451796       0.41666523012713358       0.62677466520127334       0.62027166835194669       0.62296529030803938       0.74170191784354089       0.39455139474032652       0.70916729414917024       0.64624909238481909       0.62619960948426678     
  0.81559145870254568       0.84229067919418921       0.95919628282964209       0.90330394371190237       0.90972299763252207       0.93723668875637567       0.88770681750787350        1.0074754020107068        1.0883974118741093       0.99713663738927505     
  0.79889662622060564       0.43730903084758227       0.64169759501273516       0.63615442042598114       0.63801605679331841       0.74971917301331747       0.40345170602227748       0.72066709502329906       0.65982533087545614       0.64168606097531333     
  0.96338571222260572        1.0112842725932194       0.99550456129208731       0.96985139167561496        1.0040649781846591       0.87822274131979650       0.88460631084717201        1.0811403414584237       0.84491164224172188        1.0494958770170859     
  0.80801983409552258       0.45857524805822852       0.65689249057332655       0.65180530905763323       0.65398608550485371       0.75783840601862762       0.41284444970657641       0.73216962484847914       0.67191546422173232       0.65762732166413662     
  0.91544336396896819       0.94320919070665266        1.0911578872159344        1.0243289660411312        1.0990198923498646       0.98369936867961760        1.1361920368395118       0.86879577669744468       0.94143005481345654        1.4433514924311461     
  0.81695111967707923       0.48065882600535914       0.67103610865137608       0.66647189678061669       0.66993179248898105       0.76601767786078945       0.42209492493127959       0.74361851076365859       0.68427921671649439       0.67458888314757759     
  0.94165741185627916       0.80412132512364709       0.89602846857031526        1.0094993902888669       0.97788735968408558       0.91611841092501112       0.96006512660345966        1.0334858547136494       0.82009267933495777       0.93469560318960210     
  0.82622146092318305       0.50515597302022253       0.68518397281551402       0.68071482066503797       0.68644168097741620       0.77429845063545377       0.43103656524656969       0.75506098320369119       0.69713485342995751       0.69133039167170329     
  0.98376404108693338        1.0228686786632821       0.97748180746979507        1.2087730924174633        1.1009797368351062       0.85322327496043271       0.97322089294626557       0.92649982752874083       0.86331541465272410       0.94649747858904698     
  0.83562092152909073       0.53020267564470069       0.69791050884928252       0.69496968561177297       0.70264701009380259       0.78263531592982827       0.44022656360832357       0.76618357926888148       0.71175199915849485       0.70698355144724423     
   1.1516449006617124        1.0000390099887790        1.0943820264254998        1.0752971315744195       0.95619929675630100       0.86457338696204500       0.89588769457520467        1.0195207296566371        1.1068686432891215        1.0487162670321037     
  0.84508300980403606       0.55647981136007940       0.71028267993895733       0.70954202150806467       0.71862323136798656       0.79108279845509399       0.44982512002570735       0.77718542469800633       0.72841463899035985       0.72230580538392075     
   1.1995783723010780        1.0950873538214301       0.97859159566264065       0.87524581452039962        1.1011007760987119       0.95791524964775543       0.82049006398643176        1.0894065645974422       0.85460464841937867       0.91134521175706806     
  0.85465494643889861       0.58287522350775967       0.72405989361883294       0.72451236956138854       0.73404397048240155       0.79945010527231863       0.45992098851360042       0.78916521585291599       0.74523192569761942       0.73801076019120382     
  0.93214642217182841       0.92790997610786496        1.0638193950355344        1.1586455484415086       0.95074824680618153       0.93566905392606725       0.99022103756886570       0.91214107827692070       0.88080684491435901        1.0027333833482699     
  0.86427214137505115       0.60947925925241486       0.73808802973132204       0.73951014506008217       0.74921772470788883       0.80809898948375058       0.47063485338787664       0.80199318759261273       0.76259334298540027       0.75390335480758019     
   1.1542158515830609       0.99017832900157166       0.89583258839751045       0.83148732557759653       0.91574413153636847       0.92397757378455947       0.78836884517925099       0.99834241472114216        1.0124025489689745       0.98617363321476148     
  0.87412644790535388       0.63933181016642215       0.75204014289592391       0.75489394951115052       0.76322144733037645       0.81729795222702650       0.48144381620418542       0.81557400273060265       0.77889132271112205       0.77094519558508512     
   1.1555383924963427       0.84638698010914115       0.83769508726540154       0.93924798238734064       0.88425976423262576        1.0796940467811473       0.98338150146997094       0.96089352736849154       0.91495772916180118       0.95928242754249449     
  0.88398229885061486       0.67026391022453469       0.76597990742619293       0.77143039105640376       0.77759165754922477       0.82605536248692768       0.49287781950408366       0.82948872108591509       0.79376009125809233       0.78815092482710314     
  0.99622916361126601       0.89085208441923069        1.1910533328333837        1.1160788225577813        1.2416331995955843        1.0038716688643132        1.0685493172311153        1.0637081274861135       0.84972301938718842        1.1520549901589638     
  0.89358403823611654       0.70021437079987758       0.78095550474558173       0.78867412198395659       0.79271203024205372       0.83384763932501693       0.50487976973191528       0.84151451500273367       0.80816002043345958       0.80614357795241354     
   1.1359754820397463       0.88638054410000711        1.0989151078138715       0.94263777709130703       0.91818480268760483        1.0316244989045997        1.0474531929221589        1.0956362287552526       0.91186504805445601       0.92987276961109244     
  0.90274231901232793       0.72984769559698637       0.79621621606075732       0.80589262483899493       0.80772529435483598       0.84207479578364008       0.51762637736756767       0.85394498113241557       0.82219097900707705       0.82469227959347768     
   1.0735230279099210       0.99549774757027309        1.0203069363536690       0.95534673307246520       0.87653203477958896        1.1355260372312010       0.98314647731040039       0.98094641145643591       0.93180045130415723        1.1239405530445283     
  0.91101563423538801       0.75786461803723537       0.81103672634672319       0.82029982340041918       0.82286839593883965       0.85101728184481940       0.53157770470068200       0.86566922727795548       0.83680093348378237       0.84123358697842043     
   1.1362601584917777       0.86298847557438829       0.97422629879306244        1.1605314299855491        1.1711615930615087       0.94445895364459265        1.0092294610658799        1.0292427545687004       0.95744148918392957       0.92249251746974426     
  0.91949769732175402       0.78578906026253503       0.82631439633207060       0.83493610178766364       0.83739004229283764       0.86000583510924755       0.54629393960933648       0.87731566803586947       0.85194758039271512       0.85741156995764023     
  0.98133475308733742       0.83801726406238009        1.1696558291921468       0.89261132344911343       0.94245389402347135        1.1642432472391555        1.0309244620437752        1.0547063097680538       0.98863672337915631       0.91018748282947093     
  0.92820608392001613       0.81602864626464056       0.84120182648557318       0.84996135222439695       0.85202732017371163       0.86903025140109391       0.56210652828157814       0.88914404686842852       0.86817061538791751       0.87354339500104050     
  0.98555239974137587       0.92446782063817290        1.0518967506460613       0.99198210617858951       0.90803874649979466        1.1156889647968646       0.99803654207926007        1.2068133887465780       0.88244855499811248        1.1011595580338405     
  0.93652525517425345       0.84573590702444612       0.85600358207005622       0.86503248218539053       0.86688048314709210       0.87839303400160762       0.57924096957145654       0.90134309650700728       0.88443179090591406       0.89009118425437406     
   1.1384716062115183       0.86046991902017256        1.0090378640274171        1.0926690590207364        1.0612460414684648       0.92741320275311623       0.92632822098412559        1.1208627817119270       0.88897155997748933        1.0766438201691992     
  0.94443557171808623       0.87046407252448732       0.87150316944074635       0.88271083446328746       0.88368012535876383       0.88855645619121404       0.59731151303974561       0.91379143447486777       0.90084528208315184       0.90529254395574821     
  0.97102349554227441       0.86225020325501345       0.86157111954326093        1.0008717004953660        1.1437861837652090        1.1521609887839765        1.0238436479783215        1.0548688966447493       0.98831998447487468       0.94278243955867269     
  0.95214334264289768       0.89466601141253155       0.88697063210698501       0.90177647118935589       0.90179440510678233       0.89862730649652645       0.61615687497430327       0.92619239322927593       0.91664154395225361       0.91964925769421901     
   1.0646079372032471       0.87475350874710833        1.0292294980927514        1.2269515852619879        1.1691164018054780        1.0249207583361442        1.1480963041074312       0.89130795025885157       0.90007730106885631       0.93207205424850637     
  0.95963981764996065       0.91759469296222540       0.90448338629908298       0.92040787717078287       0.91826276174016841       0.90859859737904025       0.63991130810088670       0.93891416229545976       0.93121303553065227       0.93386118019326070     
   1.2853888159478761       0.88106456870415895        1.0553424769436508        1.1275600327003217        1.1016514642385546        1.1508660592041096       0.98081665932738926       0.89302650026516972       0.81516578267622020        1.0703461065077555     
  0.96761576749665645       0.93847685944732129       0.92306302928708706       0.93880987497508062       0.93459906371513679       0.91875013234790692       0.66883759356851324       0.95149507887276341       0.94539701254567921       0.94826206427275306     
   1.2052383308730366       0.93476500150102648        1.0414661686496016        1.3334452429847943        1.0872644158774805       0.90183774565217389       0.97363009976137405        1.1073545999331182       0.98865742801088619       0.95021547175834453     
  0.97548058428787487       0.95657089917466687       0.94186366275930722       0.95351399775743562       0.94919262775004143       0.93303784855985095       0.70445315824568477       0.96263273006453742       0.95862690907684645       0.96130606799629004     
   1.5456119621256772        1.1231679126040939        1.0038732521237073        1.1084376787438848       0.87420162814988200        1.2176372732423530        1.2312439754847675       0.94211399317543498       0.96009509186828501       0.87413896909294153     
  0.98314242484735548       0.97270707105419385       0.96050757652866203       0.96760150023030600       0.96398105691382696       0.94694589444330945       0.75234533674974546       0.97349378190425950       0.97200324006819505       0.97408887208410522     
   1.2410160659309044        1.1731512627175522        1.0104982916893128        1.0416335032555333       0.98010942091032094        1.2069451560372244       0.96931904712267170       0.98501664638908226        1.0185328937252383       0.98799498921953732     
  0.99134274414335011       0.98641369607132079       0.98000346305689279       0.98375548816813585       0.98191781084391772       0.97295779289599094       0.84691062023744523       0.98651256974976065       0.98602973488446688       0.98718058087556526     
   1.4091635792147301       0.97282889623674185        1.2614343406717805        1.0032652204043786        1.0137021442440068        1.6080451006574141        1.1072703860773143       0.92644115392265214        1.0539404960746515        1.1932324771576981     
   1.0000000000000000        1.0000000000000000        1.0000000000000000        1.0000000000000000        1.0000000000000000        1.0000000000000000        1.0000000000000000        1.0000000000000000        1.0000000000000000        1.0000000000000000     
   1.4967815959777937        1.8994375957954470       0.92867137843818182       0.99526809611442824        1.2869497103706991       0.94054048095019493       0.76651200256859031        1.0453433572959328        1.1701603318015739       0.93748252360288908     
   7.6876492941324974        1.5135362239368930        9.6216548999459839        6.4309704085277195       -2.9779915816745168       -3.3263241672852391       0.86080201861162664        4.6964207002046852        3.5741552910953271        4.4445890877623091     
   10.626117448817983        1.9600419117501238        1.3955445391903283       -1.2926518073481097        7.0877564411315843       -6.8791831577836263E-002   1.8216423789901739        3.2458008857782126       -1.5792337774267404        6.1620643498016250     
   10.172541391767403       -5.2920764506448358E-002  -1.6849391132799099       -4.1302787870280167        8.9089668003674305       0.60919495608851748        1.7763600990179602        1.0317890686946501E-002   4.7375568495813063        5.9799364552632035     
   8.8883396898930158        6.4098091566943873        2.2096366663487528        5.0046178339453871       -1.3964005917778923       -1.8941902937009212        4.5334360044066297        3.0361821386769736        3.6468387202046153        9.2750898634522727     
   9.2048605324756245        5.7820128386971694       0.10870007926022512        2.1844137763649640       0.48236883845638140       0.43386486514091638        2.3311114509224455        2.1696515015609781      -0.56628471929546698        1.6526586403202979     
   5.3807854681298677        8.5572790853229463        6.6609859923837345        7.6215958502892711        3.3440447496715335        2.2066172571867178        2.2068026988407983        1.4897480949539335        1.4465189978743820        2.6323735340812076     
   1.3118366952347649       -2.3490428175475118        2.0394382175036538        1.6635849931213782        3.3174489228631967        5.8004298907294141        1.5751580068599231        7.5166458268458269        1.4769658270344324       -2.8808706673593307     
  -13.415600919728400        6.0892258215184567        9.0806928009127326        4.7254501058585294        1.3020552972306170        4.6195014060507642        5.8268479427206481        3.2428462545595180        7.9610448143948647       0.23687776578677533     
  0.24015670103517683     
           1           1           1           1           1           1           1           1           1           1
   5.5237243769554925E-002   2.4085380050374729E-002  -5.7712680062930815E-004   6.8119618947806009        2.7249548734094931E-003   7.3295427233317099E-006
   7.2970632289371740E-004   8.1928027281471139E-004   3.0289186659594584E-004  0.34597383976254131        3.0250748196564641E-004   5.5925048683915940E-007
   1.7635067576968474E-002  0.97552570704387231     
