     
 Soft #          74
 ME*wgt:
   1.0055592022895803        2.9421117605519731E-015   2.9258463886094554E-015
   1.0000505408073372        2.9259942632480808E-015   2.9258463886094554E-015
   1.0000005869555670        2.9258481059512814E-015   2.9258463886094554E-015
   1.0000006726087900        2.9258483565594545E-015   2.9258463886094554E-015
  0.99999256444493989        2.9258246333175354E-015   2.9258463886094554E-015
  0.99985463856740642        2.9254210833868583E-015   2.9258463886094554E-015
  0.99937335117601278        2.9240129104108662E-015   2.9258463886094554E-015
   1.0171826090220835        2.9761200631636067E-015   2.9258463886094554E-015
   1.0000000004999998        2.9258463900723782E-015   2.9258463886094554E-015
   1.0000000000499996        2.9258463887557465E-015   2.9258463886094554E-015
 wgt:
   1.1111111111111107        3.3416862028250325E-008   3.0075175825425305E-008
   1.0101010101010102        3.0378965480227582E-008   3.0075175825425305E-008
   1.0010010010010009        3.0105281106531834E-008   3.0075175825425305E-008
   1.0001000100010000        3.0078183643789683E-008   3.0075175825425305E-008
   1.0000100001000007        3.0075476580191102E-008   3.0075175825425305E-008
   1.0000010000009998        3.0075205900631199E-008   3.0075175825425305E-008
   1.0000001000000098        3.0075178832943183E-008   3.0075175825425305E-008
   1.0000000099999999        3.0075176126177058E-008   3.0075175825425305E-008
   1.0000000009999999        3.0075175855500473E-008   3.0075175825425305E-008
   1.0000000000999998        3.0075175828432814E-008   3.0075175825425305E-008
