     
 Soft #          74
 
 part:           1
 comp:           0
   1.1111109712666429        306.94440581241008        276.25000000000000     
   1.0101009979961597        279.04040069643912        276.25000000000000     
   1.0010009998068521        276.52652619664286        276.25000000000000     
   1.0001000098817463        276.27762772983243        276.25000000000000     
   1.0000100000880769        276.25276252433127        276.25000000000000     
   1.0000009999998076        276.25027624994686        276.25000000000000     
   1.0000000999998908        276.25002762496985        276.25000000000000     
   1.0000000099999884        276.25000276249676        276.25000000000000     
   1.0000000009999985        276.25000027624958        276.25000000000000     
   1.0000000000999998        276.25000002762494        276.25000000000000     
 comp:           1
   0.0000000000000000        0.0000000000000000     
   0.0000000000000000        0.0000000000000000     
   0.0000000000000000        0.0000000000000000     
   0.0000000000000000        0.0000000000000000     
   0.0000000000000000        0.0000000000000000     
   0.0000000000000000        0.0000000000000000     
   0.0000000000000000        0.0000000000000000     
   0.0000000000000000        0.0000000000000000     
   0.0000000000000000        0.0000000000000000     
   0.0000000000000000        0.0000000000000000     
 comp:           2
   0.0000000000000000        0.0000000000000000     
   0.0000000000000000        0.0000000000000000     
   0.0000000000000000        0.0000000000000000     
   0.0000000000000000        0.0000000000000000     
   0.0000000000000000        0.0000000000000000     
   0.0000000000000000        0.0000000000000000     
   0.0000000000000000        0.0000000000000000     
   0.0000000000000000        0.0000000000000000     
   0.0000000000000000        0.0000000000000000     
   0.0000000000000000        0.0000000000000000     
 comp:           3
   1.1111109712666429        306.94440581241008        276.25000000000000     
   1.0101009979961597        279.04040069643912        276.25000000000000     
   1.0010009998068521        276.52652619664286        276.25000000000000     
   1.0001000098817463        276.27762772983243        276.25000000000000     
   1.0000100000880769        276.25276252433127        276.25000000000000     
   1.0000009999998076        276.25027624994686        276.25000000000000     
   1.0000000999998908        276.25002762496985        276.25000000000000     
   1.0000000099999884        276.25000276249676        276.25000000000000     
   1.0000000009999985        276.25000027624958        276.25000000000000     
   1.0000000000999998        276.25000002762494        276.25000000000000     
 
 part:           2
 comp:           0
   1.0000001258600368        276.25003476883518        276.25000000000000     
   1.0000000119838017        276.25000331052524        276.25000000000000     
   1.0000000011929553        276.25000032955387        276.25000000000000     
   1.0000000001192417        276.25000003294053        276.25000000000000     
   1.0000000000119234        276.25000000329385        276.25000000000000     
   1.0000000000011922        276.25000000032935        276.25000000000000     
   1.0000000000001192        276.25000000003297        276.25000000000000     
   1.0000000000000120        276.25000000000330        276.25000000000000     
   1.0000000000000011        276.25000000000028        276.25000000000000     
   1.0000000000000000        276.25000000000000        276.25000000000000     
 comp:           1
   0.0000000000000000        0.0000000000000000     
   0.0000000000000000        0.0000000000000000     
   0.0000000000000000        0.0000000000000000     
   0.0000000000000000        0.0000000000000000     
   0.0000000000000000        0.0000000000000000     
   0.0000000000000000        0.0000000000000000     
   0.0000000000000000        0.0000000000000000     
   0.0000000000000000        0.0000000000000000     
   0.0000000000000000        0.0000000000000000     
   0.0000000000000000        0.0000000000000000     
 comp:           2
   0.0000000000000000        0.0000000000000000     
   0.0000000000000000        0.0000000000000000     
   0.0000000000000000        0.0000000000000000     
   0.0000000000000000        0.0000000000000000     
   0.0000000000000000        0.0000000000000000     
   0.0000000000000000        0.0000000000000000     
   0.0000000000000000        0.0000000000000000     
   0.0000000000000000        0.0000000000000000     
   0.0000000000000000        0.0000000000000000     
   0.0000000000000000        0.0000000000000000     
 comp:           3
   1.0000001258600368       -276.25003476883518       -276.25000000000000     
   1.0000000119838017       -276.25000331052524       -276.25000000000000     
   1.0000000011929553       -276.25000032955387       -276.25000000000000     
   1.0000000001192417       -276.25000003294053       -276.25000000000000     
   1.0000000000119234       -276.25000000329385       -276.25000000000000     
   1.0000000000011922       -276.25000000032935       -276.25000000000000     
   1.0000000000001192       -276.25000000003297       -276.25000000000000     
   1.0000000000000120       -276.25000000000330       -276.25000000000000     
   1.0000000000000011       -276.25000000000028       -276.25000000000000     
   1.0000000000000000       -276.25000000000000       -276.25000000000000     
 
 part:           3
 comp:           0
  0.99994253005726264        284.52123501275747        284.53758737161036     
  0.99999451988458632        284.53602807279202        284.53758737161036     
  0.99999945445716587        284.53743214416852        284.53758737161036     
  0.99999994547022031        284.53757185583839        284.53758737161036     
  0.99999999454726685        284.53758582010283        284.53758737161036     
  0.99999999945472906        284.53758721646028        284.53758737161036     
  0.99999999994547284        284.53758735609534        284.53758737161036     
  0.99999999999454758        284.53758737005893        284.53758737161036     
  0.99999999999945477        284.53758737145523        284.53758737161036     
  0.99999999999994549        284.53758737159484        284.53758737161036     
 comp:           1
  0.99962379175883731        83.845141546080370        83.876696650601829     
  0.99996412901904519        83.873687911213722        83.876696650601829     
  0.99999642908775022        83.876397134278292        83.876696650601829     
  0.99999964306943068        83.876666712444745        83.876696650601829     
  0.99999996430854832        83.876693656920764        83.876696650601829     
  0.99999999643087090        83.876696351235069        83.876696650601829     
  0.99999999964308728        83.876696620665172        83.876696650601829     
  0.99999999996430911        83.876696647608199        83.876696650601829     
  0.99999999999643086        83.876696650302463        83.876696650601829     
  0.99999999999964306        83.876696650571887        83.876696650601829     
 comp:           2
  0.99996171163078695        228.91395327171941        228.92271834928081     
  0.99999634925232217        228.92188261019840        228.92271834928081     
  0.99999963657253699        228.92263515247805        228.92271834928081     
  0.99999996367360433        228.92271003334358        228.92271834928081     
  0.99999999636752379        228.92271751772449        228.92271834928081     
  0.99999999963675401        228.92271826612554        228.92271834928081     
  0.99999999996367550        228.92271834096530        228.92271834928081     
  0.99999999999636757        228.92271834844928        228.92271834928081     
  0.99999999999963674        228.92271834919765        228.92271834928081     
  0.99999999999996358        228.92271834927249        228.92271834928081     
 comp:           3
   1.0000000000000000       -76.783640248529409       -76.783640248529409     
   1.0000000000000000       -76.783640248529409       -76.783640248529409     
   1.0000000000000000       -76.783640248529409       -76.783640248529409     
   1.0000000000000000       -76.783640248529409       -76.783640248529409     
   1.0000000000000000       -76.783640248529409       -76.783640248529409     
   1.0000000000000000       -76.783640248529409       -76.783640248529409     
   1.0000000000000000       -76.783640248529409       -76.783640248529409     
   1.0000000000000000       -76.783640248529409       -76.783640248529409     
   1.0000000000000000       -76.783640248529409       -76.783640248529409     
   1.0000000000000000       -76.783640248529409       -76.783640248529409     
 
 part:           4
 comp:           0
   1.0000610384813502        267.97876864711543        267.96241262838964     
   1.0000058192194743        267.96397196047957        267.96241262838964     
   1.0000005792893489        267.96256785616117        267.96241262838964     
   1.0000000579028048        267.96242814416490        267.96241262838964     
   1.0000000057900191        267.96241417989717        267.96241262838964     
   1.0000000005789993        267.96241278353972        267.96241262838964     
   1.0000000000578999        267.96241264390466        267.96241262838964     
   1.0000000000057900        267.96241262994118        267.96241262838964     
   1.0000000000005789        267.96241262854477        267.96241262838964     
   1.0000000000000580        267.96241262840516        267.96241262838964     
 comp:           1
   1.0003543139676310       -83.906415335783890       -83.876696650601829     
   1.0000337815787150       -83.879530137832091       -83.876696650601829     
   1.0000033628977059       -83.876978719352564       -83.876696650601829     
   1.0000003361383034       -83.876724844772340       -83.876696650601829     
   1.0000000336123167       -83.876699469891918       -83.876696650601829     
   1.0000000033612166       -83.876696932529569       -83.876696650601829     
   1.0000000003361216       -83.876696678794588       -83.876696650601829     
   1.0000000000336124       -83.876696653421135       -83.876696650601829     
   1.0000000000033613       -83.876696650883758       -83.876696650601829     
   1.0000000000003362       -83.876696650630024       -83.876696650601829     
 comp:           2
   1.0000360600925915       -228.93097332370078       -228.92271834928081     
   1.0000034381000120       -228.92350540848150       -228.92271834928081     
   1.0000003422569068       -228.92279669966231       -228.92271834928081     
   1.0000000342102753       -228.92272618079002       -228.92271834928081     
   1.0000000034208736       -228.92271913239648       -228.92271834928081     
   1.0000000003420859       -228.92271842759203       -228.92271834928081     
   1.0000000000342086       -228.92271835711193       -228.92271834928081     
   1.0000000000034210       -228.92271835006395       -228.92271834928081     
   1.0000000000003419       -228.92271834935912       -228.92271834928081     
   1.0000000000000342       -228.92271834928866       -228.92271834928081     
 comp:           3
   1.0000000000000000        76.783640248529409        76.783640248529409     
   1.0000000000000000        76.783640248529409        76.783640248529409     
   1.0000000000000000        76.783640248529409        76.783640248529409     
   1.0000000000000000        76.783640248529409        76.783640248529409     
   1.0000000000000000        76.783640248529409        76.783640248529409     
   1.0000000000000000        76.783640248529409        76.783640248529409     
   1.0000000000000000        76.783640248529409        76.783640248529409     
   1.0000000000000000        76.783640248529409        76.783640248529409     
   1.0000000000000000        76.783640248529409        76.783640248529409     
   1.0000000000000000        76.783640248529409        76.783640248529409     
 
 part:           5
 comp:           0
   30.694436921372567        0.0000000000000000     
   2.7904039736928592        0.0000000000000000     
  0.27652652586692500        0.0000000000000000     
   2.7627762769689035E-002   0.0000000000000000     
   2.7625276252103738E-003   0.0000000000000000     
   2.7625027624961749E-004   0.0000000000000000     
   2.7625002762493699E-005   0.0000000000000000     
   2.7625000276249350E-006   0.0000000000000000     
   2.7625000027624937E-007   0.0000000000000000     
   2.7625000002762500E-008   0.0000000000000000     
 comp:           1
   6.1273789703512924E-002   0.0000000000000000     
   5.8422266183601346E-003   0.0000000000000000     
   5.8158507427146454E-004   0.0000000000000000     
   5.8132327589030750E-005   0.0000000000000000     
   5.8129711549266628E-006   0.0000000000000000     
   5.8129449964714503E-007   0.0000000000000000     
   5.8129423806453534E-008   0.0000000000000000     
   5.8129421190629375E-009   0.0000000000000000     
   5.8129420929046970E-010   0.0000000000000000     
   5.8129420902888743E-011   0.0000000000000000     
 comp:           2
   1.7020051981367038E-002   0.0000000000000000     
   1.6227982831248790E-003   0.0000000000000000     
   1.6154718426237690E-004   0.0000000000000000     
   1.6147446439181741E-005   0.0000000000000000     
   1.6146719780475202E-006   0.0000000000000000     
   1.6146647120000043E-007   0.0000000000000000     
   1.6146639854006480E-008   0.0000000000000000     
   1.6146639127407663E-009   0.0000000000000000     
   1.6146639054747785E-010   0.0000000000000000     
   1.6146639047481801E-011   0.0000000000000000     
 comp:           3
   30.694371043574833        0.0000000000000000     
   2.7903973859138365        0.0000000000000000     
  0.27652586708902982        0.0000000000000000     
   2.7627696891899586E-002   0.0000000000000000     
   2.7625210374314299E-003   0.0000000000000000     
   2.7624961747172306E-004   0.0000000000000000     
   2.7624936884704255E-005   0.0000000000000000     
   2.7624934398459905E-006   0.0000000000000000     
   2.7624934149835495E-007   0.0000000000000000     
   2.7624934124973061E-008   0.0000000000000000     
 
 part: i_fks reduced
 comp:           0
   1.1111108387827173        306.94436921372568        276.25000000000000     
   1.0101009859521664        279.04039736928593        276.25000000000000     
   1.0010009986133033        276.52652586692500        276.25000000000000     
   1.0001000097624988        276.27762769689031        276.25000000000000     
   1.0000100000761534        276.25276252103737        276.25000000000000     
   1.0000009999986152        276.25027624961746        276.25000000000000     
   1.0000000999997718        276.25002762493693        276.25000000000000     
   1.0000000099999762        276.25000276249341        276.25000000000000     
   1.0000000009999974        276.25000027624930        276.25000000000000     
   1.0000000000999998        276.25000002762494        276.25000000000000     
 comp:           1
   1.0540925533894596       0.61273789703512915       0.58129420899982254     
   1.0050378152592121       0.58422266183601346       0.58129420899982254     
   1.0005003753127739       0.58158507427146444       0.58129420899982254     
   1.0000500037503124       0.58132327589030741       0.58129420899982254     
   1.0000050000375003       0.58129711549266627       0.58129420899982254     
   1.0000005000003749       0.58129449964714497       0.58129420899982254     
   1.0000000500000037       0.58129423806453517       0.58129420899982254     
   1.0000000050000000       0.58129421190629360       0.58129420899982254     
   1.0000000004999998       0.58129420929046960       0.58129420899982254     
   1.0000000000500000       0.58129420902888729       0.58129420899982254     
 comp:           2
   1.0540925533894598       0.17020051981367038       0.16146639046674463     
   1.0050378152592121       0.16227982831248788       0.16146639046674463     
   1.0005003753127739       0.16154718426237691       0.16146639046674463     
   1.0000500037503126       0.16147446439181740       0.16146639046674463     
   1.0000050000375003       0.16146719780475199       0.16146639046674463     
   1.0000005000003749       0.16146647120000041       0.16146639046674463     
   1.0000000500000039       0.16146639854006478       0.16146639046674463     
   1.0000000050000002       0.16146639127407661       0.16146639046674463     
   1.0000000005000000       0.16146639054747783       0.16146639046674463     
   1.0000000000500000       0.16146639047481795       0.16146639046674463     
 comp:           3
   1.1111111037508841        306.94371043574836        276.24934122210561     
   1.0101010100401815        279.03973859138364        276.24934122210561     
   1.0010010010004038        276.52586708902982        276.24934122210561     
   1.0001000100009940        276.27696891899586        276.24934122210561     
   1.0000100001000007        276.25210374314298        276.24934122210561     
   1.0000010000009998        276.24961747172301        276.24934122210561     
   1.0000001000000101        276.24936884704249        276.24934122210561     
   1.0000000099999999        276.24934398459902        276.24934122210561     
   1.0000000009999999        276.24934149835491        276.24934122210561     
   1.0000000001000000        276.24934124973055        276.24934122210561     
 
 part: i_fks full/reduced
 comp:           0
   9.9999999999999992E-002   30.694436921372567        306.94436921372568     
   1.0000000000000000E-002   2.7904039736928592        279.04039736928593     
   1.0000000000000000E-003  0.27652652586692500        276.52652586692500     
   1.0000000000000002E-004   2.7627762769689035E-002   276.27762769689031     
   1.0000000000000001E-005   2.7625276252103738E-003   276.25276252103737     
   1.0000000000000002E-006   2.7625027624961749E-004   276.25027624961746     
   1.0000000000000002E-007   2.7625002762493699E-005   276.25002762493693     
   1.0000000000000004E-008   2.7625000276249350E-006   276.25000276249341     
   1.0000000000000003E-009   2.7625000027624937E-007   276.25000027624930     
   1.0000000000000002E-010   2.7625000002762500E-008   276.25000002762494     
 comp:           1
  0.10000000000000002        6.1273789703512924E-002  0.61273789703512915     
   1.0000000000000000E-002   5.8422266183601346E-003  0.58422266183601346     
   1.0000000000000002E-003   5.8158507427146454E-004  0.58158507427146444     
   1.0000000000000002E-004   5.8132327589030750E-005  0.58132327589030741     
   1.0000000000000001E-005   5.8129711549266628E-006  0.58129711549266627     
   1.0000000000000002E-006   5.8129449964714503E-007  0.58129449964714497     
   1.0000000000000004E-007   5.8129423806453534E-008  0.58129423806453517     
   1.0000000000000002E-008   5.8129421190629375E-009  0.58129421190629360     
   1.0000000000000003E-009   5.8129420929046970E-010  0.58129420929046960     
   1.0000000000000003E-010   5.8129420902888743E-011  0.58129420902888729     
 comp:           2
  0.10000000000000001        1.7020051981367038E-002  0.17020051981367038     
   1.0000000000000000E-002   1.6227982831248790E-003  0.16227982831248788     
   1.0000000000000000E-003   1.6154718426237690E-004  0.16154718426237691     
   1.0000000000000000E-004   1.6147446439181741E-005  0.16147446439181740     
   1.0000000000000003E-005   1.6146719780475202E-006  0.16146719780475199     
   1.0000000000000002E-006   1.6146647120000043E-007  0.16146647120000041     
   1.0000000000000001E-007   1.6146639854006480E-008  0.16146639854006478     
   1.0000000000000002E-008   1.6146639127407663E-009  0.16146639127407661     
   1.0000000000000001E-009   1.6146639054747785E-010  0.16146639054747783     
   1.0000000000000004E-010   1.6146639047481801E-011  0.16146639047481795     
 comp:           3
   9.9999999999999992E-002   30.694371043574833        306.94371043574836     
   1.0000000000000000E-002   2.7903973859138365        279.03973859138364     
   1.0000000000000000E-003  0.27652586708902982        276.52586708902982     
   9.9999999999999991E-005   2.7627696891899586E-002   276.27696891899586     
   1.0000000000000001E-005   2.7625210374314299E-003   276.25210374314298     
   1.0000000000000002E-006   2.7624961747172306E-004   276.24961747172301     
   1.0000000000000002E-007   2.7624936884704255E-005   276.24936884704249     
   1.0000000000000000E-008   2.7624934398459905E-006   276.24934398459902     
   1.0000000000000001E-009   2.7624934149835495E-007   276.24934149835491     
   1.0000000000000002E-010   2.7624934124973061E-008   276.24934124973055     
