  0.00027312851028204  0.00027587813440188  0.00027830759984802  0.00028087724530000
  0.00028330996556046  0.00028578127602588  0.00028803433136762  0.00029022684982262
  0.00029265338679072  0.00029544373605900  0.00029899698578111  0.00030191983621994
  0.00030394536048858  0.00030632312827474  0.00030891675376762  0.00031155929619001
  0.00031430070190424  0.00031720987098879  0.00032038327213484  0.00032402945056684
  0.00032751878823413  0.00033164542559996  0.00033599298436793  0.00034019047298428
  0.00034470191400986  0.00034906496943702  0.00035374453478027  0.00035870997047855
  0.00036367023364379  0.00036852173412153  0.00037306991267617  0.00037732192064518
  0.00038182285415787  0.00038637445598361  0.00039175694832511  0.00039835989427718
  0.00040582235500343  0.00041403443865236  0.00042263028498681  0.00043138853418124
  0.00043999531973492  0.00044862779022581  0.00045742419364412  0.00046712696326471
  0.00047765083078044  0.00048795236727810  0.00049820712610532  0.00050797457792276
  0.00051764566843749  0.00052830450774681  0.00054040718520998  0.00055445716846564
  0.00057026866720499  0.00058741550555356  0.00060420835727681  0.00062178095619084
  0.00064088351023789  0.00066216611381005  0.00068485141262411  0.00070832882366086
  0.00073294078189104  0.00075880198399063  0.00078559273517790  0.00081256479010668
  0.00084195202728475  0.00087410829243583  0.00090768820162817  0.00094068847473182
  0.00097321871920711  0.00101455957771915  0.00105884733352380  0.00110849310361513
  0.00116157142030682  0.00121490111552792  0.00126685094222435  0.00132060285880775
  0.00138361476300915  0.00145795989491285  0.00154167133365046  0.00164530705901090
  0.00175471035798413  0.00187220438756073  0.00199408944807040  0.00213617312754500
  0.00231738138633264  0.00251566030997792  0.00274977398926837  0.00304126539850032
  0.00338739652162826  0.00381042343849784  0.00429966132599013  0.00492763270914313
  0.00590917097038517  0.00907351282799410  0.02893223585198910  1.00000000000000000
  0.00000284458619194  0.00000322842234663  0.00000356835263341  0.00000387886656274
  0.00000419082703436  0.00000449461274884  0.00000483075904563  0.00000519352235070
  0.00000556570364573  0.00000594177760694  0.00000630676075299  0.00000670084062591
  0.00000713518020245  0.00000761290047009  0.00000810299606914  0.00000858168918553
  0.00000907044045771  0.00000958712141045  0.00001011392923561  0.00001060980972324
  0.00001111846481183  0.00001166458582109  0.00001223122546092  0.00001286017106614
  0.00001353016756743  0.00001426685981141  0.00001509645117926  0.00001598061052255
  0.00001692116370694  0.00001792869906245  0.00001902709793660  0.00002019610538392
  0.00002144807081368  0.00002276415598239  0.00002414519342581  0.00002554667623458
  0.00002700377694868  0.00002859152656496  0.00003023953719264  0.00003195976018487
  0.00003361058150982  0.00003523835882972  0.00003695120582935  0.00003879933004326
  0.00004066169889460  0.00004287179402334  0.00004559038066598  0.00004855118956098
  0.00005177165332576  0.00005503509648604  0.00005848775828109  0.00006225535038432
  0.00006632441176506  0.00007060357660160  0.00007543210671726  0.00008113632811694
  0.00008772185393097  0.00009474113316090  0.00010288691449818  0.00011169059506749
  0.00012022130008782  0.00012978665978563  0.00013955476614518  0.00015077530111065
  0.00016089775348584  0.00017233348477808  0.00018447859209609  0.00019914813150685
  0.00021686659426171  0.00023576059459195  0.00025712304535710  0.00028275566209092
  0.00031462885185934  0.00035259980610930  0.00039505780727992  0.00043939357203173
  0.00048346976420644  0.00053072969302886  0.00058539356444879  0.00064709442832004
  0.00071418203373688  0.00078893910310403  0.00087822786249499  0.00099378493242990
  0.00115912683937762  0.00136674186270948  0.00154214139921782  0.00172647006826706
  0.00190694229855424  0.00217762626403210  0.00272470320224501  0.00345547539552531
  0.00432391776918537  0.00572339536002552  0.00978267158613484  1.00000000000000000
 -0.00176178671220080  0.00900236086532014  0.01828610271795427  0.02859015706923089
  0.03916890009998856  0.04943540730658945  0.05974704553963391  0.07088049150505317
  0.08204180219782616  0.09255018208395628  0.10324455161392146  0.11475488159123094
  0.12509967699677438  0.13475934209777127  0.14416418779872989  0.15504827903957299
  0.16491054356063936  0.17515226061549505  0.18606855729674465  0.19782076065584198
  0.20959228606337993  0.22156794388399803  0.23378243302724122  0.24715472504418526
  0.25926772455260472  0.27029664991353802  0.27932431548525738  0.28834125035067709
  0.29767812075899980  0.30722194107062317  0.31716484430062547  0.32750148096762460
  0.33827510129434452  0.34883787124542559  0.36014875968481447  0.37160054812541349
  0.38246937595666197  0.39226174922772356  0.40220654932861838  0.41300069097489994
  0.42453850161054224  0.43613046474679512  0.44739510204349481  0.45811032508521132
  0.46876629003963521  0.47921517524645957  0.48974460793275743  0.50025291942038941
  0.50955524380333761  0.51822890244842434  0.52718305907600305  0.53670253359170539
  0.54670223941748597  0.55637718961915450  0.56622234540924254  0.57706544617443745
  0.58806097836319038  0.59967626568678523  0.61137807045518355  0.62259402943583464
  0.63275232278441040  0.64216241561791576  0.65151966064299249  0.66149126722674301
  0.67223068317033774  0.68412925778037259  0.69578480260577968  0.70700831016837429
  0.71793786283805483  0.72883103273787764  0.73927881353360791  0.74912926420504322
  0.75929906282171478  0.76956790205544301  0.78161008103793295  0.79421323019110590
  0.80636878751651520  0.81768417753764333  0.82735386876579253  0.83640630778087188
  0.84493138497863041  0.85313343906055761  0.86184562405111154  0.87100358797777500
  0.88059141428902787  0.89106025493510754  0.90021198340734465  0.90972242707120154
  0.91968415372862122  0.92977719355041055  0.94028711645037855  0.95192666051872621
  0.96452233545692534  0.97703476548142720  0.98851098090101408  1.00000000000000000
 -0.00003592303403427 -0.00001623412924015  0.00000345477555397  0.00002128014044468
  0.00002727195540960  0.00003326377037453  0.00004270134628703  0.00005368609864928
  0.00006452400257777  0.00007650393449218  0.00008931466599623  0.00010270174786393
  0.00011618457208098  0.00012908070549144  0.00014881008489216  0.00017484819728958
  0.00020061531761913  0.00022697021254621  0.00025416560563608  0.00028254827549301
  0.00031164695742401  0.00034209072373747  0.00037349196196721  0.00040568042295436
  0.00043919062012128  0.00047255954458405  0.00050662271173850  0.00054199893664759
  0.00057912068714039  0.00061677698752172  0.00065515984886256  0.00069492204321905
  0.00073651487215040  0.00078235680689768  0.00082305287790754  0.00086299579125014
  0.00090263043256937  0.00093963754458500  0.00097699408734578  0.00102653387227627
  0.00108933453588756  0.00116221227847537  0.00124394134636932  0.00132995305543273
  0.00142065521320876  0.00151687824966631  0.00161774555627073  0.00171996860254397
  0.00182107845079338  0.00192351014168315  0.00203226901538178  0.00215027872701677
  0.00228351615608903  0.00241999425117920  0.00255704672711725  0.00269464508948683
  0.00283413859207992  0.00297057015621615  0.00311805186604164  0.00327433520633148
  0.00343334810871360  0.00360744432034537  0.00377733213732934  0.00394970432462358
  0.00412894211258712  0.00432122722292829  0.00453686802056306  0.00474412659217672
  0.00494635712028252  0.00515495947826428  0.00538267308765755  0.00566313996577027
  0.00592043227314528  0.00615951749459127  0.00640947247131114  0.00664604358643556
  0.00696619651134815  0.00726536172254828  0.00761763889840942  0.00800140149017278
  0.00854525082486780  0.00926456695884760  0.00979152354351586  0.01027491624929109
  0.01065227842412472  0.01099832072819414  0.01136073908294004  0.01186063661458825
  0.01356073431612121  0.01535689290482898  0.01877971319545680  0.02245681105250867
  0.02559816502336073  0.02912050548777448  0.09240615595569959  1.00000000000000000
 -0.00237311447194682  0.01024525674530985  0.02225399165298065  0.03393336857393296
  0.04577714691723558  0.05528214052494387  0.06435077914271362  0.07390691290922220
  0.08414425770824345  0.09429042394516529  0.10497372262964653  0.11619496407564008
  0.12849611022507881  0.14039695489255655  0.15219366938081014  0.16424362864050573
  0.17548572214904737  0.18634365627872945  0.19644361189571202  0.20651314826368711
  0.21660955026463338  0.22676904901890851  0.23743345795314061  0.24911475787520071
  0.26114852734379262  0.27206319550414609  0.28256665478550030  0.29300457334065411
  0.30396918591090827  0.31601176427326677  0.32845204666476974  0.34027364062559068
  0.35127734187289988  0.36230758791950257  0.37380326708388500  0.38520057590984286
  0.39627295496885900  0.40725375963312077  0.41824785031405937  0.42874088113613812
  0.43961886296622121  0.45105721889106865  0.46207213176998024  0.47240935389863947
  0.48240901576040046  0.49265031082320554  0.50273740724799654  0.51260462323439859
  0.52263777266904110  0.53187431238995531  0.54075098467010108  0.54922441039529102
  0.55841953935895772  0.56742890462550233  0.57605214997690091  0.58497470457786482
  0.59487337699927689  0.60602103680615815  0.61788435779139117  0.62959045243737477
  0.64059244828825523  0.65070740170091423  0.66019297857028703  0.66958759078135666
  0.67934384336970211  0.68910642631456265  0.69884993573084719  0.70958949160462037
  0.72109531791588033  0.73240933733198643  0.74203521566524921  0.75145242799536716
  0.76059382950748322  0.77003419993613675  0.78015988313974727  0.79082529659435552
  0.80184705813897095  0.81252713705436996  0.82322687772974101  0.83371981104125115
  0.84416189858062252  0.85463439488072679  0.86473649373389727  0.87458597925679948
  0.88513603123556273  0.89619225508857647  0.90751495593441533  0.91807987189939844
  0.92848879292195097  0.93889984423492590  0.94928741344117684  0.95929702872130374
  0.96946069685509428  0.97968417862835400  0.98983435176773316  1.00000000000000000
  0.72687260691943933  0.72875590552640412  0.73336127748102775  0.74259980078912513
  0.74737545089551816  0.75043603720706009  0.75208160680431824  0.75600867185355558
  0.75991425619236974  0.76304937381421833  0.76527455217609808  0.76721801414897761
  0.76956668682739515  0.77247501210106584  0.77556560832643440  0.77877674311568723
  0.78191680310675993  0.78494254434991517  0.78723641854693283  0.78912831510809145
  0.79096857960726996  0.79309412700732040  0.79543370061378682  0.79767730112154467
  0.79952227055285852  0.80138136260241510  0.80367049197391005  0.80644024084973298
  0.80917738858714705  0.81151674187440259  0.81355551974902973  0.81551432881286368
  0.81755185501365835  0.81971529851022307  0.82182043697220630  0.82377857573535662
  0.82575166696686619  0.82795785597587002  0.83021773872544891  0.83245192786656907
  0.83473843079630206  0.83702948190575277  0.83954433129789097  0.84208256077106347
  0.84456108401732544  0.84690722321634337  0.84912067856443330  0.85143171395045125
  0.85388544310707304  0.85606656228831335  0.85796500801571018  0.85982413627119303
  0.86187746706867752  0.86450145150201474  0.86723859988071983  0.86970759925647056
  0.87215587244188630  0.87471323529793654  0.87723851351232696  0.87987677291798416
  0.88270389188052356  0.88557766338579125  0.88855104374092098  0.89172303314606349
  0.89496679378743604  0.89812290281849960  0.90080621288756935  0.90351258732433826
  0.90627519712460924  0.90920374244041058  0.91235205678492459  0.91530833072714046
  0.91822839156666636  0.92081710043580833  0.92340511037727191  0.92601218105048400
  0.92866758187691945  0.93157708861320121  0.93465513107997189  0.93776179467048004
  0.94096024136350986  0.94395561735909916  0.94672290064293463  0.94954024601225107
  0.95248710834297090  0.95556788828207828  0.95859922746439929  0.96181165501014010
  0.96513761859031122  0.96862035234590116  0.97209401401018980  0.97561059262675842
  0.97951455768636253  0.98412332867756258  0.99011445601378800  1.00000000000000000
 -0.01318920254561963  0.12363776125038120  0.16229859099493280  0.18457024986705650
  0.20240480495847454  0.21794547045116003  0.23200178605202004  0.24361434856183223
  0.25469368312447377  0.26551365316811676  0.27548147680251084  0.28386220596153788
  0.29201053268509009  0.29787151433138048  0.30394616464242991  0.30973549183976795
  0.31738961660634757  0.32473494371156347  0.33170691983677358  0.33850558211881754
  0.34518553786743622  0.35195186783434135  0.35856803732957210  0.36478380343353112
  0.37046291941532800  0.37578237888474131  0.38134614913920106  0.38734713430849810
  0.39394274497820247  0.39995029297164131  0.40559772510973741  0.41045738477732746
  0.41564394616171263  0.42125337931852136  0.42801688837818341  0.43460109329807528
  0.44066501764898924  0.44630519300328447  0.45185494955109051  0.45710039551848747
  0.46202237656583706  0.46682223409806328  0.47180633479109219  0.47714187311744566
  0.48230453089703285  0.48710108563231264  0.49146000729819322  0.49566095085107914
  0.49988104033233594  0.50433865711661940  0.50908764549319374  0.51418267894150349
  0.51946921698344639  0.52516339455222139  0.53118337215419231  0.53724675376986275
  0.54317772739308978  0.54898904204534882  0.55552209135626929  0.56115761918296247
  0.56678775325029407  0.57245047645115654  0.57793565778726719  0.58356740210519065
  0.58908327839474706  0.59446412286247807  0.60013910626655609  0.60647449945613319
  0.61311944541626395  0.61942958411117033  0.62535950569064236  0.63091512252670989
  0.63667854439879923  0.64265981155910512  0.64835894816393647  0.65386486097969632
  0.65952439462894297  0.66552029769131060  0.67144704478268447  0.67754320778271315
  0.68428210601948625  0.69153759606220944  0.70028367958871507  0.70990944726705174
  0.72023034816161946  0.72982671920748321  0.74008593351155338  0.75070608392047755
  0.76310960086621216  0.77527223770200537  0.78775136879964147  0.80041725863192259
  0.81560782288573497  0.83562455856992290  0.87305087348297994  1.00000000000000000
   1.5013438782599999E-007   1.7025076000000000E-002
  <DiscreteSampler_grid>
  Helicity
  1 # 1 for a reference and 2 for a running grid.
  80 # Attribute 'min_bin_probing_points' of the grid.
  1 # Attribute 'grid_mode' of the grid. 1=='default',2=='initialization'
  0.0300000000000000 # Attribute 'small_contrib_threshold' of the grid.
  0.3330000000000000 # Attribute 'damping_power' of the grid.
 # binID   n_entries weight   weight_sqr   abs_weight
    1   1613   2.460544248293335E-006   2.260339821153724E-010   2.460544248293335E-006
    4   2306   3.372793412004837E-006   9.983874860803582E-010   3.372793412004837E-006
    5   2230   3.261936042711046E-006   2.140205749294135E-009   3.261936042711046E-006
    8   1728   2.511471105120798E-006   3.414035047728154E-010   2.511471105120798E-006
    9   2305   3.468467734366361E-006   1.327125168199510E-009   3.468467734366361E-006
    12   1955   2.883015606183219E-006   4.993349379497701E-010   2.883015606183219E-006
    13   1936   2.902202276256604E-006   4.424521241625245E-010   2.902202276256604E-006
    16   1919   2.856893345712068E-006   4.950942287853986E-010   2.856893345712068E-006
  </DiscreteSampler_grid>
  <DiscreteSampler_grid>
  grouped_processes
  1 # 1 for a reference and 2 for a running grid.
  10 # Attribute 'min_bin_probing_points' of the grid.
  1 # Attribute 'grid_mode' of the grid. 1=='default',2=='initialization'
  0.0300000000000000 # Attribute 'small_contrib_threshold' of the grid.
  0.3330000000000000 # Attribute 'damping_power' of the grid.
 # binID   n_entries weight   weight_sqr   abs_weight
    10   10   6.439118408450000E+000   1.989689521200000E+002   6.439118408450000E+000
    16   10   6.438890967290000E+000   1.989234801840000E+002   6.438890967290000E+000
  </DiscreteSampler_grid>
