     
 Collinear #          15
 
 part:           1
 comp:           0
   1.0000000226975316        276.25000627019313        276.25000000000000     
   1.0000000021748723        276.25000060080845        276.25000000000000     
   1.0000000002165819        276.25000005983071        276.25000000000000     
   1.0000000000216491        276.25000000598055        276.25000000000000     
   1.0000000000021649        276.25000000059805        276.25000000000000     
   1.0000000000002167        276.25000000005986        276.25000000000000     
   1.0000000000000218        276.25000000000603        276.25000000000000     
   1.0000000000000022        276.25000000000063        276.25000000000000     
   1.0000000000000004        276.25000000000011        276.25000000000000     
   1.0000000000000000        276.25000000000000        276.25000000000000     
 comp:           1
   0.0000000000000000        0.0000000000000000     
   0.0000000000000000        0.0000000000000000     
   0.0000000000000000        0.0000000000000000     
   0.0000000000000000        0.0000000000000000     
   0.0000000000000000        0.0000000000000000     
   0.0000000000000000        0.0000000000000000     
   0.0000000000000000        0.0000000000000000     
   0.0000000000000000        0.0000000000000000     
   0.0000000000000000        0.0000000000000000     
   0.0000000000000000        0.0000000000000000     
 comp:           2
   0.0000000000000000        0.0000000000000000     
   0.0000000000000000        0.0000000000000000     
   0.0000000000000000        0.0000000000000000     
   0.0000000000000000        0.0000000000000000     
   0.0000000000000000        0.0000000000000000     
   0.0000000000000000        0.0000000000000000     
   0.0000000000000000        0.0000000000000000     
   0.0000000000000000        0.0000000000000000     
   0.0000000000000000        0.0000000000000000     
   0.0000000000000000        0.0000000000000000     
 comp:           3
   1.0000000226975316        276.25000627019313        276.25000000000000     
   1.0000000021748723        276.25000060080845        276.25000000000000     
   1.0000000002165819        276.25000005983071        276.25000000000000     
   1.0000000000216491        276.25000000598055        276.25000000000000     
   1.0000000000021649        276.25000000059805        276.25000000000000     
   1.0000000000002167        276.25000000005986        276.25000000000000     
   1.0000000000000218        276.25000000000603        276.25000000000000     
   1.0000000000000022        276.25000000000063        276.25000000000000     
   1.0000000000000004        276.25000000000011        276.25000000000000     
   1.0000000000000000        276.25000000000000        276.25000000000000     
 
 part:           2
 comp:           0
  0.99999999829037745        276.25011913369298        276.25011960597641     
  0.99999999983681798        276.25011956089736        276.25011960597641     
  0.99999999998375588        276.25011960148896        276.25011960597641     
  0.99999999999837608        276.25011960552780        276.25011960597641     
  0.99999999999983746        276.25011960593150        276.25011960597641     
  0.99999999999998379        276.25011960597192        276.25011960597641     
  0.99999999999999833        276.25011960597595        276.25011960597641     
  0.99999999999999956        276.25011960597629        276.25011960597641     
   1.0000000000000000        276.25011960597641        276.25011960597641     
   1.0000000000000000        276.25011960597641        276.25011960597641     
 comp:           1
   0.0000000000000000        0.0000000000000000     
   0.0000000000000000        0.0000000000000000     
   0.0000000000000000        0.0000000000000000     
   0.0000000000000000        0.0000000000000000     
   0.0000000000000000        0.0000000000000000     
   0.0000000000000000        0.0000000000000000     
   0.0000000000000000        0.0000000000000000     
   0.0000000000000000        0.0000000000000000     
   0.0000000000000000        0.0000000000000000     
   0.0000000000000000        0.0000000000000000     
 comp:           2
   0.0000000000000000        0.0000000000000000     
   0.0000000000000000        0.0000000000000000     
   0.0000000000000000        0.0000000000000000     
   0.0000000000000000        0.0000000000000000     
   0.0000000000000000        0.0000000000000000     
   0.0000000000000000        0.0000000000000000     
   0.0000000000000000        0.0000000000000000     
   0.0000000000000000        0.0000000000000000     
   0.0000000000000000        0.0000000000000000     
   0.0000000000000000        0.0000000000000000     
 comp:           3
  0.99999999829037745       -276.25011913369298       -276.25011960597641     
  0.99999999983681798       -276.25011956089736       -276.25011960597641     
  0.99999999998375588       -276.25011960148896       -276.25011960597641     
  0.99999999999837608       -276.25011960552780       -276.25011960597641     
  0.99999999999983746       -276.25011960593150       -276.25011960597641     
  0.99999999999998379       -276.25011960597192       -276.25011960597641     
  0.99999999999999833       -276.25011960597595       -276.25011960597641     
  0.99999999999999956       -276.25011960597629       -276.25011960597641     
   1.0000000000000000       -276.25011960597641       -276.25011960597641     
   1.0000000000000000       -276.25011960597641       -276.25011960597641     
 
 part:           3
 comp:           0
  0.99999991795403531        282.86513394680640        282.86515715475110     
  0.99999997455736611        282.86514995791646        282.86515715475110     
  0.99999999196973943        282.86515488327018        282.86515715475110     
  0.99999999746109436        282.86515643658316        282.86515715475110     
  0.99999999919714289        282.86515692765079        282.86515715475110     
  0.99999999974611475        282.86515708293581        282.86515715475110     
  0.99999999991971456        282.86515713204113        282.86515715475110     
  0.99999999997461164        282.86515714756962        282.86515715475110     
  0.99999999999197142        282.86515715248009        282.86515715475110     
  0.99999999999746114        282.86515715403294        282.86515715475110     
 comp:           1
  0.99999985785283363       -177.62030675708840       -177.62033200531528     
  0.99999995591985202       -177.62032417578476       -177.62033200531528     
  0.99999998608732599       -177.62032953414149       -177.62033200531528     
  0.99999999560126773       -177.62033122401098       -177.62033200531528     
  0.99999999860902544       -177.62033175824990       -177.62033200531528     
  0.99999999956013608       -177.62033192718650       -177.62033200531528     
  0.99999999986090282       -177.62033198060880       -177.62033200531528     
  0.99999999995601385       -177.62033199750243       -177.62033200531528     
  0.99999999998609035       -177.62033200284463       -177.62033200531528     
  0.99999999999560141       -177.62033200453399       -177.62033200531528     
 comp:           2
  0.99999992994554943       -172.31630030108965       -172.31631237261425     
  0.99999997827596132       -172.31630862920801       -172.31631237261425     
  0.99999999314341081       -172.31631119111208       -172.31631237261425     
  0.99999999783217086       -172.31631199906192       -172.31631237261425     
  0.99999999931448524       -172.31631225448888       -172.31631237261425     
  0.99999999978322163       -172.31631233525979       -172.31631237261425     
  0.99999999993144861       -172.31631236080173       -172.31631237261425     
  0.99999999997832234       -172.31631236887884       -172.31631237261425     
  0.99999999999314482       -172.31631237143299       -172.31631237261425     
  0.99999999999783218       -172.31631237224070       -172.31631237261425     
 comp:           3
   1.0000000000000000        56.087460994479599        56.087460994479599     
   1.0000000000000000        56.087460994479599        56.087460994479599     
   1.0000000000000000        56.087460994479599        56.087460994479599     
   1.0000000000000000        56.087460994479599        56.087460994479599     
   1.0000000000000000        56.087460994479599        56.087460994479599     
   1.0000000000000000        56.087460994479599        56.087460994479599     
   1.0000000000000000        56.087460994479599        56.087460994479599     
   1.0000000000000000        56.087460994479599        56.087460994479599     
   1.0000000000000000        56.087460994479599        56.087460994479599     
   1.0000000000000000        56.087460994479599        56.087460994479599     
 
 part:           4
 comp:           0
   1.0000000860717670        269.63486605319628        269.63484284524890     
   1.0000000266910418        269.63485004208377        269.63484284524890     
   1.0000000084242855        269.63484511672982        269.63484284524890     
   1.0000000026634834        269.63484356341684        269.63484284524890     
   1.0000000008422514        269.63484307234921        269.63484284524890     
   1.0000000002663427        269.63484291706419        269.63484284524890     
   1.0000000000842248        269.63484286795887        269.63484284524890     
   1.0000000000266345        269.63484285243049        269.63484284524890     
   1.0000000000084226        269.63484284751991        269.63484284524890     
   1.0000000000026634        269.63484284596706        269.63484284524890     
 comp:           1
   1.0000001354985975        177.62035607262115        177.62033200531528     
   1.0000000420184096        177.62033946863914        177.62033200531528     
   1.0000000132619433        177.62033436090604        177.62033200531528     
   1.0000000041929926        177.62033275007602        177.62033200531528     
   1.0000000013259152        177.62033224082478        177.62033200531528     
   1.0000000004192904        177.62033207978979        177.62033200531528     
   1.0000000001325913        177.62033202886619        177.62033200531528     
   1.0000000000419291        177.62033201276276        177.62033200531528     
   1.0000000000132592        177.62033200767036        177.62033200531528     
   1.0000000000041929        177.62033200606001        177.62033200531528     
 comp:           2
   1.0000000667778335        172.31632387952425        172.31631237261425     
   1.0000000207079511        172.31631594093204        172.31631237261425     
   1.0000000065358894        172.31631349885461        172.31631237261425     
   1.0000000020664344        172.31631272869458        172.31631237261425     
   1.0000000006534513        172.31631248521458        172.31631237261425     
   1.0000000002066392        172.31631240822153        172.31631237261425     
   1.0000000000653448        172.31631238387425        172.31631237261425     
   1.0000000000206641        172.31631237617501        172.31631237261425     
   1.0000000000065346        172.31631237374026        172.31631237261425     
   1.0000000000020663        172.31631237297032        172.31631237261425     
 comp:           3
   1.0000000000000000       -56.087460994479599       -56.087460994479599     
   1.0000000000000000       -56.087460994479599       -56.087460994479599     
   1.0000000000000000       -56.087460994479599       -56.087460994479599     
   1.0000000000000000       -56.087460994479599       -56.087460994479599     
   1.0000000000000000       -56.087460994479599       -56.087460994479599     
   1.0000000000000000       -56.087460994479599       -56.087460994479599     
   1.0000000000000000       -56.087460994479599       -56.087460994479599     
   1.0000000000000000       -56.087460994479599       -56.087460994479599     
   1.0000000000000000       -56.087460994479599       -56.087460994479599     
   1.0000000000000000       -56.087460994479599       -56.087460994479599     
 
 part:           5
 comp:           0
   1.0484750600845996        1.2540388326423566E-004   1.1960597637307372E-004
   1.0046463324546102        1.2016170550286128E-004   1.1960597637307372E-004
   1.0004627122399978        1.1966131952231843E-004   1.1960597637307372E-004
   1.0000462521005844        1.1961150840072342E-004   1.1960597637307372E-004
   1.0000046250189114        1.1960652955297636E-004   1.1960597637307372E-004
   1.0000004624999796        1.1960603169083536E-004   1.1960597637307372E-004
   1.0000000462499792        1.1960598190484764E-004   1.1960597637307372E-004
   1.0000000046249982        1.1960597692625114E-004   1.1960597637307372E-004
   1.0000000004624996        1.1960597642839142E-004   1.1960597637307372E-004
   1.0000000000462497        1.1960597637860545E-004   1.1960597637307372E-004
 comp:           1
  -4.9315532761802208E-005  -0.0000000000000000     
  -1.5292854372691029E-005  -0.0000000000000000     
  -4.8267645481365288E-006  -0.0000000000000000     
  -1.5260650172865433E-006  -0.0000000000000000     
  -4.8257490166918975E-007  -0.0000000000000000     
  -1.5260329123920028E-007  -0.0000000000000000     
  -4.8257388633459629E-008  -0.0000000000000000     
  -1.5260325947357293E-008  -0.0000000000000000     
  -4.8257386959638581E-009  -0.0000000000000000     
  -1.5260326512822728E-009  -0.0000000000000000     
 comp:           2
  -2.3578434594293641E-005  -0.0000000000000000     
  -7.3117240429742365E-006  -0.0000000000000000     
  -2.3077425270855653E-006  -0.0000000000000000     
  -7.2963267720389938E-007  -0.0000000000000000     
  -2.3072569875323108E-007  -0.0000000000000000     
  -7.2961732741218689E-008  -0.0000000000000000     
  -2.3072521330779512E-008  -0.0000000000000000     
  -7.2961717553635282E-009  -0.0000000000000000     
  -2.3072520530502638E-009  -0.0000000000000000     
  -7.2961720257203317E-010  -0.0000000000000000     
 comp:           3
  0.94362759477036240       -1.1286349980508434E-004  -1.1960597637307372E-004
  0.99459987343468692       -1.1896008896269127E-004  -1.1960597637307372E-004
  0.99946224996047128       -1.1954165825455122E-004  -1.1960597637307372E-004
  0.99994624751866801       -1.1959954725506153E-004  -1.1960597637307372E-004
  0.99999462497699088       -1.1960533348819869E-004  -1.1960597637307372E-004
  0.99999946249995009       -1.1960591208485544E-004  -1.1960597637307372E-004
  0.99999994625001798       -1.1960596994425464E-004  -1.1960597637307372E-004
  0.99999999462500233       -1.1960597573019188E-004  -1.1960597637307372E-004
  0.99999999946250007       -1.1960597630878552E-004  -1.1960597637307372E-004
  0.99999999994624966       -1.1960597636664486E-004  -1.1960597637307372E-004
 
 part: i_fks+j_fks
 comp:           0
   1.0000000192782583        276.25024453757624        276.25023921195276     
   1.0000000018485056        276.25023972260288        276.25023921195276     
   1.0000000001840930        276.25023926280846        276.25023921195276     
   1.0000000000184015        276.25023921703621        276.25023921195276     
   1.0000000000018401        276.25023921246105        276.25023921195276     
   1.0000000000001841        276.25023921200363        276.25023921195276     
   1.0000000000000184        276.25023921195788        276.25023921195276     
   1.0000000000000016        276.25023921195321        276.25023921195276     
   1.0000000000000002        276.25023921195282        276.25023921195276     
   1.0000000000000000        276.25023921195276        276.25023921195276     
 comp:           1
  -4.9315532761802208E-005   0.0000000000000000     
  -1.5292854372691029E-005   0.0000000000000000     
  -4.8267645481365288E-006   0.0000000000000000     
  -1.5260650172865433E-006   0.0000000000000000     
  -4.8257490166918975E-007   0.0000000000000000     
  -1.5260329123920028E-007   0.0000000000000000     
  -4.8257388633459629E-008   0.0000000000000000     
  -1.5260325947357293E-008   0.0000000000000000     
  -4.8257386959638581E-009   0.0000000000000000     
  -1.5260326512822728E-009   0.0000000000000000     
 comp:           2
  -2.3578434594293641E-005   0.0000000000000000     
  -7.3117240429742365E-006   0.0000000000000000     
  -2.3077425270855653E-006   0.0000000000000000     
  -7.2963267720389938E-007   0.0000000000000000     
  -2.3072569875323108E-007   0.0000000000000000     
  -7.2961732741218689E-008   0.0000000000000000     
  -2.3072521330779512E-008   0.0000000000000000     
  -7.2961717553635282E-009   0.0000000000000000     
  -2.3072520530502638E-009   0.0000000000000000     
  -7.2961720257203317E-010   0.0000000000000000     
 comp:           3
  0.99999997388324435       -276.25023199719277       -276.25023921195276     
  0.99999999749876622       -276.25023852098633       -276.25023921195276     
  0.99999999975093035       -276.25023914314721       -276.25023921195276     
  0.99999999997510336       -276.25023920507505       -276.25023921195276     
  0.99999999999751044       -276.25023921126501       -276.25023921195276     
  0.99999999999975098       -276.25023921188398       -276.25023921195276     
  0.99999999999997513       -276.25023921194588       -276.25023921195276     
  0.99999999999999734       -276.25023921195202       -276.25023921195276     
  0.99999999999999978       -276.25023921195270       -276.25023921195276     
   1.0000000000000000       -276.25023921195276       -276.25023921195276     
