  0.00000468994451175  0.00000488197884392  0.00000506468346038  0.00000527088512000
  0.00000549159619664  0.00000575140185410  0.00000604268016487  0.00000637017258401
  0.00000669934623633  0.00000708563486840  0.00000749978527562  0.00000792188025113
  0.00000839569750526  0.00000896345489437  0.00000958968704391  0.00001027214732864
  0.00001098804021450  0.00001175413102131  0.00001251662476408  0.00001331031961286
  0.00001416701537755  0.00001520327417843  0.00001633366326783  0.00001759558922429
  0.00001893373341990  0.00002043071901846  0.00002211384866005  0.00002398357350998
  0.00002592126335956  0.00002805266466613  0.00003047755364913  0.00003315105678700
  0.00003602836741155  0.00003906154223076  0.00004216087400703  0.00004521454892956
  0.00004827052614681  0.00005143217565434  0.00005482060673215  0.00005860917298265
  0.00006281547465036  0.00006714503595796  0.00007161294767074  0.00007620920586355
  0.00008115678706662  0.00008696141027103  0.00009353217064854  0.00010060637094319
  0.00010836318974182  0.00011626261555473  0.00012474240053891  0.00013377207494703
  0.00014416595321653  0.00015510330366270  0.00016656875188267  0.00017873866325649
  0.00019153134637308  0.00020461706391889  0.00021752105940271  0.00023018093156281
  0.00024364183369309  0.00025825768286365  0.00027436234830841  0.00029027529232680
  0.00030805679093843  0.00032694142301472  0.00034999515259794  0.00037065706752555
  0.00039196842040034  0.00041443898759366  0.00043747908281225  0.00046098838564836
  0.00048573635521003  0.00051214095864925  0.00053953377335345  0.00056647420933378
  0.00059267244951226  0.00062136297754774  0.00064952396433086  0.00068017405093632
  0.00071208127183744  0.00074956860581075  0.00079644056277778  0.00085907965087550
  0.00094001626493921  0.00103044428666456  0.00113801944586858  0.00124556202937944
  0.00136238878045449  0.00150704016373787  0.00172970432527576  0.00209395707340208
  0.00256961662362764  0.00343660396372873  0.00444492993492786  1.00000000000000000
 -0.00005512599796994  0.00080479151883887  0.00245138737907378  0.00457407578380773
  0.00720830547598940  0.01048700184809936  0.01431757111388485  0.01824145860817984
  0.02250261126673046  0.02723030942300842  0.03212750850976810  0.03696438450444858
  0.04191106279462968  0.04722723137230544  0.05292741316340163  0.05854394900161677
  0.06419206537073234  0.07007446375681428  0.07633401993865847  0.08290944731572834
  0.08967538083117034  0.09637057345210349  0.10293896371838999  0.11003264419827224
  0.11774037492942215  0.12594947638336831  0.13389489451012762  0.14200424971254919
  0.15048708607406464  0.15893949015048942  0.16770461371867237  0.17637108292310613
  0.18581548597936715  0.19594140259474779  0.20629109324155401  0.21657345937180852
  0.22689867818547008  0.23769432183398342  0.24860210171648603  0.25987544123637368
  0.27143297387794524  0.28345381458844460  0.29533702423769670  0.30716007300274611
  0.31941596052077442  0.33255906642180844  0.34589180434202171  0.35917338266377347
  0.37228613619319612  0.38581638344934216  0.39902235285424770  0.41222270141408118
  0.42525879614008699  0.43852263238543393  0.45218397883938860  0.46635392067505188
  0.48046073753690910  0.49452602407135338  0.50886089918610011  0.52375741143119614
  0.53939235282194420  0.55521154784760030  0.57062277294890507  0.58576148845624532
  0.60125579755685821  0.61633734723487577  0.63145392809570144  0.64663257594193746
  0.66262677367436040  0.67851274023840902  0.69372307368311248  0.70852385616551250
  0.72307867508155854  0.73804263828181571  0.75288869105506107  0.76758809325834021
  0.78211370014474513  0.79593336344064058  0.80917073406497808  0.82211071184425599
  0.83485097993893709  0.84731692961451155  0.85954590363524230  0.87222408395736872
  0.88415203831239886  0.89683483021724164  0.90745739946287762  0.91747662444176814
  0.92723110402584275  0.93669372825103603  0.94662024444680426  0.95668772259506607
  0.96677264925605122  0.97695126334823101  0.98799701648466232  1.00000000000000000
 -0.00175702279746696  0.00913278501688455  0.01719319238049461  0.02533009971533251
  0.03333669536416785  0.04270373499617901  0.05361495087375195  0.06490527036469333
  0.07596211904665837  0.08704445621230474  0.09804338816101106  0.10865565762714731
  0.11867962269367843  0.12889046033664245  0.14026126040484205  0.15299067970349528
  0.16469621938922871  0.17553534687584907  0.18625784903332271  0.19712825095238470
  0.20801997342720960  0.21934215225134099  0.23064743413072733  0.24172528618148781
  0.25282541641801304  0.26406948187215140  0.27522976328254611  0.28592708259716632
  0.29648652089258426  0.30654630920404136  0.31623024282778422  0.32573425067696821
  0.33578732061515176  0.34607674772979791  0.35614496892941433  0.36645332504697414
  0.37714133842560921  0.38796260044228620  0.39878541404340045  0.40896831265062261
  0.41937175306761820  0.42987915702092439  0.44008553338309636  0.45043589681608615
  0.46114271282804248  0.47210728941222607  0.48351872144731867  0.49410232875920107
  0.50465350094994765  0.51477008841630867  0.52451114633245155  0.53383928645274337
  0.54362155488043107  0.55355387262112277  0.56370257358072517  0.57349174581682716
  0.58423097542450586  0.59422583005482732  0.60460669144531043  0.61453401012270159
  0.62433104085456659  0.63435887870718222  0.64415867460278109  0.65510070541170451
  0.66743828838304842  0.68022242985797887  0.69301785196509069  0.70497853878197403
  0.71622546400250098  0.72689562484262227  0.73785162860444764  0.74905243384942555
  0.75986830874582223  0.76972027957749312  0.77944100904035385  0.78911284406741866
  0.79927395464162598  0.80976627194635742  0.82004889776294543  0.83041140169478189
  0.84059078413825672  0.85063967659478201  0.86058780233678456  0.87005467983091467
  0.87984358741432955  0.88983420837089755  0.89977709809749962  0.91005137787849955
  0.92120398066094933  0.93334232788300775  0.94525740012515791  0.95604269170180123
  0.96635126630118251  0.97679408858508443  0.98798720884884061  1.00000000000000000
  0.06408594818714723  0.07284222857634674  0.08878474817559867  0.10218279734746788
  0.11482863022342797  0.12607810913474898  0.13742525093914076  0.14952172284370691
  0.16214283278407979  0.17375848263232849  0.18435392115192642  0.19436353594782774
  0.20362770135858130  0.21241447811230765  0.22092547571712687  0.23050975124778852
  0.24202391754455216  0.25307197514439678  0.26345230237200679  0.27302753052211781
  0.28221843295930404  0.29142146262715296  0.30003614216565855  0.30843578037894531
  0.31649955906623239  0.32465000931899762  0.33287379721732629  0.34138984898371455
  0.35075519566764518  0.35935218401713803  0.36716948387504761  0.37538776901591470
  0.38410248590743234  0.39327299104610919  0.40226435280511785  0.41092980928128270
  0.41929246020856298  0.42754511434803777  0.43620512614165391  0.44496140043715954
  0.45353238109094846  0.46244891104455293  0.47165005955975159  0.48077006827779234
  0.48922647614265774  0.49769714665704917  0.50615414187106522  0.51433990927374962
  0.52222309834907232  0.52992710349844185  0.53805646174713118  0.54634550403720061
  0.55463456156719249  0.56310189754040163  0.57198866297083728  0.58128080054845399
  0.58970132767627481  0.59726189816921771  0.60469373475867993  0.61244805269409774
  0.62086343092636120  0.62977197955311226  0.63859959583499637  0.64731428813471670
  0.65631096948763701  0.66564928773771859  0.67464395551780176  0.68330297521750161
  0.69152640072198945  0.69942623473728949  0.70703548318134180  0.71468781180736429
  0.72222212386982332  0.73023396346386826  0.73838428699499203  0.74662289853078467
  0.75515700296402799  0.76365597404195251  0.77267625831586528  0.78204598231940592
  0.79208282880801217  0.80299684343990696  0.81432447471327463  0.82532741998986614
  0.83611236101428388  0.84723125135546429  0.85791652825296205  0.86795032016943519
  0.87832560831313145  0.88920139897072037  0.90102277797006947  0.91383920424965381
  0.92785669168564600  0.94365198533099814  0.96309012717157483  1.00000000000000000
 -0.00257666287601908  0.00884746794321161  0.01914491248124185  0.03010436380668155
  0.04127451428715407  0.05281415888901272  0.06414803484373051  0.07596830625957543
  0.08721629453482467  0.09823098906906244  0.10885412410616022  0.11848558206777068
  0.12780899086327074  0.13751082489861338  0.14748769741262838  0.15782178116431450
  0.16741788630722043  0.17750004100658281  0.18764848385258173  0.19852324149894968
  0.20995465972152044  0.22221783063532030  0.23298701492951887  0.24221148463266959
  0.25160618615695596  0.26090832923678969  0.26962173224394165  0.27785435678580289
  0.28650000568606115  0.29628499118991547  0.30700695487988572  0.31740481337655474
  0.32725081239109977  0.33757720929070817  0.34816686093336713  0.35841313086709248
  0.36898431812797206  0.37875514813550887  0.38889011447113198  0.39887341396963311
  0.40953698439836950  0.42091005408953253  0.43196456334497590  0.44318374036784475
  0.45451032301097716  0.46632332179894320  0.47781285846429239  0.48979320290255607
  0.50127683607954199  0.51199404959041739  0.52247452521912485  0.53346630047581767
  0.54515606753597246  0.55747300131878730  0.56741380045210510  0.57673977034099000
  0.58563274557214695  0.59522222877201925  0.60550027198188083  0.61602937407622971
  0.62594778297059261  0.63598369670690458  0.64649906810711910  0.65732276162503156
  0.66845531745470277  0.67928574999093450  0.68956107924047794  0.69882956302663912
  0.70795819399973625  0.71768809950542400  0.72737947503884315  0.73809468624936847
  0.74867553666905240  0.76003850329535616  0.77157525855444042  0.78390821252985909
  0.79753077040723519  0.81117218871203156  0.82339796773817420  0.83460952816974832
  0.84535579265447436  0.85628631513167308  0.86710018857934867  0.87719923239593944
  0.88654182095039435  0.89576189029438291  0.90555908089625736  0.91581099920137421
  0.92563429568364131  0.93534611615784613  0.94561239325543367  0.95602918929965508
  0.96576625393562388  0.97538043567100985  0.98686670724019010  1.00000000000000000
  0.70469156746231998  0.70600670774609930  0.70719322713762922  0.70843548528608935
  0.71041239420715763  0.71253107592082632  0.71467632327151587  0.71702028338248580
  0.71954002448497789  0.72187151067688415  0.72383445964913218  0.72549843615408838
  0.72709544685499339  0.72881075753529645  0.73086577344020665  0.73303551734994910
  0.73510722212414570  0.73713912958378769  0.73914504872190345  0.74123711241077750
  0.74320068279002283  0.74504139502987587  0.74682726008410516  0.74857290219690076
  0.75044848516821316  0.75247646794596290  0.75469364938529027  0.75696375114652925
  0.75916950602916278  0.76127665606441386  0.76334191510283389  0.76527784450610881
  0.76699468226458523  0.76877287045019516  0.77063529240399942  0.77270909733743298
  0.77480646769140793  0.77676567181993206  0.77880719239979967  0.78102725225745206
  0.78331567808822655  0.78574957144958080  0.78805074546206799  0.79046418336541024
  0.79291302589662271  0.79549449330333821  0.79786837468443395  0.80018008873734403
  0.80246117359331881  0.80484199346229535  0.80724814024285096  0.80954715749137351
  0.81182138853674224  0.81418331965058777  0.81661581401625571  0.81894254271939382
  0.82124657701405401  0.82369967869647787  0.82629209295202644  0.82892983694649514
  0.83150853549489179  0.83411450559641498  0.83683809165312240  0.83951770073962928
  0.84216946506977552  0.84473399305433849  0.84738463708859868  0.85006493084872392
  0.85292389105563715  0.85588381315014794  0.85892519875362572  0.86200303353220387
  0.86504829691801011  0.86811674474752487  0.87120099528611328  0.87426699904757144
  0.87728807330058201  0.88032277110238000  0.88342305843588742  0.88669342930700479
  0.89030808207410772  0.89405788114140028  0.89790603441001993  0.90186228246038558
  0.90594189703380035  0.91007683086532087  0.91419534128750446  0.91862907872039645
  0.92353864437533240  0.92880547664005608  0.93442639115833270  0.94088859186627594
  0.94861679386399023  0.95825388109081677  0.97239238513692061  1.00000000000000000
 -0.02700723236540786  0.15522109477582990  0.20728501248834152  0.24069240552772925
  0.26469138504233108  0.28432307458453576  0.30228156056586336  0.31894413116778136
  0.33403576585696187  0.34812748404821048  0.36126487713314342  0.37347979739333159
  0.38425179802576526  0.39429061861031101  0.40441292967317050  0.41434227247994321
  0.42379429056688689  0.43296186196801656  0.44241027447355619  0.45158745759227603
  0.45987815323334558  0.46766009656562479  0.47520203654616777  0.48285946209514818
  0.49062886386247323  0.49860725510523812  0.50617316666869361  0.51313927478084720
  0.51974028899543789  0.52572250963278244  0.53187593864370086  0.53784581020340372
  0.54429862263864937  0.55078897277973082  0.55718419228522587  0.56348791281132582
  0.56966569430346525  0.57545308556528429  0.58089818545426242  0.58630077772793010
  0.59188504037631384  0.59753877318110515  0.60312674920815745  0.60875874943285790
  0.61442306382623335  0.61991995150238333  0.62523638900274769  0.63051149550831620
  0.63576952060856684  0.64123383941357115  0.64684871973666103  0.65268396244746207
  0.65856751546968773  0.66408557858726636  0.66937757625328931  0.67439849360635862
  0.67960445915881540  0.68488982552158462  0.68975040014906530  0.69444165557494997
  0.69930138505811257  0.70443995801633330  0.70965130521603048  0.71453356273878021
  0.71912966803635514  0.72374725193993195  0.72827087954575276  0.73287896441402667
  0.73738102728220245  0.74209147239267670  0.74701636463965027  0.75231775335634021
  0.75751328353657610  0.76236586560641662  0.76647793761987637  0.77081910346148430
  0.77529135501902335  0.78017356374989455  0.78562048331216094  0.79120685627086174
  0.79671241288197547  0.80249756824779206  0.80869833566298510  0.81513635304828447
  0.82150331682998712  0.82778184483316986  0.83439799141749627  0.84095451789567910
  0.84748446200725769  0.85462024849841045  0.86397842850292439  0.87563419560975808
  0.89006516468246866  0.90750463844928475  0.93208754783796410  1.00000000000000000
   2.2245908066999998E-008   5.7195616022099997E-004
  <DiscreteSampler_grid>
  Helicity
  1 # 1 for a reference and 2 for a running grid.
  80 # Attribute 'min_bin_probing_points' of the grid.
  1 # Attribute 'grid_mode' of the grid. 1=='default',2=='initialization'
  0.0300000000000000 # Attribute 'small_contrib_threshold' of the grid.
  0.3330000000000000 # Attribute 'damping_power' of the grid.
 # binID   n_entries weight   weight_sqr   abs_weight
    1   2868   2.940816375311112E-007   5.030457290636703E-012   2.940816375311112E-007
    4   6147   5.524133792127292E-007   1.265244821368728E-011   5.524133792127292E-007
    13   5460   5.043890956480398E-007   8.869526842324306E-012   5.043890956480398E-007
    16   1517   1.888832831042093E-007   5.212765371887768E-013   1.888832831042093E-007
  </DiscreteSampler_grid>
  <DiscreteSampler_grid>
  grouped_processes
  1 # 1 for a reference and 2 for a running grid.
  10 # Attribute 'min_bin_probing_points' of the grid.
  1 # Attribute 'grid_mode' of the grid. 1=='default',2=='initialization'
  0.0300000000000000 # Attribute 'small_contrib_threshold' of the grid.
  0.3330000000000000 # Attribute 'damping_power' of the grid.
 # binID   n_entries weight   weight_sqr   abs_weight
    41   10   2.889515823010000E+000   1.264762438550000E+001   2.889515823010000E+000
    40   10   2.889515823010000E+000   1.264762438550000E+001   2.889515823010000E+000
    31   10   2.783912885460000E+000   1.169437403730000E+001   2.783912885460000E+000
    32   10   2.783912885460000E+000   1.169437403730000E+001   2.783912885460000E+000
  </DiscreteSampler_grid>
