  0.00000443173041286  0.00000450561217617  0.00000454639137045  0.00000460760018230
  0.00000478138035386  0.00000489617608463  0.00000503500502943  0.00000519433997279
  0.00000535978897101  0.00000551855413710  0.00000567290640542  0.00000583089586681
  0.00000603352279074  0.00000622449469003  0.00000641384471399  0.00000662500809435
  0.00000682500455857  0.00000702633622925  0.00000726687109378  0.00000749007484482
  0.00000773734135230  0.00000798178925942  0.00000824253544520  0.00000851195209285
  0.00000877385092785  0.00000903386551952  0.00000930286801852  0.00000967535704519
  0.00001016766503692  0.00001070178875898  0.00001124891120459  0.00001179131404051
  0.00001239898638079  0.00001302939787446  0.00001362896548164  0.00001422683349401
  0.00001484224820304  0.00001549075659181  0.00001616089049427  0.00001691027821056
  0.00001776460570282  0.00001866893602511  0.00001951104190044  0.00002041190052065
  0.00002142116450413  0.00002248833570058  0.00002351711395172  0.00002475505625727
  0.00002622578021819  0.00002800293883044  0.00003003181147170  0.00003199164734903
  0.00003391934469904  0.00003620549496821  0.00003835075356033  0.00004049726683098
  0.00004273253172005  0.00004498274115101  0.00004735365627603  0.00005001990956255
  0.00005281383823912  0.00005581505205911  0.00005906149429741  0.00006292698275078
  0.00006736276377940  0.00007269003746149  0.00007823238820920  0.00008384232319975
  0.00008991138074804  0.00009678064138566  0.00010501154305547  0.00011410097485665
  0.00012468504342041  0.00013698869393011  0.00015134554558933  0.00016686049645143
  0.00018255281649427  0.00020072749639137  0.00022180203916384  0.00024644272782802
  0.00027328953433663  0.00030101362939844  0.00033229705725188  0.00036972737208449
  0.00041705966546564  0.00047258141059139  0.00053506037405457  0.00061126134624474
  0.00070285440256422  0.00083575880904882  0.00102095623821707  0.00132590202445246
  0.00180284790485026  0.00287575570128376  0.00636230563265085  1.00000000000000000
 -0.00002108383294560  0.00031422038337118  0.00104865118641396  0.00232942633786404
  0.00410993686878459  0.00640274226177195  0.00914565530360185  0.01215783706842299
  0.01559414006430218  0.01944541329057953  0.02391392850402328  0.02879095643055118
  0.03382560292151018  0.03886895032923905  0.04394674320544500  0.04932821426109688
  0.05511128522414254  0.06123361782206082  0.06800094380857442  0.07541702854062722
  0.08322609407070153  0.09094286833221817  0.09843265909341549  0.10649953150372601
  0.11454807759396206  0.12336546534268945  0.13195726455161727  0.14050443929473680
  0.14868848102607349  0.15676866445346904  0.16556535734513433  0.17494355996485020
  0.18398332725787575  0.19303200439098261  0.20193330447120808  0.21112073374244980
  0.22038620853016541  0.22946117722317524  0.23865813054451585  0.24827111681123060
  0.25763508852953954  0.26702023375113432  0.27656560795958435  0.28645677919789159
  0.29717034463158087  0.30878643852039811  0.32059780655189651  0.33313329290945615
  0.34506321190545131  0.35709936068211762  0.36894283207058554  0.38128624573414455
  0.39462818634695618  0.40839152598944201  0.42207788108027794  0.43622037031284705
  0.45060741541132771  0.46500169538285457  0.47768444646541058  0.49035007295006211
  0.50329825981534138  0.51777687530943739  0.53146791301514551  0.54452764143834953
  0.55731690123332900  0.56950287639476571  0.58219638175804356  0.59574865050932679
  0.60854657794002498  0.62087036408029783  0.63284152471002220  0.64499294408341512
  0.65844754636163338  0.67177375215737101  0.68776207918144427  0.70189752540712014
  0.71606557319892306  0.73057727069782707  0.74537571351130072  0.76070220865948879
  0.77433515221754523  0.78771909794113160  0.80106680556141097  0.81418827618352818
  0.82862840764054091  0.84319305159608327  0.85769203595627275  0.87258290174486208
  0.88781685025838564  0.90287197587941659  0.91757354098100707  0.93291907128824114
  0.94819122600607897  0.96419418349283059  0.98208557626220894  1.00000000000000000
 -0.00078596989729771  0.00744364378043224  0.01567551165872856  0.02589365252861244
  0.03573404505788196  0.04551560542656154  0.05536923095449891  0.06881843158170929
  0.08333394489198136  0.09624117466296273  0.10777425331415627  0.11882038510287121
  0.13020560104427664  0.14214838031437169  0.15435250106654880  0.16610640466089191
  0.17699382060290328  0.18726818398985265  0.19748711728197482  0.20807997634480777
  0.21920714883529094  0.23135038829098545  0.24180269321467185  0.25210595539076336
  0.26181663023134388  0.27183669995798221  0.28237003498532337  0.29207637348309839
  0.30128770370902175  0.31107497051841920  0.32135562640089405  0.33091470188964878
  0.34114086938339194  0.35124271523460010  0.36232757054705539  0.37386585908732595
  0.38583842729773782  0.39675826264994923  0.40641163854227852  0.41632508341744590
  0.42830518072280166  0.44130137692566712  0.45259086533692988  0.46312562593429407
  0.47276348901460169  0.48308706784803462  0.49362033860068349  0.50426707337981724
  0.51468524464530141  0.52516957188082869  0.53674330389837555  0.54935304924002060
  0.56202835690533670  0.57447439733728756  0.58663743037742022  0.59828781365291994
  0.60897983266627653  0.61856637835316108  0.62831545434564950  0.63777805607335336
  0.64720316858818239  0.65531755231827837  0.66322379590221847  0.67085627782843915
  0.67862297073506028  0.68619951451470695  0.69531899995237800  0.70478914267101056
  0.71533945522425180  0.72630834873401373  0.73744267661614482  0.74814963675805701
  0.75843878352807770  0.76870305423229157  0.77924923659515599  0.79018229248931449
  0.80132846257099744  0.81299293973302278  0.82569125268932853  0.83765776675766435
  0.84923974793181889  0.86132075599462465  0.87356309239872587  0.88469746202581800
  0.89464819017641128  0.90452424991143787  0.91490539776060276  0.92585627216001676
  0.93744131754575333  0.94815147931971588  0.95810920972434477  0.96705277056002958
  0.97563630544766522  0.98286359507926724  0.99151181079664485  1.00000000000000000
  0.03365658388475368  0.05204759515002406  0.06696486983494258  0.08038487763112630
  0.09283634686483767  0.10563745654929134  0.12170503481834638  0.13477839447070492
  0.14452712938754814  0.15343255762081487  0.16281095462970727  0.17244995376398384
  0.18224198919967025  0.19121636997640371  0.20094710573257701  0.21052406734341972
  0.22088066688219873  0.23138115983819957  0.24149001136832818  0.25091793554341796
  0.25961028102944278  0.26826959137698686  0.27845423846215306  0.28918386824160114
  0.29915598481752398  0.30810806460262175  0.31764906016388461  0.32756302618922511
  0.33710288231322938  0.34576887082609270  0.35427885617738009  0.36343267584190947
  0.37263646710958659  0.38185998913033109  0.39120447908778855  0.40045652385271746
  0.40937418001061349  0.41695192096369349  0.42461311432532606  0.43230524885071697
  0.44087566563437713  0.44977808050827439  0.45871082250120898  0.46805437981517267
  0.47760530254446332  0.48639259393777678  0.49518752587827947  0.50363747613030052
  0.51254695245985527  0.52099434905553832  0.52899288009917123  0.53653468939290772
  0.54447698803577582  0.55243006632792557  0.56064990232065326  0.56935041797304220
  0.57823549232973648  0.58762940953346487  0.59688556634402712  0.60534170129919906
  0.61272774584354384  0.62044265446077995  0.62829429021484429  0.63642684160899765
  0.64459018958587633  0.65223558710556440  0.65997990755665437  0.66739937332170018
  0.67575844007441144  0.68422088515987345  0.69274283055386787  0.70043453208927864
  0.70795052042161788  0.71622507780243638  0.72490014335616393  0.73382803845274869
  0.74305576793580064  0.75223184464155246  0.76275016860067135  0.77388256969578384
  0.78607770916700892  0.79930316688151370  0.81230339184277467  0.82125932232188514
  0.82940767064682352  0.83775462263704070  0.84745793108891665  0.86224656657658882
  0.87537961158173705  0.88837682118395644  0.90271967775641038  0.91576486551041802
  0.93196044495515762  0.94470106572049972  0.95706280039550307  1.00000000000000000
  0.00468977721038135  0.00872058042275731  0.01775173854054790  0.02801636735741154
  0.03795455986805205  0.04829516683602121  0.05912368479119333  0.06990611344240426
  0.08050318763742108  0.09132991619090614  0.10297279333059485  0.11451910572556222
  0.12479824757326176  0.13451756836723328  0.14432840430015323  0.15575603269103258
  0.16685851898446741  0.17725058055300905  0.18727926288448710  0.19689751163083444
  0.20652505878211691  0.21540022621553856  0.22386960037012243  0.23239338732279960
  0.24106897239032138  0.25054523507599930  0.26126451172784138  0.27094860886756061
  0.27952884899056080  0.28747540230714425  0.29678737374429975  0.30635094656973705
  0.31572733284644439  0.32475951850151713  0.33363607875356971  0.34358448513825740
  0.35358629372419048  0.36421245096998794  0.37492907134999504  0.38612777635319029
  0.39658688904900091  0.40647939349146239  0.41724620578651511  0.42818011094373104
  0.43944578505877152  0.45044881401467257  0.46260891774226748  0.47356958636258162
  0.48459868849165910  0.49493925201186806  0.50651864113556200  0.51763741750794978
  0.52816678131544281  0.53910232446706430  0.54988419616866036  0.56331438925380284
  0.57722114977008743  0.59156219255951803  0.60534329883082294  0.61906665159293506
  0.63116706035396963  0.64089174984168373  0.65119120498476635  0.66168770950222411
  0.67274582045135811  0.68268622808769530  0.69248023195056907  0.70217118364720132
  0.71220648578835799  0.72169110944166881  0.73180620779749050  0.74234504920658495
  0.75414069704894848  0.76629023270765939  0.77789889045597227  0.78883344049291504
  0.79939087454147395  0.80987063109852475  0.82016436895019440  0.83085894610096056
  0.84288285744060842  0.85471798381456576  0.86419930714461768  0.87235688583084114
  0.88081318955062027  0.89025771452215807  0.90133361880522078  0.91338084554587029
  0.92440998103500260  0.93566144411770547  0.94548587218025859  0.95532200633590347
  0.96576526746422586  0.97569043777741515  0.98766515765372964  1.00000000000000000
  0.71159742458793607  0.71299708218510671  0.71481638987499119  0.71657132794700895
  0.71832072081918175  0.72005406855272991  0.72171352343054695  0.72333855025870220
  0.72502070744524871  0.72662599483387480  0.72837171177826754  0.73036675744518620
  0.73253884479222320  0.73484776904743443  0.73713210551894170  0.73924362000069266
  0.74114155892628963  0.74293264520555957  0.74479472249508416  0.74661689492712469
  0.74859113382146369  0.75058586311534525  0.75265103722137516  0.75472775694975802
  0.75668719176984833  0.75851536596109137  0.76036187273335265  0.76231270929680695
  0.76439027214359567  0.76653602467971782  0.76859095828459578  0.77047695503210800
  0.77229509140626096  0.77406620947023808  0.77592121828725158  0.77806016508792852
  0.78011824112973915  0.78212826070101327  0.78399706794983970  0.78582414515696131
  0.78778883452725024  0.78988871216134759  0.79216374098723275  0.79462167791908334
  0.79686950127047929  0.79937253193216040  0.80174507537531137  0.80443469785744726
  0.80685967551265492  0.80927363234597149  0.81148314346684458  0.81404217935897649
  0.81679667557486657  0.81982574262808605  0.82258794162409710  0.82526789070515361
  0.82789571751670066  0.83050871600918186  0.83306668462152889  0.83568160496584298
  0.83827033704717324  0.84079372008322750  0.84331415605239335  0.84596788384364330
  0.84886028842120409  0.85183923936717265  0.85474949833931757  0.85769705561930476
  0.86077895046369046  0.86390168371329668  0.86691285901854942  0.86983306341758659
  0.87274496334029195  0.87589766727545737  0.87929783349347201  0.88283542993637487
  0.88601039784263291  0.88917542961577523  0.89239510065448280  0.89576876268076566
  0.89951871495108560  0.90381984018123307  0.90815408365643502  0.91238915556701150
  0.91724207307672467  0.92206988230583253  0.92679893882745712  0.93143278536995089
  0.93670947388307013  0.94298511774878335  0.94979260522122311  0.95667521308046632
  0.96416532002979793  0.97294540596313150  0.98403205585437303  1.00000000000000000
 -0.01807605834545210  0.13351664401214766  0.18218929064191133  0.21451607320949320
  0.23852091906511391  0.25726387883997193  0.27393362934455123  0.29143979993660335
  0.30828242218800839  0.32419250327424604  0.33883712309351433  0.35238207301625213
  0.36433503036648068  0.37606134795669738  0.38713452424138345  0.39841020779351116
  0.40766513206257027  0.41660654135740444  0.42496918868570854  0.43346449429584094
  0.44278937564866366  0.45206035489617696  0.45996532014544927  0.46689084631672600
  0.47353760915261317  0.48024006564215649  0.48689688519719343  0.49309352515350985
  0.49865613272344955  0.50388013938603871  0.50926296563329421  0.51525574467092750
  0.52206193012719249  0.52960645037957199  0.53667718230651729  0.54381470633057760
  0.55099626001761748  0.55839696073283418  0.56521453031045699  0.57092635024851579
  0.57675029382896914  0.58254390191551786  0.58848923648005513  0.59443312113415725
  0.60046450549979435  0.60670093300924521  0.61332902455554106  0.61977020352725098
  0.62603955571915093  0.63193110618930914  0.63784809253290820  0.64349568987375971
  0.64814930507498447  0.65228834287838311  0.65642639658516133  0.66066029773660873
  0.66537769330661334  0.67056866278961180  0.67590767153496933  0.68120710523116079
  0.68644425464911774  0.69161759901830255  0.69691293861852277  0.70215413616234501
  0.70745657908070614  0.71279882782786008  0.71822419120125536  0.72365069030773044
  0.72907981882220918  0.73459085088367937  0.74014617173277675  0.74555784503899702
  0.75076827039629968  0.75627457378349527  0.76131951814459975  0.76637797917173067
  0.77154058914755919  0.77683989539362197  0.78209435877204270  0.78733618600342614
  0.79298744128949750  0.79906377256501648  0.80532582556961474  0.81171676911974666
  0.81820567576862657  0.82482771506763553  0.83185951763932520  0.84005255533112055
  0.84947366411906600  0.85921288364405746  0.86966983047613988  0.88076477241628048
  0.89507324580271319  0.91284247823274545  0.93983865689699786  1.00000000000000000
   2.3550890945500001E-007   6.0417366666700003E-003
  <DiscreteSampler_grid>
  Helicity
  1 # 1 for a reference and 2 for a running grid.
  80 # Attribute 'min_bin_probing_points' of the grid.
  1 # Attribute 'grid_mode' of the grid. 1=='default',2=='initialization'
  0.0300000000000000 # Attribute 'small_contrib_threshold' of the grid.
  0.3330000000000000 # Attribute 'damping_power' of the grid.
 # binID   n_entries weight   weight_sqr   abs_weight
    1   1321   3.146082050614738E-006   3.419017030875334E-010   3.146082050614738E-006
    2   326   6.211886346540958E-007   1.470529790038642E-011   6.211886346540958E-007
    3   408   1.143958293594617E-006   3.928881874124308E-011   1.143958293594617E-006
    4   1179   2.804709203637907E-006   3.014587658181911E-010   2.804709203637907E-006
    13   1385   3.219010047581534E-006   7.148534249332150E-010   3.219010047581534E-006
    14   509   1.200655609314766E-006   6.307596219897525E-011   1.200655609314766E-006
    15   190   6.340202454927624E-007   1.707564204553386E-011   6.340202454927624E-007
    16   1733   3.570277527622834E-006   4.814914154331301E-010   3.570277527622834E-006
  </DiscreteSampler_grid>
  <DiscreteSampler_grid>
  grouped_processes
  1 # 1 for a reference and 2 for a running grid.
  10 # Attribute 'min_bin_probing_points' of the grid.
  1 # Attribute 'grid_mode' of the grid. 1=='default',2=='initialization'
  0.0300000000000000 # Attribute 'small_contrib_threshold' of the grid.
  0.3330000000000000 # Attribute 'damping_power' of the grid.
 # binID   n_entries weight   weight_sqr   abs_weight
    10   10   4.477575356410000E+001   4.769712478630000E+003   4.477575356410000E+001
    11   10   4.477575356410000E+001   4.769712478630000E+003   4.477575356410000E+001
  </DiscreteSampler_grid>
