     
 Soft #          30
 ME*wgt:
   1.0049918142118304        1.2993208008070418E-014   1.2928670486993373E-014
   1.0000026701066738        1.2928705007922724E-014   1.2928670486993373E-014
  0.99999578915669896        1.2928616046387861E-014   1.2928670486993373E-014
  0.99999953380536932        1.2928664459716610E-014   1.2928670486993373E-014
  0.99999996150729509        1.2928669989333874E-014   1.2928670486993373E-014
  0.99999993600957171        1.2928669659682212E-014   1.2928670486993373E-014
  0.99999922554169030        1.2928660474277080E-014   1.2928670486993373E-014
   1.0000006849694125        1.2928679342737200E-014   1.2928670486993373E-014
   1.0000000004989380        1.2928670493443978E-014   1.2928670486993373E-014
   1.0000000000498939        1.2928670487638435E-014   1.2928670486993373E-014
 wgt:
   1.1111111111111112        8.9200166577780553E-003   8.0280149920002493E-003
   1.0101010101010102        8.1091060525255044E-003   8.0280149920002493E-003
   1.0010010010010009        8.0360510430432918E-003   8.0280149920002493E-003
   1.0001000100010000        8.0288178737876279E-003   8.0280149920002493E-003
   1.0000100001000007        8.0280952729529769E-003   8.0280149920002493E-003
   1.0000010000009998        8.0280230200232682E-003   8.0280149920002493E-003
   1.0000001000000101        8.0280157948018297E-003   8.0280149920002493E-003
   1.0000000100000002        8.0280150722803999E-003   8.0280149920002493E-003
   1.0000000009999999        8.0280150000282633E-003   8.0280149920002493E-003
   1.0000000001000000        8.0280149928030516E-003   8.0280149920002493E-003
     
 Soft #          77
 ME*wgt:
   1.0048749845911256        3.0219063192327214E-012   3.0072460411205355E-012
  0.99998574179502309        3.0072031631900651E-012   3.0072460411205355E-012
  0.99999400775923852        3.0072280209782280E-012   3.0072460411205355E-012
  0.99999940056023928        3.0072442384576882E-012   3.0072460411205355E-012
  0.99999524988467459        3.0072317563550284E-012   3.0072460411205355E-012
  0.99999301515413397        3.0072250359704569E-012   3.0072460411205355E-012
  0.99983418476859709        3.0067473939223417E-012   3.0072460411205355E-012
   1.0020358857769611        3.0133684505634752E-012   3.0072460411205355E-012
   1.0000000004999556        3.0072460426240251E-012   3.0072460411205355E-012
   1.0000000000499953        3.0072460412708840E-012   3.0072460411205355E-012
 wgt:
   1.1111111111111114        4.2188253037288965E-004   3.7969427733560058E-004
   1.0101010101010102        3.8352957306626325E-004   3.7969427733560058E-004
   1.0010010010010009        3.8007435168728785E-004   3.7969427733560058E-004
   1.0001000100010002        3.7973225056065672E-004   3.7969427733560058E-004
   1.0000100001000010        3.7969807431634375E-004   3.7969427733560058E-004
   1.0000010000010000        3.7969465703025765E-004   3.7969427733560058E-004
   1.0000001000000101        3.7969431530503217E-004   3.7969427733560058E-004
   1.0000000100000004        3.7969428113254349E-004   3.7969427733560058E-004
   1.0000000010000001        3.7969427771529491E-004   3.7969427733560058E-004
   1.0000000001000000        3.7969427737357005E-004   3.7969427733560058E-004
     
 Collinear #          44
 ME*wgt:
   53.500907845851593        1.5817903676113942E-015   2.9565673393223451E-017
   1.1137697474640045        3.2929352588773722E-017   2.9565673393223451E-017
  0.99812981160048120        2.9510380013819484E-017   2.9565673393223451E-017
  0.99723640513212108        2.9483965849968556E-017   2.9565673393223451E-017
  0.99893952108151340        2.9534319619879079E-017   2.9565673393223451E-017
  0.99964402498192140        2.9555148752102793E-017   2.9565673393223451E-017
  0.99981646572726857        2.9560247078859412E-017   2.9565673393223451E-017
   1.0008832685801625        2.9591787823583029E-017   2.9565673393223451E-017
   1.0000000000000542        2.9565673393225054E-017   2.9565673393223451E-017
   1.0000000000000051        2.9565673393223599E-017   2.9565673393223451E-017
 wgt:
   1.0000054200436137        3.4439095176861398E-004   3.4438908516475227E-004
   1.0000005420023785        3.4438927182445553E-004   3.4438908516475227E-004
   1.0000000542002179        3.4438910383071574E-004   3.4438908516475227E-004
   1.0000000054200215        3.4438908703134850E-004   3.4438908516475227E-004
   1.0000000005420022        3.4438908535141193E-004   3.4438908516475227E-004
   1.0000000000542004        3.4438908518341827E-004   3.4438908516475227E-004
   1.0000000000054199        3.4438908516661883E-004   3.4438908516475227E-004
   1.0000000000005420        3.4438908516493892E-004   3.4438908516475227E-004
   1.0000000000000542        3.4438908516477092E-004   3.4438908516475227E-004
   1.0000000000000051        3.4438908516475400E-004   3.4438908516475227E-004
