     
 Soft #          44
 ME*wgt:
   1.0390580881550748        4.0331334903589093E-012   3.8815284114866369E-012
   1.0012970571940725        3.8865629758367526E-012   3.8815284114866369E-012
  0.99999284632800101        3.8815006443055262E-012   3.8815284114866369E-012
  0.99999733516888689        3.8815180678689594E-012   3.8815284114866369E-012
  0.99999971310219571        3.8815272978846584E-012   3.8815284114866369E-012
  0.99999997192287171        3.8815283025044660E-012   3.8815284114866369E-012
  0.99999998256683653        3.8815283438193175E-012   3.8815284114866369E-012
   1.0000001539568415        3.8815290090744914E-012   3.8815284114866369E-012
   1.0000000005300418        3.8815284135440096E-012   3.8815284114866369E-012
   1.0000000000530036        3.8815284116923722E-012   3.8815284114866369E-012
 wgt:
   1.1111111111111112       0.10563124060273314        9.5068116542459821E-002
   1.0101010101010102        9.6028400547939222E-002   9.5068116542459821E-002
   1.0010010010010006        9.5163279822282079E-002   9.5068116542459821E-002
   1.0001000100010000        9.5077624304890293E-002   9.5068116542459821E-002
   1.0000100001000010        9.5069067233132146E-002   9.5068116542459821E-002
   1.0000010000009998        9.5068211610671416E-002   9.5068116542459821E-002
   1.0000001000000101        9.5068126049272436E-002   9.5068116542459821E-002
   1.0000000100000004        9.5068117493141022E-002   9.5068116542459821E-002
   1.0000000010000001        9.5068116637527955E-002   9.5068116542459821E-002
   1.0000000000999998        9.5068116551966619E-002   9.5068116542459821E-002
     
 Soft #          69
 ME*wgt:
   1.0057701814371574        3.0415672631398293E-014   3.0241175561535308E-014
   1.0000464188600029        3.0242579322430022E-014   3.0241175561535308E-014
  0.99999970253462278        3.0241166565832614E-014   3.0241175561535308E-014
  0.99999992131850424        3.0241173182114380E-014   3.0241175561535308E-014
  0.99999999305420617        3.0241175351486338E-014   3.0241175561535308E-014
  0.99999999652684790        3.0241175456503105E-014   3.0241175561535308E-014
   1.0000000658796608        3.0241177553813698E-014   3.0241175561535308E-014
  0.99999988262572936        3.0241172011999385E-014   3.0241175561535308E-014
   1.0000000004959237        3.0241175576532627E-014   3.0241175561535308E-014
   1.0000000000495923        3.0241175563035040E-014   3.0241175561535308E-014
 wgt:
   1.1111111111111112        2.7216384597668907E-002   2.4494746137902014E-002
   1.0101010101010106        2.4742167816062650E-002   2.4494746137902014E-002
   1.0010010010010011        2.4519265403305322E-002   2.4494746137902014E-002
   1.0001000100010002        2.4497195857487764E-002   2.4494746137902014E-002
   1.0000100001000010        2.4494991087812890E-002   2.4494746137902014E-002
   1.0000010000010000        2.4494770632672649E-002   2.4494746137902014E-002
   1.0000001000000103        2.4494748587376880E-002   2.4494746137902014E-002
   1.0000000100000004        2.4494746382849486E-002   2.4494746137902014E-002
   1.0000000010000001        2.4494746162396764E-002   2.4494746137902014E-002
   1.0000000001000000        2.4494746140351489E-002   2.4494746137902014E-002
     
 Soft #          23
 ME*wgt:
   1.0054801450961353        5.7505302064357338E-017   5.7191882251299130E-017
   1.0000438439114561        5.7194389767120566E-017   5.7191882251299130E-017
  0.99999982524023012        5.7191872256458948E-017   5.7191882251299130E-017
  0.99999884461068156        5.7191816172409273E-017   5.7191882251299130E-017
  0.99998834585347529        5.7191215728723353E-017   5.7191882251299130E-017
  0.99998696612808302        5.7191136819631175E-017   5.7191882251299130E-017
  0.99973623053114069        5.7176796778894638E-017   5.7191882251299130E-017
   1.0064063624170538        5.7558274176314418E-017   5.7191882251299130E-017
   1.0000000004999996        5.7191882279895042E-017   5.7191882251299130E-017
   1.0000000000499998        5.7191882254158714E-017   5.7191882251299130E-017
 wgt:
   1.1111111111111114        5.4182979327730351E-005   4.8764681394957307E-005
   1.0101010101010099        4.9257253934300304E-005   4.8764681394957307E-005
   1.0010010010010009        4.8813494889847149E-005   4.8764681394957307E-005
   1.0001000100009998        4.8769558350792373E-005   4.8764681394957307E-005
   1.0000100001000007        4.8765169046647765E-005   4.8764681394957307E-005
   1.0000010000010000        4.8764730159687469E-005   4.8764681394957307E-005
   1.0000001000000103        4.8764686271425947E-005   4.8764681394957307E-005
   1.0000000100000002        4.8764681882604129E-005   4.8764681394957307E-005
   1.0000000009999999        4.8764681443721976E-005   4.8764681394957307E-005
   1.0000000001000000        4.8764681399833770E-005   4.8764681394957307E-005
     
 Collinear #          77
 ME*wgt:
   1.1164283335249012        5.6640229885529220E-016   5.0733422096785131E-016
   1.0115874029682022        5.1321290702576471E-016   5.0733422096785131E-016
   1.0009890830958497        5.0783601666975665E-016   5.0733422096785131E-016
   1.0000331326110576        5.0735103027527091E-016   5.0733422096785131E-016
  0.99998204551817860        5.0732511204480359E-016   5.0733422096785131E-016
  0.99999145971186343        5.0732988818742268E-016   5.0733422096785131E-016
  0.99999700792482416        5.0733270298572287E-016   5.0733422096785131E-016
  0.99999781162455625        5.0733311073010037E-016   5.0733422096785131E-016
   1.0000000004535203        5.0733422119793768E-016   5.0733422096785131E-016
   1.0000000000453511        5.0733422099085942E-016   5.0733422096785131E-016
 wgt:
   1.0009822091280707       0.15830705465914263       0.15815171659947858     
   1.0000940611729894       0.15816659253545221       0.15815171659947858     
   1.0000093664348655       0.15815319791723095       0.15815171659947858     
   1.0000009362484892       0.15815186466878431       0.15815171659947858     
   1.0000000936209008       0.15815173140578476       0.15815171659947858     
   1.0000000093620507       0.15815171808010298       0.15815171659947858     
   1.0000000009362049       0.15815171674754097       0.15815171659947858     
   1.0000000000936204       0.15815171661428482       0.15815171659947858     
   1.0000000000093623       0.15815171660095922       0.15815171659947858     
   1.0000000000009364       0.15815171659962668       0.15815171659947858     
