   0.0000000000000000        0.0000000000000000        0.0000000000000000        0.0000000000000000        0.0000000000000000        0.0000000000000000        0.0000000000000000        0.0000000000000000        0.0000000000000000        0.0000000000000000     
   3.2140996844206784E-004   7.8784926243608564E-004   1.1397823351268531E-002   1.5705495255374374E-002   7.6887406353958439E-003  0.92177418400054767       0.20304010351047752        6.0287706475129488E-002   6.2977308993683572E-003   1.4960018189925244E-002
   1.1103981212461886        1.2242256004847818       0.42348464209390074       0.58373190159480881       0.55002603576198339       0.40006475591636842       0.42877878868722313       0.40006475591636842       0.48680235930191912       0.51018165485070510     
   6.4797086087040653E-004   1.5838487995953215E-003   2.1781176498330408E-002   3.0090373181268330E-002   1.5460632566478850E-002  0.95962379073057424       0.27458071320695077       0.10066352496330200        1.2667467838982618E-002   2.9834943579165572E-002
   1.1855390910490555       0.89290007624566914       0.42129162425020938       0.71934438312890980       0.56721068175485645       0.40006475591636842       0.48434967854126248       0.45215389753627505       0.64444787088051070       0.52880330208716697     
   9.9065178899958436E-004   2.4103465566882834E-003   3.0746073880150934E-002   4.2137108480216824E-002   2.3473583136346562E-002  0.97727295199320430       0.31928084902817122       0.13445785840342134        1.8992511305954966E-002   4.5001668618934149E-002
  0.63008934499314628        1.0620884097087397       0.51055458841888079       0.81776450710860016       0.58900449814906297       0.40006475591636842       0.51590952406176627       0.46174206509618654       0.76839434631217207       0.60327846934654761     
   1.3943397927949192E-003   3.3554177751032939E-003   3.9333685483467003E-002   5.3113353117256693E-002   3.1616357837234883E-002  0.98045017594525985       0.35492249290700911       0.16253289665102327        2.5730986173000573E-002   5.9527341152981167E-002
  0.66144188724714015       0.80770704050562447       0.50993710109182344       0.92088796385430161       0.53323121271245233       0.48411783303172562       0.64109422272558481       0.49865323563126057       0.82899059857874946       0.61206997237657412     
   1.8490565812421384E-003   4.4228914486148380E-003   4.7766317865056751E-002   6.3297507375094805E-002   4.0572992862878243E-002  0.98226635212163538       0.37535870222148215       0.18713354302637161        3.2732698892936694E-002   7.4744271317283756E-002
  0.77400127196845614       0.78840489219142862       0.49081498978136912       0.69108547769170192       0.53193117798771949       0.52831694477444202       0.57968493144183919       0.53830170642569120       0.86774468132500626       0.73490310248520763     
   2.3414860829229643E-003   5.5647630186352551E-003   5.6377201152565587E-002   7.2657270640075405E-002   5.0371843707780070E-002  0.98356641461195127       0.38936668974246619       0.20433433854680741        3.9583678663536320E-002   9.0986513083599910E-002
  0.68518761912261450       0.76629684145171717       0.51281378523939980       0.63971838679697968       0.51864025535545755       0.44211274829169944       0.49602351218971852       0.61230034770417252       0.77146696512977353       0.52562342051623456     
   2.9819212567898682E-003   6.9844061596657687E-003   6.5756110448312657E-002   8.1483353558352914E-002   6.0110176077141621E-002  0.98456314799727707       0.40167504727306036       0.22061409178538463        4.6315781478420394E-002  0.10717973103259371     
  0.74083449326692097       0.75360761956559075       0.53046709381348400       0.70996554394910483       0.67210141692991876       0.60276756440712265       0.46010445346306533       0.63894535997079849       0.67976767243944458       0.69229510442046049     
   3.7126252658707826E-003   8.6349760248541196E-003   7.5296403997494751E-002   9.0127071988953769E-002   6.9339300420753591E-002  0.98537665931701668       0.41393892125115178       0.23519952058752169        5.3258624403281760E-002  0.12232747741961421     
  0.79573052818572076       0.63636902003284812       0.44496268537667705       0.71170101324116375       0.66831813286570740       0.46045897526332441       0.64559981163111402       0.53223899216187498       0.69604706895377400       0.56859837390840351     
   4.5773010544326240E-003   1.0563213858043343E-002   8.3726431578100780E-002   9.8230010897904826E-002   7.8550427945957790E-002  0.98611941132178904       0.42581737682932841       0.24939879339902368        6.0510238352319841E-002  0.13783494369552979     
  0.66925547758737791       0.82286172610825881       0.59229112201825063       0.66471121736464434       0.61227002552011789       0.53147531514815705       0.55388906029689411       0.48948782778082528       0.63014856808920816       0.50352266071583762     
   5.6027811075330504E-003   1.2952980263931217E-002   9.1628684589564066E-002  0.10619758808610566        8.8215819413335381E-002  0.98685357789134343       0.43676330125267238       0.26350251243194317        6.8677289810052944E-002  0.15390973567950611     
  0.77137552069590898       0.71708054712965752       0.53927080200479449       0.66120185864439340       0.68915934518529476       0.57215975382159212       0.50339005704906747       0.60065505116960616       0.85437902896646389       0.63210395886429027     
   6.7398558099082745E-003   1.5624437914280982E-002  0.10007798943358517       0.11432748112846640        9.9054644690402482E-002  0.98748379523352725       0.44700710840459923       0.27851618590245830        7.7502173380925202E-002  0.17210674117574853     
  0.55331914340918242       0.73551800458440797       0.49836703092186607       0.59895557099465679       0.48298804229642017       0.52788861025307510       0.54057317152033657       0.49551184263101938       0.68719423472475516       0.70116480743798937     
   7.9472331415045370E-003   1.8880788134559040E-002  0.11272392205463375       0.12290401966678445       0.11105861985833269       0.98804147817334464       0.45711478017179241       0.29309756817283322        8.6937548921135616E-002  0.19112054721382049     
  0.59597459353222071       0.69669703716291476       0.53939949865659931       0.64248153067409286       0.56021845698363693       0.65073353110930143       0.51359281366962406       0.57451440186990166       0.66873635642272211       0.55184508125018850     
   9.4229122935714678E-003   2.2734195422108631E-002  0.12416380793953109       0.13136350205151284       0.12346549065072857       0.98853584242944625       0.46749648299611951       0.30708323445680008        9.6978058945865267E-002  0.20945323937195509     
  0.70176060921272188       0.54318624000926852       0.49368229943215947       0.66263634876152755       0.51762329535304441       0.56356611107086996       0.54358558168080440       0.61746790509460092       0.72554161206059009       0.50391276891419767     
   1.1183978441230617E-002   2.7023091431052977E-002  0.13457117035450064       0.14005733662395417       0.13546303212537320       0.98899790584677449       0.47859375440535923       0.32094260508515404       0.10767902782508498       0.22720541982111375     
  0.67887157854958791       0.56550679248796043       0.54632866410757597       0.71935409929133876       0.72709914803733111       0.57073800628780147       0.74583669146191889       0.61672323815177588       0.59747531299734979       0.45275419720125859     
   1.3201136015838054E-002   3.1724692950396753E-002  0.14481476725768350       0.14880978302770470       0.14667212182807321       0.98942104778467233       0.49029699826680195       0.33404268151138461       0.11952094358206898       0.24388315144280484     
  0.50522065278933936       0.62531175784440307       0.49689518306179981       0.50148377395089272       0.57147240964229706       0.61580727764702614       0.75194793301484064       0.65368201102476076       0.88514934443503246       0.54013755703459265     
   1.5571153327513580E-002   3.6831309840958316E-002  0.15625018148769693       0.15710285345998409       0.15833187463975243       0.98983249067809764       0.50166189300125741       0.34617637789565014       0.13012829348014751       0.25984806520115644     
  0.86885228456606567       0.57545525831545641       0.43083399547030310       0.55183796911650618       0.58119989606695011       0.63235529629627574       0.55740058459507669       0.64323547730400699       0.58998146276070751       0.58698772422439471     
   1.8165748720596120E-002   4.2350516170634483E-002  0.16730057030683482       0.16452818257260471       0.17109048719561012       0.99022518149673378       0.51259581219686690       0.35791959910073595       0.13791016807255724       0.27474825434347960     
  0.53522238489040097       0.51439874486746517       0.47907449365168941       0.56871831184178623       0.50571849253539125       0.64349884578358962       0.57293956877659924       0.57274296561242521       0.60453175889877497       0.55227484558815254     
   2.0983846970401059E-002   4.8409258624568685E-002  0.18171583305868916       0.17116548979083185       0.18635465321550598       0.99060531828159926       0.52382637378863128       0.36968684647894018       0.14557421901866782       0.28908215359473793     
  0.86792914964634882       0.60730047123320596       0.61256475370991681       0.43748114315195569       0.74353238075689310       0.68071170902990052       0.68332680640445953       0.70000325437186439       0.51495880229054736       0.61100307630964368     
   2.4013742353334609E-002   5.5187105821584780E-002  0.19693557273715856       0.17745778192442588       0.20390463635792022       0.99096166826046539       0.53531323799922392       0.38208105467352121       0.15315798595621638       0.30570962620936415     
  0.67385014170779989       0.56493769879248312       0.60305792134748637       0.51168290720417509       0.57270347463827942       0.67347693614518078       0.75834843694443921       0.61818280655842150       0.52162406599681466       0.53733389353319372     
   2.7224069581890716E-002   6.2497164660597904E-002  0.21073632869985992       0.18540783673989664       0.22321652994049354       0.99129174936476083       0.54647370435706033       0.39538969348057507       0.16134341720290682       0.32169067459048156     
  0.59518920126870578       0.67166964769361681       0.65905211693265175       0.48069356271106028       0.50721393801737213       0.71767322248190946       0.64981311104164408       0.58736277471842757       0.59397052776008441       0.52778427191819877     
   3.0371043496728749E-002   6.9960063569304329E-002  0.22407658358092944       0.19381729050496599       0.24385783998483460       0.99159412398379754       0.55716720047384283       0.40876514223280452       0.16936581048693822       0.33715206632340694     
  0.52987104536716623       0.51354716623685592       0.54301934588353762       0.56224410790279788       0.64404005495427485       0.53963929650290932       0.83081416831645849       0.64467622855942275       0.49253748922263446       0.62151410398293649     
   3.3477751909977385E-002   7.6917574118829532E-002  0.23671581050539792       0.20270332411561046       0.26250638217934902       0.99188021026640061       0.56749890263441327       0.42164185712555990       0.17658731276881984       0.35212634455160513     
  0.59735466923562075       0.61350455224266853       0.51868913963712371       0.68149705250985404       0.50224652278331539       0.54282344491004375       0.67795638208496989       0.63071888339247617       0.54728331001767261       0.52410887456307698     
   3.6835869112907649E-002   8.2714493568572800E-002  0.24906277103653163       0.21186122575209831       0.27837916829830639       0.99215976104136794       0.57770190973148061       0.43448739588687002       0.18395382194581755       0.36616769222679235     
  0.50138642955910673       0.49931113690334022       0.52506610397023590       0.50489489516089003       0.52366893400378234       0.62124697538312701       0.83353432928926263       0.69799268946300674       0.49115353315337373       0.74058492529463060     
   4.0645341313354316E-002   8.8306993630933056E-002  0.26477685093348635       0.22108728362458263       0.29344731072769303       0.99243003664224771       0.58755962380730209       0.44759759953274297       0.19411907124251568       0.37987587815986645     
  0.57639693664087266       0.49035768574236910       0.52728066256146855       0.47097124205917218       0.58672718442947203       0.53805007212758793       0.74971948423026313       0.59901561050190832       0.68023180533574124       0.66368717934522015     
   4.4849836192458185E-002   9.3997403225432985E-002  0.28332708464990658       0.23049453351549481       0.30953635923381934       0.99269485356696852       0.59757412064542936       0.46037459663010821       0.20561084633248344       0.39281821122385524     
  0.62684639383346408       0.42843728327381175       0.74575740003182822       0.55500536287443214       0.53793640813322308       0.67038553824973157       0.65096271904165925       0.54266529913440098       0.52745095402178954       0.54566882138432793     
   4.8929752469953944E-002   9.9739152034121467E-002  0.30094965231793169       0.24009705906847145       0.32822101129738124       0.99295403143661465       0.60557840413990927       0.47330397197005347       0.21400625460388878       0.40688520118099419     
  0.46550596102541947       0.49659417128170824       0.65578565730795957       0.65885296931858006       0.54567842305440628       0.63373840092664069       0.64046315361192441       0.67803984548900786       0.46460662972488520       0.62994159884746104     
   5.2477682613903925E-002  0.10695994797937525       0.31846962462612649       0.25011923190624041       0.34984245636070921       0.99320578158476880       0.61113985968925066       0.48614809717201629       0.22071384982271139       0.42015339827344539     
  0.55714985524377836       0.58239235106572906       0.55745398598071683       0.62894953002237597       0.49775458480474771       0.54188413000461433       0.46694234288270381       0.79511353890131475       0.47980847577724400       0.64548542410684362     
   5.5752009962045782E-002  0.11485857845215722       0.33795060533406712       0.26058347448756031       0.37208311673201966       0.99345320361469824       0.61558442557687831       0.49933600951359181       0.22834256031178299       0.43409947925149528     
  0.53338363683464507       0.54561420084929713       0.67560876729480068       0.62535114931382174       0.55098078785421289       0.66162123184166433       0.53989281007554546       0.62049285421888412       0.45315092044147381       0.62181277963067105     
   5.9155821902000222E-002  0.12231045073369229       0.35774429133208163       0.26852112019006869       0.39437601290106161       0.99369142732936078       0.61994849050499412       0.51182262217399377       0.24249713242565729       0.44799912223313731     
  0.58111948374788580       0.50245089595293313       0.61349416534895362       0.67182862978506519       0.62437569862500730       0.51781284525472604       0.64043876501759522       0.57640029526431358       0.60002597784154543       0.47700876802848208     
   6.2974916568107539E-002  0.12969572561167628       0.37708640510209113       0.27687364705821421       0.41634807230283533       0.99391579252590090       0.62428611747729423       0.52602376807140316       0.26090500970090957       0.46345335658607451     
  0.42732064091542754       0.49944317639332281       0.66420384592518256       0.53052016951591441       0.54397111030674772       0.54181260931999131       0.55472296098630169       0.58866615932639843       0.61519610609968123       0.62373301803105630     
   6.7392399487543692E-002  0.13697348527232819       0.39604851627875209       0.28632716627630489       0.44026860455684197       0.99412501891082694       0.62926004689517090       0.54109645676153628       0.27943650195635156       0.48074555668220331     
  0.46039957673511228       0.53630722744033488       0.72845061749453821       0.49080140112543691       0.60229464620280027       0.62804112357702402       0.49328258216530568       0.71624664487127188       0.50629591906690807       0.60319009662385581     
   7.2144526341587564E-002  0.14412201971330535       0.41522520497068360       0.29652346603606500       0.46211515146851506       0.99432429599535221       0.63424374308594034       0.55605611372705266       0.29919733141824406       0.49801232428030190     
  0.82065591140642580       0.54692922107502939       0.48179848402111813       0.57973420852472612       0.56488412663000931       0.60302244223123880       0.55679344626170724       0.78194665490993864       0.68412035977760743       0.60249113902697993     
   7.7429372738643018E-002  0.15096400103418184       0.43483191467219456       0.30614361288296199       0.48198104896385863       0.99450840773388061       0.63846072520223651       0.57059625302548889       0.31714152480514624       0.51470364432526128     
  0.50452374196015937       0.51392307545560201       0.68732720147415582       0.49321910071169733       0.47426152636127794       0.61087809976395924       0.49629993888677909       0.59563804383633501       0.55714896176358908       0.53902354502408745     
   8.2927691543675644E-002  0.15863005752987674       0.45475917083892298       0.31458445746065811       0.51004138318864356       0.99468307622690921       0.64318924064413818       0.58468046891719239       0.33371868899975166       0.53094708764728460     
  0.51970464905247860       0.45513766743424555       0.61474900133061072       0.51050459465100195       0.73687942547195784       0.70702975928328515       0.67781912154005253       0.70437795467264985       0.55368245930460591       0.63249375662215379     
   8.8339777826781471E-002  0.16595231636916946       0.47526159848443056       0.32236335018924900       0.54480435252884241       0.99485579694726778       0.64832287232026298       0.59792335360881499       0.34922765461022753       0.54542471193631170     
  0.50441487437382604       0.58962138906900963       0.57469995130041229       0.49668645137796802       0.55623027656103996       0.55539018689133546       0.54366271702479807       0.77829530381336187       0.47384679165116594       0.56502679056334559     
   9.3067832052012162E-002  0.17308459835972392       0.49224594948126849       0.33069936083507445       0.56974436608935231       0.99503318222654213       0.65426115224459536       0.61039533199653873       0.36549654922656638       0.55853817288251040     
  0.57021177826263270       0.55723199363128184       0.70912435699313203       0.55278513979668653       0.61200488783715012       0.57140201254146372       0.57447282366174923       0.63154352606094399       0.54270549009265856       0.55611911572098294     
   9.7942228682741092E-002  0.18006047123344299       0.50754707388529141       0.34054752318337372       0.59512996421229925       0.99520127424195715       0.66026870944639671       0.62221233916327900       0.38223544243059560       0.57161966540007414     
  0.47899926734147152       0.58630305087048673       0.48088229862729098       0.54309440740164350       0.58601122055565213       0.48574020649595750       0.58991584335020875       0.57844270240624751       0.47062543783195554       0.57197471569476133     
  0.10249605986992701       0.18684013511114336       0.52152546932142163       0.34913942276117815       0.62090996525092990       0.99536314093981149       0.66583739374135564       0.63252865743976328       0.40011578950023041       0.58477159927985567     
  0.52658683936262196       0.48016247767662057       0.55936019338756049       0.46386380949012845       0.70078174992777054       0.54189775322268430       0.62153696275287529       0.57336367526786414       0.43443587538727535       0.53095450498611707     
  0.10881448451205389       0.19359918990169026       0.53737375564911527       0.35744057478623875       0.65105909218311275       0.99552535667561037       0.67105046758440245       0.64189338694994125       0.41695262722356313       0.59876928081926806     
  0.49914461926442694       0.52179268328308159       0.75153374757667057       0.48503424422252533       0.62260841237692011       0.55148403758594378       0.58224253719985819       0.52875828904459587       0.55446751326500066       0.54645923979273436     
  0.11810153085133945       0.20101337361530636       0.55442565702165958       0.36758660240575192       0.68524251438270301       0.99568769573145910       0.67597894231173061       0.65432619745370424       0.43338012956868754       0.61326431255891323     
  0.76329341614640744       0.50245055025119245       0.56669529786059947       0.43185132558860612       0.83885729683065025       0.53725696088938901       0.58461971982357142       0.57560531374806911       0.64748734775025862       0.52762314733267290     
  0.12766159583833697       0.20924928130833723       0.57136429120559329       0.38300536805745522       0.71327513874990156       0.99584957080965186       0.68182655063021180       0.66680336845997923       0.45191297252387652       0.62814697181707568     
  0.68575496949217551       0.55947236006054901       0.57911679941642502       0.56234563195543108       0.52644378175877737       0.55413077642330888       0.51015265093000883       0.59876583928540983       0.52501682130786242       0.61272507440065460     
  0.13737244553913475       0.21800022481186920       0.58909189100156034       0.40044276165008214       0.73258633029919251       0.99601083085684483       0.68712925317504980       0.67945203042153768       0.47056284627753592       0.64399428336332143     
  0.62275408175438773       0.46277422902288184       0.67214629719307373       0.61613727352365122       0.49815417307677917       0.64816638707883500       0.51671676395826005       0.59690326699820950       0.51742215280526183       0.55433444436888935     
  0.14727984200320071       0.22689035850123143       0.60784910120807012       0.41789011553656497       0.74992387737866673       0.99617121770703410       0.69194457901216944       0.69304476769354517       0.49489838178063411       0.66090442996666665     
  0.65403580054849697       0.58935659922171890       0.78306232987006641       0.76346338142941994       0.68833375970070820       0.64145291455333964       0.62425706111945356       0.54803352305634978       0.53243337800679835       0.52560143634882228     
  0.15671144993184175       0.23661707310902763       0.62674125662831159       0.43482451804447686       0.76703559574819624       0.99632710642450972       0.69722556823204640       0.70660368528482487       0.52002223312570028       0.67881770577597034     
  0.58163180906216572       0.50767368422956161       0.62927970718691773       0.60329636857901625       0.51089392911367437       0.64539477651278776       0.56255770601109734       0.67721570249892915       0.63769886108261864       0.56320770485794935     
  0.16603840517199131       0.24935474542964062       0.64413054248407198       0.45170557181190157       0.78510327554579395       0.99648358031633122       0.70285732626639330       0.72039164406592338       0.54365276533231988       0.69827590763214265     
  0.56294568683754642       0.62725888524889706       0.64034990014843685       0.72386189948162405       0.70571712950730137       0.58866011648118455       0.72548429790007729       0.51152106627454186       0.51048206951544139       0.65429519684768622     
  0.17582532926986541       0.26435750311863054       0.66158113706000210       0.47044724739530031       0.80402869323763437       0.99663963144281975       0.70827673326659868       0.73460391573882344       0.56480893545793365       0.71858192484631989     
  0.50751919066018525       0.66144184845851750       0.65542327110823806       0.58247102002323448       0.54922967867809125       0.66619199053594280       0.55062414338049714       0.70619688932273628       0.60024373180249890       0.60741856874266553     
  0.18728478365076137       0.27938911596324717       0.67959115087390376       0.48946619930180951       0.82208504592156950       0.99679366017660009       0.71262640592763093       0.74875812444544743       0.58506631923721630       0.73661095645846553     
  0.59510119951061868       0.67134766073767271       0.73270483456885449       0.55419163831229246       0.58088082637943439       0.61748334492573209       0.59616798799985360       0.59062513665382710       0.65334358219676314       0.57748204149031845     
  0.20022803118266128       0.29359146853983681       0.69581674450443110       0.50802220989691804       0.83827171502442932       0.99694764853092233       0.71700644295203453       0.76143746196291151       0.60264920438457170       0.75063513472803567     
  0.55381516717223400       0.67474938890764047       0.65646720181058549       0.63032093930409261       0.77908684104437798       0.64384852104684087       0.60920368102342637       0.51397043841858370       0.51285466523691281       0.55876301687259045     
  0.21411106793414153       0.30757243862055117       0.71095660206220446       0.52594429578496815       0.85263863952998264       0.99710214843984923       0.72258748007951046       0.77329666972796951       0.62237566049665805       0.76506700627495583     
  0.56091644255742346       0.51142513173825110       0.60019511186912267       0.59434856920514512       0.66271190201179797       0.68504314093304863       0.50641412114271911       0.70638371600735805       0.54960546174374714       0.48363498611552630     
  0.22653007905782713       0.32192382640618605       0.72619546188448691       0.54196286555283868       0.86599683987796205       0.99725749615146275       0.72936509234761060       0.78560004497166835       0.64182153950762821       0.77862009596215953     
  0.56871346635430209       0.53948710063740446       0.67289882109035337       0.48079542703329564       0.55831219242299457       0.65005009048741813       0.57140386544092703       0.50969818285941693       0.74310567323835630       0.53844385143366502     
  0.24244552433369504       0.33628039253814862       0.74132487363527655       0.56041857410284457       0.87819973879044522       0.99741146133160297       0.73680170593793559       0.79715937978283291       0.66184932961362475       0.79274753469952230     
  0.52347634861762815       0.52975537231393666       0.55170993969305915       0.55601244996672838       0.64678956792514097       0.65849326342737213       0.49761128521568376       0.51143208576745480       0.51191864930503383       0.58717043481939546     
  0.25766682570833055       0.35116947858493985       0.75712004578641601       0.58137226096123651       0.89038025088159023       0.99756445067381017       0.74308300232229918       0.80777933556721515       0.68458786025494422       0.80711481965046428     
  0.50614631473157068       0.65255972722408040       0.63678737313078959       0.62399416319429279       0.67652963396153210       0.58694896685729525       0.51915146433585013       0.54734802387711423       0.66012412176397561       0.63092422921212599     
  0.27745590960076960       0.36765600932776227       0.77451390263313480       0.60279922169333477       0.90016041195709573       0.99771639794724332       0.74926665434265471       0.81799553672915271       0.70997704057790467       0.82046435835938925     
  0.55404227167260656       0.56004332768142751       0.62356814119966908       0.60386354880197779       0.51669230275804423       0.73713087212847928       0.51210024802320142       0.47957384621146454       0.59020933611247905       0.75548179606420640     
  0.29972443388461611       0.38581049804416956       0.79293274191364993       0.62471788616468460       0.90797049499841098       0.99786810106271018       0.75562486987436395       0.82782358420450075       0.73779697726267712       0.83285935018928758     
  0.51144672936048030       0.52208704415421592       0.55246637992673275       0.52511566406596732       0.53765803104956755       0.65954394973274511       0.51191450600889610       0.53606849426896053       0.46478894647630886       0.56118912400579213     
  0.32149831423917485       0.40745590169038060       0.81040956370111317       0.64697275170496005       0.91752636461019654       0.99802064015347614       0.76308419377885750       0.83793691184496455       0.76681803831615192       0.84610438986768799     
  0.44254396841703142       0.55183713999358841       0.59128546927508696       0.67128442410065325       0.68785221042305433       0.71556060441516423       0.61985937303524286       0.51068408023256395       0.55769439660931475       0.60459511501732155     
  0.34292415320375602       0.43435908543675655       0.82746863896662570       0.67243008675351679       0.92627385329845779       0.99817330166972340       0.77152928767423667       0.84852502735741597       0.79310470504443242       0.86561805864443542     
  0.50205633942990469       0.55682460840038639       0.49288493209847994       0.57285794973563464       0.55009128774325378       0.66740782669282261       0.57578571355992747       0.44926078898520244       0.56577700364441008       0.64705296354587605     
  0.36502439580578583       0.46424047502976090       0.84719605577897594       0.69704879737410319       0.93565889803402058       0.99832445587297580       0.78150964574930248       0.86092392475294588       0.81653128546954357       0.88753564570633159     
  0.46214875492574969       0.62700060428440918       0.75481978465738098       0.54186788712889311       0.57892820820933999       0.56830793851723782       0.59773108654897678       0.58109640727204637       0.47243835448927446       0.77567475357885951     
  0.39130185645968818       0.49620013647919325       0.87066481024681752       0.72097073792484156       0.94475445907519739       0.99847733141024453       0.79381966145060090       0.87852194938057260       0.84000525390130087       0.90835367308183990     
  0.59426565455276814       0.60525130247558079       0.54525205837996160       0.53298007038111506       0.55504436756773778       0.71285979158097967       0.76895911419669982       0.53840560485952982       0.67247981577650751       0.67119148716184207     
  0.42517197465975504       0.53350660997539567       0.89353592061837595       0.74520690184479943       0.95527614956851659       0.99863413032806747       0.80875139502757454       0.89500549248862349       0.86424646968367358       0.92826196280392836     
  0.53206634028129063       0.58875629276716523       0.63939824836210535       0.58633413611384533       0.73152700526011005       0.70131066635610562       0.67683062730910393       0.57059385165207122       0.48733264963703488       0.60164002026658958     
  0.47328942654365369       0.56664107253269602       0.91556151297493915       0.77553965399684255       0.96494584041535214       0.99879840579653767       0.82573199070206083       0.91392058830813760       0.88956233363717618       0.94511312010296511     
  0.51755450344059839       0.54484020163543134       0.54332568733813325       0.63624210322559138       0.47743607404180466       0.74035162368910690       0.77968891605122292       0.55238267196520474       0.61633711549818737       0.68096361226874558     
  0.52387097169573227       0.60051275725905995       0.93695316266487394       0.81672299341850030       0.97452836955256217       0.99901251654770518       0.84380102032319326       0.93466663824235907       0.91572195131256473       0.95857517044123475     
  0.53324202402790788       0.47670906322435130       0.91773432132709198       0.58356769758326910       0.64210354799056801       0.73100212606989645       0.70860676996733474       0.69762862231682821       0.58520567160058767       0.70111582012135221     
  0.58684256181550698       0.64510861942319475       0.95786290964227294       0.85925407639641915       0.98420119618096524       0.99925374766260522       0.86778076278609251       0.95637054807021671       0.94292677596480967       0.97185566666569667     
  0.43104601258066483       0.51886136621815615       0.78280159745119227       0.55522111541659736       0.63476021648345593       0.57283995390888853       0.57897310591030304       0.62851795704272062       0.60949203447788380       0.65628583431632204     
  0.71006014059707101       0.74337293780383640       0.97837215250483911       0.90997104650608296       0.99268692590699337       0.99957494833712102       0.91192617558190547       0.97824425875398702       0.97149214497043035       0.98479150928657044     
  0.46601970647865937       0.44369661987660991       0.69428478111419745       0.66997703381279328       0.55285246772594965       0.56361348082257634       0.57309207363641956       0.71914764341528181       0.63852207391535953       0.60449694643275087     
   1.0000000000000000        1.0000000000000000        1.0000000000000000        1.0000000000000000        1.0000000000000000        1.0000000000000000        1.0000000000000000        1.0000000000000000        1.0000000000000000        1.0000000000000000     
  0.42877878868722313       0.44413445705271043       0.68216092461791122       0.55838683355405860       0.55809934821212115       0.40006475591636842       0.45955372701342267       0.58034516455603791       0.57769119625579213       0.48996068341828841     
  -75.472199171324561       -59.806650337308142       -50.630876320881370       -29.629560909516407       -42.662594211668761        0.0000000000000000       -46.238881117043626       -36.450722697635065       -34.485731848551971       -31.138888843979881     
  -14.442397653953639       -25.253168830668315       -28.867597370773751       -28.479659390771026       -32.485207844104558        0.0000000000000000       -60.018641175500562       -29.383820736719660       -83.114220894325513       -58.933287487221854     
  -40.954143413436633       -47.632688941411011       -61.913791862700691       -47.192614664610872       -37.327699620763148        0.0000000000000000       -30.018045741554666       -86.712891624699523       -33.156296871456419       -55.201782350868733     
  -32.902336493832102       -62.210263834950901       -56.908574629591719       -19.320452922317596       -73.680337325615270        0.0000000000000000       -42.170141652281224       -42.829350708395566       -55.987582752644720       -51.630989727462321     
  -2.0836400083189401       -65.554421302531139       -42.619581935854633       -64.779814453811852       -59.978563891544852        0.0000000000000000       -35.914094607094668       -36.691014832628113       -43.875163538169630       -29.258301037093155     
  -8.1463282750890738       -40.258027158717738       -38.554939452997772       -50.205647734454431       -47.157715005743071        0.0000000000000000       -59.533045744434936       -68.629335331290193       -33.443717254687499       -54.983306348821522     
  -2.6867422389155826       -25.944192338961322       -34.290231369543086       -50.750884527826230       -40.005441955749248        0.0000000000000000       -78.580504849768502       -55.749470195167127       -34.057821056773825       -33.761752488434091     
   16.498487935787253       -15.295681192180114       -46.789156105511921       -47.927572538267540       -42.318955154769881       -59.087247154052172       -21.804540131536363       -29.815344992785896       -46.396761238140748       -32.898884708400722     
   5.2571287731577516E-004
           1           1           1           1           1           1           1           1           1           1
   9.9704712373953520E-005   6.0116103733282819E-005   2.2106533673969550E-006  -32.911795341638992        6.6280911130162609E-006   4.7261110319759200E-009
   2.4763880899524039E-006   2.8475190192953908E-006   1.0349569983704866E-006  0.88644662209815428        1.0346757473163524E-006   7.0840302560546207E-010
   9.4903988069257490E-003  -44.574881678269342     
