   0.0000000000000000        0.0000000000000000        0.0000000000000000        0.0000000000000000        0.0000000000000000        0.0000000000000000        0.0000000000000000        0.0000000000000000        0.0000000000000000        0.0000000000000000     
   8.8368871484287054E-004   1.0315255342497204E-003   7.0696548007955252E-003   8.4022294458120008E-003   7.2323553738996493E-003  0.88549753969866229       0.10403860083957688        4.6033796352298359E-002   8.3149350115043763E-003   1.7433514859798143E-002
   1.1385143200055534       0.63662706759666121       0.36366903348320068       0.35478801591394749       0.41978501491524645       0.28012305223229378       0.28038844386627826       0.28286921467514253       0.46018530353524384       0.42482554105200754     
   1.7817550559341303E-003   2.0630510684994407E-003   1.5127743801237877E-002   1.7011641830904627E-002   1.4909957895904175E-002  0.89444961585672422       0.16517113553876778        7.2136075343015416E-002   1.6239433629955446E-002   3.5145602747574417E-002
  0.62086856935671020       0.65535279276468128       0.37599800248361093       0.45054531212192050       0.35645509112622115       0.28012305223229378       0.28012305223229378       0.31334711229172657       0.55723148101989362       0.43316837906228589     
   2.7663748041311404E-003   3.1702897324145220E-003   2.4582818643218290E-002   2.5174387355077266E-002   2.3652332007597001E-002  0.90365503064259145       0.19507578393079436        9.3475096882482900E-002   2.4355359596826838E-002   5.2011247201124926E-002
  0.58635527738786430       0.62379730504671704       0.38660531914306551       0.35250791215700616       0.40442745389131096       0.28012305223229378       0.28012305223229378       0.29150461638357106       0.52201839543975503       0.41066911640422693     
   3.8456567872813389E-003   4.3367759970652162E-003   3.5597921094835117E-002   3.3272533472360775E-002   3.3876865958577515E-002  0.92065475242833095       0.21973039718893145       0.11540192784499292        3.2912920711326579E-002   6.7505110061342216E-002
  0.60338999534362414       0.84531622956542851       0.39323836081858549       0.40248846590968940       0.49652804420407803       0.28012305223229378       0.30704248172250193       0.31351977168707096       0.51531180186986214       0.40003800504720710     
   5.0672431794159664E-003   5.6987447725289214E-003   4.5338317368495071E-002   4.1118545014142339E-002   4.4155203463470682E-002  0.92415246816393826       0.24332918438238205       0.13065161948212625        4.2405404281291699E-002   8.0959963372470883E-002
  0.66197258603157505       0.48524639091687732       0.43472079331151731       0.42173755528547224       0.54350706542740301       0.28012305223229378       0.38064798368935349       0.34354751155092744       0.44917113158497307       0.34966445302809784     
   6.6774998882203574E-003   7.3488700893950040E-003   5.4272964585557512E-002   4.8656249232621580E-002   5.3927216545473541E-002  0.92700225186652396       0.26477060001558367       0.14151076238207491        5.3090426414417670E-002   9.2517468328209160E-002
  0.64759120667873560       0.50468530329646533       0.32019931143530356       0.33329173337327106       0.38908789726405746       0.28012305223229378       0.46228589285551375       0.31468896597380641       0.59803009386222727       0.44142186213088375     
   8.3611680159166608E-003   9.3372069007146528E-003   6.3462035168799308E-002   5.5749675747288140E-002   6.3667382790791580E-002  0.92959212456848794       0.27563076039295553       0.15234853851173674        6.4706836154804714E-002  0.10489368637297783     
  0.79844108757593402       0.52276151422990746       0.44006896425380487       0.38333119575862196       0.41672433675802628       0.28012305223229378       0.36306294544752715       0.37484359888352708       0.71668192302445788       0.36096669667700798     
   1.0357035289454591E-002   1.1493436820654316E-002   7.2100907138265349E-002   6.1800149316194271E-002   7.4213793785721988E-002  0.93183675305359448       0.28535924562448806       0.16481477632127700        7.5877146773618814E-002  0.11860594924185662     
  0.45402286143560106       0.51129040217439381       0.33969370168749297       0.39291223826742466       0.58102060551019841       0.28012305223229378       0.33024232409018939       0.32177688929598436       0.50084833663754547       0.45506124090060701     
   1.2778079226293379E-002   1.3949014223234336E-002   8.2352567410199598E-002   6.5860315925599655E-002   8.5066572297154613E-002  0.94073128342903956       0.29560408658790671       0.17735560917373724        8.7369165301731957E-002  0.13426758966625024     
  0.48735170680233075       0.47436273755735869       0.40366815129928685       0.32244482020090304       0.43600466676770050       0.28012305223229378       0.51267246625906027       0.32477963678861088       0.57216159438446856       0.60600462670912703     
   1.5602933408156045E-002   1.6967611331803766E-002   9.2798794342094079E-002   6.9697628226156313E-002   9.5466421482126751E-002  0.95851639902543373       0.30537184990730010       0.18952828092731733        9.8987555140548744E-002  0.15262117036009637     
  0.44812974775425818       0.56723075466067274       0.43328566456560991       0.35337041695957033       0.45126748604817818       0.28012305223229378       0.36654699365502669       0.34487193080491463       0.61105492072610790       0.55418863289152365     
   1.8705509297455913E-002   2.0389671032418177E-002  0.10353815621810501        7.3413975082245328E-002  0.10596760479600602       0.97032503706667861       0.31486020701304168       0.20203681698625811       0.11120846393237038       0.17171439308739986     
  0.59434831611559558       0.47854553739794520       0.36994019418715135       0.37131169560625665       0.63292934291779945       0.28012305223229378       0.46326122364629091       0.32615744322162016       0.51718897955911902       0.63618868118204586     
   2.2033736394000115E-002   2.4277878445790241E-002  0.11473024372530830        7.7032793155119558E-002  0.11645543236494020       0.97561073655360253       0.32515024581244739       0.21785217607802460       0.12425332128841832       0.18994819465089316     
  0.38370657871506358       0.41916859446378085       0.34354472903402844       0.32690255634949617       0.41392240545892561       0.28012305223229378       0.40903487153341311       0.33535186150420193       0.54894211770806745       0.35327322695920710     
   2.5562047756868114E-002   2.8498702887247960E-002  0.12669204420547625        8.2142812374531041E-002  0.12618191902626519       0.97867387737919032       0.33530327011327232       0.23401433001758504       0.13710179710022907       0.20885492184547955     
  0.30177877741695314       0.43515647498587268       0.34337756380378359       0.28870993155600316       0.37606545267765096       0.28012305223229378       0.48380132088218714       0.39939002418645658       0.38536154315811372       0.47018419217429641     
   2.9286684202302148E-002   3.3192095082372725E-002  0.13895018373678153        8.7863448428753668E-002  0.13523900221336432       0.98079046881695409       0.34426027868851361       0.24853511925732349       0.14850963268804654       0.22707637264186750     
  0.50296916070073083       0.39145958296475031       0.38917819534048098       0.37009179196479275       0.34158403630798617       0.37075178269498921       0.37543695992974102       0.42927194963111637       0.44872300270591109       0.38819479415985192     
   3.3239251668605502E-002   3.8244703569284860E-002  0.15278073707186907        9.4138300290331503E-002  0.14398912646135933       0.98232313186295328       0.35292567415067294       0.26240555811128996       0.15655357857670574       0.24643773127010599     
  0.32497100274394947       0.40673815510702005       0.38514868630673571       0.42707143508243900       0.34180640281043234       0.34462721734662477       0.47045324085413570       0.40477307937947543       0.39293199662224648       0.45239522925688963     
   3.7130381777180435E-002   4.3536633482748707E-002  0.16719604529107324       0.10038216239081699       0.15299224702983499       0.98351469869813879       0.35984259782667494       0.27512754298276981       0.16612665547978134       0.26632023924243087     
  0.44271146963760194       0.37127029391875593       0.47636965317542856       0.36930485245639455       0.35854596531984217       0.37844643149387935       0.44654016520119766       0.40339734395296345       0.42268845327285398       0.40864682693227256     
   4.0857459631417771E-002   4.9216484285363307E-002  0.17449507098774777       0.10638267307031778       0.16227687550176825       0.98451272474782214       0.36612241224460140       0.28725612696729991       0.17637656638992463       0.28274059577435262     
  0.48728891683115810       0.39124558653260377       0.29091688641546193       0.33540824887428422       0.36573292677749519       0.45890211854308033       0.30895482815347070       0.44069385951948475       0.41095090228333303       0.36360245899656601     
   4.4615582155907170E-002   5.4342062140678264E-002  0.18177431239334374       0.11249731007332719       0.17093767041137414       0.98534267774459083       0.37243331593136703       0.29927624100869560       0.18530463456853208       0.29909692309810537     
  0.37470739169547135       0.47145220081358519       0.31769977082437739       0.34189388360986372       0.30688959876876781       0.45246000465918834       0.43527773506230316       0.55803488432970261       0.44491843778952622       0.39417876608440655     
   4.7897458610141400E-002   5.9627173894194203E-002  0.18902074693347345       0.11925834775843175       0.17933438471670507       0.98601588094719317       0.37809089574275995       0.30985080552660721       0.19323684358362916       0.31474249178958008     
  0.51030056616328112       0.34598440786144918       0.33361010272739411       0.44937928126570942       0.40282693267222636       0.45963186955956936       0.34734786046719979       0.36933972436075230       0.45716372469812716       0.42497084131783669     
   5.0610822618438793E-002   6.5173610941423765E-002  0.19628602100579376       0.12788409372540663       0.18768633880875304       0.98662862812369756       0.38379976147555606       0.31876100474912966       0.20106831412690626       0.32969846995641228     
  0.39788587513935691       0.33207513488870305       0.38095503860684699       0.45791308242915330       0.39788380413781455       0.44788390492695496       0.41163655650294112       0.33243183743402849       0.39079269443333448       0.39535625255091417     
   5.3799106437729366E-002   7.1296590606876556E-002  0.20533803106909021       0.13836838528111273       0.19671899434033840       0.98711396791343375       0.39045487182728333       0.32736036772350008       0.20949762643651779       0.34852296543033656     
  0.32656395670323757       0.41619938462743844       0.34825794393690612       0.40036352158075555       0.35937916585575619       0.35947819544588905       0.40986420595199619       0.39875698648089564       0.37429167867088042       0.35330168219564345     
   5.6736125036245734E-002   7.8044666366996807E-002  0.21493700434367710       0.14905152462649462       0.20641769695204604       0.98759596098295299       0.39753932412980580       0.33598674060216438       0.22085603535659906       0.36498675631835309     
  0.38992439316956651       0.34033090876034999       0.33427049388434865       0.50211367800593765       0.30386479662942678       0.39903963195513781       0.49431567769224916       0.40735308985911628       0.32460650992637619       0.36535565501615741     
   5.9566557287550018E-002   8.4928872121577612E-002  0.22523122189416353       0.15916716158900010       0.21644437878975867       0.98800472781781301       0.40443808950997462       0.34489276835878635       0.23375614934258365       0.37973508570673048     
  0.30260293276163014       0.36933363157047933       0.34698650896632094       0.51319092966316771       0.34134450498523233       0.47781409754822807       0.40478631377694441       0.33971672064570613       0.48386749654833217       0.34083299818312202     
   6.3642276663029781E-002   9.1982356685610098E-002  0.23869118145558144       0.16933604497221136       0.22665936089108910       0.98841349465267292       0.41057984535756969       0.35580295762881625       0.24656973227473589       0.39351099517511329     
  0.37591598450664310       0.34487193080491463       0.48769830025108302       0.47299929489300024       0.32200049407638232       0.35049190336646652       0.43236466373320598       0.41739902789513139       0.42671903052547433       0.38500783631359770     
   6.7566107206626605E-002   9.9614066294753334E-002  0.25375551144086439       0.17960061932886343       0.23633798831652345       0.98883663581799430       0.41604914216494343       0.36802266132482303       0.25862184046099923       0.40745344845885828     
  0.32754836975242735       0.33873282037514885       0.42738897234521300       0.48732181490655829       0.41304136866311586       0.44005584152934085       0.48310515418118116       0.48781673893885275       0.44666645973833274       0.45539306176412347     
   7.1507741397544206E-002  0.10806115405023115       0.26732368302595400       0.19049627629989083       0.25421009462198935       0.98926179114490098       0.42130972800245642       0.38022172446975855       0.27030116236322005       0.42181639559528866     
  0.37849270489488868       0.45177811782167682       0.41379394507981287       0.56317391753163037       0.40771223063438639       0.41058879455487168       0.34216412930067508       0.40853421732165418       0.35723791274477162       0.46854973312186921     
   7.5803339543335749E-002  0.11638206573017121       0.27942104214971869       0.20117628405151183       0.28196798658129768       0.98964202689703629       0.42646928730737865       0.39144650680316545       0.28209867850669323       0.43621296533770626     
  0.35396710060451875       0.47055546878251925       0.38083987679025849       0.40304178820686209       0.42169132919551400       0.38340864700352889       0.36154887058289181       0.42965613742490283       0.32150686941857004       0.37152704078877025     
   8.0051862042336691E-002  0.12428801973425148       0.29240205088486226       0.21085325647015418       0.30992113538785931       0.99001201940759231       0.43205731501186789       0.40116561867750322       0.29461036176915045       0.45019588957331291     
  0.38747152587850403       0.42128980306748309       0.33114460214160046       0.39685459489530994       0.44915256076912241       0.44098872655342408       0.30651395239041418       0.37734418628458993       0.47335796267149494       0.45377329851949955     
   8.4668154653358904E-002  0.13199120823313112       0.30867044699111434       0.21993695811210823       0.34342306278744000       0.99036577650083513       0.43808380213625936       0.41066017740994826       0.30717546848562904       0.46415965765459583     
  0.37013273920509276       0.39783775427875517       0.50742989657176341       0.44808671545473944       0.50590342016846568       0.40437236631487167       0.55480826995529420       0.49109530739534640       0.40475564832332511       0.35321817871822997     
   9.0169468112641010E-002  0.13951328690871045       0.32766173115944391       0.22922323455905219       0.37197868129221895       0.99071648515738953       0.44432710852591017       0.42091440878088282       0.32014676324466745       0.47741517366758335     
  0.46080974070283198       0.33329339549345377       0.40714971223064284       0.32048589326937843       0.49444654930367227       0.42081893349177851       0.35131024560621033       0.49694120774074424       0.44848820428704361       0.46265781887976948     
   9.5493255557073858E-002  0.14609262084763339       0.34670297642827091       0.24020399855745972       0.40128801945844617       0.99103687050469669       0.45076469619037429       0.43128541990942404       0.33378204681151191       0.48772587893106978     
  0.43511446664171660       0.34377907940872193       0.45710160335883143       0.53530425426573358       0.53760310905659214       0.58121907753445679       0.41343976956851558       0.44951112906077229       0.45360752366144708       0.39482565295763328     
  0.10062845843594684       0.15130458106358660       0.36388430962207829       0.25352709177616134       0.43002194463328830       0.99134773635698703       0.45798853360658870       0.44227941721028574       0.34714675083207874       0.49777652577310261     
  0.42453706506441519       0.34487193080491463       0.36394968733324085       0.51865215078586224       0.38097543029855435       0.51008992286136345       0.38416056660269393       0.47321226414057826       0.39272089317471071       0.49240607500836092     
  0.10576099744696828       0.15655503442392832       0.38074716400417941       0.26852185413059776       0.46254449402402209       0.99164700049029153       0.46524097170287620       0.45417764714580772       0.35892071340429604       0.50795540796056360     
  0.36533664926745563       0.35089359540190107       0.46444659625442908       0.53399810874741682       0.39565481509951927       0.56909879418524467       0.42453140472402184       0.51706732263118604       0.34814894743459074       0.42263968821808878     
  0.11111423322898330       0.16160864073197734       0.39918221479048155       0.28516193827548114       0.49442862716144220       0.99193113224031459       0.47282608123266023       0.46616558561322208       0.36960941551437299       0.51956033061859563     
  0.44004026607203517       0.30022845362724038       0.44514854965847894       0.53278146670443394       0.39319048275351609       0.43187995753503261       0.46373222646775841       0.52506425116137567       0.33206842935142888       0.44996481295931651     
  0.11594753281658275       0.16748368588950555       0.41951401169070612       0.30162372213482874       0.51918274785275487       0.99221536235747665       0.48119580520959981       0.47798313769320222       0.38019789044664781       0.53325268676959436     
  0.37913886831099397       0.38489236480675010       0.55259200885510695       0.49164654514019235       0.49189579453394328       0.38525940845201334       0.40003181765499374       0.45083199545052860       0.40196930982081147       0.32088069579970813     
  0.12356851456911416       0.17428359621781220       0.44162535532408820       0.31929996471006927       0.54148756777678375       0.99250157587591581       0.48976463217319854       0.49078697804554783       0.38980441082339129       0.54831164108603503     
  0.37438975208027930       0.45654125716494748       0.44387213579527385       0.39517301417268474       0.47758254051642041       0.49912524749817289       0.45576997882748832       0.44591614129256174       0.35107058209042269       0.42345792063703747     
  0.13390614206896176       0.18204203601724911       0.46677709717616284       0.33547379355739365       0.56425363132726092       0.99278778939435497       0.49739020445584781       0.50391642510320733       0.40112071128910948       0.56315682719035165     
  0.63217130321064074       0.40254871349854610       0.41334618140440765       0.40753025668998544       0.44820442152166728       0.42797119477532525       0.39166357091279669       0.38952325128280391       0.36701292970317406       0.37763732783184145     
  0.14475302274503671       0.19020577904271244       0.49114323283981276       0.35158936081576608       0.58765149012231144       0.99307292706348704       0.50409298368109923       0.51738525683447045       0.41353592464493538       0.57765538800250205     
  0.40463776486399189       0.34673900571972044       0.43764572503636850       0.42495935198837814       0.36331670634772761       0.54212990335322175       0.47414547307931038       0.49850062664402223       0.33439309768559178       0.44340342750214662     
  0.15521690134695204       0.19860501675068470       0.51598121179967571       0.36919673065242070       0.61156237858182427       0.99335755354041844       0.51054636249600105       0.53160574081097789       0.42668464503708986       0.59330442788828086     
  0.41931044268703221       0.41096610572757120       0.53739475607497367       0.53476134393459296       0.38089182889693679       0.47545193342710301       0.39244225915584136       0.42117179764099544       0.39265346041673932       0.43883821444101512     
  0.16503199101802915       0.20767017217681499       0.54231039900962730       0.38958267609267949       0.64490642130273279       0.99363276372313381       0.51626878988383973       0.54418799124637296       0.44025031925305397       0.60783562535801527     
  0.38096243296200805       0.41164428736089093       0.52151518494621185       0.56134427033883205       0.34487193080491463       0.54987979107844143       0.41498666658062183       0.43238726657275539       0.39391251797629340       0.45229992535374874     
  0.17504043558049762       0.21863377703395523       0.56959503202720507       0.40886452840152943       0.67530451139002756       0.99388550615247595       0.52285710778169636       0.55631053325901525       0.45576915892734110       0.62228870566662942     
  0.41263707371527808       0.41513473079413443       0.58605355422956062       0.50004613677167664       0.44149679210233095       0.46149393663710847       0.47310509129413786       0.46287548074684959       0.34584196492577857       0.36962458341036025     
  0.18508065774981969       0.22881818613203106       0.59867572508459543       0.42766824275374354       0.70434684844010753       0.99413824858181810       0.52936766430565740       0.56915970151155093       0.47368879659062285       0.63744744466857850     
  0.35877826234203292       0.37973089178580577       0.55382072347932187       0.32207090484808532       0.48081622811801533       0.46502802997134646       0.38329656681667396       0.37273024119807402       0.32977154261599362       0.41598575666841314     
  0.19665141030271455       0.23960170024914662       0.62751010137889351       0.44759976855251460       0.72738745276922301       0.99437400160128431       0.53618111771358845       0.58438738943701496       0.49142581285570430       0.65477919239717841     
  0.40146173697537618       0.37938014505399126       0.42376053393541968       0.31864511970936743       0.45266789873122798       0.53887598340280007       0.37077894322906679       0.37633152666472353       0.39519543152540049       0.37353959119072477     
  0.20923782113307435       0.25014544590915277       0.65281178136853135       0.46529195718171884       0.74255759295296286       0.99460431330230081       0.54313741002698157       0.60227109500116660       0.50974846249282790       0.66898136087183691     
  0.38176781887372707       0.40478820876150479       0.52229197288761942       0.54067132494788672       0.36209704138224236       0.63060850229473353       0.51125742522008122       0.52796775586139588       0.29821563619689762       0.40769854118397997     
  0.22355657526840853       0.26009029946694506       0.67326370577194072       0.48097603919734838       0.75781257062236451       0.99483462500331732       0.55002315415216751       0.62150303056642409       0.52818357432181628       0.68372717817193840     
  0.48165528072011637       0.39206754674559913       0.39129245957477654       0.43099781837808854       0.36081632425804860       0.54374586884172438       0.59028201906910949       0.39953795726546443       0.34852476222611806       0.33640025805392265     
  0.23806330061589823       0.26910955202657516       0.69368111374513075       0.49920597742546247       0.77197039814202006       0.99505141328849467       0.55672553824621118       0.64027695633147852       0.54866738597021936       0.69835444611143682     
  0.38615085312482422       0.34929933832779825       0.38328373273748717       0.45772253195253093       0.43525282988439468       0.44446277936227829       0.40048492766077365       0.51989225292845564       0.46204363262765918       0.40236268191896868     
  0.25219168084604887       0.27823461447737535       0.71443226416336025       0.52334958701837742       0.78685654877699063       0.99526789300781338       0.56325203511654276       0.65862547615321698       0.57270548999368376       0.71575598668905960     
  0.48385867533678772       0.39203833094868229       0.45039814003962669       0.41906842460766391       0.43386054912492245       0.51770928366103286       0.33147109182386886       0.41959538732534574       0.36470444242670796       0.50238992614659850     
  0.26762300178872123       0.29439612327377462       0.73265920809507201       0.54816116989464347       0.80383930386512759       0.99548417814024215       0.57145817239235397       0.67732646909079997       0.59896396535034346       0.73222660800740336     
  0.34877627247258280       0.50844748041793442       0.46985561021807715       0.49902506560102744       0.42533800706001218       0.48355299801610097       0.50413499069793022       0.57397912395184303       0.44391534942182520       0.40405906309691331     
  0.28403539321994126       0.31007375545134969       0.75049042128577681       0.57397801417480432       0.82072755511644913       0.99569109880165163       0.57927437699678852       0.69471945463175144       0.62241632900136690       0.74796636817266537     
  0.43153226205834389       0.52966842504424794       0.46375763701442135       0.42527012374794648       0.35919625233416774       0.43207994029343538       0.39202211570634732       0.38696075329831586       0.39074618848351406       0.46593527393174877     
  0.29904450129494187       0.32652468024241710       0.76823016625729079       0.60027815152154274       0.83525554441934102       0.99589801946306122       0.58736671873620083       0.71081758704967291       0.64668143130744582       0.76490211781470974     
  0.38525749989586527       0.40809138749492224       0.42146793573380009       0.46012177652139841       0.34308104586831772       0.51153233993338243       0.47323755390233274       0.49219604905895453       0.36057150045741315       0.42618620219128406     
  0.31318909699984904       0.34563842337005329       0.78558035457700615       0.62435371619014191       0.84755434636137739       0.99610494012447082       0.59564587546473224       0.72911423902670713       0.67289897042486591       0.78495117747527032     
  0.32177688929598436       0.39629096270241970       0.45255748531041845       0.54000128825008753       0.40182775712186386       0.60407837361834038       0.53790101562109827       0.47069205359559163       0.48095899154404254       0.40068562936642033     
  0.32827390372598253       0.36894286131833148       0.80284051581279148       0.64614789991809085       0.85957330234993712       0.99632218962054142       0.60460169360351090       0.74702740052803729       0.70151932958863739       0.80331137278988918     
  0.32725643827802176       0.45363486889566562       0.47959149229858650       0.31946216548205469       0.41376293986130347       0.57371774550079657       0.40957332464313090       0.59442536077148500       0.46995239456262156       0.35434097919800811     
  0.34284810015243333       0.39366645915541398       0.81622989015187664       0.66933797020364783       0.87158214388181321       0.99654541236063232       0.61647604186519611       0.76745010606670716       0.73074216820617499       0.82068031178906797     
  0.31685213534187412       0.57221386792817219       0.48772256182610579       0.46392237938241854       0.47051510374467226       0.64592351428024664       0.56314148576130640       0.48215747055096364       0.38915267119263452       0.36843196585999616     
  0.35686556275939657       0.41711840063706712       0.82942592282606165       0.69599889017077776       0.88438043294420021       0.99676863510072322       0.62967832956889458       0.78839908231581146       0.75969761660296575       0.83921980818383635     
  0.38191083947010140       0.44440115465899910       0.44021234120114128       0.41982434758658466       0.50190043468503598       0.48585543402158810       0.50429943592258508       0.47547388038913524       0.37703753232559928       0.39306748971050015     
  0.37109969336418308       0.43997265389707052       0.84514761663495319       0.72247712114429263       0.89626129021800471       0.99699438900333393       0.64236948543614747       0.81029335798332558       0.79143115329556435       0.85493174257217719     
  0.37933609145080560       0.42371818195247157       0.38846279583478299       0.41525539400208222       0.56535062256729263       0.45855656602471817       0.60027756933293186       0.56288824103058299       0.48353757973881634       0.41139739011377097     
  0.38613169743957887       0.46382988541770903       0.86304220779817276       0.74918979087732585       0.90799909836279291       0.99722525395652473       0.65545543831583253       0.83346007624952723       0.81453653303045448       0.87033018729176070     
  0.35724256267332694       0.43913340819075009       0.41061786581969983       0.35250549448700974       0.46011352675833811       0.53376809334764208       0.42365877550394776       0.49529725232003463       0.38969812328304676       0.42230436513260516     
  0.41207360749694044       0.48836114378739898       0.88243118959358391       0.77421825171103476       0.92005511434707832       0.99745611890971542       0.66910031362592026       0.85774198454932438       0.83821243049996841       0.88559359158864637     
  0.32177688929598436       0.32731182806185460       0.45151197755538508       0.49058812736800883       0.47034238452047089       0.58648652311707361       0.46077134275908677       0.34774714168976867       0.35729829908290944       0.43377616619967863     
  0.44781769354243728       0.51330538594171560       0.90129971258860453       0.79933879570126387       0.93348046095937953       0.99769760179940137       0.68232311835876835       0.88484403267395106       0.86211828684978342       0.90158968229507663     
  0.33266271441637318       0.36964295611675885       0.44808777667181915       0.37809736720650938       0.52687684315634786       0.53421981948593877       0.59234575641674425       0.56900002412247352       0.37098767909987934       0.42626273111486168     
  0.48546110071192056       0.53768569944759481       0.91788193869502799       0.82682765709713335       0.94516572953204459       0.99800532853424451       0.69746128562930310       0.90702485642216690       0.88218830743722032       0.91807360781848357     
  0.47930499409500127       0.38285552460691835       0.41854659120559190       0.46673208634147967       0.49033412718132857       0.57196683947712190       0.50014647133214096       0.47846869637409767       0.40983188745897553       0.43822593251421327     
  0.53110278189177362       0.56316543987726631       0.93356567642250732       0.85844950004698972       0.95701866407233460       0.99831305526908765       0.71316259648438141       0.92418106383003529       0.90661302415685918       0.93427128109540691     
  0.36719715256433794       0.34953491274403908       0.50313446755026381       0.39220132290180215       0.37056560740224020       0.52467908899438354       0.44073153871947995       0.42072167859517656       0.42661522100085475       0.41127484772148731     
  0.59052431650761639       0.59926260899484463       0.95000478856520543       0.88409009257728077       0.96839192436145327       0.99867141955050631       0.74580102861315378       0.94047099768627540       0.93226520258174683       0.94998159107344282     
  0.37668149087421787       0.44366472150490960       0.39371392520952658       0.42415934875230060       0.47309783777489112       0.46640311780646559       0.50330574114861815       0.48816642460555143       0.34846635927295783       0.61798900604697782     
  0.65494683090327022       0.65720043984214016       0.96687651956242215       0.90873664479657090       0.97936188317219819       0.99905982631386347       0.78794340281116770       0.96013211336415172       0.95581816069777925       0.96696294113624881     
  0.30348184515373289       0.35975016107504265       0.36823273674113377       0.37347087390568373       0.38294563009801041       0.35643760615007153       0.46412457662713930       0.38878356293584981       0.37638992595636639       0.41386659065370535     
  0.76241447958964759       0.76436497854307628       0.98357703439848621       0.94315142592597490       0.99012640869067647       0.99950971738513283       0.85452300701490203       0.98107709806731769       0.97872229789820020       0.98390023796551440     
  0.35005752977365573       0.32860593585598763       0.44035293207889031       0.39495905986142904       0.38329604299546061       0.30022845362724038       0.33228389408492082       0.38374783025690229       0.38603392126638264       0.44221101540821112     
   1.0000000000000000        1.0000000000000000        1.0000000000000000        1.0000000000000000        1.0000000000000000        1.0000000000000000        1.0000000000000000        1.0000000000000000        1.0000000000000000        1.0000000000000000     
  0.28012305223229378       0.29775939082445096       0.50543747389354965       0.32281135916314635       0.35825349746408597       0.28012305223229378       0.32177688929598436       0.35427507191327806       0.35789984097459349       0.36416997860714789     
  -59.743818132842236       -70.927933300509750       -36.221429463414736       -78.262098290245376       -48.358969522383703        0.0000000000000000       -52.348130451449926       -36.843158226022759       -44.733862390290518       -40.997191108602046     
  -36.966602887744287       -47.289103077124814       -59.355645052929127       -34.771240743584514       -36.569297961872486        0.0000000000000000       -67.759873901189891       -54.285471699321441       -55.153393358409552       -51.877332280698532     
  -52.670014551519017       -41.283409424422139       -66.903991513938379       -27.792397199081226       -50.823822014176351        0.0000000000000000       -53.651853979901027       -48.569082958725616       -54.657751048144966       -40.917972185521982     
  -34.582036730702683       -73.433284724923112       -52.723314295738696       -19.355117767919232       -62.097885584180766        0.0000000000000000       -53.173704106645111       -45.421614576465799       -66.889958782330353       -43.177106835399329     
  -26.045696535546327       -41.715314558769478       -42.394613763931119       -33.192758001423307       -103.50747760184805        0.0000000000000000       -80.294321650790721       -42.254396797593195       -33.761892538814166       -60.540957793658805     
  -12.560501867191594       -79.092124436856608       -25.029680279263065       -41.586740519275764       -62.449397070496296        0.0000000000000000       -39.523088278777379       -49.708888725226274       -27.505471922034676       -34.359530315196238     
  -6.7804440797127041       -46.440069240596124       -47.837482118009966       -92.730395970773969       -43.156456522904158        0.0000000000000000       -30.442413389474655       -40.009880246769889       -47.494247612725935       -39.296557597758785     
  -25.938132350961805        3.8361916405763128       -49.464809725399881       -58.103752593639250       -34.766589026871380       -69.474457363555146       -34.382127159386329       -54.823828666939299       -36.341095577958185       -54.384274724495938     
   2.2243917735611488E-004
           1           1           1           1           1           1           1           1           1           1
   2.9851752566759033E-006   1.6003668330283773E-006   1.3875513628061001E-009  -36.248068994433822        3.2125323361301254E-007   3.8273121705854925E-009
   9.6562372837017564E-008   7.8838296756204197E-008   3.1077813602810848E-008  0.21125457362867120        3.1050060636919274E-008   3.0599864311411794E-010
  0.18765878572991954       -54.516068453026968     
